{
    "lowlevel": {
        "average_loudness": 0.738505363464,
        "barkbands": {
            "dmean": [
                0.000952255970333,
                0.00369271752425,
                0.001489550923,
                0.00127202866133,
                0.00132604222745,
                0.000994908856228,
                0.00257571972907,
                0.00155940558761,
                0.00121985282749,
                0.000741602387279,
                0.000357079319656,
                0.000352332397597,
                0.00039836904034,
                0.000377735792426,
                0.000359380588634,
                0.000251038291026,
                0.000248176889727,
                0.000178039073944,
                0.000123929916299,
                0.000173854772584,
                0.000166576763149,
                0.000188652891666,
                0.000199604706722,
                0.000217807930312,
                0.000236837862758,
                0.000232507023611,
                4.31156549894e-05
            ],
            "dmean2": [
                0.00145805068314,
                0.00560253858566,
                0.00265075615607,
                0.0023849774152,
                0.00227083824575,
                0.00160116050392,
                0.00439506908879,
                0.00256826146506,
                0.00183662900236,
                0.00109127734322,
                0.000522527261637,
                0.000530309509486,
                0.000600786297582,
                0.000546250725165,
                0.000532561098225,
                0.00038795999717,
                0.000402907317039,
                0.000288824638119,
                0.000198706271476,
                0.000290322815999,
                0.00027670286363,
                0.00031010681414,
                0.000324132008245,
                0.000349148089299,
                0.000386659463402,
                0.000378839758923,
                6.95882554282e-05
            ],
            "dvar": [
                5.46772298549e-06,
                0.000316822668537,
                7.05654092599e-05,
                4.82225659653e-05,
                2.90461339318e-05,
                4.74804437545e-06,
                3.51026574208e-05,
                9.55143877945e-06,
                5.89274759477e-06,
                4.48895525551e-06,
                1.11041595119e-06,
                9.18516377624e-07,
                1.00693569038e-06,
                8.42337499307e-07,
                6.44710951292e-07,
                4.06561895261e-07,
                3.86395640817e-07,
                1.81359212093e-07,
                1.27460751287e-07,
                2.57812303062e-07,
                1.89466391021e-07,
                2.02953273742e-07,
                1.73719101326e-07,
                2.01154776391e-07,
                2.42849893084e-07,
                3.37184246746e-07,
                1.2846963493e-08
            ],
            "dvar2": [
                1.0654183825e-05,
                0.00073407968739,
                0.000202013994567,
                0.000143251396366,
                8.32295845612e-05,
                1.16773289847e-05,
                9.76008741418e-05,
                2.43498179771e-05,
                1.22029568956e-05,
                8.64500634634e-06,
                2.17384263124e-06,
                2.01593502425e-06,
                2.08657775147e-06,
                1.55877103225e-06,
                1.36461642342e-06,
                1.03737170321e-06,
                1.01818375242e-06,
                4.26959928745e-07,
                2.92792748269e-07,
                5.53385575586e-07,
                4.39487251924e-07,
                4.80659707591e-07,
                4.06987794577e-07,
                4.56820856698e-07,
                5.61568299418e-07,
                8.7358989731e-07,
                3.32514744628e-08
            ],
            "max": [
                0.0470744743943,
                0.255438178778,
                0.118865244091,
                0.0840580910444,
                0.066119492054,
                0.0351777523756,
                0.050722822547,
                0.0406168401241,
                0.0304333083332,
                0.035845451057,
                0.0241651479155,
                0.0216947346926,
                0.0233178455383,
                0.0163676161319,
                0.0188423525542,
                0.00820977333933,
                0.00848986394703,
                0.0051358290948,
                0.00356694683433,
                0.00466846860945,
                0.0036916974932,
                0.00412085140124,
                0.00454286020249,
                0.00657546473667,
                0.00680310698226,
                0.00391505984589,
                0.00075167947216
            ],
            "mean": [
                0.00381764420308,
                0.00851720478386,
                0.00136320758611,
                0.00107914838009,
                0.00173729122616,
                0.00157862750348,
                0.00310906069353,
                0.00206861854531,
                0.0020068527665,
                0.00123828137293,
                0.000517287408002,
                0.000491547747515,
                0.000527590862475,
                0.000545986986253,
                0.000510200858116,
                0.000341696955729,
                0.000311141484417,
                0.000213549064938,
                0.000132900691824,
                0.000163335120305,
                0.0001495937031,
                0.0001752225362,
                0.000194253152586,
                0.000225394556765,
                0.000237521831878,
                0.000203676623642,
                3.55369775207e-05
            ],
            "median": [
                1.04407899926e-05,
                0.0005627166247,
                0.000348067900632,
                0.000437168520875,
                0.000870867457706,
                0.000642363680527,
                0.000879402970895,
                0.000558495870791,
                0.000517602951732,
                0.000261541281361,
                0.00011351784633,
                0.000128251267597,
                0.000104378981632,
                9.4195267593e-05,
                0.000106207633507,
                0.000102418445749,
                8.57623308548e-05,
                4.16865477746e-05,
                3.19250393659e-05,
                1.75140776264e-05,
                1.7272441255e-05,
                1.49755269376e-05,
                1.23064055515e-05,
                2.12616432691e-05,
                1.63900494954e-05,
                5.4372858358e-06,
                5.00930866565e-07
            ],
            "min": [
                4.43142909331e-25,
                6.14798785927e-24,
                3.12621652156e-24,
                9.38232605093e-25,
                1.34941599814e-23,
                1.79941665281e-23,
                2.71725095178e-23,
                2.08196422541e-23,
                3.70577791637e-23,
                2.43819471978e-23,
                2.10747630263e-23,
                5.22995153302e-23,
                3.94796136972e-23,
                6.29354176818e-23,
                9.21921986855e-23,
                1.69724168443e-22,
                7.57871419638e-23,
                1.38105563133e-22,
                2.14182374821e-22,
                2.23278433307e-22,
                3.17992203788e-22,
                3.946594116e-22,
                4.29098175713e-22,
                6.84295764025e-22,
                1.03776724577e-21,
                1.38217770708e-21,
                1.98834751433e-21
            ],
            "var": [
                3.64495244867e-05,
                0.000436688453192,
                4.22964876634e-05,
                2.55961185758e-05,
                1.88664271263e-05,
                8.18355874799e-06,
                3.22908599628e-05,
                1.45701269503e-05,
                1.48502695083e-05,
                1.20684444482e-05,
                2.22624862545e-06,
                1.58209707024e-06,
                1.86636873423e-06,
                2.15021918848e-06,
                1.2629189996e-06,
                5.37894550234e-07,
                4.05951766425e-07,
                2.1597537625e-07,
                1.31869370534e-07,
                2.66700141083e-07,
                1.80162587071e-07,
                1.99824100378e-07,
                2.01824491342e-07,
                2.59028468008e-07,
                3.07516046405e-07,
                3.05720078586e-07,
                1.17431913083e-08
            ]
        },
        "barkbands_crest": {
            "dmean": 2.5766017437,
            "dmean2": 4.07735109329,
            "dvar": 6.67586994171,
            "dvar2": 15.8881969452,
            "max": 24.9980373383,
            "mean": 10.1717882156,
            "median": 9.55213356018,
            "min": 1.58536791801,
            "var": 16.2385940552
        },
        "barkbands_flatness_db": {
            "dmean": 0.031141070649,
            "dmean2": 0.0414592288435,
            "dvar": 0.00103677250445,
            "dvar2": 0.00196794839576,
            "max": 0.455227643251,
            "mean": 0.159828364849,
            "median": 0.157155930996,
            "min": 0.00724401045591,
            "var": 0.00445908214897
        },
        "barkbands_kurtosis": {
            "dmean": 5.12706184387,
            "dmean2": 7.87785100937,
            "dvar": 98.9838943481,
            "dvar2": 235.321533203,
            "max": 176.208282471,
            "mean": 6.93532848358,
            "median": 2.67451620102,
            "min": -1.94286966324,
            "var": 156.339126587
        },
        "barkbands_skewness": {
            "dmean": 0.778624713421,
            "dmean2": 1.13384330273,
            "dvar": 0.800267934799,
            "dvar2": 1.7399481535,
            "max": 11.9933547974,
            "mean": 1.65117168427,
            "median": 1.38477611542,
            "min": -5.17244625092,
            "var": 2.53441953659
        },
        "barkbands_spread": {
            "dmean": 9.73424053192,
            "dmean2": 14.8730306625,
            "dvar": 227.778015137,
            "dvar2": 518.2890625,
            "max": 124.945098877,
            "mean": 20.1336860657,
            "median": 13.6562137604,
            "min": 0.700524568558,
            "var": 365.743713379
        },
        "dissonance": {
            "dmean": 0.0308804642409,
            "dmean2": 0.0490018837154,
            "dvar": 0.000950994784944,
            "dvar2": 0.0021467579063,
            "max": 0.500000178814,
            "mean": 0.434968620539,
            "median": 0.448336809874,
            "min": 0.148437127471,
            "var": 0.00276430370286
        },
        "dynamic_complexity": 5.22815561295,
        "erbbands": {
            "dmean": [
                0.139595136046,
                0.833844959736,
                1.49064660072,
                3.35192370415,
                4.05747795105,
                4.74223279953,
                6.42673635483,
                8.82205295563,
                23.9226264954,
                48.0115356445,
                26.9742355347,
                28.1676826477,
                21.61810112,
                17.9589290619,
                13.6678714752,
                14.2580451965,
                17.1991672516,
                17.2047843933,
                19.4257698059,
                16.5119743347,
                13.3533630371,
                11.7397470474,
                10.6751823425,
                6.23131418228,
                7.1103386879,
                8.44551563263,
                7.43654251099,
                6.60231781006,
                6.65015983582,
                5.46406030655,
                6.37939882278,
                4.79920434952,
                3.43308138847,
                2.52002000809,
                1.76416015625,
                1.12107610703,
                0.397835731506,
                0.0709205344319,
                0.00784585159272,
                0.000408348452765
            ],
            "dmean2": [
                0.190342232585,
                1.40249741077,
                2.67320275307,
                6.2569861412,
                7.34973669052,
                8.08855438232,
                10.3088464737,
                14.0570316315,
                39.7008705139,
                83.090133667,
                42.3816299438,
                42.189868927,
                32.1218414307,
                25.5650291443,
                19.8537330627,
                20.9039764404,
                25.4039268494,
                24.1444416046,
                29.4378051758,
                23.8169231415,
                20.5071640015,
                18.5002746582,
                17.4223575592,
                9.96308803558,
                11.4069080353,
                14.2994394302,
                12.001953125,
                10.9979391098,
                10.8792037964,
                8.88316345215,
                10.4174032211,
                7.75168561935,
                5.44069004059,
                4.07934045792,
                2.86925458908,
                1.8477782011,
                0.632923841476,
                0.114869005978,
                0.0127684157342,
                0.000665517582092
            ],
            "dvar": [
                0.333042055368,
                21.7123756409,
                84.045249939,
                331.953155518,
                477.263824463,
                310.076843262,
                243.613342285,
                374.045257568,
                2562.8527832,
                14342.0712891,
                2374.07519531,
                3601.32788086,
                3252.10498047,
                2150.46240234,
                1347.35900879,
                1544.61755371,
                1771.10986328,
                1771.75183105,
                2003.9543457,
                1270.97729492,
                1312.59606934,
                692.071716309,
                690.64251709,
                282.963684082,
                403.703216553,
                608.301757812,
                394.678436279,
                292.815795898,
                262.870513916,
                135.473861694,
                180.299377441,
                93.989616394,
                53.924369812,
                27.2363204956,
                13.819111824,
                7.45839357376,
                0.985755085945,
                0.0323365144432,
                0.000446781661594,
                1.20804133985e-06
            ],
            "dvar2": [
                0.716043710709,
                55.2617073059,
                230.655349731,
                978.695617676,
                1402.25854492,
                874.377258301,
                633.225708008,
                872.52545166,
                6494.30859375,
                40181.6992188,
                5366.91357422,
                7419.3203125,
                6439.09033203,
                3882.56860352,
                2730.78369141,
                3500.44311523,
                3590.00805664,
                3048.7277832,
                4598.73486328,
                2639.59594727,
                3461.69677734,
                1738.75866699,
                1671.98522949,
                684.041992188,
                837.877380371,
                1341.07763672,
                954.048034668,
                666.344055176,
                609.005554199,
                313.02154541,
                435.656677246,
                215.091400146,
                120.763938904,
                62.8945541382,
                32.5747184753,
                19.1854133606,
                2.52871990204,
                0.0840653255582,
                0.00116764754057,
                3.18358115692e-06
            ],
            "max": [
                10.8630914688,
                61.7971000671,
                134.384628296,
                201.995117188,
                238.237213135,
                222.446548462,
                285.270935059,
                406.690551758,
                621.161621094,
                1198.70947266,
                853.208740234,
                867.79473877,
                1151.7088623,
                1119.30236816,
                1103.82641602,
                1035.03735352,
                902.176391602,
                1062.20715332,
                999.403442383,
                551.265319824,
                436.198883057,
                420.824676514,
                289.977478027,
                162.812469482,
                181.289108276,
                223.864135742,
                197.551025391,
                167.745773315,
                143.963119507,
                121.978622437,
                135.623794556,
                116.865867615,
                128.439453125,
                78.052192688,
                44.3022994995,
                18.90508461,
                7.22111272812,
                1.21101355553,
                0.139032751322,
                0.00757719529793
            ],
            "mean": [
                0.46408906579,
                1.0614823103,
                1.63288748264,
                2.91729855537,
                4.10205698013,
                5.92646598816,
                10.2387857437,
                14.2722606659,
                32.2259178162,
                56.1400604248,
                43.3954086304,
                47.1374969482,
                38.4639663696,
                31.3876571655,
                21.5440979004,
                20.7317276001,
                24.0159244537,
                26.1979427338,
                27.8076877594,
                25.0033874512,
                18.0228271484,
                16.4440441132,
                13.5500211716,
                7.1288022995,
                7.45666122437,
                7.81285858154,
                6.27699804306,
                6.17975759506,
                6.18158721924,
                5.28486776352,
                6.01747846603,
                4.91245031357,
                3.57781219482,
                2.5712826252,
                1.70887100697,
                1.01011192799,
                0.345040500164,
                0.0593094490469,
                0.00635776948184,
                0.000355683470843
            ],
            "median": [
                0.0163558460772,
                0.116177178919,
                0.357597798109,
                1.19485902786,
                1.89876699448,
                2.42891001701,
                4.42842340469,
                5.61613178253,
                11.183839798,
                13.4391717911,
                13.9733839035,
                12.1349468231,
                9.95321846008,
                8.3017616272,
                5.87987804413,
                5.34057378769,
                5.29270362854,
                5.34931230545,
                5.99022245407,
                5.56434774399,
                5.42487192154,
                4.91151285172,
                2.98924827576,
                1.81308078766,
                1.44629812241,
                0.859477877617,
                0.656391739845,
                0.709888696671,
                0.54897582531,
                0.376551896334,
                0.355871289968,
                0.424555957317,
                0.320148855448,
                0.17775221169,
                0.110751703382,
                0.0346051454544,
                0.0083431173116,
                0.00124696921557,
                0.000107126485091,
                4.06850667787e-05
            ],
            "min": [
                1.92694535826e-22,
                1.58138273089e-21,
                2.7511524322e-21,
                4.11947577279e-21,
                3.42027793401e-21,
                3.45646563178e-20,
                2.93113033334e-20,
                1.49094303555e-19,
                3.63636119452e-19,
                5.60017973407e-19,
                3.32804694028e-19,
                7.12015771385e-19,
                9.60426898129e-19,
                8.03928824028e-19,
                1.14408167363e-18,
                2.16805010487e-18,
                2.02514700263e-18,
                3.7055743432e-18,
                4.32355642935e-18,
                4.79904259291e-18,
                7.39864585145e-18,
                5.82988334408e-18,
                8.75271735314e-18,
                9.93332329012e-18,
                9.26223579505e-18,
                1.03849258543e-17,
                1.11018598348e-17,
                1.11986631275e-17,
                1.43058504661e-17,
                1.42879965997e-17,
                1.30687116973e-17,
                1.23419706635e-17,
                1.18720816175e-17,
                1.05865122511e-17,
                7.6069762518e-18,
                4.37452853946e-18,
                2.9626054733e-18,
                8.98930155488e-19,
                2.87468036178e-19,
                2.7296491694e-20
            ],
            "var": [
                0.799556910992,
                18.7967224121,
                56.8286933899,
                179.900390625,
                263.905609131,
                221.438827515,
                311.940765381,
                735.050354004,
                3590.48095703,
                12867.8759766,
                5687.50878906,
                8740.85449219,
                8108.09277344,
                6777.41894531,
                2876.52978516,
                2624.47485352,
                3458.07299805,
                4450.41748047,
                3912.28808594,
                2988.25561523,
                1487.9921875,
                909.668640137,
                809.563476562,
                294.587249756,
                456.086669922,
                604.670227051,
                356.531311035,
                288.375427246,
                261.972015381,
                151.740234375,
                197.534576416,
                115.973602295,
                73.0397796631,
                36.0924491882,
                16.5489501953,
                6.91094732285,
                0.920256316662,
                0.0291707534343,
                0.000395331502659,
                1.06898448848e-06
            ]
        },
        "erbbands_crest": {
            "dmean": 2.90916895866,
            "dmean2": 4.56960439682,
            "dvar": 7.46000480652,
            "dvar2": 16.7983894348,
            "max": 27.2871379852,
            "mean": 9.47849369049,
            "median": 8.76064395905,
            "min": 2.17285013199,
            "var": 19.3860225677
        },
        "erbbands_flatness_db": {
            "dmean": 0.0262708328664,
            "dmean2": 0.0360879078507,
            "dvar": 0.000747874611989,
            "dvar2": 0.00127441692166,
            "max": 0.372053921223,
            "mean": 0.169374674559,
            "median": 0.172590553761,
            "min": 0.0315045230091,
            "var": 0.00387622439303
        },
        "erbbands_kurtosis": {
            "dmean": 1.68702697754,
            "dmean2": 2.63831758499,
            "dvar": 5.83795261383,
            "dvar2": 13.7945985794,
            "max": 44.1991691589,
            "mean": 1.56764423847,
            "median": 0.442351818085,
            "min": -1.8342359066,
            "var": 12.4438486099
        },
        "erbbands_skewness": {
            "dmean": 0.536999940872,
            "dmean2": 0.819002270699,
            "dvar": 0.324462890625,
            "dvar2": 0.737914443016,
            "max": 5.53962612152,
            "mean": 0.603791594505,
            "median": 0.546695709229,
            "min": -5.02606296539,
            "var": 0.866693198681
        },
        "erbbands_spread": {
            "dmean": 12.7367801666,
            "dmean2": 19.6729240417,
            "dvar": 289.589416504,
            "dvar2": 681.294555664,
            "max": 165.061798096,
            "mean": 34.1668014526,
            "median": 28.1698989868,
            "min": 2.84282016754,
            "var": 573.272766113
        },
        "gfcc": {
            "cov": [
                [
                    20039.7226562,
                    -2084.6027832,
                    -187.013031006,
                    98.7502670288,
                    -771.559020996,
                    929.075500488,
                    -302.537597656,
                    1038.51965332,
                    225.141677856,
                    559.793518066,
                    67.2553863525,
                    367.820831299,
                    -77.7039337158
                ],
                [
                    -2084.6027832,
                    2951.93261719,
                    -464.255401611,
                    -243.543792725,
                    327.081481934,
                    -233.461151123,
                    234.951522827,
                    -200.247711182,
                    99.2226257324,
                    -212.189834595,
                    106.28981781,
                    -86.1111221313,
                    160.144546509
                ],
                [
                    -187.013031006,
                    -464.255401611,
                    1558.78076172,
                    197.697250366,
                    168.740478516,
                    335.881317139,
                    52.8458709717,
                    190.912155151,
                    70.3956375122,
                    122.053123474,
                    154.536743164,
                    175.819702148,
                    -12.0413093567
                ],
                [
                    98.7502670288,
                    -243.543792725,
                    197.697250366,
                    714.101806641,
                    153.796707153,
                    -41.218208313,
                    92.820854187,
                    41.8421554565,
                    108.67301178,
                    75.4145355225,
                    71.9294509888,
                    60.9050598145,
                    95.8983688354
                ],
                [
                    -771.559020996,
                    327.081481934,
                    168.740478516,
                    153.796707153,
                    432.081054688,
                    94.5967178345,
                    170.882263184,
                    24.5159034729,
                    107.294166565,
                    57.2090568542,
                    53.7830238342,
                    41.5976142883,
                    78.3042907715
                ],
                [
                    929.075500488,
                    -233.461151123,
                    335.881317139,
                    -41.218208313,
                    94.5967178345,
                    411.222564697,
                    158.330490112,
                    121.903190613,
                    26.4369506836,
                    96.644859314,
                    41.4804763794,
                    69.2297210693,
                    0.0598138086498
                ],
                [
                    -302.537597656,
                    234.951522827,
                    52.8458709717,
                    92.820854187,
                    170.882263184,
                    158.330490112,
                    516.079406738,
                    8.36664772034,
                    56.9606704712,
                    42.6905860901,
                    47.3446159363,
                    72.099281311,
                    19.5339927673
                ],
                [
                    1038.51965332,
                    -200.247711182,
                    190.912155151,
                    41.8421554565,
                    24.5159034729,
                    121.903190613,
                    8.36664772034,
                    253.301391602,
                    106.943595886,
                    85.8156433105,
                    57.5718765259,
                    49.4414329529,
                    6.55244588852
                ],
                [
                    225.141677856,
                    99.2226257324,
                    70.3956375122,
                    108.67301178,
                    107.294166565,
                    26.4369506836,
                    56.9606704712,
                    106.943595886,
                    199.064956665,
                    79.4189834595,
                    46.6031417847,
                    18.3803920746,
                    41.9268341064
                ],
                [
                    559.793518066,
                    -212.189834595,
                    122.053123474,
                    75.4145355225,
                    57.2090568542,
                    96.644859314,
                    42.6905860901,
                    85.8156433105,
                    79.4189834595,
                    158.682052612,
                    48.1126747131,
                    25.2523860931,
                    8.65896606445
                ],
                [
                    67.2553863525,
                    106.28981781,
                    154.536743164,
                    71.9294509888,
                    53.7830238342,
                    41.4804763794,
                    47.3446159363,
                    57.5718765259,
                    46.6031417847,
                    48.1126747131,
                    131.404266357,
                    51.7378387451,
                    16.3037605286
                ],
                [
                    367.820831299,
                    -86.1111221313,
                    175.819702148,
                    60.9050598145,
                    41.5976142883,
                    69.2297210693,
                    72.099281311,
                    49.4414329529,
                    18.3803920746,
                    25.2523860931,
                    51.7378387451,
                    122.041763306,
                    20.3605766296
                ],
                [
                    -77.7039337158,
                    160.144546509,
                    -12.0413093567,
                    95.8983688354,
                    78.3042907715,
                    0.0598138086498,
                    19.5339927673,
                    6.55244588852,
                    41.9268341064,
                    8.65896606445,
                    16.3037605286,
                    20.3605766296,
                    101.317855835
                ]
            ],
            "icov": [
                [
                    0.000103694168502,
                    -4.9977839808e-05,
                    0.000130190775963,
                    -0.000120279248222,
                    0.000253096281085,
                    -0.000292572425678,
                    0.000156821799465,
                    -0.000318433041684,
                    2.44762559305e-05,
                    -0.000276190432487,
                    0.000211443693843,
                    -0.000419899821281,
                    0.000146597027197
                ],
                [
                    -4.9977839808e-05,
                    0.000807850563433,
                    4.99170073454e-06,
                    0.000647816807032,
                    -0.000595682067797,
                    0.000488878577016,
                    -0.000479155016365,
                    0.000544961483683,
                    -0.000633182702586,
                    0.00136944570113,
                    -0.00149419112131,
                    0.00102914008312,
                    -0.0012319664238
                ],
                [
                    0.000130190775963,
                    4.99170073454e-06,
                    0.00120048003737,
                    -0.000401066703489,
                    -1.83431711775e-05,
                    -0.00109232764225,
                    0.000584439898375,
                    -0.000461933756014,
                    -4.57383612229e-05,
                    -9.51152178459e-05,
                    -0.000433387875091,
                    -0.00139415182639,
                    0.000923221523408
                ],
                [
                    -0.000120279248222,
                    0.000647816807032,
                    -0.000401066703489,
                    0.00255189184099,
                    -0.000824475369882,
                    0.00148507580161,
                    -0.000825143360998,
                    0.000652154674754,
                    -0.000689409382176,
                    0.000434179790318,
                    -0.0014360047644,
                    0.000827773415949,
                    -0.00251310435124
                ],
                [
                    0.000253096281085,
                    -0.000595682067797,
                    -1.83431711775e-05,
                    -0.000824475369882,
                    0.00447876006365,
                    -0.00138664618134,
                    -0.000154232780915,
                    -0.000191200422705,
                    -0.000954831833951,
                    -0.00150956457946,
                    0.00102357927244,
                    -0.00114161695819,
                    -0.000915837357752
                ],
                [
                    -0.000292572425678,
                    0.000488878577016,
                    -0.00109232764225,
                    0.00148507580161,
                    -0.00138664618134,
                    0.00564028508961,
                    -0.00194810389075,
                    -0.000707119994331,
                    0.00125705008395,
                    -0.000820070505142,
                    -0.000382380880183,
                    0.00119094911497,
                    -0.00167079537641
                ],
                [
                    0.000156821799465,
                    -0.000479155016365,
                    0.000584439898375,
                    -0.000825143360998,
                    -0.000154232780915,
                    -0.00194810389075,
                    0.00331110693514,
                    0.000244287919486,
                    -0.000457813002868,
                    -0.000694521004334,
                    0.000620441045612,
                    -0.00249651027843,
                    0.00184492848348
                ],
                [
                    -0.000318433041684,
                    0.000544961483683,
                    -0.000461933756014,
                    0.000652154674754,
                    -0.000191200422705,
                    -0.000707119994331,
                    0.000244287919486,
                    0.00831101834774,
                    -0.0040973238647,
                    0.000575475802179,
                    -0.00230952119455,
                    0.000154291483341,
                    -0.000227176802582
                ],
                [
                    2.44762559305e-05,
                    -0.000633182702586,
                    -4.57383612229e-05,
                    -0.000689409382176,
                    -0.000954831833951,
                    0.00125705008395,
                    -0.000457813002868,
                    -0.0040973238647,
                    0.00998922809958,
                    -0.00388905941509,
                    0.000663508544676,
                    0.000665449362714,
                    -0.00128467276227
                ],
                [
                    -0.000276190432487,
                    0.00136944570113,
                    -9.51152178459e-05,
                    0.000434179790318,
                    -0.00150956457946,
                    -0.000820070505142,
                    -0.000694521004334,
                    0.000575475802179,
                    -0.00388905941509,
                    0.0128096938133,
                    -0.00455771246925,
                    0.0028879547026,
                    -0.000867148977704
                ],
                [
                    0.000211443693843,
                    -0.00149419112131,
                    -0.000433387875091,
                    -0.0014360047644,
                    0.00102357927244,
                    -0.000382380880183,
                    0.000620441045612,
                    -0.00230952119455,
                    0.000663508544676,
                    -0.00455771246925,
                    0.0137386219576,
                    -0.00523262424394,
                    0.00202618166804
                ],
                [
                    -0.000419899821281,
                    0.00102914008312,
                    -0.00139415182639,
                    0.000827773415949,
                    -0.00114161695819,
                    0.00119094911497,
                    -0.00249651027843,
                    0.000154291483341,
                    0.000665449362714,
                    0.0028879547026,
                    -0.00523262424394,
                    0.0151393571869,
                    -0.00426748022437
                ],
                [
                    0.000146597027197,
                    -0.0012319664238,
                    0.000923221523408,
                    -0.00251310435124,
                    -0.000915837357752,
                    -0.00167079537641,
                    0.00184492848348,
                    -0.000227176802582,
                    -0.00128467276227,
                    -0.000867148977704,
                    0.00202618166804,
                    -0.00426748022437,
                    0.0159230753779
                ]
            ],
            "mean": [
                -44.3446083069,
                88.7010955811,
                -102.137145996,
                6.53427410126,
                -58.9513015747,
                7.56346273422,
                -42.3000221252,
                10.2847108841,
                -16.1190032959,
                3.1799697876,
                -17.1970901489,
                -0.56298571825,
                -11.2516946793
            ]
        },
        "hfc": {
            "dmean": 16.2501277924,
            "dmean2": 25.8112640381,
            "dvar": 943.520812988,
            "dvar2": 2281.73852539,
            "max": 270.971801758,
            "mean": 24.5367107391,
            "median": 13.5624599457,
            "min": 1.10775306332e-16,
            "var": 1137.46716309
        },
        "melbands": {
            "dmean": [
                0.0010667090537,
                0.000889204617124,
                0.00059315765975,
                0.000311694137054,
                0.000216037180508,
                0.000197496425244,
                0.000411865912611,
                0.000497585104313,
                0.000204129581107,
                0.00017878577637,
                0.00011227565119,
                8.25437891763e-05,
                5.09220262757e-05,
                4.11710389017e-05,
                3.97438852815e-05,
                3.61961137969e-05,
                3.26611734636e-05,
                3.35392542183e-05,
                2.5130188078e-05,
                2.05077794817e-05,
                1.61093030329e-05,
                1.34460997288e-05,
                1.12279913083e-05,
                8.35351966089e-06,
                4.73939326184e-06,
                5.04642548549e-06,
                5.84173085372e-06,
