{
    "lowlevel": {
        "average_loudness": 0.711554229259,
        "barkbands": {
            "dmean": [
                0.000484143587528,
                0.00803200341761,
                0.00288812909275,
                0.00111609767191,
                0.00120087503456,
                0.000930121226702,
                0.00126640230883,
                0.000996440649033,
                0.00109253893606,
                0.000510599114932,
                0.000432591827121,
                0.000493976694997,
                0.000394414091716,
                0.000316448451485,
                0.000181980460184,
                0.00018855331291,
                0.000215462816413,
                0.000185047916602,
                0.000148146253196,
                0.000246485607931,
                0.000138962976052,
                0.000150650157593,
                0.000195078071556,
                0.000199629561394,
                0.000185536438948,
                0.000186901437701,
                2.31700414588e-05
            ],
            "dmean2": [
                0.000672854599543,
                0.011055114679,
                0.00490296306089,
                0.00207116082311,
                0.00203466136009,
                0.0015839417465,
                0.00204000761732,
                0.00164490041789,
                0.00165970926173,
                0.000783477444202,
                0.00067050504731,
                0.000731509877369,
                0.000600403698627,
                0.000493498868309,
                0.000283483444946,
                0.000291268283036,
                0.00032956051291,
                0.000285640708171,
                0.000228429198614,
                0.000387055653846,
                0.000215441454202,
                0.000232663907809,
                0.000318177189911,
                0.000323637330439,
                0.000309473107336,
                0.000337415694958,
                4.16405018768e-05
            ],
            "dvar": [
                2.05925834962e-06,
                0.000769764941651,
                0.000227394368267,
                3.65286141459e-05,
                2.391758062e-05,
                7.41368967283e-06,
                8.78640730662e-06,
                6.69149903842e-06,
                6.87866986482e-06,
                1.83484405625e-06,
                1.86060901797e-06,
                2.68015128313e-06,
                1.25840722376e-06,
                7.59756858315e-07,
                3.1250323218e-07,
                2.77187609754e-07,
                4.35036582758e-07,
                5.01010788412e-07,
                3.26316495602e-07,
                5.22357538557e-07,
                1.48068721728e-07,
                1.5864981151e-07,
                2.30262784839e-07,
                3.12609898856e-07,
                2.23243148412e-07,
                2.70069818953e-07,
                5.39329692018e-09
            ],
            "dvar2": [
                3.47229092768e-06,
                0.00162027101032,
                0.000647221982945,
                0.00010787678184,
                6.47104097879e-05,
                1.93910891539e-05,
                1.96559794858e-05,
                1.60687122843e-05,
                1.45185586007e-05,
                4.12179451814e-06,
                4.18364334109e-06,
                5.35120352652e-06,
                2.7687756301e-06,
                1.72376280716e-06,
                6.94072241458e-07,
                6.19148522674e-07,
                9.83523705145e-07,
                1.17738977679e-06,
                6.71869372582e-07,
                1.22762151022e-06,
                2.99936999681e-07,
                3.34642408006e-07,
                5.47650074623e-07,
                7.07783783582e-07,
                5.25728637513e-07,
                7.49955120227e-07,
                1.35368640741e-08
            ],
            "max": [
                0.0547104999423,
                0.325818955898,
                0.182760968804,
                0.0777688622475,
                0.0661143809557,
                0.0335077159107,
                0.0462319664657,
                0.0360668115318,
                0.0452250689268,
                0.0265753958374,
                0.0235533043742,
                0.0336274467409,
                0.0157746039331,
                0.0113422200084,
                0.0134086562321,
                0.00693032285199,
                0.00811316817999,
                0.00961697567254,
                0.00710027338937,
                0.00940003525466,
                0.00442678015679,
                0.00658380333334,
                0.00839272327721,
                0.0131380418316,
                0.0120372548699,
                0.00339710316621,
                0.00311652082019
            ],
            "mean": [
                0.00219892268069,
                0.0230877585709,
                0.00679983664304,
                0.00113782461267,
                0.0012838911498,
                0.000936115451623,
                0.00140805984847,
                0.000990031752735,
                0.00120340008289,
                0.000666856416501,
                0.000469173741294,
                0.000501779606566,
                0.000400258257287,
                0.0002935740049,
                0.000179272188689,
                0.000182738353033,
                0.000210240104934,
                0.00016892592248,
                0.000139056006446,
                0.000229705110542,
                0.000146478458191,
                0.000159117495059,
                0.000178899426828,
                0.000199392583454,
                0.000171719366335,
                0.000127711609821,
                1.57320773724e-05
            ],
            "median": [
                0.00038448831765,
                0.00646218657494,
                0.000212895189179,
                0.000294197379844,
                0.000347471097484,
                0.000232192745898,
                0.00028326647589,
                5.76063866902e-05,
                6.71521265758e-05,
                0.000166910875123,
                3.38819772878e-05,
                1.57782415044e-05,
                1.28595638671e-05,
                7.26142206986e-06,
                5.35676099389e-06,
                6.47271826892e-06,
                1.17139816211e-05,
                5.2478831094e-06,
                5.77009359404e-06,
                8.94766890269e-06,
                9.71404733718e-06,
                1.07645646494e-05,
                1.01672658275e-05,
                6.84342103341e-06,
                7.26265716366e-06,
                2.81314828499e-06,
                2.88981965468e-07
            ],
            "min": [
                1.28478456173e-12,
                1.48800222144e-10,
                2.0242144072e-10,
                2.02051070319e-10,
                1.538992489e-09,
                1.24104526655e-09,
                5.32292154798e-10,
                6.69360677996e-10,
                1.71886962996e-10,
                1.12259984295e-11,
                1.47192327771e-11,
                7.26451190869e-11,
                1.7297335439e-11,
                3.30736757426e-11,
                2.60235561399e-12,
                3.47054438139e-12,
                3.75694961252e-12,
                1.65233365185e-12,
                5.83498527273e-13,
                3.2131432931e-12,
                1.25005181987e-12,
                8.29739109452e-13,
                9.40523700588e-13,
                5.75203946973e-13,
                6.34716400532e-13,
                7.78496082703e-13,
                6.52841461446e-11
            ],
            "var": [
                2.2660857212e-05,
                0.00142792786937,
                0.00024977789144,
                2.03217368835e-05,
                1.8045599063e-05,
                6.74311104376e-06,
                1.09777656689e-05,
                7.59420117902e-06,
                9.32553393795e-06,
                2.29131092055e-06,
                2.01943862521e-06,
                3.41119243785e-06,
                1.48682852341e-06,
                8.45483612011e-07,
                3.87007361269e-07,
                3.12370133315e-07,
                4.65150208129e-07,
                4.94048833843e-07,
                3.57581228627e-07,
                5.22450591234e-07,
                1.84370748002e-07,
                2.10083911156e-07,
                2.66038739483e-07,
                4.11200517192e-07,
                2.94048021487e-07,
                1.77998416007e-07,
                4.40749392538e-09
            ]
        },
        "barkbands_crest": {
            "dmean": 2.62837648392,
            "dmean2": 3.99244809151,
            "dvar": 8.36492538452,
            "dvar2": 17.5723609924,
            "max": 26.7060012817,
            "mean": 13.860959053,
            "median": 14.148443222,
            "min": 1.96097898483,
            "var": 26.4672164917
        },
        "barkbands_flatness_db": {
            "dmean": 0.0482841208577,
            "dmean2": 0.0651191174984,
            "dvar": 0.00255747139454,
            "dvar2": 0.00413976516575,
            "max": 0.702364861965,
            "mean": 0.239536374807,
            "median": 0.21682330966,
            "min": 0.00891052838415,
            "var": 0.0153245320544
        },
        "barkbands_kurtosis": {
            "dmean": 11.1818494797,
            "dmean2": 17.3281211853,
            "dvar": 766.563293457,
            "dvar2": 1771.86560059,
            "max": 887.611450195,
            "mean": 19.5434036255,
            "median": 7.57465600967,
            "min": -1.96601486206,
            "var": 1477.08862305
        },
        "barkbands_skewness": {
            "dmean": 1.02438485622,
            "dmean2": 1.51119089127,
            "dvar": 1.517562747,
            "dvar2": 3.30189847946,
            "max": 24.0661354065,
            "mean": 2.64812064171,
            "median": 2.26148509979,
            "min": -5.62925434113,
            "var": 5.79853200912
        },
        "barkbands_spread": {
            "dmean": 10.0142030716,
            "dmean2": 15.8408498764,
            "dvar": 276.350128174,
            "dvar2": 643.068969727,
            "max": 127.416381836,
            "mean": 16.886259079,
            "median": 9.25879859924,
            "min": 0.0518649704754,
            "var": 431.28793335
        },
        "dissonance": {
            "dmean": 0.0444437973201,
            "dmean2": 0.0725929513574,
            "dvar": 0.00178056198638,
            "dvar2": 0.00440974114463,
            "max": 0.5,
            "mean": 0.413262009621,
            "median": 0.430113106966,
            "min": 0.0718165263534,
            "var": 0.00454428512603
        },
        "dynamic_complexity": 3.97867298126,
        "erbbands": {
            "dmean": [
                0.248424619436,
                1.79949438572,
                3.43927669525,
                3.53811979294,
                3.8342359066,
                3.99842762947,
                4.85383605957,
                8.92880630493,
                17.4536571503,
                16.9124469757,
                23.1792621613,
                25.8445243835,
                18.5848941803,
                15.7364797592,
                17.7757377625,
                19.5981082916,
                17.7752742767,
                14.74243927,
                12.6793842316,
                8.45041751862,
                11.3128490448,
                11.7509632111,
                9.6977558136,
                8.0669260025,
                8.51419067383,
                11.9297542572,
                7.40336179733,
                4.92995977402,
                5.19445562363,
                5.65949773788,
                5.59879970551,
                3.69097733498,
                3.70511436462,
                2.18485760689,
                1.32904672623,
                0.888971745968,
                0.358625024557,
                0.0403516963124,
                0.00429026363418,
                0.000148755207192
            ],
            "dmean2": [
                0.321713417768,
                2.61175560951,
                5.6355137825,
                6.38801240921,
                6.80778551102,
                6.68126821518,
                8.40443134308,
                15.2030200958,
                27.8111934662,
                28.0738582611,
                37.0179672241,
                38.9863815308,
                28.0735321045,
                22.9929065704,
                26.7324180603,
                28.6948947906,
                26.7719860077,
                21.7745037079,
                19.8406562805,
                12.6399154663,
                17.1812667847,
                17.7006473541,
                14.8968019485,
                11.7486791611,
                13.2943592072,
                18.8584079742,
                11.3539495468,
                7.59120321274,
                7.86666059494,
                9.1324634552,
                9.15838909149,
                5.87581777573,
                6.11710929871,
                3.61362838745,
                2.24045562744,
                1.58303332329,
                0.654582500458,
                0.0718692317605,
                0.0077030453831,
                0.000253689504461
            ],
            "dvar": [
                0.689550817013,
                44.9233856201,
                269.504211426,
                383.572357178,
                297.623535156,
                255.473831177,
                259.367980957,
                722.696228027,
                1730.21008301,
                1830.81640625,
                3298.55786133,
                4309.43310547,
                2786.38500977,
                2366.70654297,
                2376.04638672,
                4362.11767578,
                2536.33837891,
                1561.00463867,
                1391.73486328,
                620.055297852,
                989.960510254,
                1318.25488281,
                1227.52319336,
                1048.99963379,
                795.573669434,
                1234.4934082,
                402.891784668,
                194.867279053,
                210.319244385,
                187.987747192,
                189.821594238,
                91.620300293,
                120.371246338,
                39.068939209,
                10.6622486115,
                5.43853282928,
                1.11430728436,
                0.0125354267657,
                0.000202541748877,
                2.419190821e-07
            ],
            "dvar2": [
                1.46552979946,
                100.609008789,
                731.137390137,
                1121.84008789,
                848.673706055,
                670.885375977,
                697.084655762,
                1906.47509766,
                3846.19580078,
                4612.88476562,
                7536.26220703,
                9314.89355469,
                6169.01367188,
                5190.55566406,
                5039.61425781,
                8744.94140625,
                5568.11230469,
                3256.30712891,
                3239.44604492,
                1306.28662109,
                2205.26733398,
                2929.18701172,
                2885.88964844,
                2111.92993164,
                1758.42529297,
                2941.1796875,
                870.06048584,
                382.77734375,
                451.656799316,
                412.417999268,
                457.257446289,
                200.245483398,
                285.531036377,
                92.6144485474,
                25.7025966644,
                14.82741642,
                3.12634801865,
                0.0340281575918,
                0.000497287604958,
                5.33199226993e-07
            ],
            "max": [
                10.8394002914,
                82.8977890015,
                206.206298828,
                235.186386108,
                232.780975342,
                236.396820068,
                213.216491699,
                397.730407715,
                730.935424805,
                666.19140625,
                997.519714355,
                1338.48193359,
                837.335876465,
                996.125244141,
                881.790588379,
                1559.0201416,
                765.15612793,
                554.358825684,
                671.353271484,
                469.222320557,
                426.301696777,
                444.111297607,
                469.443908691,
                429.248779297,
                344.289428711,
                517.525390625,
                240.238739014,
                235.655212402,
                183.745376587,
                376.053619385,
                221.108673096,
                186.711837769,
                258.291534424,
                141.001281738,
                117.173995972,
                28.9013118744,
                6.6132349968,
                1.47530019283,
                0.710811316967,
                0.0330368392169
            ],
            "mean": [
                0.943360686302,
                4.13329839706,
                7.97332239151,
                5.291431427,
                4.24914646149,
                4.04943609238,
                4.94442129135,
                8.88848400116,
                20.266336441,
                16.8412666321,
                25.4580879211,
                28.7001972198,
                21.9801177979,
                21.5292987823,
                19.595741272,
                20.0666980743,
                18.5609340668,
                15.1904687881,
                12.1496934891,
                8.75270843506,
                11.120718956,
                11.8416261673,
                9.26515388489,
                7.70019292831,
                7.7467675209,
                10.980591774,
                7.35652160645,
                5.56964206696,
                5.52623653412,
                5.56014251709,
                5.05936527252,
                3.79311585426,
                3.51187181473,
                2.08415913582,
                1.14447677135,
                0.642749786377,
                0.23388518393,
                0.0276843551546,
                0.00292001198977,
                0.00014679961896
            ],
            "median": [
                0.333655744791,
                0.742237925529,
                0.4520791471,
                1.39013278484,
                1.30435943604,
                0.90984082222,
                1.70767664909,
                2.0473279953,
                4.78782272339,
                2.77973437309,
                2.74454045296,
                2.01050782204,
                3.72290420532,
                4.36974525452,
                1.4909017086,
                0.720937848091,
                0.648852705956,
                0.489843100309,
                0.311416685581,
                0.330848753452,
                0.453418165445,
                0.745565533638,
                0.423155009747,
                0.278684288263,
                0.352066218853,
                0.423448204994,
                0.444567799568,
                0.364713281393,
                0.347922861576,
                0.378886759281,
                0.265550374985,
                0.152405738831,
                0.114603862166,
                0.0837367922068,
                0.0420181266963,
                0.0165330767632,
                0.00431127287447,
                0.00061870412901,
                7.80257105362e-05,
                3.95049064537e-05
            ],
            "min": [
                2.23481477768e-09,
                4.34809699357e-08,
                2.61619646835e-07,
                5.73120246372e-07,
                1.37817880841e-06,
                5.88530292589e-06,
                1.29548816403e-05,
                7.83497034718e-06,
                4.91129139846e-06,
                1.56634341693e-05,
                1.03761431092e-05,
                4.26781343776e-06,
                1.01939599517e-06,
                3.72577233065e-07,
                1.95060579244e-06,
                2.14372585106e-06,
                7.72380985836e-07,
                1.85684780263e-06,
                4.77347555261e-07,
                1.14444254962e-07,
                2.27578610179e-07,
                1.82032835028e-07,
                1.11366453837e-07,
                3.15171888587e-08,
                6.24384597359e-08,
                1.65770345006e-07,
                5.40084101885e-08,
                5.8212666687e-08,
                3.53250300122e-08,
                3.70106576497e-08,
                1.97128340318e-08,
                1.43723664081e-08,
                9.10565489676e-09,
                7.88483678349e-09,
                3.6522598279e-09,
                2.06711914252e-09,
                1.90003612843e-09,
                3.45821238312e-09,
                3.49382833775e-09,
                1.70478897665e-09
            ],
            "var": [
                1.82938122749,
                62.218624115,
                305.636230469,
                236.633285522,
                195.163650513,
                201.801849365,
                188.799102783,
                657.502075195,
                2251.25,
                1715.17651367,
                4111.64746094,
                5624.79882812,
                3156.2956543,
                2938.38305664,
                3073.98242188,
                5418.71923828,
                3034.125,
                2025.31433105,
                1530.75354004,
                794.490478516,
                1096.09423828,
                1458.26000977,
                1240.2076416,
                1201.81213379,
                819.537841797,
                1216.58203125,
                456.397521973,
                270.556030273,
                266.554962158,
                248.477508545,
                216.733566284,
                130.512313843,
                145.652114868,
                50.7560997009,
                12.5231323242,
                4.03324174881,
                0.689702808857,
                0.00856546778232,
                0.000174615386641,
                2.54707373415e-07
            ]
        },
        "erbbands_crest": {
            "dmean": 3.37231516838,
            "dmean2": 5.40584945679,
            "dvar": 11.3332052231,
            "dvar2": 25.587884903,
            "max": 33.6764831543,
            "mean": 12.1012411118,
            "median": 10.9783878326,
            "min": 2.54781222343,
            "var": 32.0834541321
        },
        "erbbands_flatness_db": {
            "dmean": 0.037248313427,
            "dmean2": 0.0551433451474,
            "dvar": 0.0014384649694,
            "dvar2": 0.00285589857958,
            "max": 0.590215265751,
            "mean": 0.194225773215,
            "median": 0.17896078527,
            "min": 0.0479472912848,
            "var": 0.00598407350481
        },
        "erbbands_kurtosis": {
            "dmean": 3.21134614944,
            "dmean2": 4.98323535919,
            "dvar": 64.5609207153,
            "dvar2": 145.565704346,
            "max": 299.216247559,
            "mean": 4.23712062836,
            "median": 1.2118024826,
            "min": -1.90036642551,
            "var": 141.774902344
        },
        "erbbands_skewness": {
            "dmean": 0.734878897667,
            "dmean2": 1.11688315868,
            "dvar": 0.700468838215,
            "dvar2": 1.56117117405,
            "max": 14.4755525589,
            "mean": 0.753550052643,
            "median": 0.716995000839,
            "min": -6.54014778137,
            "var": 1.93356585503
        },
        "erbbands_spread": {
            "dmean": 14.6930932999,
            "dmean2": 23.3580589294,
            "dvar": 373.778411865,
            "dvar2": 854.487365723,
            "max": 186.403152466,
            "mean": 35.1010513306,
            "median": 27.6523799896,
            "min": 0.306516110897,
            "var": 720.692382812
        },
        "gfcc": {
            "cov": [
                [
                    14782.2304688,
                    -4522.27246094,
                    -810.323608398,
                    752.286804199,
                    -61.4011497498,
                    945.952087402,
                    -818.611206055,
                    748.112426758,
                    -269.76940918,
                    846.106384277,
                    -361.633392334,
                    186.999206543,
                    -689.755249023
                ],
                [
                    -4522.27246094,
                    4183.35302734,
                    591.149902344,
                    -200.400482178,
                    852.730773926,
                    -145.250259399,
                    953.304626465,
                    -183.030776978,
                    418.561096191,
                    -371.967193604,
                    307.458740234,
                    -223.718612671,
                    401.860961914
                ],
                [
                    -810.323608398,
                    591.149902344,
                    1885.14001465,
                    317.854980469,
                    421.818328857,
                    200.183746338,
                    221.571533203,
                    134.007553101,
                    147.057571411,
                    -112.004264832,
                    97.0308990479,
                    91.4846420288,
                    131.023086548
                ],
                [
                    752.286804199,
                    -200.400482178,
                    317.854980469,
                    802.083435059,
                    208.259307861,
                    79.5104064941,
                    17.448884964,
                    94.0060424805,
                    121.575035095,
                    58.0307540894,
                    -2.05126190186,
                    10.7713623047,
                    80.0083389282
                ],
                [
                    -61.4011497498,
                    852.730773926,
                    421.818328857,
                    208.259307861,
                    849.690673828,
                    258.591949463,
                    274.842773438,
                    104.218666077,
                    173.989715576,
                    -4.13885593414,
                    66.8745880127,
                    -111.182701111,
                    92.7474060059
                ],
                [
                    945.952087402,
                    -145.250259399,
                    200.183746338,
                    79.5104064941,
                    258.591949463,
                    524.133605957,
                    206.338394165,
                    153.857696533,
                    -0.328587651253,
                    10.9647598267,
                    -10.4958400726,
                    -22.360616684,
                    -18.0068969727
                ],
                [
                    -818.611206055,
                    953.304626465,
                    221.571533203,
                    17.448884964,
                    274.842773438,
                    206.338394165,
                    730.334472656,
                    86.7586746216,
                    78.7935791016,
                    -131.83164978,
                    25.414396286,
                    -49.6407356262,
                    133.371948242
                ],
                [
                    748.112426758,
                    -183.030776978,
                    134.007553101,
                    94.0060424805,
                    104.218666077,
                    153.857696533,
                    86.7586746216,
                    300.127380371,
                    24.0889606476,
                    -15.4839048386,
                    -8.34613418579,
                    23.1874809265,
                    3.67909574509
                ],
                [
                    -269.76940918,
                    418.561096191,
                    147.057571411,
                    121.575035095,
                    173.989715576,
                    -0.328587651253,
                    78.7935791016,
                    24.0889606476,
                    268.958251953,
                    44.4722366333,
                    39.4659156799,
                    -42.7903366089,
                    34.378692627
                ],
                [
                    846.106384277,
                    -371.967193604,
                    -112.004264832,
                    58.0307540894,
                    -4.13885593414,
                    10.9647598267,
                    -131.83164978,
                    -15.4839048386,
                    44.4722366333,
                    267.163024902,
                    1.60841917992,
                    -24.7355747223,
                    -78.5061035156
                ],
                [
                    -361.633392334,
                    307.458740234,
                    97.0308990479,
                    -2.05126190186,
                    66.8745880127,
                    -10.4958400726,
                    25.414396286,
                    -8.34613418579,
                    39.4659156799,
                    1.60841917992,
                    188.883804321,
                    10.2073736191,
                    -8.29098701477
                ],
                [
                    186.999206543,
                    -223.718612671,
                    91.4846420288,
                    10.7713623047,
                    -111.182701111,
                    -22.360616684,
                    -49.6407356262,
                    23.1874809265,
                    -42.7903366089,
                    -24.7355747223,
                    10.2073736191,
                    198.874801636,
                    17.4867668152
                ],
                [
                    -689.755249023,
                    401.860961914,
                    131.023086548,
                    80.0083389282,
                    92.7474060059,
                    -18.0068969727,
                    133.371948242,
                    3.67909574509,
                    34.378692627,
                    -78.5061035156,
                    -8.29098701477,
                    17.4867668152,
                    231.392333984
                ]
            ],
            "icov": [
                [
                    0.000162941389135,
                    4.93924198963e-05,
                    7.48257371015e-05,
                    -0.000119287346024,
                    -6.87731953803e-05,
                    -0.000191916406038,
                    7.411497063e-05,
                    -0.000280504813418,
                    0.000109485314169,
                    -0.000320238468703,
                    0.000184731528861,
                    -0.000183818323421,
                    0.000268773379503
                ],
                [
                    4.93924198963e-05,
                    0.00100066140294,
                    -3.77341384592e-05,
                    0.000415872142185,
                    -0.000678127864376,
                    0.000586920650676,
                    -0.000821972033009,
                    0.000595646328293,
                    -0.000867509108502,
                    0.000737659283914,
                    -0.000980038195848,
                    0.00049664278049,
                    -0.00062475289451
                ],
                [
                    7.48257371015e-05,
                    -3.77341384592e-05,
                    0.000746114295907,
                    -0.000253511971096,
                    -0.000236034480622,
                    -0.000273582030786,
                    8.56606784509e-05,
                    -0.000209220597753,
                    -0.000121212375234,
                    0.000105696104583,
                    -7.49393075239e-05,
                    -0.000574979116209,
                    7.56660519983e-05
                ],
                [
                    -0.000119287346024,
                    0.000415872142185,
                    -0.000253511971096,
                    0.00185256940313,
                    -0.000438440794824,
                    0.000366949418094,
                    -0.000246896379394,
                    0.00018508543144,
                    -0.000919943617191,
                    0.000180292539881,
                    -0.000407525483752,
                    0.000248403433943,
                    -0.0010667120805
                ],
                [
                    -6.87731953803e-05,
                    -0.000678127864376,
                    -0.000236034480622,
                    -0.000438440794824,
                    0.00251102074981,
                    -0.00110165355727,
                    0.000332290568622,
                    -0.000471449107863,
                    -0.000145456142491,
                    -0.000476664950838,
                    5.585684994e-05,
                    0.000777471519541,
                    -0.000215146705159
                ],
                [
                    -0.000191916406038,
                    0.000586920650676,
                    -0.000273582030786,
                    0.000366949418094,
                    -0.00110165355727,
                    0.00364009407349,
                    -0.00137767929118,
                    -0.000282726890873,
                    0.000104278806248,
                    0.000409896718338,
                    -0.000465493212687,
                    0.000524049974047,
                    2.73477780866e-05
                ],
                [
                    7.411497063e-05,
                    -0.000821972033009,
                    8.56606784509e-05,
                    -0.000246896379394,
                    0.000332290568622,
                    -0.00137767929118,
                    0.00283410889097,
                    -0.000870599935297,
                    0.000345956854289,
                    -1.06967909232e-05,
                    0.000745464698412,
                    -0.000128735802718,
                    -0.00019337728736
                ],
                [
                    -0.000280504813418,
                    0.000595646328293,
                    -0.000209220597753,
                    0.00018508543144,
                    -0.000471449107863,
                    -0.000282726890873,
                    -0.000870599935297,
                    0.00515346555039,
                    -0.00116213224828,
                    0.00148598093074,
                    -0.000692065746989,
                    -7.29227831471e-05,
                    -0.000571780954488
                ],
                [
                    0.000109485314169,
                    -0.000867509108502,
                    -0.000121212375234,
                    -0.000919943617191,
                    -0.000145456142491,
                    0.000104278806248,
                    0.000345956854289,
                    -0.00116213224828,
                    0.00601432658732,
                    -0.00215711863711,
                    0.000408709631301,
                    0.000141261407407,
                    0.000483726907987
                ],
                [
                    -0.000320238468703,
                    0.000737659283914,
                    0.000105696104583,
                    0.000180292539881,
                    -0.000476664950838,
                    0.000409896718338,
                    -1.06967909232e-05,
                    0.00148598093074,
                    -0.00215711863711,
                    0.00637020217255,
                    -0.0012588937534,
                    0.00105099950451,
                    0.000204831419978
                ],
                [
                    0.000184731528861,
                    -0.000980038195848,
                    -7.49393075239e-05,
                    -0.000407525483752,
                    5.585684994e-05,
                    -0.000465493212687,
                    0.000745464698412,
                    -0.000692065746989,
                    0.000408709631301,
                    -0.0012588937534,
                    0.00719225639477,
                    -0.001574210939,
                    0.00184759486001
                ],
                [
                    -0.000183818323421,
                    0.00049664278049,
                    -0.000574979116209,
                    0.000248403433943,
                    0.000777471519541,
                    0.000524049974047,
                    -0.000128735802718,
                    -7.29227831471e-05,
                    0.000141261407407,
                    0.00105099950451,
                    -0.001574210939,
                    0.00686390884221,
                    -0.00160579907242
                ],
                [
                    0.000268773379503,
                    -0.00062475289451,
                    7.56660519983e-05,
                    -0.0010667120805,
                    -0.000215146705159,
                    2.73477780866e-05,
                    -0.00019337728736,
                    -0.000571780954488,
                    0.000483726907987,
                    0.000204831419978,
                    0.00184759486001,
                    -0.00160579907242,
                    0.00692794891074
                ]
            ],
            "mean": [
                -85.1582183838,
                103.818908691,
                -73.4148712158,
                24.791103363,
                -59.0843544006,
                17.4885120392,
                -19.3475246429,
                14.3097467422,
                -12.7076444626,
                2.2281165123,
                -12.3530483246,
                3.83167529106,
                -3.59765005112
            ]
        },
        "hfc": {
            "dmean": 14.2378883362,
            "dmean2": 21.9826278687,
            "dvar": 822.915100098,
            "dvar2": 1734.21240234,
            "max": 232.562515259,
            "mean": 19.141998291,
            "median": 7.93591976166,
            "min": 4.25007237936e-06,
            "var": 1081.7109375
        },
        "melbands": {
            "dmean": [
                0.00219213077798,
                0.00193924864288,
                0.000625631946605,
                0.00028557976475,
                0.000168874132214,
                0.000198366382392,
                0.000265834940365,
                0.000189782571397,
                0.000194066713448,
                0.000160587689606,
                9.1483729193e-05,
                6.30990471109e-05,
                5.89995433984e-05,
                5.92449978285e-05,
                4.59410293843e-05,
                3.56047421519e-05,
                2.81244010694e-05,
                2.31881258514e-05,
                1.31254018925e-05,
                1.08549202196e-05,
                1.40365991683e-05,
                1.25948199639e-05,
                1.19868118418e-05,
                7.08962443241e-06,
                6.56949441691e-06,
                5.82006623517e-06,
                7.35104413252e-06,
