{
    "lowlevel": {
        "average_loudness": 0.932650506496,
        "barkbands": {
            "dmean": [
                0.000699302763678,
                0.00875924807042,
                0.00733890710399,
                0.00143944565207,
                0.00103979301639,
                0.000773030449636,
                0.000593701552134,
                0.000557167455554,
                0.000786659773439,
                0.000281132524833,
                0.000233894796111,
                0.000296068465104,
                0.000275185157079,
                0.000224790506763,
                0.000207852383028,
                0.000221365393372,
                0.000465593737317,
                0.000301776337437,
                0.000333126023179,
                0.000208672703593,
                0.000223629016546,
                0.00026271425304,
                0.00028489989927,
                0.00028508566902,
                0.000243623086135,
                7.50866311137e-05,
                1.03448137452e-05
            ],
            "dmean2": [
                0.000947210995946,
                0.0126116033643,
                0.0129440184683,
                0.00255177309737,
                0.00174725719262,
                0.00125437683892,
                0.000958484306466,
                0.000890249328222,
                0.00122978002764,
                0.00041465612594,
                0.000336057448294,
                0.000420571363065,
                0.000412867520936,
                0.000353901821654,
                0.000342216371791,
                0.000367025233572,
                0.000842433364596,
                0.000516435829923,
                0.000588770548347,
                0.000348903093254,
                0.000386277912185,
                0.000449745421065,
                0.000481340975966,
                0.000494051142596,
                0.000434847985161,
                0.000133575202199,
                1.86299512279e-05
            ],
            "dvar": [
                2.44021771323e-06,
                0.000350987451384,
                0.00056661630515,
                1.9009985408e-05,
                9.54010283749e-06,
                1.0695115634e-05,
                5.53058134756e-06,
                2.34923481912e-06,
                4.89248213853e-06,
                6.42132704343e-07,
                3.91602554828e-07,
                5.09035544383e-07,
                4.09544753666e-07,
                2.9307841487e-07,
                2.29886282455e-07,
                3.00292697375e-07,
                2.56667090071e-06,
                6.15651515545e-07,
                1.0002667068e-06,
                3.28404979655e-07,
                4.50351819836e-07,
                6.38285371224e-07,
                1.0668129562e-06,
                7.8273848203e-07,
                4.94200776302e-07,
                6.66344490696e-08,
                2.96475177741e-09
            ],
            "dvar2": [
                4.78616357213e-06,
                0.00069336744491,
                0.00154416973237,
                5.27149968548e-05,
                2.42535825237e-05,
                2.78995448753e-05,
                1.43712522913e-05,
                5.73384659219e-06,
                1.22178053061e-05,
                1.35422021685e-06,
                7.50442438857e-07,
                9.8325494946e-07,
                9.10749406557e-07,
                6.5665051352e-07,
                5.76299953536e-07,
                7.47538877022e-07,
                7.43707414586e-06,
                1.67514690474e-06,
                2.80451877188e-06,
                8.38307585127e-07,
                1.21897778627e-06,
                1.67615814917e-06,
                2.70952955361e-06,
                2.03057584258e-06,
                1.34502727178e-06,
                1.87582244848e-07,
                8.46209680105e-09
            ],
            "max": [
                0.0197111256421,
                0.172151893377,
                0.165496200323,
                0.0428391247988,
                0.051767308265,
                0.0772347375751,
                0.0477951318026,
                0.0285322126001,
                0.039324644953,
                0.0268491934985,
                0.0154219930992,
                0.0156586300582,
                0.010589058511,
                0.00912784226239,
                0.00551248574629,
                0.00491422368214,
                0.0164791792631,
                0.00643954705447,
                0.00685919681564,
                0.00483230641112,
                0.00573902949691,
                0.00528060272336,
                0.0185447745025,
                0.0127773815766,
                0.00477899145335,
                0.00519002228975,
                0.00154077692423
            ],
            "mean": [
                0.00115063623525,
                0.0184458196163,
                0.00540792057291,
                0.00115055218339,
                0.00107308616862,
                0.000978162162937,
                0.000840030668769,
                0.000742272590287,
                0.00112687854562,
                0.000512536498718,
                0.000389676890336,
                0.000506961485371,
                0.00040769748739,
                0.000273002660833,
                0.000234806371736,
                0.000228128221352,
                0.000361840880942,
                0.000300414598314,
                0.000273300393019,
                0.000187036988791,
                0.000175012144609,
                0.00020212068921,
                0.000219239052967,
                0.000217014079681,
                0.000168542785104,
                5.2649211284e-05,
                7.24572737454e-06
            ],
            "median": [
                0.000244307972025,
                0.00708310957998,
                0.000202848459594,
                0.000113591901027,
                0.000230335455853,
                0.000272058474366,
                0.000132688277517,
                0.000109058382805,
                0.000205202959478,
                7.20875395928e-05,
                3.3771910239e-05,
                5.10096688231e-05,
                4.75357082905e-05,
                2.65926610155e-05,
                1.87586247193e-05,
                2.24863506446e-05,
                3.53653667844e-05,
                5.67309034523e-05,
                4.82939940412e-05,
                3.09847382596e-05,
                7.26322105038e-06,
                1.76133762579e-05,
                1.81999821507e-05,
                2.88517239824e-05,
                1.30437583721e-05,
                3.75500121663e-06,
                5.45817158581e-07
            ],
            "min": [
                2.17654249484e-23,
                3.84813039107e-23,
                9.79218800335e-24,
                2.91324754576e-24,
                1.23942709428e-23,
                1.85509477105e-23,
                8.53474214271e-24,
                3.9448643018e-23,
                4.98016377609e-23,
                3.96787064124e-23,
                8.21891521065e-23,
                5.86473086406e-23,
                8.22671168074e-23,
                1.394041544e-22,
                1.33631522732e-22,
                2.7366231037e-22,
                1.00235777885e-22,
                3.91881939637e-22,
                3.96762325446e-22,
                3.95596426894e-22,
                5.63416979309e-22,
                4.60905754231e-22,
                4.67176100333e-22,
                7.29326771773e-22,
                1.24156427309e-21,
                1.92571160504e-21,
                2.38693992134e-21
            ],
            "var": [
                4.90736510983e-06,
                0.000888889830094,
                0.000382617436117,
                1.24301395772e-05,
                8.34413731354e-06,
                8.880239875e-06,
                5.74304340262e-06,
                3.13734290103e-06,
                6.17920613877e-06,
                1.76404830654e-06,
                1.10954965749e-06,
                1.43354202464e-06,
                8.11873576367e-07,
                4.98077326938e-07,
                2.93553625852e-07,
                3.1542498391e-07,
                1.47435582676e-06,
                4.75108066667e-07,
                6.23474591066e-07,
                2.64632006974e-07,
                3.17408819228e-07,
                4.60328493546e-07,
                8.36618823996e-07,
                5.83603025461e-07,
                3.23746093045e-07,
                4.02405113675e-08,
                1.70705827252e-09
            ]
        },
        "barkbands_crest": {
            "dmean": 3.22302150726,
            "dmean2": 4.86341428757,
            "dvar": 11.95835495,
            "dvar2": 24.9549789429,
            "max": 26.636297226,
            "mean": 14.7828273773,
            "median": 14.1551380157,
            "min": 2.14117884636,
            "var": 37.2629470825
        },
        "barkbands_flatness_db": {
            "dmean": 0.0435549654067,
            "dmean2": 0.0597094595432,
            "dvar": 0.00262166955508,
            "dvar2": 0.00449388148263,
            "max": 0.743689239025,
            "mean": 0.21900972724,
            "median": 0.192444115877,
            "min": 0.0210291408002,
            "var": 0.0128582129255
        },
        "barkbands_kurtosis": {
            "dmean": 19.1718978882,
            "dmean2": 28.9673919678,
            "dvar": 2897.55273438,
            "dvar2": 6353.02001953,
            "max": 1587.9921875,
            "mean": 26.5975399017,
            "median": 5.25280094147,
            "min": -1.98306536674,
            "var": 5445.49560547
        },
        "barkbands_skewness": {
            "dmean": 1.36712515354,
            "dmean2": 1.98625254631,
            "dvar": 3.46828269958,
            "dvar2": 7.18484306335,
            "max": 31.6439723969,
            "mean": 2.98295140266,
            "median": 2.03233861923,
            "min": -6.49281930923,
            "var": 9.69406890869
        },
        "barkbands_spread": {
            "dmean": 9.22485256195,
            "dmean2": 14.511013031,
            "dvar": 249.591583252,
            "dvar2": 575.56628418,
            "max": 166.008117676,
            "mean": 18.4767398834,
            "median": 12.9219179153,
            "min": 0.0427216924727,
            "var": 425.657531738
        },
        "dissonance": {
            "dmean": 0.0338352099061,
            "dmean2": 0.0552744530141,
            "dvar": 0.00115535838995,
            "dvar2": 0.0029130470939,
            "max": 0.5,
            "mean": 0.42560556531,
            "median": 0.438551902771,
            "min": 0.114230975509,
            "var": 0.00338699482381
        },
        "dynamic_complexity": 4.13977575302,
        "erbbands": {
            "dmean": [
                0.335069566965,
                1.9408749342,
                7.92548465729,
                6.00457763672,
                3.21205854416,
                4.02511692047,
                4.34631538391,
                6.59398937225,
                9.65035438538,
                7.55500173569,
                15.2103853226,
                17.5877189636,
                8.12645530701,
                9.89433765411,
                9.28741645813,
                10.4095287323,
                12.6087341309,
                9.57158756256,
                10.3251447678,
                11.4491386414,
                14.5825376511,
                27.0946331024,
                17.8720722198,
                17.5125465393,
                13.7635211945,
                10.1485977173,
                8.79729938507,
                8.94584560394,
                11.0388879776,
                7.40252065659,
                8.39914703369,
                7.05940151215,
                3.84317708015,
                2.36760878563,
                2.00663113594,
                0.504148602486,
                0.113623835146,
                0.0178587790579,
                0.00181880732998,
                9.87752209767e-05
            ],
            "dmean2": [
                0.466279745102,
                2.83685588837,
                13.6919670105,
                9.96341609955,
                5.51941728592,
                6.83844947815,
                6.97224330902,
                10.7049560547,
                15.4635000229,
                11.8427867889,
                24.207244873,
                27.5595722198,
                12.0736246109,
                14.0657873154,
                12.9104003906,
                14.9080047607,
                18.4218406677,
                14.4038410187,
                16.6570911407,
                19.0907268524,
                24.3711547852,
                49.1217727661,
                30.9597187042,
                30.5866394043,
                23.9914970398,
                16.9717102051,
                14.8611536026,
                15.5924940109,
                19.3948287964,
                12.289730072,
                14.1201763153,
                12.2586364746,
                6.62112188339,
                4.13545179367,
                3.64485931396,
                0.899953126907,
                0.201744094491,
                0.0318984426558,
                0.00328922155313,
                0.000172706510057
            ],
            "dvar": [
                0.54974168539,
                20.8308143616,
                664.625976563,
                280.031799316,
                82.6911849976,
                213.013671875,
                79.4104690552,
                1043.24658203,
                2608.37353516,
                576.350341797,
                1619.4552002,
                2714.35913086,
                648.45098877,
                579.706359863,
                464.078460693,
                540.846252441,
                861.640258789,
                517.978759766,
                580.176696777,
                771.700866699,
                1363.40454102,
                8840.04199219,
                2303.29736328,
                2674.10839844,
                1510.35375977,
                871.260925293,
                673.84954834,
                722.715270996,
                1244.79370117,
                529.092407227,
                869.228393555,
                584.265075684,
                109.667121887,
                41.1662940979,
                39.2715797424,
                2.27842879295,
                0.17973357439,
                0.00659213028848,
                9.62739723036e-05,
                1.69284078311e-07
            ],
            "dvar2": [
                1.01073241234,
                42.1034660339,
                1801.20483398,
                713.360961914,
                226.517501831,
                545.143554688,
                188.502792358,
                2762.63525391,
                6879.71679688,
                1352.15380859,
                4080.73681641,
                6913.18017578,
                1529.18884277,
                1130.36291504,
                890.383056641,
                1096.52844238,
                1859.61694336,
                1068.9329834,
                1380.67590332,
                2040.4395752,
                3496.40527344,
                25601.6386719,
                6370.30761719,
                7459.96191406,
                4168.73876953,
                2240.20288086,
                1762.23632813,
                1959.31433105,
                3366.4609375,
                1356.69165039,
                2186.21044922,
                1518.64294434,
                283.43939209,
                108.670959473,
                109.021842957,
                6.31182765961,
                0.509825468063,
                0.0186673365533,
                0.000276608450804,
                4.82249163269e-07
            ],
            "max": [
                7.60260438919,
                40.188659668,
                180.959136963,
                160.490371704,
                112.442253113,
                246.448440552,
                129.256713867,
                780.415100098,
                1222.60351563,
                530.853820801,
                660.546691895,
                1095.73522949,
                1007.68670654,
                763.646362305,
                533.375305176,
                482.073730469,
                467.593566895,
                447.780487061,
                406.6875,
                307.867523193,
                316.40536499,
                938.949645996,
                374.795257568,
                363.282958984,
                265.675048828,
                258.943695068,
                245.955596924,
                181.108032227,
                240.949584961,
                367.281921387,
                516.836914063,
                354.323638916,
                124.069389343,
                43.0273742676,
                43.3983345032,
                22.6715297699,
                9.67709255219,
                2.03840732574,
                0.286959767342,
                0.0110494857654
            ],
            "mean": [
                0.667398393154,
                3.59022164345,
                6.50639629364,
                5.07839155197,
                3.00789380074,
                3.81794428825,
                6.01583242416,
                8.33066082001,
                12.9871692657,
                10.907207489,
                21.5641689301,
                24.9387454987,
                13.9594697952,
                18.4548149109,
                16.6976356506,
                17.6909923553,
                20.3299446106,
                13.0100307465,
                12.4291257858,
                12.4920816422,
                14.7455186844,
                21.1804943085,
                17.4586544037,
                15.0410575867,
                12.2964859009,
                9.02209854126,
                7.57603597641,
                6.55013847351,
                7.95646953583,
                6.14049386978,
                6.44948959351,
                5.29879331589,
                2.97267246246,
                1.74219453335,
                1.3184967041,
                0.34794691205,
                0.0804223492742,
                0.0127149708569,
                0.00127316871658,
                0.000100613688119
            ],
            "median": [
                0.24228695035,
                0.9243516922,
                0.471946805716,
                0.388589322567,
                0.522048473358,
                0.682225704193,
                1.9198628664,
                2.3659324646,
                2.39165782928,
                2.41848373413,
                5.60866355896,
                5.15806627274,
                3.09916639328,
                3.86899447441,
                2.78981494904,
                2.59727025032,
                2.69978523254,
                1.81167387962,
                1.27720987797,
                1.1680598259,
                1.56778407097,
                2.57547473907,
                3.524985075,
                3.22696208954,
                2.52473020554,
                1.49996125698,
                0.470001637936,
                0.276225358248,
                0.506816744804,
                0.775938868523,
                0.489191383123,
                0.621287584305,
                0.40944558382,
                0.164783060551,
                0.0774746015668,
                0.0227541737258,
                0.00555704999715,
                0.000955245341174,
                0.000110847206088,
                3.49629699485e-05
            ],
            "min": [
                2.29983109816e-21,
                4.08005463893e-21,
                1.23325973113e-20,
                1.16348341139e-20,
                3.334309473e-20,
                2.57801888518e-20,
                7.9218583201e-20,
                1.77136592275e-19,
                1.2294659448e-19,
                5.06364970925e-19,
                8.01176018648e-19,
                1.27194849349e-18,
                5.2073077172e-19,
                2.23538488148e-18,
                3.57106939893e-18,
                3.17465922038e-18,
                2.88920456767e-18,
                6.05318902225e-18,
                4.92115513084e-18,
                1.4052734853e-17,
                1.07142967665e-17,
                7.16121440996e-18,
                1.81139567413e-17,
                2.25869574104e-17,
                1.70743892347e-17,
                1.78540268144e-17,
                2.05637480784e-17,
                2.47676371157e-17,
                1.60357084657e-17,
                1.54320006218e-17,
                1.24931073147e-17,
                1.26392080904e-17,
                1.47348891975e-17,
                1.28261732427e-17,
                8.7477526151e-18,
                7.00800070818e-18,
                3.36075149036e-18,
                1.40960096339e-18,
                3.1494131511e-19,
                3.60880160446e-20
            ],
            "var": [
                1.27564501762,
                41.9187583923,
                475.987518311,
                218.573425293,
                59.3378562927,
                175.515075684,
                106.338470459,
                833.017150879,
                2143.37084961,
                956.31439209,
                1961.24487305,
                3292.5793457,
                1170.48876953,
                1612.3157959,
                1300.8046875,
                1383.24279785,
                1865.07312012,
                986.133361816,
                816.660644531,
                816.979125977,
                1328.80224609,
                5056.99169922,
                1655.00476074,
                1731.05615234,
                1002.35681152,
                684.444885254,
                528.043395996,
                492.01852417,
                833.081054688,
                411.900634766,
                697.666809082,
                433.008270264,
                82.9861755371,
                29.3591976166,
                24.2772331238,
                1.43138349056,
                0.106355264783,
                0.00388008565642,
                5.44450049347e-05,
                1.00373661382e-07
            ]
        },
        "erbbands_crest": {
            "dmean": 3.10075473785,
            "dmean2": 4.98053121567,
            "dvar": 8.97948265076,
            "dvar2": 21.8063983917,
            "max": 31.0156402588,
            "mean": 11.1304044724,
            "median": 10.3236083984,
            "min": 2.32828426361,
            "var": 23.5270214081
        },
        "erbbands_flatness_db": {
            "dmean": 0.0244767256081,
            "dmean2": 0.0352142676711,
            "dvar": 0.000795397674665,
            "dvar2": 0.00150752498303,
            "max": 0.492967605591,
            "mean": 0.176102459431,
            "median": 0.165894940495,
            "min": 0.0211508795619,
            "var": 0.00442722160369
        },
        "erbbands_kurtosis": {
            "dmean": 2.03841781616,
            "dmean2": 3.20657348633,
            "dvar": 25.4107265472,
            "dvar2": 58.257434845,
            "max": 182.277435303,
            "mean": 2.58728265762,
            "median": 0.66966342926,
            "min": -1.91156148911,
            "var": 78.3864212036
        },
        "erbbands_skewness": {
            "dmean": 0.552395343781,
            "dmean2": 0.83436781168,
            "dvar": 0.40108063817,
            "dvar2": 0.881759464741,
            "max": 10.0616083145,
            "mean": 0.63466501236,
            "median": 0.532446980476,
            "min": -3.52027392387,
            "var": 1.40785050392
        },
        "erbbands_spread": {
            "dmean": 13.2421970367,
            "dmean2": 20.4947528839,
            "dvar": 360.087188721,
            "dvar2": 895.612609863,
            "max": 189.456008911,
            "mean": 37.5460090637,
            "median": 31.2057952881,
            "min": 0.884108781815,
            "var": 661.828369141
        },
        "gfcc": {
            "cov": [
                [
                    23285.296875,
                    -2505.42333984,
                    -2095.0871582,
                    793.508056641,
                    -858.307434082,
                    1244.75512695,
                    -526.079772949,
                    1055.3182373,
                    -226.972229004,
                    601.52911377,
                    -439.394256592,
                    559.633483887,
                    -342.388153076
                ],
                [
                    -2505.42333984,
                    3055.79150391,
                    1085.9753418,
                    157.720306396,
                    677.191345215,
                    -6.10897159576,
                    583.130737305,
                    -54.3984794617,
                    317.574371338,
                    -146.505630493,
                    274.860687256,
                    -192.472671509,
                    128.218231201
                ],
                [
                    -2095.0871582,
                    1085.9753418,
                    1981.35437012,
                    577.315490723,
                    495.331359863,
                    108.149253845,
                    275.463653564,
                    -5.14546585083,
                    172.34312439,
                    18.2088623047,
                    79.8120422363,
                    -63.0809707642,
                    -8.22920131683
                ],
                [
                    793.508056641,
                    157.720306396,
                    577.315490723,
                    1044.63574219,
                    391.717498779,
                    228.508728027,
                    114.403686523,
                    73.0349349976,
                    217.167800903,
                    99.7993621826,
                    -59.0366897583,
                    49.6102714539,
                    167.473815918
                ],
                [
                    -858.307434082,
                    677.191345215,
                    495.331359863,
                    391.717498779,
                    749.966369629,
                    264.055511475,
                    312.052032471,
                    99.9250488281,
                    237.57749939,
                    63.1164512634,
                    54.9524688721,
                    -42.3553733826,
                    75.7878189087
                ],
                [
                    1244.75512695,
                    -6.10897159576,
                    108.149253845,
                    228.508728027,
                    264.055511475,
                    548.281860352,
                    317.96697998,
                    188.688293457,
                    149.491943359,
                    123.419425964,
                    1.15163505077,
                    60.6076049805,
                    62.2218437195
                ],
                [
                    -526.079772949,
                    583.130737305,
                    275.463653564,
                    114.403686523,
                    312.052032471,
                    317.96697998,
                    586.625915527,
                    180.191696167,
                    219.522109985,
                    68.6328582764,
                    78.2081069946,
                    24.0557193756,
                    126.265037537
                ],
                [
                    1055.3182373,
                    -54.3984794617,
                    -5.14546585083,
                    73.0349349976,
                    99.9250488281,
                    188.688293457,
                    180.191696167,
                    351.309844971,
                    160.624572754,
                    98.9100875854,
                    56.3037490845,
                    74.6483230591,
                    21.1015224457
                ],
                [
                    -226.972229004,
                    317.574371338,
                    172.34312439,
                    217.167800903,
                    237.57749939,
                    149.491943359,
                    219.522109985,
                    160.624572754,
                    377.058898926,
                    124.018707275,
                    44.8850631714,
                    46.2600517273,
                    142.961715698
                ],
                [
                    601.52911377,
                    -146.505630493,
                    18.2088623047,
                    99.7993621826,
                    63.1164512634,
                    123.419425964,
                    68.6328582764,
                    98.9100875854,
                    124.018707275,
                    184.486236572,
                    29.2969112396,
                    56.065826416,
                    29.7265415192
                ],
                [
                    -439.394256592,
                    274.860687256,
                    79.8120422363,
                    -59.0366897583,
                    54.9524688721,
                    1.15163505077,
                    78.2081069946,
                    56.3037490845,
                    44.8850631714,
                    29.2969112396,
                    218.350265503,
                    43.0773010254,
                    -0.696853339672
                ],
                [
                    559.633483887,
                    -192.472671509,
                    -63.0809707642,
                    49.6102714539,
                    -42.3553733826,
                    60.6076049805,
                    24.0557193756,
                    74.6483230591,
                    46.2600517273,
                    56.065826416,
                    43.0773010254,
                    158.868927002,
                    70.5992279053
                ],
                [
                    -342.388153076,
                    128.218231201,
                    -8.22920131683,
                    167.473815918,
                    75.7878189087,
                    62.2218437195,
                    126.265037537,
                    21.1015224457,
                    142.961715698,
                    29.7265415192,
                    -0.696853339672,
                    70.5992279053,
                    249.213302612
                ]
            ],
            "icov": [
                [
                    0.000139644078445,
                    -0.000188227699255,
                    0.000180543895112,
                    -0.000222506656428,
                    0.000245700677624,
                    -0.000397658295697,
                    0.000315364770358,
                    -0.000441284239059,
                    0.000299200299196,
                    -0.000396754534449,
                    0.000406620791182,
                    -0.000410138978623,
                    0.000339345511748
                ],
                [
                    -0.000188227699255,
                    0.00109696667641,
                    -0.000476965476992,
                    0.000365445244825,
                    -0.000624980137218,
                    0.000818634056486,
                    -0.0010237734532,
                    0.000935746531468,
                    -0.000985640916042,
                    0.00146089249756,
                    -0.00147861381993,
                    0.00139372015838,
                    -0.000666978245135
                ],
                [
                    0.000180543895112,
                    -0.000476965476992,
                    0.00106363417581,
                    -0.000766885990743,
                    0.000194908556296,
                    -0.000368012930267,
                    0.000152767082909,
                    -0.000365771324141,
                    0.000374445284251,
                    -0.000628559326287,
                    0.000513988139573,
                    -0.000725057092495,
                    0.00109710870311
                ],
                [
                    -0.000222506656428,
                    0.000365445244825,
                    -0.000766885990743,
                    0.00212231581099,
                    -0.00106145069003,
                    0.000221999405767,
                    0.000175617504283,
                    0.000573495053686,
                    -0.000638687051833,
                    0.000360486243153,
                    8.25157530926e-06,
                    0.000360499689123,
                    -0.00159414112568
                ],
                [
                    0.000245700677624,
                    -0.000624980137218,
                    0.000194908556296,
                    -0.00106145069003,
                    0.00316890934482,
                    -0.00149671628606,
                    0.000222271293751,
                    -0.000709889398422,
                    -0.000208318873774,
                    -0.000676035182551,
                    0.000304793444229,
                    0.000345450011082,
                    0.000839473854285
                ],
                [
                    -0.000397658295697,
                    0.000818634056486,
                    -0.000368012930267,
                    0.000221999405767,
                    -0.00149671628606,
                    0.00497555127367,
                    -0.00287957093678,
                    0.000674801471177,
                    -0.000376253417926,
                    2.23156330321e-05,
                    -0.000434961955762,
                    0.000403628771892,
                    -0.000416521448642
                ],
                [
                    0.000315364770358,
                    -0.0010237734532,
                    0.000152767082909,
                    0.000175617504283,
                    0.000222271293751,
                    -0.00287957093678,
                    0.00504098460078,
                    -0.00214477651753,
                    0.000490998791065,
                    -0.000964894134086,
                    0.000757957808673,
                    -0.000560127780773,
                    -0.000879825500306
                ],
                [
                    -0.000441284239059,
                    0.000935746531468,
                    -0.000365771324141,
                    0.000573495053686,
                    -0.000709889398422,
                    0.000674801471177,
                    -0.00214477651753,
                    0.00642909202725,
                    -0.00294634816237,
                    0.00128220184706,
                    -0.00203216983937,
                    -0.000120324373711,
                    0.000670160050504
                ],
                [
                    0.000299200299196,
                    -0.000985640916042,
                    0.000374445284251,
                    -0.000638687051833,
                    -0.000208318873774,
                    -0.000376253417926,
                    0.000490998791065,
                    -0.00294634816237,
                    0.00713460659608,
                    -0.00425546104088,
                    0.00139126926661,
                    -0.000615289143752,
                    -0.00188925222028
                ],
                [
                    -0.000396754534449,
                    0.00146089249756,
                    -0.000628559326287,
                    0.000360486243153,
                    -0.000676035182551,
                    2.23156330321e-05,
                    -0.000964894134086,
                    0.00128220184706,
                    -0.00425546104088,
                    0.0108267087489,
                    -0.00276029948145,
                    0.000291435339022,
                    8.0051162513e-05
                ],
                [
                    0.000406620791182,
                    -0.00147861381993,
                    0.000513988139573,
                    8.25157530926e-06,
                    0.000304793444229,
                    -0.000434961955762,
                    0.000757957808673,
                    -0.00203216983937,
                    0.00139126926661,
                    -0.00276029948145,
                    0.00822303351015,
                    -0.00446366984397,
                    0.00195341021754
                ],
                [
                    -0.000410138978623,
                    0.00139372015838,
                    -0.000725057092495,
                    0.000360499689123,
                    0.000345450011082,
                    0.000403628771892,
                    -0.000560127780773,
                    -0.000120324373711,
                    -0.000615289143752,
                    0.000291435339022,
                    -0.00446366984397,
                    0.0124763790518,
                    -0.00468728458509
                ],
                [
                    0.000339345511748,
                    -0.000666978245135,
                    0.00109710870311,
                    -0.00159414112568,
                    0.000839473854285,
                    -0.000416521448642,
                    -0.000879825500306,
                    0.000670160050504,
                    -0.00188925222028,
                    8.0051162513e-05,
                    0.00195341021754,
                    -0.00468728458509,
                    0.00857477355748
                ]
            ],
            "mean": [
                -76.2217407227,
                86.4457015991,
                -93.4809265137,
                25.3498668671,
                -51.9630889893,
                16.2208023071,
                -29.3553733826,
                19.3851547241,
                -15.827000618,
                -0.249852821231,
                -1.70757997036,
                2.23529314995,
                -10.4987840652
            ]
        },
        "hfc": {
            "dmean": 16.4894523621,
            "dmean2": 26.888999939,
            "dvar": 1495.92626953,
            "dvar2": 3859.99926758,
            "max": 335.885406494,
            "mean": 18.9274787903,
            "median": 8.5343837738,
            "min": 1.22062079911e-16,
            "var": 1250.15124512
        },
        "melbands": {
            "dmean": [
                0.00260649831034,
                0.00345670292154,
                0.000996793271042,
                0.000243069429416,
                0.000153300672537,
                0.000154513982125,
                0.000140879375977,
                8.85401823325e-05,
                0.000139210460475,
                0.000102584985143,
                4.09604472225e-05,
                4.18635172537e-05,
                3.29681388394e-05,
                3.11306284857e-05,
                3.38072895829e-05,
                2.27078598982e-05,
                1.88145568245e-05,
                1.78866157512e-05,
                1.74579745362e-05,
                1.32500781547e-05,
                1.78923546628e-05,
                2.99787734548e-05,
                1.90304726857e-05,
                1.5468469428e-05,
                1.44189498315e-05,
                1.15438288049e-05,
                8.27988969831e-06,
