{
    "lowlevel": {
        "average_loudness": 0.946059405804,
        "barkbands": {
            "dmean": [
                0.00102657300886,
                0.00740892160684,
                0.00417848536745,
                0.00179001153447,
                0.00230342545547,
                0.000872216478456,
                0.000621663231868,
                0.000283866538666,
                0.00052568182582,
                0.000428671017289,
                0.000308362010401,
                0.000347005407093,
                0.000259740452748,
                0.000179089940502,
                0.000194531225134,
                0.000244221067987,
                0.000311025039991,
                0.000304106681142,
                0.000189634025446,
                0.000110513647087,
                8.48000927363e-05,
                0.000111602676043,
                8.69673604029e-05,
                7.8764045611e-05,
                3.40005863109e-05,
                2.28374756261e-05,
                7.29832390789e-06
            ],
            "dmean2": [
                0.00165388174355,
                0.011634667404,
                0.00700859632343,
                0.00306049990468,
                0.00380153022707,
                0.00145002547652,
                0.000948642496951,
                0.000421848875703,
                0.000759106362239,
                0.000631301139947,
                0.000477542547742,
                0.000538133899681,
                0.000408128165873,
                0.000276025966741,
                0.00030939723365,
                0.000377696269425,
                0.000478257308714,
                0.000463099917397,
                0.000297394144582,
                0.000167051257449,
                0.000123858291772,
                0.000161363888765,
                0.000125565202325,
                0.000112001333036,
                4.79268965137e-05,
                2.92848144454e-05,
                9.52470963966e-06
            ],
            "dvar": [
                1.24870448417e-05,
                0.000464697019197,
                5.71552773181e-05,
                7.98169639893e-06,
                2.70889431704e-05,
                2.8735748856e-06,
                2.39009250436e-06,
                7.89144905866e-07,
                1.85088765647e-06,
                1.16607020573e-06,
                5.78767583193e-07,
                1.13291662274e-06,
                7.80337529704e-07,
                2.95105081705e-07,
                2.37659435243e-07,
                5.7715942603e-07,
                6.37032314899e-07,
                6.4364400032e-07,
                1.61199324111e-07,
                8.12631881786e-08,
                5.45510303596e-08,
                1.2012323225e-07,
                1.25374995719e-07,
                1.10350534044e-07,
                9.72300373547e-09,
                2.75974287867e-09,
                3.56908003152e-10
            ],
            "dvar2": [
                3.15014658554e-05,
                0.00106587691698,
                0.000150497420691,
                2.19484081754e-05,
                6.90453744028e-05,
                7.55166047384e-06,
                5.05076741319e-06,
                1.49319805587e-06,
                3.62749665328e-06,
                2.31828994401e-06,
                1.33398293656e-06,
                2.63396304945e-06,
                1.97287636183e-06,
                6.64312949539e-07,
                5.67954657527e-07,
                1.32461343583e-06,
                1.33010394165e-06,
                1.35722234518e-06,
                3.718492394e-07,
                1.77891422481e-07,
                9.27115380023e-08,
                2.41135893475e-07,
                2.90905120437e-07,
                1.9592359024e-07,
                1.84502315648e-08,
                4.95375340748e-09,
                6.41461772588e-10
            ],
            "max": [
                0.031943552196,
                0.184702023864,
                0.101407445967,
                0.0322746261954,
                0.0691530629992,
                0.0276886317879,
                0.0390641465783,
                0.0240924321115,
                0.0316450558603,
                0.027831595391,
                0.0152941010892,
                0.0283100791276,
                0.029151732102,
                0.0185646414757,
                0.0129156587645,
                0.0223031099886,
                0.0281564984471,
                0.0231429617852,
                0.0111741917208,
                0.009042667225,
                0.0109921200201,
                0.0135501269251,
                0.0148749304935,
                0.012111634016,
                0.00372499972582,
                0.00103613454849,
                0.00060208060313
            ],
            "mean": [
                0.00082604389172,
                0.00902928691357,
                0.0100033571944,
                0.00341961393133,
                0.00387816969305,
                0.00142709899228,
                0.00116162619088,
                0.000581909902394,
                0.0011925107101,
                0.000892386597116,
                0.000497913570143,
                0.000536045641638,
                0.000397743599024,
                0.000283025408862,
                0.000312114716507,
                0.000390866596717,
                0.00059713673545,
                0.000557784806006,
                0.000347815686837,
                0.000195931483177,
                0.000162821088452,
                0.000213321487536,
                0.000161385745741,
                0.000139793846756,
                5.90794625168e-05,
                3.78594995709e-05,
                1.17911449706e-05
            ],
            "median": [
                3.70922316506e-06,
                0.00173295801505,
                0.00757081946358,
                0.00273439451121,
                0.00237434427254,
                0.000716249807738,
                0.00024911982473,
                0.000100249286334,
                0.00010836571164,
                0.000127903593238,
                0.000110414104711,
                9.44585553952e-05,
                9.36143042054e-05,
                6.90116066835e-05,
                0.000128316984046,
                9.91327178781e-05,
                0.00017730135005,
                0.000184491524124,
                0.000165159290191,
                8.01641363068e-05,
                6.35574251646e-05,
                8.71083029779e-05,
                5.65940499655e-05,
                3.86945757782e-05,
                1.43374027175e-05,
                4.21514278059e-06,
                1.15520538202e-06
            ],
            "min": [
                1.02924387763e-11,
                8.52247161731e-10,
                3.2164657604e-09,
                7.51721707104e-09,
                4.55107169728e-08,
                4.6087960115e-09,
                6.85888679186e-09,
                3.39353878331e-09,
                1.93409421811e-09,
                1.18295750973e-09,
                1.5404699738e-10,
                9.38772282133e-10,
                1.04284858526e-09,
                9.27585452892e-10,
                1.86190685092e-09,
                1.81297832302e-09,
                2.77399792026e-09,
                1.66260016865e-09,
                1.45746981151e-09,
                1.67725333622e-09,
                1.53553791904e-09,
                2.38465092117e-09,
                1.47488321556e-09,
                2.33694774643e-09,
                1.98009253438e-09,
                1.67434910381e-09,
                1.41008626997e-09
            ],
            "var": [
                1.07191217467e-05,
                0.000511630671099,
                9.35912539717e-05,
                1.11799035949e-05,
                3.12004303851e-05,
                4.62693378722e-06,
                7.08830839358e-06,
                3.14660564982e-06,
                9.29698126129e-06,
                5.6294929891e-06,
                1.23576262467e-06,
                2.03719173442e-06,
                1.16099647585e-06,
                6.30931310752e-07,
                3.91716241666e-07,
                9.57454176387e-07,
                1.81685174994e-06,
                1.44242540046e-06,
                3.13498276228e-07,
                1.44221147025e-07,
                1.45614038161e-07,
                2.47683232146e-07,
                2.00825752472e-07,
                2.91270140451e-07,
                2.32901271602e-08,
                7.51260031961e-09,
                8.83428552534e-10
            ]
        },
        "barkbands_crest": {
            "dmean": 2.35953378677,
            "dmean2": 3.77058601379,
            "dvar": 5.95355939865,
            "dvar2": 14.1567173004,
            "max": 25.7968597412,
            "mean": 11.5987892151,
            "median": 10.9978380203,
            "min": 2.31616687775,
            "var": 18.0126609802
        },
        "barkbands_flatness_db": {
            "dmean": 0.0259359069169,
            "dmean2": 0.0380939505994,
            "dvar": 0.000865320384037,
            "dvar2": 0.00169190205634,
            "max": 0.628076791763,
            "mean": 0.178561195731,
            "median": 0.150396198034,
            "min": 0.0141768492758,
            "var": 0.0100900866091
        },
        "barkbands_kurtosis": {
            "dmean": 7.40636634827,
            "dmean2": 11.7635574341,
            "dvar": 432.866729736,
            "dvar2": 1092.06298828,
            "max": 937.049621582,
            "mean": 11.826625824,
            "median": 3.64541721344,
            "min": -1.96549427509,
            "var": 712.776550293
        },
        "barkbands_skewness": {
            "dmean": 0.767814576626,
            "dmean2": 1.16184175014,
            "dvar": 1.01173639297,
            "dvar2": 2.25517654419,
            "max": 21.0583438873,
            "mean": 2.27995944023,
            "median": 1.85281038284,
            "min": -4.29898405075,
            "var": 3.34853696823
        },
        "barkbands_spread": {
            "dmean": 5.59538412094,
            "dmean2": 8.47039604187,
            "dvar": 63.616733551,
            "dvar2": 126.945861816,
            "max": 113.090240479,
            "mean": 19.7814254761,
            "median": 17.2568569183,
            "min": 0.156993076205,
            "var": 234.987640381
        },
        "dissonance": {
            "dmean": 0.0194360986352,
            "dmean2": 0.0316227003932,
            "dvar": 0.000543027068488,
            "dvar2": 0.00130231585354,
            "max": 0.500000119209,
            "mean": 0.452478259802,
            "median": 0.46847730875,
            "min": 0.142544150352,
            "var": 0.00233694119379
        },
        "dynamic_complexity": 3.12886834145,
        "erbbands": {
            "dmean": [
                0.310549139977,
                1.49393332005,
                4.0242023468,
                5.32325220108,
                9.06708335876,
                6.13228130341,
                5.3720293045,
                9.03110599518,
                9.91487503052,
                7.02425432205,
                5.35469865799,
                12.7530517578,
                12.6624202728,
                10.9846715927,
                14.6455993652,
                12.5989398956,
                11.7096242905,
                9.08127593994,
                10.1182661057,
                10.0069417953,
                12.8315095901,
                16.8310222626,
                17.8253879547,
                10.0826215744,
                8.64527416229,
                5.14697742462,
                3.61094260216,
                3.62066841125,
                4.04838180542,
                3.19565391541,
                2.38571286201,
                1.68663871288,
                1.35771071911,
                0.511563301086,
                0.18852981925,
                0.101641878486,
                0.0405097231269,
                0.0112763326615,
                0.00121991010383,
                6.13752927165e-05
            ],
            "dmean2": [
                0.464542508125,
                2.5837893486,
                6.77610254288,
                8.91340827942,
                15.2105264664,
                10.1803588867,
                8.89952087402,
                14.9686975479,
                15.4683275223,
                10.3872718811,
                7.71244287491,
                18.6061286926,
                18.1097812653,
                16.0757331848,
                22.4416980743,
                19.3476219177,
                18.3710575104,
                13.7487354279,
                15.9478998184,
                15.7771234512,
                19.5613555908,
                25.3398742676,
                26.6981563568,
                15.6183328629,
                13.4732236862,
                7.75146484375,
                5.31685113907,
                5.24652194977,
                5.89673471451,
                4.55536413193,
                3.44645047188,
                2.44075727463,
                1.92761039734,
                0.730594933033,
                0.256753355265,
                0.13303476572,
                0.0537552163005,
                0.0149114737287,
                0.00160287274048,
                7.83861978562e-05
            ],
            "dvar": [
                0.993919074535,
                16.8172721863,
                58.0498352051,
                66.054901123,
                483.90447998,
                157.988189697,
                96.8214797974,
                318.393249512,
                546.265258789,
                349.633178711,
                265.314147949,
                1119.6529541,
                1089.06628418,
                686.277282715,
                1409.17773438,
                1508.34790039,
                1528.06213379,
                585.8125,
                938.072265625,
                664.484375,
                1340.32226562,
                1965.79907227,
                2457.02075195,
                454.592193604,
                456.16204834,
                168.271713257,
                76.8816604614,
                136.554794312,
                178.585739136,
                120.771148682,
                104.576805115,
                42.5030555725,
                39.5377082825,
                3.12876605988,
                0.189801111817,
                0.0531273782253,
                0.00958270765841,
                0.000822111789603,
                1.00027009466e-05,
                1.70018150669e-08
            ],
            "dvar2": [
                2.17381501198,
                45.1158752441,
                156.021774292,
                174.269210815,
                1237.62854004,
                423.406707764,
                263.555969238,
                827.940734863,
                1219.76452637,
                702.628540039,
                516.998657227,
                2170.57055664,
                2164.24316406,
                1340.49121094,
                3224.55957031,
                3379.26538086,
                3770.28613281,
                1262.88330078,
                2298.93457031,
                1607.58618164,
                2847.34326172,
                4044.93432617,
                4958.49951172,
                1052.79602051,
                1026.74719238,
                345.66204834,
                145.130889893,
                243.8253479,
                365.275085449,
                273.766265869,
                242.258224487,
                82.2088088989,
                68.5420608521,
                5.75376415253,
                0.360706716776,
                0.0990046188235,
                0.0183280501515,
                0.00148100673687,
                1.83057763934e-05,
                2.84193006905e-08
            ],
            "max": [
                8.49289989471,
                34.5898170471,
                98.7511901855,
                103.703956604,
                261.76184082,
                189.034072876,
                391.944396973,
                284.250701904,
                426.894805908,
                523.998962402,
                447.379364014,
                690.74597168,
                852.249755859,
                710.919006348,
                737.705688477,
                1207.00976562,
                1512.00915527,
                774.286804199,
                1087.3145752,
                804.088500977,
                887.874328613,
                1964.61889648,
                1555.20483398,
                467.698974609,
                780.463317871,
                396.017669678,
                282.578796387,
                601.787536621,
                560.479858398,
                545.192382812,
                487.795196533,
                275.925689697,
                226.697692871,
                59.8726348877,
                9.92035102844,
                3.76225733757,
                2.0869038105,
                0.861314892769,
                0.101200602949,
                0.00292399758473
            ],
            "mean": [
                0.301630169153,
                1.94659781456,
                9.31822299957,
                13.0609312057,
                13.7495727539,
                10.9458665848,
                9.78060626984,
                14.308716774,
                19.0192718506,
                14.1977672577,
                10.723028183,
                29.6048698425,
                27.3762130737,
                22.9546661377,
                25.38022995,
                21.5751514435,
                18.9443397522,
                15.892159462,
                16.4177112579,
                17.4583721161,
                24.425327301,
                33.3095932007,
                33.5668983459,
                19.511390686,
                15.9736251831,
                9.59856700897,
                6.97464466095,
                6.77046918869,
                7.51353359222,
                6.17244195938,
                4.37986755371,
                3.01932573318,
                2.31044960022,
                0.861994802952,
                0.324968606234,
                0.168051347136,
                0.0653254464269,
                0.0181505717337,
                0.00199711555615,
                0.000125189835671
            ],
            "median": [
                0.0248176511377,
                0.720987021923,
                7.11573553085,
                9.98218631744,
                7.89076328278,
                6.15805864334,
                6.00020074844,
                6.4456615448,
                5.11128997803,
                3.79688811302,
                2.55500555038,
                3.35923886299,
                4.19800043106,
                4.89586305618,
                6.00501394272,
                4.86818742752,
                4.92657852173,
                4.37984085083,
                5.42628479004,
                7.49781656265,
                7.41299772263,
                10.2458314896,
                11.1363067627,
                8.34546470642,
                7.63807249069,
                4.21760463715,
                2.95811367035,
                2.53455591202,
                2.9700255394,
                2.32867407799,
                1.48597598076,
                0.88071501255,
                0.589032888412,
                0.234142959118,
                0.0586927309632,
                0.0195263344795,
                0.00720102805644,
                0.0018772961339,
                0.000219953129999,
                4.69220613013e-05
            ],
            "min": [
                3.01020222082e-08,
                1.17311606118e-06,
                6.39833842797e-06,
                4.55293047708e-05,
                0.000134909467306,
                0.000157875285367,
                0.000209727804759,
                4.3332180212e-05,
                0.000101516809082,
                0.000109838758362,
                6.71580855851e-05,
                5.67081624467e-05,
                3.81927311537e-05,
                2.6644755053e-05,
                2.60123160842e-05,
                9.92041896097e-05,
                7.846072549e-05,
                5.70641204831e-05,
                0.000125639140606,
                9.83462959994e-05,
                0.00013035502343,
                0.000154483830556,
                0.00010272138752,
                9.33348128456e-05,
                7.11872635293e-05,
                9.45120409597e-05,
                8.09250559541e-05,
                4.80313246953e-05,
                6.77489224472e-05,
                8.16051833681e-05,
                3.69394183508e-05,
                6.26719847787e-05,
                3.25917644659e-05,
                2.85401783913e-05,
                9.90659464151e-06,
                6.11472842138e-06,
                3.25148312186e-06,
                1.2677636505e-06,
                2.49985305345e-07,
                2.64306869724e-08
            ],
            "var": [
                1.06015193462,
                15.1840810776,
                80.0966491699,
                130.448730469,
                475.451934814,
                221.773345947,
                148.514785767,
                522.779663086,
                1601.50610352,
                1169.76599121,
                881.809082031,
                5654.29882812,
                4451.20068359,
                2951.09838867,
                3063.21484375,
                3156.36523438,
                2358.40087891,
                1472.88989258,
                1497.88037109,
                1041.87658691,
                2910.16992188,
                5596.13037109,
                5720.98486328,
                980.384887695,
                779.24420166,
                330.267669678,
                200.657974243,
                327.633453369,
                361.806640625,
                185.566497803,
                172.370651245,
                101.968833923,
                99.4039611816,
                7.44961309433,
                0.501378536224,
                0.142097055912,
                0.0232223626226,
                0.00205801799893,
                2.41869474848e-05,
                4.79264343767e-08
            ]
        },
        "erbbands_crest": {
            "dmean": 2.58485627174,
            "dmean2": 4.09319829941,
            "dvar": 6.3383936882,
            "dvar2": 14.7958850861,
            "max": 29.2109241486,
            "mean": 10.3980236053,
            "median": 9.25430011749,
            "min": 2.52367448807,
            "var": 25.645570755
        },
        "erbbands_flatness_db": {
            "dmean": 0.0193533971906,
            "dmean2": 0.0275777466595,
            "dvar": 0.000440884672571,
            "dvar2": 0.000859014049638,
            "max": 0.468611776829,
            "mean": 0.160054132342,
            "median": 0.149496987462,
            "min": 0.0449898466468,
            "var": 0.00417816452682
        },
        "erbbands_kurtosis": {
            "dmean": 2.04063987732,
            "dmean2": 3.14906597137,
            "dvar": 34.5089569092,
            "dvar2": 77.5869445801,
            "max": 230.838973999,
            "mean": 2.98055362701,
            "median": 0.0998964309692,
            "min": -1.95246565342,
            "var": 104.9165802
        },
        "erbbands_skewness": {
            "dmean": 0.45108512044,
            "dmean2": 0.668225109577,
            "dvar": 0.322389125824,
            "dvar2": 0.658012449741,
            "max": 12.6766328812,
            "mean": 0.467870414257,
            "median": 0.273773401976,
            "min": -4.75721693039,
            "var": 1.90515518188
        },
        "erbbands_spread": {
            "dmean": 9.93507194519,
            "dmean2": 15.2229270935,
            "dvar": 168.858108521,
            "dvar2": 377.189361572,
            "max": 183.754150391,
            "mean": 43.6359786987,
            "median": 40.7875022888,
            "min": 0.98403608799,
            "var": 644.307556152
        },
        "gfcc": {
            "cov": [
                [
                    11242.6279297,
                    -1703.15124512,
                    -1665.80371094,
                    171.008071899,
                    -338.256225586,
                    159.248443604,
                    -76.4852600098,
                    597.600524902,
                    -233.43371582,
                    231.940826416,
                    -132.086013794,
                    395.161254883,
                    -226.617294312
                ],
                [
                    -1703.15124512,
                    1782.0657959,
                    627.296569824,
                    114.673248291,
                    106.510787964,
                    -92.5495529175,
                    134.060150146,
                    -129.144515991,
                    127.068496704,
                    -200.608657837,
                    153.562026978,
                    -133.365249634,
                    64.0819473267
                ],
                [
                    -1665.80371094,
                    627.296569824,
                    1604.85107422,
                    336.319519043,
                    92.8588104248,
                    -140.324310303,
                    6.65940904617,
                    -97.486831665,
                    79.4821472168,
                    -29.9340171814,
                    42.0920028687,
                    -54.3436889648,
                    39.9650802612
                ],
                [
                    171.008071899,
                    114.673248291,
                    336.319519043,
                    631.309631348,
                    74.3137512207,
                    -113.890235901,
                    -78.1847076416,
                    -12.8335733414,
                    95.7691574097,
                    -19.7993869781,
                    43.4763374329,
                    3.13497042656,
                    35.3661308289
                ],
                [
                    -338.256225586,
                    106.510787964,
                    92.8588104248,
                    74.3137512207,
                    376.241333008,
                    54.0735359192,
                    25.9907016754,
                    -45.3745422363,
                    4.0976691246,
                    25.7095756531,
                    -2.72215294838,
                    14.970536232,
                    28.6470661163
                ],
                [
                    159.248443604,
                    -92.5495529175,
                    -140.324310303,
                    -113.890235901,
                    54.0735359192,
                    247.371124268,
                    95.1875839233,
                    -9.07356548309,
                    -42.4711456299,
                    16.596654892,
                    2.68341898918,
                    0.213375672698,
                    0.591805756092
                ],
                [
                    -76.4852600098,
                    134.060150146,
                    6.65940904617,
                    -78.1847076416,
                    25.9907016754,
                    95.1875839233,
                    242.418579102,
                    37.7539825439,
                    -31.6080513,
                    -10.0261573792,
                    11.0035915375,
                    -3.95093464851,
                    3.96828889847
                ],
                [
                    597.600524902,
                    -129.144515991,
                    -97.486831665,
                    -12.8335733414,
                    -45.3745422363,
                    -9.07356548309,
                    37.7539825439,
                    210.206298828,
                    51.7559165955,
                    -5.26335382462,
                    -17.4456539154,
                    20.8325119019,
                    -16.520532608
                ],
                [
                    -233.43371582,
                    127.068496704,
                    79.4821472168,
                    95.7691574097,
                    4.0976691246,
                    -42.4711456299,
                    -31.6080513,
                    51.7559165955,
                    169.043670654,
                    -5.75571632385,
                    8.12774085999,
                    -13.3330421448,
                    10.4359922409
                ],
                [
                    231.940826416,
                    -200.608657837,
                    -29.9340171814,
                    -19.7993869781,
                    25.7095756531,
                    16.596654892,
                    -10.0261573792,
                    -5.26335382462,
                    -5.75571632385,
                    141.506851196,
                    9.72898197174,
                    17.3689174652,
                    -5.91722726822
                ],
                [
                    -132.086013794,
                    153.562026978,
                    42.0920028687,
                    43.4763374329,
                    -2.72215294838,
                    2.68341898918,
                    11.0035915375,
                    -17.4456539154,
                    8.12774085999,
                    9.72898197174,
                    103.447509766,
                    9.10199546814,
                    -1.48860955238
                ],
                [
                    395.161254883,
                    -133.365249634,
                    -54.3436889648,
                    3.13497042656,
                    14.970536232,
                    0.213375672698,
                    -3.95093464851,
                    20.8325119019,
                    -13.3330421448,
                    17.3689174652,
                    9.10199546814,
                    103.381690979,
                    5.60313224792
                ],
                [
                    -226.617294312,
                    64.0819473267,
                    39.9650802612,
                    35.3661308289,
                    28.6470661163,
                    0.591805756092,
                    3.96828889847,
                    -16.520532608,
                    10.4359922409,
                    -5.91722726822,
                    -1.48860955238,
                    5.60313224792,
                    76.0239715576
                ]
            ],
            "icov": [
                [
                    0.000202527211513,
                    -0.000125723599922,
                    0.000176919216756,
                    -0.000334048410878,
                    0.000209856545553,
                    -0.000264632690232,
                    0.000199054149562,
                    -0.000581750355195,
                    0.000501624075696,
                    -0.000442839111201,
                    0.000475203618407,
                    -0.0006687703426,
                    0.00051351665752
                ],
                [
                    -0.000125723599922,
                    0.00153158884495,
                    -0.000397703173803,
                    0.000603714492172,
                    -0.000631789967883,
                    0.000953352602664,
                    -0.00110512052197,
                    0.00119145575445,
                    -0.00139948702417,
                    0.00220446684398,
                    -0.00251567759551,
                    0.00176131876651,
                    -0.00100568134803
                ],
                [
                    0.000176919216756,
                    -0.000397703173803,
                    0.00100244395435,
                    -0.000684076687321,
                    0.000154936991748,
                    5.89643459534e-05,
                    2.21490586227e-06,
                    -0.000258456653683,
                    0.000418393843574,
                    -0.00073148694355,
                    0.000743726734072,
                    -0.00052651471924,
                    0.000477736757603
                ],
                [
                    -0.000334048410878,
                    0.000603714492172,
                    -0.000684076687321,
                    0.00284622772597,
                    -0.000934412062634,
                    0.00124554114882,
                    -8.98116777535e-05,
                    0.00109730521217,
                    -0.00185765558854,
                    0.00156499131117,
                    -0.00224234187044,
                    0.00130210013594,
                    -0.00164659426082
                ],
                [
                    0.000209856545553,
                    -0.000631789967883,
                    0.000154936991748,
                    -0.000934412062634,
                    0.00352491275407,
                    -0.00136520061642,
                    0.000176978137461,
                    -0.000138565897942,
                    0.000570918782614,
                    -0.00169248552993,
                    0.00189537624829,
                    -0.00179538084194,
                    0.000113704554678
                ],
                [
                    -0.000264632690232,
                    0.000953352602664,
                    5.89643459534e-05,
                    0.00124554114882,
                    -0.00136520061642,
                    0.00639834441245,
                    -0.00275129382499,
                    0.00168755708728,
                    -0.000836231687572,
                    0.00116487720516,
                    -0.0021558389999,
                    0.00192551931832,
                    -0.00120656983927
                ],
                [
                    0.000199054149562,
                    -0.00110512052197,
                    2.21490586227e-06,
                    -8.98116777535e-05,
                    0.000176978137461,
                    -0.00275129382499,
                    0.00650202063844,
                    -0.00293977977708,
                    0.00241091754287,
                    -0.00109601917211,
                    0.000820453453343,
                    -0.000950311427005,
                    0.000211843827856
                ],
                [
                    -0.000581750355195,
                    0.00119145575445,
                    -0.000258456653683,
                    0.00109730521217,
                    -0.000138565897942,
                    0.00168755708728,
                    -0.00293977977708,
                    0.00870659761131,
                    -0.00477124424651,
                    0.00245150830597,
                    -0.00106570823118,
                    0.000822221976705,
                    -0.000264180009253
                ],
                [
                    0.000501624075696,
                    -0.00139948702417,
                    0.000418393843574,
                    -0.00185765558854,
                    0.000570918782614,
                    -0.000836231687572,
                    0.00241091754287,
                    -0.00477124424651,
                    0.00992119684815,
                    -0.00257671601139,
                    0.00185771903489,
                    -0.000951633148361,
                    0.000491917366162
                ],
                [
                    -0.000442839111201,
                    0.00220446684398,
                    -0.00073148694355,
                    0.00156499131117,
                    -0.00169248552993,
                    0.00116487720516,
                    -0.00109601917211,
                    0.00245150830597,
                    -0.00257671601139,
                    0.011075630784,
                    -0.00478693470359,
                    0.00211212504655,
                    -0.00133672519587
                ],
                [
                    0.000475203618407,
                    -0.00251567759551,
                    0.000743726734072,
                    -0.00224234187044,
                    0.00189537624829,
                    -0.0021558389999,
                    0.000820453453343,
                    -0.00106570823118,
                    0.00185771903489,
                    -0.00478693470359,
                    0.0152869289741,
                    -0.0051057045348,
                    0.00326538342051
                ],
                [
                    -0.0006687703426,
                    0.00176131876651,
                    -0.00052651471924,
                    0.00130210013594,
                    -0.00179538084194,
                    0.00192551931832,
                    -0.000950311427005,
                    0.000822221976705,
                    -0.000951633148361,
                    0.00211212504655,
                    -0.0051057045348,
                    0.0144161349162,
                    -0.0037847396452
                ],
                [
                    0.00051351665752,
                    -0.00100568134803,
                    0.000477736757603,
                    -0.00164659426082,
                    0.000113704554678,
                    -0.00120656983927,
                    0.000211843827856,
                    -0.000264180009253,
                    0.000491917366162,
                    -0.00133672519587,
                    0.00326538342051,
                    -0.0037847396452,
                    0.0161164198071
                ]
            ],
            "mean": [
                -17.8359260559,
                90.2937927246,
                -92.449798584,
                46.2864990234,
                -46.5178985596,
                11.2314186096,
                -35.6986274719,
                1.35991704464,
                -22.366147995,
                -12.1119632721,
                -16.3149051666,
                -1.34019839764,
                -14.6194658279
            ]
        },
        "hfc": {
            "dmean": 6.19885873795,
            "dmean2": 8.4821023941,
            "dvar": 107.140228271,
            "dvar2": 202.404785156,
            "max": 207.55267334,
            "mean": 20.3899726868,
            "median": 15.4308815002,
            "min": 0.000319605343975,
            "var": 376.660522461
        },
        "melbands": {
            "dmean": [
                0.00233354186639,
                0.00198439694941,
                0.000997698167339,
                0.000547645206098,
                0.000207595556276,
                0.000192996449186,
                0.000146480262629,
                7.43548953324e-05,
                4.64849508717e-05,
                8.47670817166e-05,
                6.62824313622e-05,
                4.80002854601e-05,
                4.41566917289e-05,
                4.17934461439e-05,
                3.07425470965e-05,
                2.42834557866e-05,
                1.76656412805e-05,
                1.72672098415e-05,
                1.29083864522e-05,
                1.78455429705e-05,
                1.55111174536e-05,
                1.99977675948e-05,
                1.6620819224e-05,
                1.50860605572e-05,
                8.33495323604e-06,
                7.37105210646e-06,
                4.72922556582e-06,
