{
    "lowlevel": {
        "average_loudness": 0.783627867699,
        "barkbands": {
            "dmean": [
                0.000533872051165,
                0.00241590477526,
                0.00109505653381,
                0.000352869334165,
                0.000625211570878,
                0.000344196218066,
                0.00040941129555,
                0.000967250787653,
                0.000577313126996,
                0.00102215271909,
                0.000476313609397,
                0.0011112773791,
                0.000730238272808,
                0.000577096070629,
                0.000509560166392,
                0.000367856991943,
                0.000358010671334,
                0.000305932568153,
                0.000240884444793,
                0.000328577531036,
                0.00053879286861,
                0.000856458267663,
                0.000669189321343,
                0.000259001011727,
                3.05616813421e-05,
                6.99334577803e-06,
                2.24499842716e-07
            ],
            "dmean2": [
                0.000851396995131,
                0.00351781980135,
                0.00162874895614,
                0.000545637507457,
                0.00100073125213,
                0.00052547280211,
                0.000703843659721,
                0.00157007505186,
                0.000843181973323,
                0.00159164448269,
                0.000760675407946,
                0.00169090891723,
                0.00113254354801,
                0.00094042631099,
                0.000780481088441,
                0.000594065233599,
                0.000585419125855,
                0.000480725546367,
                0.000383761245757,
                0.000519932771567,
                0.000855577585753,
                0.00142013968434,
                0.00112185429316,
                0.000405325990869,
                4.83193871332e-05,
                1.07962659968e-05,
                3.79744051315e-07
            ],
            "dvar": [
                1.21739208225e-06,
                3.65879750461e-05,
                1.66985701071e-05,
                1.33606738473e-06,
                1.6722555074e-06,
                7.33330693947e-07,
                2.19623188968e-06,
                7.03300975147e-06,
                3.24664597429e-06,
                6.47896195005e-06,
                1.14652993943e-06,
                8.46889997774e-06,
                3.98265274271e-06,
                3.25854944094e-06,
                1.74168906142e-06,
                1.38335769861e-06,
                1.5520352008e-06,
                4.81626784676e-07,
                3.85907327427e-07,
                5.75479816689e-07,
                2.15818363358e-06,
                3.413656259e-06,
                2.03005242838e-06,
                5.33740092123e-07,
                4.41720704458e-09,
                2.77355499678e-10,
                3.14176717411e-13
            ],
            "dvar2": [
                3.10203677145e-06,
                8.12049984233e-05,
                3.12763913826e-05,
                3.44967384081e-06,
                4.33569493907e-06,
                1.61692116762e-06,
                5.88426655668e-06,
                1.81350242201e-05,
                6.16580109636e-06,
                1.43656607179e-05,
                2.75128354588e-06,
                1.90751834452e-05,
                8.91237050382e-06,
                8.29674263514e-06,
                3.81282848139e-06,
                3.2717787235e-06,
                3.88768921766e-06,
                1.08339270355e-06,
                9.33016281124e-07,
                1.3019242715e-06,
                4.88511250296e-06,
                8.21870071377e-06,
                5.04055606143e-06,
                1.0937388879e-06,
                9.49419831642e-09,
                5.57018098313e-10,
                7.92090839533e-13
            ],
            "max": [
                0.0185816138983,
                0.0945410355926,
                0.124528288841,
                0.0221825502813,
                0.0201927740127,
                0.0185844823718,
                0.02713027969,
                0.0561465546489,
                0.0615488998592,
                0.0514258258045,
                0.0240620672703,
                0.0685362890363,
                0.0526087097824,
                0.0227050371468,
                0.0348383821547,
                0.0228998269886,
                0.0180130060762,
                0.00870578922331,
                0.00834429357201,
                0.0090237846598,
                0.0250769425184,
                0.0279763713479,
                0.0236749686301,
                0.0217913705856,
                0.00154703622684,
                0.000391595094698,
                1.17237223094e-05
            ],
            "mean": [
                0.00255406438373,
                0.0110314721242,
                0.00231475709006,
                0.00078202993609,
                0.00110022199806,
                0.000527458498254,
                0.000375892763259,
                0.00111139484216,
                0.000898573547602,
                0.0015093331458,
                0.000738169299439,
                0.00164362741634,
                0.000920899445191,
                0.000625175540335,
                0.000588704715483,
                0.000394877046347,
                0.000350481539499,
                0.000347266468452,
                0.000266790681053,
                0.00042803431279,
                0.000619387894403,
                0.00078686454799,
                0.000634997268207,
                0.000336941855494,
                3.37978599418e-05,
                8.6588834165e-06,
                2.39269695612e-07
            ],
            "median": [
                2.84495342839e-07,
                0.000190768216271,
                1.87608202395e-05,
                1.76055709744e-05,
                0.000474275933811,
                0.000105748389615,
                7.30023602955e-05,
                0.000222534319619,
                0.00016165280249,
                0.000525895622559,
                0.000242171139689,
                0.000499709742144,
                0.000159694754984,
                0.000129035965074,
                0.000148440143676,
                5.37586638529e-05,
                6.61953963572e-05,
                0.000103204059997,
                8.48637864692e-05,
                0.000151992251631,
                0.000143956276588,
                0.000100425910205,
                0.000117908697575,
                8.98688158486e-05,
                5.1982920013e-06,
                1.61784896591e-06,
                3.98256574385e-08
            ],
            "min": [
                2.57385473522e-24,
                7.60288521006e-24,
                1.72482448997e-23,
                8.44554780952e-25,
                1.66314724232e-23,
                1.7246020312e-23,
                1.75678518955e-23,
                2.11722820114e-23,
                3.43814675686e-23,
                4.84988907739e-23,
                4.0994630532e-23,
                4.97097386209e-23,
                4.8856159567e-23,
                9.29681916916e-23,
                7.36099237307e-23,
                1.0333541433e-22,
                1.26608439243e-22,
                9.19065237527e-23,
                2.71180061713e-22,
                2.90029848867e-22,
                3.51804271555e-22,
                4.32593094581e-22,
                5.90374110867e-22,
                6.98499501235e-22,
                1.06316377065e-21,
                1.60704926076e-21,
                2.20230294964e-21
            ],
            "var": [
                2.08914680115e-05,
                0.000351852562744,
                7.41145850043e-05,
                3.2306875255e-06,
                2.82936662188e-06,
                1.70436692315e-06,
                1.59353248819e-06,
                7.52341793486e-06,
                7.16453769201e-06,
                9.4922088465e-06,
                1.82219662292e-06,
                1.32361074066e-05,
                6.41929045742e-06,
                2.92110166811e-06,
                2.09443146559e-06,
                1.66965810422e-06,
                1.38028337915e-06,
                5.68141047097e-07,
                3.72992161601e-07,
                7.00938471709e-07,
                2.54003339251e-06,
                3.8327684706e-06,
                2.31243006965e-06,
                9.96134531306e-07,
                7.12528258617e-09,
                5.57391799383e-10,
                3.87802528805e-13
            ]
        },
        "barkbands_crest": {
            "dmean": 2.64075946808,
            "dmean2": 4.1257686615,
            "dvar": 7.31597423553,
            "dvar2": 16.4076919556,
            "max": 26.4014968872,
            "mean": 11.5055952072,
            "median": 10.4611587524,
            "min": 2.71671700478,
            "var": 27.8638000488
        },
        "barkbands_flatness_db": {
            "dmean": 0.0301401279867,
            "dmean2": 0.0435595475137,
            "dvar": 0.00100296887103,
            "dvar2": 0.00194146484137,
            "max": 0.604243218899,
            "mean": 0.199506938457,
            "median": 0.188282221556,
            "min": 0.0300267692655,
            "var": 0.00618242798373
        },
        "barkbands_kurtosis": {
            "dmean": 3.89706587791,
            "dmean2": 6.20036220551,
            "dvar": 105.958885193,
            "dvar2": 281.911132812,
            "max": 343.777862549,
            "mean": 4.66313552856,
            "median": 1.41321969032,
            "min": -1.95374798775,
            "var": 136.901992798
        },
        "barkbands_skewness": {
            "dmean": 0.760646939278,
            "dmean2": 1.13989305496,
            "dvar": 0.804049730301,
            "dvar2": 1.83552241325,
            "max": 15.6167554855,
            "mean": 1.25678098202,
            "median": 1.08584487438,
            "min": -6.22263860703,
            "var": 2.76538228989
        },
        "barkbands_spread": {
            "dmean": 9.47833442688,
            "dmean2": 14.9978122711,
            "dvar": 148.90663147,
            "dvar2": 349.027038574,
            "max": 114.907485962,
            "mean": 23.7282009125,
            "median": 20.257019043,
            "min": 0.204325929284,
            "var": 304.194335938
        },
        "dissonance": {
            "dmean": 0.0258356034756,
            "dmean2": 0.0434163175523,
            "dvar": 0.000917534169275,
            "dvar2": 0.00243630935438,
            "max": 0.500000119209,
            "mean": 0.456397265196,
            "median": 0.470991134644,
            "min": 0.0848693028092,
            "var": 0.00215930608101
        },
        "dynamic_complexity": 3.16085195541,
        "erbbands": {
            "dmean": [
                0.106467656791,
                0.461678802967,
                1.18988871574,
                1.07789099216,
                1.45407640934,
                2.0134768486,
                3.85828518867,
                2.41645860672,
                3.83065533638,
                11.1281585693,
                21.5673484802,
                14.827457428,
                23.6444816589,
                31.0600719452,
                20.2525482178,
                46.4179649353,
                30.6352710724,
                32.482383728,
                27.6815166473,
                21.9589672089,
                17.869890213,
                15.0769853592,
                16.7838935852,
                12.5808000565,
                13.7827701569,
                15.8434896469,
                18.9407291412,
                22.4963874817,
                24.4597110748,
                32.6758613586,
                18.9979858398,
                8.24259090424,
                2.81396818161,
                0.504734158516,
                0.177539944649,
                0.0514443479478,
                0.00918249133974,
                0.00127058592625,
                4.03799349442e-05,
                1.49283459905e-05
            ],
            "dmean2": [
                0.148888841271,
                0.694847762585,
                1.7826821804,
                1.61965346336,
                2.3124294281,
                3.24067091942,
                5.93881511688,
                3.67949390411,
                6.23652982712,
                18.7507896423,
                34.3867416382,
                21.4764595032,
                35.6862030029,
                48.9073791504,
                31.0318069458,
                70.4405899048,
                46.6633148193,
                51.2035827637,
                42.9679641724,
                33.4446640015,
                28.3724441528,
                23.7450466156,
                26.3840522766,
                19.7734012604,
                21.7871437073,
                25.0957508087,
                29.7677402496,
                35.7612686157,
                39.5224456787,
                55.7372283936,
                31.8736953735,
                13.1055364609,
                4.39479875565,
                0.81109637022,
                0.273343265057,
                0.0788473859429,
                0.0144357457757,
                0.00207613711245,
                6.45342443022e-05,
                2.27894815907e-05
            ],
            "dvar": [
                0.0662470459938,
                1.53517973423,
                16.6757011414,
                13.972536087,
                17.0351924896,
                16.6033554077,
                83.0021057129,
                67.3595428467,
                192.466964722,
                1219.24597168,
                3371.34423828,
                2376.06811523,
                3383.54760742,
                7009.06396484,
                2410.85083008,
                13475.1210938,
                7251.98193359,
                8761.38085938,
                4840.6484375,
                3811.12036133,
                2939.3125,
                2479.05981445,
                1742.4317627,
                891.856262207,
                1057.07727051,
                1407.63793945,
                2564.62524414,
                3886.28686523,
                3640.92749023,
                5069.26757812,
                1638.9309082,
                480.785644531,
                65.3738861084,
                1.22535860538,
                0.201831251383,
                0.0157660041004,
                0.000463857373688,
                7.17386683391e-06,
                5.88251891642e-09,
                4.49150244775e-10
            ],
            "dvar2": [
                0.151766836643,
                3.26429462433,
                34.1923904419,
                29.6488723755,
                45.1529388428,
                41.6455726624,
                193.302352905,
                127.000091553,
                491.722839355,
                3272.02416992,
                8528.75390625,
                4455.15820312,
                6852.03808594,
                16327.2636719,
                5586.62402344,
                31209.1269531,
                16380.6484375,
                21512.7246094,
                10692.375,
                8262.2890625,
                6063.20800781,
                6048.37890625,
                3953.6628418,
                2165.47900391,
                2479.96240234,
                3200.92797852,
                5593.55517578,
                8989.06054688,
                8485.56835938,
                13015.5654297,
                4154.56054688,
                1008.934021,
                136.855392456,
                2.70330905914,
                0.409421741962,
                0.0318888351321,
                0.00097982364241,
                1.67718117154e-05,
                1.34009550123e-08,
                9.7188457282e-10
            ],
            "max": [
                3.51831197739,
                21.4104576111,
                112.764533997,
                87.0423049927,
                66.8250808716,
                64.0045928955,
                194.730514526,
                234.828826904,
                286.71395874,
                606.459106445,
                1580.57995605,
                1638.64916992,
                1653.89086914,
                1935.79589844,
                1229.64526367,
                2340.59106445,
                2608.77563477,
                1594.02404785,
                1448.90563965,
                1214.61706543,
                1159.83728027,
                678.209838867,
                655.880310059,
                318.773193359,
                418.509460449,
                438.653717041,
                876.036254883,
                968.576660156,
                878.73236084,
                1203.20617676,
                700.728881836,
                700.41583252,
                255.706375122,
                33.846786499,
                14.4370212555,
                3.02563762665,
                0.461995184422,
                0.0602676719427,
                0.00155398598872,
                0.000246061070357
            ],
            "mean": [
                0.518469750881,
                1.7301170826,
                2.79140114784,
                2.55673742294,
                3.05053114891,
                3.18791389465,
                5.76713895798,
                3.6465344429,
                4.23630714417,
                11.3371782303,
                26.0593757629,
                24.3511772156,
                38.0009498596,
                44.9767341614,
                34.2635650635,
                70.9847412109,
                41.6794967651,
                39.8499488831,
                33.4637718201,
                24.7222290039,
                22.0415897369,
                15.9735174179,
                18.6612377167,
                14.2735719681,
                16.3883056641,
                20.4571838379,
                24.2055912018,
                24.2408695221,
                24.0637130737,
                27.6938686371,
                17.968793869,
                10.0228853226,
                3.7415497303,
                0.564866125584,
                0.211822748184,
                0.0624305121601,
                0.0112002352253,
                0.00153775070794,
                6.2113358581e-05,
                4.28876628575e-05
            ],
            "median": [
                0.00178492348641,
                0.0434294864535,
                0.0363588407636,
                0.0846742391586,
                0.306649565697,
                1.30925357342,
                1.713149786,
                0.682327926159,
                0.865669488907,
                2.93490195274,
                5.75404310226,
                5.34491729736,
                12.6777496338,
                16.1494426727,
                12.438290596,
                23.0080299377,
                10.2548789978,
                10.7033824921,
                9.94359207153,
                5.43583536148,
                3.98173141479,
                3.5443854332,
                5.78034305573,
                4.47002506256,
                5.90480995178,
                6.81576251984,
                5.84976673126,
                5.11488628387,
                3.53968977928,
                2.91961979866,
                3.36125349998,
                2.65352249146,
                0.958580136299,
                0.105752460659,
                0.0360210165381,
                0.00981914903969,
                0.00242371624336,
                0.00039677915629,
                3.10944669764e-05,
                3.25105866068e-05
            ],
            "min": [
                2.47763565089e-22,
                2.01672954325e-21,
                1.69305809125e-20,
                7.112868734e-21,
                1.10517638705e-20,
                7.39648424756e-20,
                4.29885311979e-20,
                1.56951911913e-19,
                2.03488123823e-19,
                2.70924966765e-19,
                5.74382533431e-19,
                5.87596381825e-19,
                1.11984786662e-18,
                1.9408196615e-18,
                1.3452650267e-18,
                2.44110469982e-18,
                2.69613440884e-18,
                5.57048570784e-18,
                3.81841749519e-18,
                6.96505928104e-18,
                5.43306743345e-18,
                7.39129966043e-18,
                6.6096553406e-18,
                7.8229804067e-18,
                1.21758694878e-17,
                1.2521700467e-17,
                1.30536462568e-17,
                1.39747912782e-17,
                1.58383944567e-17,
                1.71964595864e-17,
                1.90909000582e-17,
                1.39623455188e-17,
                1.28252525907e-17,
                1.12313971459e-17,
                8.15453342137e-18,
                5.07784381837e-18,
                2.93220948092e-18,
                1.08096882687e-18,
                3.08445129718e-19,
                3.20175248737e-20
            ],
            "var": [
                0.660550415516,
                12.922627449,
                64.7052383423,
                50.9786758423,
                40.1560173035,
                23.7955169678,
                120.246551514,
                164.530914307,
                187.052230835,
                984.694763184,
                3805.68798828,
                5404.64794922,
                6286.06640625,
                8742.50683594,
                4276.30273438,
                20335.25,
                12225.0380859,
                8842.79199219,
                5888.24560547,
                4576.30371094,
                4543.85400391,
                2383.22607422,
                1898.02148438,
                925.955688477,
                1118.46740723,
                1693.02478027,
                3328.09521484,
                4379.55859375,
                4184.07568359,
                5169.85302734,
                1744.16833496,
                852.528198242,
                113.967605591,
                1.8474354744,
                0.361727565527,
                0.0305399522185,
                0.000869221519679,
                1.11938170448e-05,
                9.89808590646e-09,
                1.47980705467e-09
            ]
        },
        "erbbands_crest": {
            "dmean": 3.47445607185,
            "dmean2": 5.45932483673,
            "dvar": 10.8149824142,
            "dvar2": 24.1976261139,
            "max": 33.0512924194,
            "mean": 11.5893335342,
            "median": 10.1239948273,
            "min": 2.42151141167,
            "var": 34.8888778687
        },
        "erbbands_flatness_db": {
            "dmean": 0.0256735906005,
            "dmean2": 0.0374146923423,
            "dvar": 0.000720027484931,
            "dvar2": 0.00134034396615,
            "max": 0.632505953312,
            "mean": 0.224182337523,
            "median": 0.209228008986,
            "min": 0.0660037100315,
            "var": 0.00775233795866
        },
        "erbbands_kurtosis": {
            "dmean": 2.21107387543,
            "dmean2": 3.43857908249,
            "dvar": 14.9171485901,
            "dvar2": 32.2880058289,
            "max": 76.0071105957,
            "mean": 2.16068410873,
            "median": 0.447036623955,
            "min": -1.84754240513,
            "var": 30.9973201752
        },
        "erbbands_skewness": {
            "dmean": 0.613817930222,
            "dmean2": 0.937189459801,
            "dvar": 0.436999499798,
            "dvar2": 0.994237661362,
            "max": 6.60416316986,
            "mean": 0.177895784378,
            "median": 0.198843032122,
            "min": -6.45444440842,
            "var": 1.33189380169
        },
        "erbbands_spread": {
            "dmean": 10.710018158,
            "dmean2": 16.678030014,
            "dvar": 152.495620728,
            "dvar2": 357.520019531,
            "max": 164.322463989,
            "mean": 33.565788269,
            "median": 29.0497245789,
            "min": 0.436348885298,
            "var": 508.797363281
        },
        "gfcc": {
            "cov": [
                [
                    14744.0556641,
                    -276.620391846,
                    2149.22680664,
                    3196.46606445,
                    483.967376709,
                    1203.0682373,
                    -92.8296890259,
                    492.813934326,
                    -270.061187744,
                    22.8024177551,
                    -3.52467679977,
                    555.180236816,
                    -182.148605347
                ],
                [
                    -276.620391846,
                    2827.9753418,
                    1031.60705566,
                    553.45111084,
                    1205.68334961,
                    358.871917725,
                    816.882751465,
                    77.7012405396,
                    294.119415283,
                    -33.8682556152,
                    179.314102173,
                    -187.412597656,
                    111.681152344
                ],
                [
                    2149.22680664,
                    1031.60705566,
                    2602.59301758,
                    1913.24780273,
                    949.093566895,
                    980.380004883,
                    641.822021484,
                    340.559997559,
                    121.156929016,
                    130.334487915,
                    30.4036197662,
                    166.252944946,
                    -66.5461120605
                ],
                [
                    3196.46606445,
                    553.45111084,
                    1913.24780273,
                    2554.10546875,
                    1031.85949707,
                    935.926879883,
                    730.509765625,
                    319.174346924,
                    184.952377319,
                    126.113319397,
                    -10.5507459641,
                    167.441986084,
                    14.08751297
                ],
                [
                    483.967376709,
                    1205.68334961,
                    949.093566895,
                    1031.85949707,
                    1171.34887695,
                    659.667358398,
                    697.706848145,
                    274.892150879,
                    233.259307861,
                    49.1527099609,
                    82.0933761597,
                    1.07037997246,
                    87.5018768311
                ],
                [
                    1203.0682373,
                    358.871917725,
                    980.380004883,
                    935.926879883,
                    659.667358398,
                    858.782470703,
                    555.101379395,
                    275.227050781,
                    136.637557983,
                    46.2433815002,
                    20.5347480774,
                    85.1240081787,
                    -11.8882188797
                ],
                [
                    -92.8296890259,
                    816.882751465,
                    641.822021484,
                    730.509765625,
                    697.706848145,
                    555.101379395,
                    944.057495117,
                    276.918945312,
                    222.928039551,
                    51.6515083313,
                    75.3558654785,
                    -16.9878997803,
                    62.7909927368
                ],
                [
                    492.813934326,
                    77.7012405396,
                    340.559997559,
                    319.174346924,
                    274.892150879,
                    275.227050781,
                    276.918945312,
                    383.764282227,
                    120.287742615,
                    38.0136032104,
                    37.9377288818,
                    68.3365325928,
                    1.94267952442
                ],
                [
                    -270.061187744,
                    294.119415283,
                    121.156929016,
                    184.952377319,
                    233.259307861,
                    136.637557983,
                    222.928039551,
                    120.287742615,
                    311.792907715,
                    97.332824707,
                    41.6152381897,
                    -7.62842416763,
                    39.2920837402
                ],
                [
                    22.8024177551,
                    -33.8682556152,
                    130.334487915,
                    126.113319397,
                    49.1527099609,
                    46.2433815002,
                    51.6515083313,
                    38.0136032104,
                    97.332824707,
                    199.70123291,
                    44.5278167725,
                    -8.96125888824,
                    -25.4797725677
                ],
                [
                    -3.52467679977,
                    179.314102173,
                    30.4036197662,
                    -10.5507459641,
                    82.0933761597,
                    20.5347480774,
                    75.3558654785,
                    37.9377288818,
                    41.6152381897,
                    44.5278167725,
                    195.696792603,
                    68.1632537842,
                    23.9118652344
                ],
                [
                    555.180236816,
                    -187.412597656,
                    166.252944946,
                    167.441986084,
                    1.07037997246,
                    85.1240081787,
                    -16.9878997803,
                    68.3365325928,
                    -7.62842416763,
                    -8.96125888824,
                    68.1632537842,
                    239.736709595,
                    57.9478683472
                ],
                [
                    -182.148605347,
                    111.681152344,
                    -66.5461120605,
                    14.08751297,
                    87.5018768311,
                    -11.8882188797,
                    62.7909927368,
                    1.94267952442,
                    39.2920837402,
                    -25.4797725677,
                    23.9118652344,
                    57.9478683472,
                    153.657623291
                ]
            ],
            "icov": [
                [
                    0.000157860806212,
                    -0.000222642484005,
                    0.000207134304219,
                    -0.000365567713743,
                    0.000328916416038,
                    -0.000349204987288,
                    0.000324999884469,
                    -0.000297317892546,
                    0.000289903779048,
                    -0.000128441810375,
                    1.84065138455e-05,
                    -0.000226460950216,
                    0.000115910414024
                ],
                [
                    -0.000222642484005,
                    0.00182158511598,
                    -0.00119536556304,
                    0.00109993875958,
                    -0.00204690708779,
                    0.00158090773039,
                    -0.00108909409028,
                    0.00127574207727,
                    -0.00121057056822,
                    0.00145432271529,
                    -0.00108964915853,
                    0.00140529347118,
                    -0.000299238687148
                ],
                [
                    0.000207134304219,
                    -0.00119536556304,
                    0.00187859823927,
                    -0.00135666830465,
                    0.0011278137099,
                    -0.00156801613048,
                    0.000860167958308,
                    -0.000938627868891,
                    0.00111938442569,
                    -0.00119531084783,
                    0.000655646610539,
                    -0.00128985149786,
                    0.000849080213811
                ],
                [
                    -0.000365567713743,
                    0.00109993875958,
                    -0.00135666830465,
                    0.00218231533654,
                    -0.0018093008548,
                    0.00110155402217,
                    -0.00120645097923,
                    0.00120242813136,
                    -0.000971848203335,
                    0.000411415559938,
                    0.000231394078583,
                    0.000292457581963,
                    -0.000256642408203
                ],
                [
                    0.000328916416038,
                    -0.00204690708779,
                    0.0011278137099,
                    -0.0018093008548,
                    0.00492774182931,
                    -0.00279991957359,
                    0.000898941245396,
                    -0.0018576256698,
                    0.000942695187405,
                    -0.0010536321206,
                    5.4194664699e-05,
                    -3.89523811464e-05,
                    -0.00124420807697
                ],
                [
                    -0.000349204987288,
                    0.00158090773039,
                    -0.00156801613048,
                    0.00110155402217,
                    -0.00279991957359,
                    0.00500834733248,
                    -0.00215779407881,
                    0.000844071735628,
                    -0.00126871233806,
                    0.00130931474268,
                    2.43599224632e-05,
                    -5.32154481334e-05,
                    0.00106778379995
                ],
                [
                    0.000324999884469,
                    -0.00108909409028,
                    0.000860167958308,
                    -0.00120645097923,
                    0.000898941245396,
                    -0.00215779407881,
                    0.00349574070424,
                    -0.0016904756194,
                    0.000431832828326,
                    -0.000520982313901,
                    -0.000393578491639,
                    0.000413442932768,
                    -0.000717511575203
                ],
                [
                    -0.000297317892546,
                    0.00127574207727,
                    -0.000938627868891,
                    0.00120242813136,
                    -0.0018576256698,
                    0.000844071735628,
                    -0.0016904756194,
                    0.00514036696404,
                    -0.00192574516404,
                    0.00092417630367,
                    -0.000343962514307,
                    -0.000512740516569,
                    0.000845115981065
                ],
                [
                    0.000289903779048,
                    -0.00121057056822,
                    0.00111938442569,
                    -0.000971848203335,
                    0.000942695187405,
                    -0.00126871233806,
                    0.000431832828326,
                    -0.00192574516404,
                    0.00608163373545,
                    -0.00328541686758,
                    0.000598962942604,
                    -0.000553536345251,
                    -0.000974095193669
                ],
                [
                    -0.000128441810375,
                    0.00145432271529,
                    -0.00119531084783,
                    0.000411415559938,
                    -0.0010536321206,
                    0.00130931474268,
                    -0.000520982313901,
                    0.00092417630367,
                    -0.00328541686758,
                    0.0081383343786,
                    -0.00275892345235,
                    0.00195284246001,
                    0.00102034967858
                ],
                [
                    1.84065138455e-05,
                    -0.00108964915853,
                    0.000655646610539,
                    0.000231394078583,
                    5.4194664699e-05,
                    2.43599224632e-05,
                    -0.000393578491639,
                    -0.000343962514307,
                    0.000598962942604,
                    -0.00275892345235,
                    0.00800656154752,
                    -0.00402091396973,
                    0.00087249907665
                ],
                [
                    -0.000226460950216,
                    0.00140529347118,
                    -0.00128985149786,
                    0.000292457581963,
                    -3.89523811464e-05,
                    -5.32154481334e-05,
                    0.000413442932768,
                    -0.000512740516569,
                    -0.000553536345251,
                    0.00195284246001,
                    -0.00402091396973,
                    0.00891471654177,
                    -0.00429052114487
                ],
                [
                    0.000115910414024,
                    -0.000299238687148,
                    0.000849080213811,
                    -0.000256642408203,
                    -0.00124420807697,
                    0.00106778379995,
                    -0.000717511575203,
                    0.000845115981065,
                    -0.000974095193669,
                    0.00102034967858,
                    0.00087249907665,
                    -0.00429052114487,
                    0.0102283423766
                ]
            ],
            "mean": [
                -54.7819633484,
                56.8196487427,
                -162.284912109,
                20.1750602722,
                -83.7883453369,
                24.6530742645,
                -25.7325344086,
                -4.56151866913,
                -20.2037582397,
                -7.95615386963,
                -9.50577735901,
                -6.80671834946,
                -7.28828287125
            ]
        },
        "hfc": {
            "dmean": 20.2670726776,
            "dmean2": 31.6973819733,
            "dvar": 1178,
            "dvar2": 2635.6003418,
            "max": 401.005371094,
            "mean": 30.8246479034,
            "median": 17.8866462708,
            "min": 1.14556243032e-16,
            "var": 1708.08483887
        },
        "melbands": {
            "dmean": [
                0.000793867453467,
                0.00054871669272,
                0.000188868623809,
                0.000115373892186,
                0.000127090970636,
                5.40284090675e-05,
                6.68225839036e-05,
                0.000141534066643,
                0.000162117692525,
                9.50172252487e-05,
                0.000121134362416,
                0.000133016292239,
                5.99017475906e-05,
                0.000136341375764,
                7.82592251198e-05,
                7.74746949901e-05,
                6.1471349909e-05,
                4.46103294962e-05,
                3.5870794818e-05,
                2.89106774289e-05,
                2.32158981817e-05,
                1.73255320988e-05,
                1.57409140229e-05,
                1.53406199388e-05,
                9.61429941526e-06,
                1.10655491881e-05,
                1.02714411696e-05,
