{
    "lowlevel": {
        "average_loudness": 0.908883929253,
        "barkbands": {
            "dmean": [
                0.000188127130968,
                0.00425924360752,
                0.00336352991872,
                0.00144220341463,
                0.00158755399752,
                0.000890590134077,
                0.000637628429104,
                0.000604609318543,
                0.000566239817999,
                0.000513421487994,
                0.000361035257811,
                0.000202637806069,
                0.000384065991966,
                0.000319111626595,
                0.000315251061693,
                0.000259760796325,
                0.000178616755875,
                0.000125488208141,
                0.000290102179861,
                0.000209879901377,
                0.000194649386685,
                8.45701797516e-05,
                4.22621124017e-05,
                4.67764366476e-05,
                4.99761845276e-05,
                2.11517544813e-05,
                5.55183441975e-06
            ],
            "dmean2": [
                0.000294185359962,
                0.00670442311093,
                0.00596524728462,
                0.00245145871304,
                0.00261855777353,
                0.00141594198067,
                0.000987748731859,
                0.0008988903719,
                0.000849508447573,
                0.000764464435633,
                0.000537750893272,
                0.000303519103909,
                0.000573605881073,
                0.000469813414384,
                0.000478513655253,
                0.000388593412936,
                0.000262306944933,
                0.000194250504137,
                0.000438666815171,
                0.000315398268867,
                0.000291788717732,
                0.000131056673126,
                6.17256155238e-05,
                6.52576636639e-05,
                7.19511808711e-05,
                3.01627824228e-05,
                8.14891245682e-06
            ],
            "dvar": [
                3.01312269357e-07,
                0.000102803052869,
                0.000128062456497,
                1.05906738099e-05,
                1.29135487441e-05,
                3.13854616252e-06,
                2.06970662475e-06,
                2.14176156987e-06,
                4.13474344896e-06,
                2.23999131777e-06,
                1.12492125481e-06,
                2.19196678586e-07,
                1.53613382281e-06,
                1.16665819405e-06,
                9.41068606153e-07,
                5.03242063132e-07,
                2.37936831127e-07,
                1.08592509207e-07,
                3.60892272511e-07,
                1.85030586408e-07,
                1.60913913305e-07,
                5.52626460149e-08,
                2.36073756099e-08,
                1.5434373779e-08,
                1.4016586114e-08,
                3.53685303267e-09,
                3.70671132677e-10
            ],
            "dvar2": [
                8.73788053468e-07,
                0.000264081696514,
                0.00036549125798,
                2.88509436359e-05,
                3.40002552548e-05,
                8.16644114821e-06,
                4.67821701022e-06,
                4.71007524538e-06,
                8.69989435159e-06,
                4.18530862589e-06,
                2.34497588281e-06,
                4.2284096935e-07,
                3.3827959669e-06,
                2.35853281083e-06,
                2.15122076952e-06,
                1.10585665425e-06,
                4.88016837608e-07,
                2.48977443107e-07,
                7.97958762178e-07,
                4.11712193227e-07,
                3.61288897466e-07,
                1.23805307339e-07,
                4.79104400597e-08,
                2.74777232079e-08,
                2.68224251698e-08,
                6.34971986102e-09,
                6.67826738354e-10
            ],
            "max": [
                0.00950449705124,
                0.105168387294,
                0.107132576406,
                0.0483702272177,
                0.0555250160396,
                0.0387545898557,
                0.0248553920537,
                0.0383764356375,
                0.0521729514003,
                0.0290748514235,
                0.0251959171146,
                0.0111767454073,
                0.0294259060174,
                0.0361161753535,
                0.0194088332355,
                0.0137640498579,
                0.0153464507312,
                0.0067270831205,
                0.0107984468341,
                0.0107831191272,
                0.00791943073273,
                0.00362375332043,
                0.00295207509771,
                0.0021081387531,
                0.00365634821355,
                0.00157794577535,
                0.000736205896828
            ],
            "mean": [
                0.000365357613191,
                0.00992003362626,
                0.00363428122364,
                0.00211570831016,
                0.00319253071211,
                0.00175703666173,
                0.00115175021347,
                0.00114604341798,
                0.00104944920167,
                0.000940621481277,
                0.000630851602182,
                0.000368387467461,
                0.000575985235628,
                0.000505239178892,
                0.000468838552479,
                0.00040509502287,
                0.000303552718833,
                0.000196984561626,
                0.000538009102456,
                0.000410719920183,
                0.000414633977925,
                0.000128128827782,
                6.29573478363e-05,
                9.08793372218e-05,
                0.000103220903839,
                3.65672422049e-05,
                8.61378430272e-06
            ],
            "median": [
                4.5205859351e-05,
                0.00203719479032,
                0.00115471857134,
                0.00104527897201,
                0.00195423793048,
                0.0010169101879,
                0.0004211855412,
                0.000324379070662,
                0.00021611568809,
                0.000180671428097,
                0.000108559084765,
                9.91502092802e-05,
                0.000101407182228,
                8.18817788968e-05,
                8.60740765347e-05,
                8.05126401247e-05,
                7.15923306416e-05,
                6.33651943645e-05,
                0.000155859102961,
                0.000150199251948,
                0.000112976129458,
                2.71671469818e-05,
                9.31200338528e-06,
                2.52862791967e-05,
                2.35942261497e-05,
                5.89826095165e-06,
                1.51121719227e-06
            ],
            "min": [
                2.14184610453e-24,
                9.65202674759e-25,
                1.1666964854e-24,
                1.99939320783e-24,
                4.57824774347e-24,
                7.11121581797e-24,
                3.18104689042e-24,
                1.15250046009e-23,
                2.48251024331e-23,
                2.02221668931e-23,
                8.93359416069e-24,
                2.59854789593e-23,
                3.5987818719e-23,
                5.15442094125e-23,
                4.76947417444e-23,
                4.57730418694e-23,
                7.88291158321e-23,
                1.13837753064e-22,
                1.44555984091e-22,
                2.14221527565e-22,
                2.76722409106e-22,
                3.34637926195e-22,
                4.67628262783e-22,
                5.78374791814e-22,
                9.08086691863e-22,
                1.32779492369e-21,
                1.96188359123e-21
            ],
            "var": [
                6.8823158017e-07,
                0.000238769527641,
                8.61979060574e-05,
                1.05304852696e-05,
                1.71923966263e-05,
                5.64907077205e-06,
                4.63107016913e-06,
                5.16166255693e-06,
                9.37913227972e-06,
                6.21291883363e-06,
                2.53582243204e-06,
                6.40095436211e-07,
                2.60142564912e-06,
                2.32106845033e-06,
                1.39817575473e-06,
                9.98398149932e-07,
                6.20764240011e-07,
                1.67393196193e-07,
                9.42610085986e-07,
                4.48607408998e-07,
                5.04194588302e-07,
                1.00066564812e-07,
                4.36437588291e-08,
                3.99955801811e-08,
                4.52558523989e-08,
                9.23776877215e-09,
                7.99680044405e-10
            ]
        },
        "barkbands_crest": {
            "dmean": 2.37422370911,
            "dmean2": 3.74367451668,
            "dvar": 5.56937122345,
            "dvar2": 14.2214927673,
            "max": 26.0660381317,
            "mean": 11.8500366211,
            "median": 11.0165567398,
            "min": 2.49996638298,
            "var": 24.3546657562
        },
        "barkbands_flatness_db": {
            "dmean": 0.0232668034732,
            "dmean2": 0.0350514128804,
            "dvar": 0.000614138261881,
            "dvar2": 0.00138162565418,
            "max": 0.559283912182,
            "mean": 0.175034567714,
            "median": 0.148432448506,
            "min": 0.0209497474134,
            "var": 0.00989808700979
        },
        "barkbands_kurtosis": {
            "dmean": 4.66300964355,
            "dmean2": 7.45295381546,
            "dvar": 109.049720764,
            "dvar2": 286.598419189,
            "max": 244.438644409,
            "mean": 7.37073135376,
            "median": 2.88609266281,
            "min": -1.91113960743,
            "var": 194.747833252
        },
        "barkbands_skewness": {
            "dmean": 0.619548857212,
            "dmean2": 0.932510733604,
            "dvar": 0.595293521881,
            "dvar2": 1.44938015938,
            "max": 12.0098905563,
            "mean": 1.88573646545,
            "median": 1.62920176983,
            "min": -12.0698108673,
            "var": 2.57122540474
        },
        "barkbands_spread": {
            "dmean": 5.54823684692,
            "dmean2": 8.30729389191,
            "dvar": 53.2253265381,
            "dvar2": 113.651138306,
            "max": 161.391342163,
            "mean": 21.6488876343,
            "median": 19.4568843842,
            "min": 0.470599085093,
            "var": 254.725891113
        },
        "dissonance": {
            "dmean": 0.0198672283441,
            "dmean2": 0.033225543797,
            "dvar": 0.000422998651629,
            "dvar2": 0.00113929389045,
            "max": 0.500000059605,
            "mean": 0.457539647818,
            "median": 0.469091236591,
            "min": 0.190301477909,
            "var": 0.00165034644306
        },
        "dynamic_complexity": 3.53480911255,
        "erbbands": {
            "dmean": [
                0.136251166463,
                1.00825309753,
                3.41049551964,
                4.25692892075,
                6.23758077621,
                4.39238262177,
                5.02844715118,
                8.20535755157,
                9.69598293304,
                9.78604316711,
                12.53881073,
                14.9382352829,
                13.5126981735,
                13.3051815033,
                15.9415063858,
                10.1563577652,
                18.21667099,
                16.5826702118,
                16.7198371887,
                13.1143865585,
                11.5923194885,
                8.5983953476,
                6.36915874481,
                9.64312934875,
                15.8281860352,
                9.82050704956,
                9.35171318054,
                5.52496576309,
                3.19529247284,
                1.98778665066,
                1.11223757267,
                0.887329101562,
                0.865852713585,
                0.667064011097,
                0.313967823982,
                0.104274824262,
                0.0399802178144,
                0.00859216693789,
                0.00087473919848,
                4.69736842206e-05
            ],
            "dmean2": [
                0.203987717628,
                1.61315536499,
                6.02104282379,
                7.26699209213,
                10.2424526215,
                7.39579534531,
                7.99172210693,
                13.3357973099,
                14.7217330933,
                15.4256448746,
                18.2969207764,
                21.8080787659,
                19.7840747833,
                19.8712940216,
                23.4892177582,
                14.7405662537,
                26.8565483093,
                24.2534866333,
                25.1764202118,
                19.5611190796,
                17.0388088226,
                12.6725120544,
                9.41464710236,
                14.6950359344,
                23.7970275879,
                14.5425462723,
                13.9520711899,
                8.23043346405,
                4.8978934288,
                3.0206143856,
                1.62663805485,
                1.23176407814,
                1.22601461411,
                0.967931807041,
                0.4545994699,
                0.149731859565,
                0.0568748861551,
                0.012584771961,
                0.00127337069716,
                7.27191800252e-05
            ],
            "dvar": [
                0.112853184342,
                6.22681760788,
                136.112121582,
                104.803741455,
                262.418273926,
                92.8999938965,
                76.4737091064,
                342.19442749,
                463.811645508,
                503.340881348,
                1104.92199707,
                3074.24047852,
                2152.12792969,
                1711.93737793,
                2182.56665039,
                510.015045166,
                3676.8293457,
                3262.50439453,
                2664.19799805,
                1441.44458008,
                972.95715332,
                645.406311035,
                288.216033936,
                532.781738281,
                1261,
                421.822540283,
                404.437957764,
                141.157684326,
                78.3772277832,
                42.5102653503,
                18.0490760803,
                6.95634555817,
                4.93114948273,
                2.60670518875,
                0.570019304752,
                0.0790641531348,
                0.0154458777979,
                0.000861695443746,
                9.2004547696e-06,
                1.35484654606e-08
            ],
            "dvar2": [
                0.260987401009,
                16.4482517242,
                382.382537842,
                288.18347168,
                670.569091797,
                263.598724365,
                190.046630859,
                909.982849121,
                1032.20629883,
                1243.37670898,
                2343.83886719,
                6384.83642578,
                3900.18725586,
                3296.14233398,
                4578.69238281,
                963.326843262,
                8032.47607422,
                6666.90283203,
                5969.78369141,
                3226.07275391,
                2030.53967285,
                1335.63977051,
                619.46862793,
                1173.3059082,
                2791.30371094,
                922.079467773,
                931.399658203,
                306.321044922,
                179.453765869,
                90.8186950684,
                38.3540649414,
                12.333442688,
                9.10642910004,
                4.86861991882,
                1.1343460083,
                0.144934296608,
                0.0286635924131,
                0.00163906742819,
                1.67386078829e-05,
                2.97943358873e-08
            ],
            "max": [
                4.1060295105,
                27.1774158478,
                114.457595825,
                113.091407776,
                247.341644287,
                168.792785645,
                189.897247314,
                463.64163208,
                364.331451416,
                403.280395508,
                1022.05841064,
                1567.61901855,
                1182.48974609,
                1004.00811768,
                927.883117676,
                565.940063477,
                1493.48950195,
                2042.45458984,
                1127.89831543,
                831.245605469,
                924.198364258,
                964.35534668,
                452.097473145,
                730.802612305,
                720.326416016,
                516.43548584,
                499.124969482,
                212.535003662,
                169.856826782,
                120.89151001,
                81.4296722412,
                48.8098487854,
                41.5664863586,
                53.317779541,
                18.7825469971,
                7.64012384415,
                3.95639514923,
                1.04506289959,
                0.0964254885912,
                0.00367319327779
            ],
            "mean": [
                0.32961422205,
                2.07504963875,
                4.01125097275,
                6.22169971466,
                11.3605556488,
                7.88311719894,
                10.5577802658,
                14.876493454,
                18.5568218231,
                17.8751220703,
                25.3356761932,
                29.1798763275,
                25.9599113464,
                23.2432250977,
                28.9223747253,
                20.0154342651,
                28.5983352661,
                27.6418514252,
                26.4663829803,
                21.7401580811,
                20.4362754822,
                15.1394090652,
                11.4452667236,
                17.6101169586,
                29.6213264465,
                20.9497413635,
                19.5461730957,
                11.6807661057,
                5.51683092117,
                2.77025818825,
                1.69017875195,
                1.58737707138,
                1.70568931103,
                1.38719272614,
                0.584048211575,
                0.175445765257,
                0.0675091966987,
                0.0148998815566,
                0.00140188727528,
                9.21562314034e-05
            ],
            "median": [
                0.0438831709325,
                0.464394271374,
                1.84255051613,
                3.31988883018,
                5.09330749512,
                5.40106487274,
                6.63390493393,
                7.7216501236,
                7.01020908356,
                6.02045631409,
                7.95345830917,
                6.65820789337,
                5.83611869812,
                5.64026355743,
                6.47403478622,
                6.12071084976,
                5.98834657669,
                5.61726570129,
                5.72999954224,
                5.15354537964,
                4.76076078415,
                4.05746221542,
                3.92814040184,
                6.03611516953,
                8.36276721954,
                7.55660104752,
                6.2989115715,
                3.15665411949,
                1.28216350079,
                0.459360778332,
                0.265747994184,
                0.359448581934,
                0.469802200794,
                0.328561306,
                0.12046854943,
                0.0284758191556,
                0.0101810144261,
                0.00262246280909,
                0.000262715097051,
                4.96766115248e-05
            ],
            "min": [
                6.65138169657e-23,
                3.62469166123e-22,
                2.9059414316e-21,
                3.0279636986e-21,
                9.68805161753e-21,
                1.78818773911e-20,
                4.5035858144e-20,
                6.63326279093e-20,
                1.59581945596e-19,
                2.20272122515e-19,
                3.01474685491e-19,
                4.70710384597e-19,
                9.3351964338e-19,
                7.91309563398e-19,
                1.08242011525e-18,
                1.0070022331e-18,
                1.78341049965e-18,
                2.34454832051e-18,
                3.17363330963e-18,
                2.71224933474e-18,
                3.85141000751e-18,
                4.51828467171e-18,
                5.95426277048e-18,
                5.58431409973e-18,
                9.09552829594e-18,
                9.43261928481e-18,
                8.58891491234e-18,
                1.13770719236e-17,
                1.08614885934e-17,
                1.23923989023e-17,
                1.1974690891e-17,
                1.14157533705e-17,
                1.03818346803e-17,
                9.04455329069e-18,
                6.61666156038e-18,
                4.71602178355e-18,
                2.50547155239e-18,
                9.74755527494e-19,
                2.63086034593e-19,
                2.75630409529e-20
            ],
            "var": [
                0.309590518475,
                11.2345266342,
                95.0736541748,
                94.5140457153,
                330.708648682,
                94.0886459351,
                176.025802612,
                506.012542725,
                1063.99597168,
                1075.52294922,
                2845.10449219,
                6970.02587891,
                5808.61474609,
                4217.70068359,
                4940.63525391,
                1626.3170166,
                6270.67578125,
                6582.22558594,
                4283.22070312,
                2300.2980957,
                2362.06298828,
                1480.57592773,
                564.442687988,
                1069.76464844,
                3277.18774414,
                1144.45166016,
                1030.92578125,
                498.110748291,
                165.697631836,
                68.1059494019,
                31.9405479431,
                16.6292476654,
                13.3690948486,
                8.87203884125,
                1.58143663406,
                0.195831164718,
                0.0386580713093,
                0.00194597896188,
                2.00930080609e-05,
                2.63047645888e-08
            ]
        },
        "erbbands_crest": {
            "dmean": 2.72646474838,
            "dmean2": 4.31346607208,
            "dvar": 7.34135532379,
            "dvar2": 17.3107032776,
            "max": 33.044216156,
            "mean": 10.1404752731,
            "median": 9.19872951508,
            "min": 2.17028665543,
            "var": 22.9957313538
        },
        "erbbands_flatness_db": {
            "dmean": 0.0180582366884,
            "dmean2": 0.0256289262325,
            "dvar": 0.000377220305381,
            "dvar2": 0.000716992886737,
            "max": 0.497362285852,
            "mean": 0.177101418376,
            "median": 0.15608946979,
            "min": 0.0407689809799,
            "var": 0.00722305849195
        },
        "erbbands_kurtosis": {
            "dmean": 1.05640375614,
            "dmean2": 1.66706287861,
            "dvar": 6.68050432205,
            "dvar2": 18.2262306213,
            "max": 136.154830933,
            "mean": 0.597964763641,
            "median": -0.1676197052,
            "min": -1.82983958721,
            "var": 8.97999763489
        },
        "erbbands_skewness": {
            "dmean": 0.377446621656,
            "dmean2": 0.564243614674,
            "dvar": 0.161354720592,
            "dvar2": 0.371011316776,
            "max": 7.23743629456,
            "mean": 0.369069486856,
            "median": 0.31714040041,
            "min": -2.61055064201,
            "var": 0.74662065506
        },
        "erbbands_spread": {
            "dmean": 9.02245235443,
            "dmean2": 13.5998506546,
            "dvar": 119.196174622,
            "dvar2": 255.658538818,
            "max": 158.81968689,
            "mean": 40.1725730896,
            "median": 37.6474075317,
            "min": 0.883041441441,
            "var": 493.942443848
        },
        "gfcc": {
            "cov": [
                [
                    27222.859375,
                    -2683.65527344,
                    -1458.30505371,
                    4071.78320312,
                    -795.272521973,
                    1876.73083496,
                    -90.3724212646,
                    1184.44348145,
                    -1033.89025879,
                    1089.64770508,
                    -392.683654785,
                    13.2040748596,
                    -203.510604858
                ],
                [
                    -2683.65527344,
                    3928.81713867,
                    425.101135254,
                    -947.618347168,
                    397.217590332,
                    -574.323303223,
                    2.83093595505,
                    -733.397277832,
                    153.645843506,
                    -478.499328613,
                    77.5967559814,
                    -184.269561768,
                    55.1290931702
                ],
                [
                    -1458.30505371,
                    425.101135254,
                    1060.29516602,
                    -141.35005188,
                    81.2761917114,
                    34.4152755737,
                    -105.3540802,
                    -25.0592880249,
                    51.8174133301,
                    -164.306945801,
                    -42.6416969299,
                    8.3138628006,
                    -110.311889648
                ],
                [
                    4071.78320312,
                    -947.618347168,
                    -141.35005188,
                    1585.77197266,
                    -8.96710777283,
                    511.804901123,
                    140.888183594,
                    345.916870117,
                    -86.3369064331,
                    234.168487549,
                    -25.6657924652,
                    36.9778938293,
                    -38.2226371765
                ],
                [
                    -795.272521973,
                    397.217590332,
                    81.2761917114,
                    -8.96710777283,
                    390.212158203,
                    66.0459060669,
                    138.5027771,
                    -57.9927482605,
                    107.294219971,
                    11.0381250381,
                    48.6524124146,
                    24.4305973053,
                    29.4037952423
                ],
                [
                    1876.73083496,
                    -574.323303223,
                    34.4152755737,
                    511.804901123,
                    66.0459060669,
                    533.846496582,
                    135.098129272,
                    184.460388184,
                    -31.3103218079,
                    160.634262085,
                    7.44600915909,
                    30.3823223114,
                    -17.442237854
                ],
                [
                    -90.3724212646,
                    2.83093595505,
                    -105.3540802,
                    140.888183594,
                    138.5027771,
                    135.098129272,
                    324.50769043,
                    57.7706069946,
                    69.6745758057,
                    109.395195007,
                    68.7950973511,
                    32.0258178711,
                    39.280128479
                ],
                [
                    1184.44348145,
                    -733.397277832,
                    -25.0592880249,
                    345.916870117,
                    -57.9927482605,
                    184.460388184,
                    57.7706069946,
                    398.203887939,
                    4.15219211578,
                    139.20602417,
                    -0.338264644146,
                    13.9969549179,
                    -8.63015270233
                ],
                [
                    -1033.89025879,
                    153.645843506,
                    51.8174133301,
                    -86.3369064331,
                    107.294219971,
                    -31.3103218079,
                    69.6745758057,
                    4.15219211578,
                    231.176025391,
                    -8.41397857666,
                    27.4175357819,
                    51.5286445618,
                    0.961071014404
                ],
                [
                    1089.64770508,
                    -478.499328613,
                    -164.306945801,
                    234.168487549,
                    11.0381250381,
                    160.634262085,
                    109.395195007,
                    139.20602417,
                    -8.41397857666,
                    277.456298828,
                    64.5500793457,
                    31.0282230377,
                    56.4278564453
                ],
                [
                    -392.683654785,
                    77.5967559814,
                    -42.6416969299,
                    -25.6657924652,
                    48.6524124146,
                    7.44600915909,
                    68.7950973511,
                    -0.338264644146,
                    27.4175357819,
                    64.5500793457,
                    162.76133728,
                    42.9947090149,
                    37.7402381897
                ],
                [
                    13.2040748596,
                    -184.269561768,
                    8.3138628006,
                    36.9778938293,
                    24.4305973053,
                    30.3823223114,
                    32.0258178711,
                    13.9969549179,
                    51.5286445618,
                    31.0282230377,
                    42.9947090149,
                    158.166351318,
                    17.6245422363
                ],
                [
                    -203.510604858,
                    55.1290931702,
                    -110.311889648,
                    -38.2226371765,
                    29.4037952423,
                    -17.442237854,
                    39.280128479,
                    -8.63015270233,
                    0.961071014404,
                    56.4278564453,
                    37.7402381897,
                    17.6245422363,
                    151.961639404
                ]
            ],
            "icov": [
                [
                    0.000168958009453,
                    -0.000256831088336,
                    0.000270624732366,
                    -0.000233486294746,
                    0.000241755726165,
                    -0.000408013875131,
                    0.000343999447068,
                    -0.000340292666806,
                    0.000538312771823,
                    -0.000626755296253,
                    0.000566692149732,
                    -0.000523014052305,
                    0.000404561520554
                ],
                [
                    -0.000256831088336,
                    0.00103352963924,
                    -0.000618862861302,
                    0.000326242326992,
                    -0.000743063283153,
                    0.000938375887927,
                    -0.000798891182058,
                    0.00128369953018,
                    -0.00103121763095,
                    0.00161228794605,
                    -0.00137890933547,
                    0.00167025555857,
                    -0.000998621573672
                ],
                [
                    0.000270624732366,
                    -0.000618862861302,
                    0.0017201686278,
                    -0.0002150983928,
                    0.000130916334456,
                    -0.00115908996668,
                    0.00110149919055,
                    -0.000992888468318,
                    0.000764107273426,
                    -0.000550745637156,
                    0.0010216581868,
                    -0.00128856324591,
                    0.00137744739186
                ],
                [
                    -0.000233486294746,
                    0.000326242326992,
                    -0.0002150983928,
                    0.00138179864734,
                    -0.000378318334697,
                    -0.000178521891939,
                    -0.000539526110515,
                    -5.00812056998e-05,
                    -0.000404213438742,
                    0.000631032395177,
                    -0.000458361988422,
                    0.000451305619208,
                    -0.000220571295358
                ],
                [
                    0.000241755726165,
                    -0.000743063283153,
                    0.000130916334456,
                    -0.000378318334697,
                    0.00436756759882,
                    -0.00134722108487,
                    -0.00060665118508,
                    1.74280667125e-05,
                    -0.000540375418495,
                    -0.00108713691588,
                    0.000661917147227,
                    -0.000900431710761,
                    9.84236539807e-05
                ],
                [
                    -0.000408013875131,
                    0.000938375887927,
                    -0.00115908996668,
                    -0.000178521891939,
                    -0.00134722108487,
                    0.00465141749009,
                    -0.00180058297701,
                    0.000651754671708,
                    -0.000592506665271,
                    0.00065685424488,
                    -0.00118264521006,
                    0.00130103202537,
                    -0.000573485158384
                ],
                [
                    0.000343999447068,
                    -0.000798891182058,
                    0.00110149919055,
                    -0.000539526110515,
                    -0.00060665118508,
                    -0.00180058297701,
                    0.00571350520477,
                    -0.00118242052849,
                    0.000114263755677,
                    -0.0022855498828,
                    0.000318487553159,
                    -0.00125684193335,
                    0.000695743481629
                ],
                [
                    -0.000340292666806,
                    0.00128369953018,
                    -0.000992888468318,
                    -5.00812056998e-05,
                    1.74280667125e-05,
                    0.000651754671708,
                    -0.00118242052849,
                    0.00544965220615,
                    -0.00215009297244,
                    0.000593621807639,
                    -0.00145989505108,
                    0.00231849146076,
                    -0.00108137424104
                ],
                [
                    0.000538312771823,
                    -0.00103121763095,
                    0.000764107273426,
                    -0.000404213438742,
                    -0.000540375418495,
                    -0.000592506665271,
                    0.000114263755677,
                    -0.00215009297244,
                    0.00779017526656,
                    -0.00193082983606,
                    0.00204055989161,
                    -0.00376774207689,
                    0.00203085574321
                ],
                [
                    -0.000626755296253,
                    0.00161228794605,
                    -0.000550745637156,
                    0.000631032395177,
                    -0.00108713691588,
                    0.00065685424488,
                    -0.0022855498828,
                    0.000593621807639,
                    -0.00193082983606,
                    0.00965384487063,
                    -0.00443512527272,
                    0.00259799184278,
                    -0.00352748576552
                ],
                [
                    0.000566692149732,
                    -0.00137890933547,
                    0.0010216581868,
                    -0.000458361988422,
                    0.000661917147227,
                    -0.00118264521006,
                    0.000318487553159,
                    -0.00145989505108,
                    0.00204055989161,
                    -0.00443512527272,
                    0.0103580867872,
                    -0.00413220375776,
                    0.000997238210402
                ],
                [
                    -0.000523014052305,
                    0.00167025555857,
                    -0.00128856324591,
                    0.000451305619208,
                    -0.000900431710761,
                    0.00130103202537,
                    -0.00125684193335,
                    0.00231849146076,
                    -0.00376774207689,
                    0.00259799184278,
                    -0.00413220375776,
                    0.0103280041367,
                    -0.0024606178049
                ],
                [
                    0.000404561520554,
                    -0.000998621573672,
                    0.00137744739186,
                    -0.000220571295358,
                    9.84236539807e-05,
                    -0.000573485158384,
                    0.000695743481629,
                    -0.00108137424104,
                    0.00203085574321,
                    -0.00352748576552,
                    0.000997238210402,
                    -0.0024606178049,
                    0.00943773332983
                ]
            ],
            "mean": [
                -40.8862228394,
                101.367851257,
                -101.621643066,
                23.0298500061,
                -47.8349761963,
                0.690160036087,
                -28.1517887115,
                6.25372600555,
                -27.594209671,
                5.4703040123,
                -14.2365350723,
                -8.76679134369,
                -5.25851774216
            ]
        },
        "hfc": {
            "dmean": 5.33823776245,
            "dmean2": 7.39670753479,
            "dvar": 88.0044326782,
            "dvar2": 164.295227051,
            "max": 152.676589966,
            "mean": 20.2428340912,
            "median": 15.4157447815,
            "min": 1.13360258981e-16,
            "var": 368.264709473
        },
        "melbands": {
            "dmean": [
                0.00117365329061,
                0.00154401583131,
                0.00079131743405,
                0.000384563638363,
                0.000168309925357,
                0.000180261122296,
                0.000143422483234,
                0.00010950575961,
                0.000102902660728,
                9.0284338512e-05,
                6.74635521136e-05,
                5.64548936381e-05,
                5.22054506291e-05,
                3.03760389215e-05,
                3.44917680195e-05,
                3.52674869646e-05,
                3.37423007295e-05,
                2.76646969724e-05,
                1.79323524208e-05,
                2.19041285163e-05,
                1.27489593069e-05,
                9.76182855084e-06,
                8.05398030934e-06,
                5.99369786869e-06,
                8.3033928604e-06,
                1.23268209791e-05,
