{
    "lowlevel": {
        "average_loudness": 0.923729002476,
        "barkbands": {
            "dmean": [
                0.000594852957875,
                0.0075046424754,
                0.00331920711324,
                0.00212063640356,
                0.0020936881192,
                0.000685986946337,
                0.000819485459942,
                0.000690516375471,
                0.000557770719752,
                0.000628318404779,
                0.000466933124699,
                0.000332729396177,
                0.000251285731792,
                0.000486449629534,
                0.000488711637445,
                0.000457166170236,
                0.000610245624557,
                0.000443475728389,
                0.000285371817881,
                0.000189115889953,
                0.000209445614018,
                0.000333551317453,
                0.000763364252634,
                0.000358553254046,
                0.00013204679999,
                5.11879989062e-05,
                5.18918886883e-06
            ],
            "dmean2": [
                0.000856043305248,
                0.0110064735636,
                0.00576666044071,
                0.00390838366002,
                0.00368632562459,
                0.00119394646026,
                0.00135080504697,
                0.00113267137203,
                0.000910043832846,
                0.00105214712676,
                0.000750185514335,
                0.000509324483573,
                0.000396064860979,
                0.000802832830232,
                0.000755878165364,
                0.000656068790704,
                0.000903343490791,
                0.000695928814821,
                0.000446692341939,
                0.000293905759463,
                0.000342227402143,
                0.000562261848245,
                0.00130488851573,
                0.000596920726821,
                0.000207581557333,
                8.07600954431e-05,
                8.59948431753e-06
            ],
            "dvar": [
                1.58699674557e-06,
                0.000323085085256,
                0.000129327512695,
                7.02319375705e-05,
                3.18801103276e-05,
                3.63701406059e-06,
                2.61227819465e-06,
                2.11338260669e-06,
                1.45274668739e-06,
                2.36460846281e-06,
                2.46844683716e-06,
                7.62971410495e-07,
                4.83542351049e-07,
                3.56335158358e-06,
                3.27432871927e-06,
                3.30593798026e-06,
                6.1853547777e-06,
                2.16901230488e-06,
                1.68394171851e-06,
                5.79293498504e-07,
                5.1790402722e-07,
                6.4103647901e-07,
                2.61432001025e-06,
                5.4752416645e-07,
                6.10951573776e-08,
                2.18204903035e-08,
                3.79013292973e-10
            ],
            "dvar2": [
                3.42989665114e-06,
                0.000646675936878,
                0.000361660378985,
                0.000204888026929,
                9.28122753976e-05,
                1.00535153251e-05,
                6.48151490168e-06,
                5.27876227352e-06,
                3.43330816577e-06,
                5.71770488023e-06,
                5.58149395147e-06,
                1.64883681464e-06,
                1.06175275505e-06,
                8.45754038892e-06,
                6.62963930154e-06,
                5.94387665842e-06,
                1.18522038974e-05,
                4.2262995521e-06,
                3.16753244078e-06,
                1.37105291742e-06,
                1.22179972095e-06,
                1.66382153566e-06,
                7.03958130543e-06,
                1.4160915498e-06,
                1.43538031239e-07,
                5.12776239248e-08,
                9.42569688966e-10
            ],
            "max": [
                0.019467946142,
                0.140875399113,
                0.0800757110119,
                0.0658084303141,
                0.0582837574184,
                0.0221047420055,
                0.0228764116764,
                0.0205962117761,
                0.0154680944979,
                0.0192258730531,
                0.0285334289074,
                0.0176928620785,
                0.0104083726183,
                0.0220539681613,
                0.022955045104,
                0.0221104435623,
                0.0309630576521,
                0.0173939168453,
                0.0147470301017,
                0.00970695354044,
                0.00799517892301,
                0.00826446246356,
                0.0156616326421,
                0.00641123903915,
                0.00216900138184,
                0.00165372190531,
                0.00031627563294
            ],
            "mean": [
                0.00128914753441,
                0.0148704051971,
                0.00281467824243,
                0.00152392464224,
                0.00202513765544,
                0.000645172258373,
                0.000906002009287,
                0.000719478994142,
                0.000535180966835,
                0.000579142011702,
                0.000521172129083,
                0.000381021236535,
                0.000240608118474,
                0.000415376678575,
                0.00045363305253,
                0.000454670807812,
                0.000605861889198,
                0.000533768557943,
                0.000330541864969,
                0.000182727409992,
                0.000228697565035,
                0.000333473813953,
                0.000643196166493,
                0.000327104527969,
                0.000148194376379,
                5.31845762453e-05,
                4.30568934462e-06
            ],
            "median": [
                0.000142223594594,
                0.00142942345701,
                0.000116536830319,
                7.41038456908e-05,
                0.000439586583525,
                6.45499967504e-05,
                0.000329120986862,
                0.000183133874089,
                4.07345578424e-05,
                4.31096123066e-05,
                5.40454093425e-05,
                2.40903900703e-05,
                1.37526176331e-05,
                1.60248473549e-05,
                1.92496481759e-05,
                2.25559524551e-05,
                2.66074530373e-05,
                5.24132774444e-05,
                3.77270735044e-05,
                3.93192494812e-05,
                4.17295123043e-05,
                3.07467053062e-05,
                7.02821344021e-05,
                7.68575118855e-05,
                4.32563683717e-05,
                1.05881581476e-05,
                2.29635077176e-07
            ],
            "min": [
                1.42298239164e-12,
                3.49899406324e-12,
                4.04157003003e-12,
                3.26309053562e-12,
                8.20279955072e-11,
                1.26526233934e-09,
                2.09695771858e-09,
                7.48495210257e-10,
                8.44753711426e-11,
                1.57630714037e-10,
                1.34863453738e-10,
                7.56811557867e-11,
                2.72545371688e-11,
                9.88144722297e-12,
                7.10959633179e-12,
                6.08211874961e-12,
                4.8535563589e-12,
                5.89310327967e-12,
                3.67790260053e-12,
                3.42402950611e-12,
                3.2304692775e-12,
                2.75132520933e-12,
                2.33341644618e-12,
                2.23747691382e-12,
                2.20153214235e-12,
                2.11614861918e-12,
                2.25474413446e-12
            ],
            "var": [
                4.52303902421e-06,
                0.000757936271839,
                8.49183270475e-05,
                4.02620280511e-05,
                2.15919590119e-05,
                2.93458606393e-06,
                2.89949525722e-06,
                2.38004668063e-06,
                1.66316135619e-06,
                2.49143658948e-06,
                3.49590277438e-06,
                1.06690083612e-06,
                5.49883225176e-07,
                3.11142071041e-06,
                3.63053504771e-06,
                4.25434973295e-06,
                7.36963283998e-06,
                3.0015980883e-06,
                2.16003581954e-06,
                5.17993896665e-07,
                5.37596918093e-07,
                7.2184354849e-07,
                2.1230459879e-06,
                4.58133683878e-07,
                7.20945649846e-08,
                2.14866346937e-08,
                3.1767505293e-10
            ]
        },
        "barkbands_crest": {
            "dmean": 3.36877799034,
            "dmean2": 5.23601770401,
            "dvar": 9.7999830246,
            "dvar2": 21.1547756195,
            "max": 26.4066448212,
            "mean": 12.7533464432,
            "median": 12.0967235565,
            "min": 2.74505925179,
            "var": 28.0096988678
        },
        "barkbands_flatness_db": {
            "dmean": 0.0433912687004,
            "dmean2": 0.0624321997166,
            "dvar": 0.00208496674895,
            "dvar2": 0.00418133521453,
            "max": 0.657544791698,
            "mean": 0.201956778765,
            "median": 0.183948606253,
            "min": 0.0329846590757,
            "var": 0.00928538478911
        },
        "barkbands_kurtosis": {
            "dmean": 12.6350154877,
            "dmean2": 19.8260059357,
            "dvar": 1204.30712891,
            "dvar2": 2821.6472168,
            "max": 870.958984375,
            "mean": 13.7523593903,
            "median": 3.25638389587,
            "min": -1.98015987873,
            "var": 1365.76757813
        },
        "barkbands_skewness": {
            "dmean": 1.32945334911,
            "dmean2": 1.95615959167,
            "dvar": 2.39101672173,
            "dvar2": 4.85838365555,
            "max": 24.1260986328,
            "mean": 2.04556536674,
            "median": 1.68959736824,
            "min": -9.50258922577,
            "var": 6.81849002838
        },
        "barkbands_spread": {
            "dmean": 12.7618408203,
            "dmean2": 20.5369300842,
            "dvar": 267.02331543,
            "dvar2": 630.983581543,
            "max": 127.33215332,
            "mean": 25.0890541077,
            "median": 18.8171634674,
            "min": 0.164323598146,
            "var": 502.093231201
        },
        "dissonance": {
            "dmean": 0.0339754223824,
            "dmean2": 0.055613309145,
            "dvar": 0.00136414787266,
            "dvar2": 0.00346588110551,
            "max": 0.500000119209,
            "mean": 0.444088667631,
            "median": 0.459938526154,
            "min": 0.107903435826,
            "var": 0.00300348480232
        },
        "dynamic_complexity": 4.09127664566,
        "erbbands": {
            "dmean": [
                0.296735107899,
                1.65460383892,
                3.72659921646,
                5.8184466362,
                6.71205997467,
                7.48031282425,
                6.13741159439,
                5.63170289993,
                10.2034196854,
                14.224193573,
                13.7398738861,
                12.0384597778,
                14.7269086838,
                23.2032260895,
                15.0694732666,
                13.3567085266,
                10.5446624756,
                18.5771636963,
                30.0915088654,
                25.0505084991,
                25.7474689484,
                34.0172233582,
                25.3476772308,
                19.1345348358,
                12.6216983795,
                9.19492149353,
                7.42317533493,
                8.88981723785,
                10.750667572,
                18.5154800415,
                20.6596908569,
                10.6915283203,
                4.59085512161,
                1.80796098709,
                0.851263046265,
                0.270357757807,
                0.0877214148641,
                0.0180407129228,
                0.000563456036616,
                3.52700808435e-05
            ],
            "dmean2": [
                0.388255476952,
                2.32417464256,
                6.2462015152,
                10.5077867508,
                12.2607936859,
                12.9094686508,
                10.4797430038,
                9.92976856232,
                17.1198348999,
                23.0810089111,
                22.5670871735,
                19.4757404327,
                24.8027076721,
                37.3463172913,
                22.9097003937,
                20.1850395203,
                16.1242713928,
                29.8691978455,
                48.0616989136,
                38.0346336365,
                36.2792701721,
                50.2907371521,
                40.3851699829,
                27.074634552,
                19.8874149323,
                14.2593336105,
                11.6016073227,
                14.5731134415,
                17.9498748779,
                31.932094574,
                35.1516571045,
                17.8942146301,
                7.5331530571,
                2.88112330437,
                1.35823822021,
                0.421215087175,
                0.141729995608,
                0.0290167387575,
                0.000916029151995,
                5.4705349612e-05
            ],
            "dvar": [
                0.421539753675,
                18.8750686646,
                146.485244751,
                479.896636963,
                562.612182617,
                330.109527588,
                238.376861572,
                279.42098999,
                507.972015381,
                768.979248047,
                875.438781738,
                711.247253418,
                1302.01062012,
                4507.45361328,
                1793.39929199,
                1230.47290039,
                789.518432617,
                3691.57958984,
                14738.4775391,
                9647.36816406,
                10708.078125,
                19259.6132813,
                7280.73486328,
                5839.484375,
                3407.96679688,
                1387.01721191,
                716.630554199,
                771.251342773,
                650.097290039,
                1769.70263672,
                1867.79504395,
                470.258178711,
                89.9583358765,
                10.5632390976,
                3.26801657677,
                0.420366257429,
                0.0836339816451,
                0.00398324429989,
                4.25332655141e-06,
                6.65710375714e-09
            ],
            "dvar2": [
                0.812353491783,
                39.8993911743,
                399.597839355,
                1385.40270996,
                1654.99035645,
                931.984680176,
                649.856445313,
                782.031005859,
                1311.22814941,
                1930.08032227,
                2163.1706543,
                1635.11608887,
                3322.07324219,
                10332.2529297,
                3881.57666016,
                2697.03955078,
                1731.31188965,
                7951.54150391,
                32337.9003906,
                20751.5761719,
                18518.9199219,
                36945.4609375,
                15014.9462891,
                10689.7041016,
                6488.109375,
                3250.63671875,
                1554.0526123,
                1864.87780762,
                1639.82873535,
                4945.62207031,
                4953.14355469,
                1208.95166016,
                230.593154907,
                24.8335876465,
                7.97046518326,
                0.974238097668,
                0.205777361989,
                0.00942351296544,
                1.04557248051e-05,
                1.5190405378e-08
            ],
            "max": [
                5.51999902725,
                37.5800895691,
                85.5732574463,
                171.367492676,
                204.440536499,
                225.618087769,
                205.973983765,
                235.281524658,
                380.189849854,
                507.708129883,
                494.168151855,
                456.82711792,
                762.66784668,
                845.811340332,
                868.366516113,
                808.144836426,
                422.017669678,
                629.359741211,
                1283.35314941,
                1252.04846191,
                1238.63134766,
                1759.99182129,
                1079.30944824,
                1052.45678711,
                680.600463867,
                464.217346191,
                289.862640381,
                299.750427246,
                265.773101807,
                512.130981445,
                347.532623291,
                157.873001099,
                107.910514832,
                26.8505764008,
                17.5766811371,
                11.2619085312,
                3.34740996361,
                0.718613445759,
                0.030392345041,
                0.00111568893772
            ],
            "mean": [
                0.566390931606,
                2.74836277962,
                3.56517362595,
                4.59448719025,
                5.53634119034,
                7.32697677612,
                6.35503578186,
                5.04366445541,
                10.4092950821,
                17.1105613708,
                13.7750740051,
                12.1240501404,
                14.0954380035,
                24.5782623291,
                17.6157073975,
                15.4175729752,
                10.7893276215,
                17.2586688995,
                26.7085723877,
                22.7040271759,
                27.1717300415,
                34.443321228,
                29.9610538483,
                21.5425376892,
                14.8037967682,
                8.92415618896,
                8.26699638367,
                9.78014945984,
                11.1045742035,
                16.540643692,
                17.3348293304,
                9.22888565063,
                4.42600011826,
                1.99727141857,
                0.906521677971,
                0.299104422331,
                0.0839731097221,
                0.0165925975889,
                0.000512530154083,
                5.52426354261e-05
            ],
            "median": [
                0.0743508189917,
                0.137932091951,
                0.198044732213,
                0.336963117123,
                0.892205178738,
                1.26008343697,
                0.591723561287,
                0.6923853755,
                2.74640822411,
                6.69410228729,
                2.78331899643,
                1.31435847282,
                1.78209233284,
                1.79880976677,
                2.35275268555,
                1.07719326019,
                0.758570671082,
                0.827263474464,
                1.01857209206,
                1.20565962791,
                1.60940945148,
                1.78212308884,
                2.78899908066,
                2.43125939369,
                2.0259718895,
                1.8979600668,
                1.77462077141,
                1.42783951759,
                1.02142751217,
                1.7672252655,
                2.00452375412,
                1.67301225662,
                1.08274805546,
                0.609447836876,
                0.212445169687,
                0.0719128400087,
                0.0126016680151,
                0.00161619484425,
                7.08398438292e-05,
                2.75127749774e-05
            ],
            "min": [
                9.15744632901e-11,
                9.11064945708e-10,
                6.44623465718e-09,
                2.09045278865e-08,
                2.56791388153e-08,
                2.79076999732e-07,
                3.01437717098e-06,
                1.32059367388e-05,
                2.77506042039e-05,
                2.73261230177e-05,
                1.18438128993e-05,
                2.23646043196e-06,
                2.75972365671e-06,
                6.68401344228e-06,
                4.99077805216e-06,
                2.44103284786e-06,
                1.3708155393e-06,
                4.93429865855e-07,
                4.38085862697e-07,
                3.78798972633e-07,
                3.15517524996e-07,
                2.79323899122e-07,
                2.93143784802e-07,
                2.41443132154e-07,
                1.78281325702e-07,
                1.61775560059e-07,
                1.4026996098e-07,
                1.20479811017e-07,
                1.00912529888e-07,
                8.13169620528e-08,
                6.52000053947e-08,
                4.90834253242e-08,
                3.63200314268e-08,
                2.49145326592e-08,
                1.51708601237e-08,
                8.49907344502e-09,
                3.92944032868e-09,
                1.39313016678e-09,
                3.2077118739e-10,
                3.71927141862e-11
            ],
            "var": [
                0.986339330673,
                36.140789032,
                111.444488525,
                286.916900635,
                328.479858398,
                256.828430176,
                224.093109131,
                203.182418823,
                500.097229004,
                920.677368164,
                981.258911133,
                871.674682617,
                1264.95495605,
                5835.17529297,
                2459.30126953,
                1676.34472656,
                951.473327637,
                3853.4519043,
                14372.6582031,
                10015.5390625,
                14688.3349609,
                22797.1777344,
                9512.8203125,
                7739.85546875,
                4286.88818359,
                1265.50842285,
                772.813720703,
                896.95703125,
                809.52532959,
                1608.66552734,
                1509.93408203,
                388.827941895,
                78.826423645,
                12.2799158096,
                3.50015926361,
                0.47612285614,
                0.0718166157603,
                0.00360407889821,
                3.62384844266e-06,
                7.42619699068e-09
            ]
        },
        "erbbands_crest": {
            "dmean": 3.75788474083,
            "dmean2": 6.16351079941,
            "dvar": 11.3641786575,
            "dvar2": 27.4331474304,
            "max": 31.6725063324,
            "mean": 11.3272123337,
            "median": 10.0148639679,
            "min": 2.71206974983,
            "var": 29.1867923737
        },
        "erbbands_flatness_db": {
            "dmean": 0.0330049917102,
            "dmean2": 0.0494694523513,
            "dvar": 0.001085814205,
            "dvar2": 0.00227653211914,
            "max": 0.61647439003,
            "mean": 0.190807342529,
            "median": 0.172796979547,
            "min": 0.0603834465146,
            "var": 0.00642381934449
        },
        "erbbands_kurtosis": {
            "dmean": 3.42646574974,
            "dmean2": 5.54969835281,
            "dvar": 50.6163825989,
            "dvar2": 108.553161621,
            "max": 282.918609619,
            "mean": 2.75218749046,
            "median": 0.404666692019,
            "min": -1.93325829506,
            "var": 81.8318023682
        },
        "erbbands_skewness": {
            "dmean": 0.884534955025,
            "dmean2": 1.34957206249,
            "dvar": 0.874076724052,
            "dvar2": 1.94804954529,
            "max": 12.9589233398,
            "mean": 0.290134161711,
            "median": 0.297149688005,
            "min": -7.23139715195,
            "var": 2.3510632515
        },
        "erbbands_spread": {
            "dmean": 19.6125411987,
            "dmean2": 30.9998188019,
            "dvar": 496.099212646,
            "dvar2": 1174.31774902,
            "max": 214.621429443,
            "mean": 45.7103919983,
            "median": 40.0516891479,
            "min": 0.792317986488,
            "var": 1006.77404785
        },
        "gfcc": {
            "cov": [
                [
                    15298.7529297,
                    -1040.64489746,
                    1049.69519043,
                    2962.42602539,
                    869.158630371,
                    1644.09484863,
                    -202.091430664,
                    321.623016357,
                    174.451065063,
                    81.3301620483,
                    -554.210449219,
                    -21.8988170624,
                    -64.3049087524
                ],
                [
                    -1040.64489746,
                    3972.39355469,
                    1334.37475586,
                    68.0230484009,
                    939.459228516,
                    69.1617736816,
                    681.599365234,
                    47.9873123169,
                    316.138916016,
                    -87.0200195313,
                    417.416381836,
                    -88.1346817017,
                    135.282272339
                ],
                [
                    1049.69519043,
                    1334.37475586,
                    3534.49316406,
                    1267.70666504,
                    575.610717773,
                    604.297424316,
                    141.931747437,
                    154.086151123,
                    160.612167358,
                    103.49495697,
                    102.302856445,
                    66.1570739746,
                    -78.0700683594
                ],
                [
                    2962.42602539,
                    68.0230484009,
                    1267.70666504,
                    2190.45166016,
                    704.395019531,
                    693.857543945,
                    271.966369629,
                    206.111312866,
                    315.191009521,
                    87.8309173584,
                    -63.8468818665,
                    77.6422424316,
                    134.056793213
                ],
                [
                    869.158630371,
                    939.459228516,
                    575.610717773,
                    704.395019531,
                    1031.88562012,
                    355.5652771,
                    276.850769043,
                    157.783782959,
                    195.919784546,
                    74.9669342041,
                    61.4342842102,
                    -3.44581151009,
                    98.2991867065
                ],
                [
                    1644.09484863,
                    69.1617736816,
                    604.297424316,
                    693.857543945,
                    355.5652771,
                    955.431884766,
                    477.36618042,
                    104.95475769,
                    169.247390747,
                    105.791740417,
                    27.2856044769,
                    28.6000480652,
                    23.1211128235
                ],
                [
                    -202.091430664,
                    681.599365234,
                    141.931747437,
                    271.966369629,
                    276.850769043,
                    477.36618042,
                    809.125488281,
                    150.123916626,
                    201.980926514,
                    43.5344161987,
                    197.431808472,
                    71.9888916016,
                    64.2902526855
                ],
                [
                    321.623016357,
                    47.9873123169,
                    154.086151123,
                    206.111312866,
                    157.783782959,
                    104.95475769,
                    150.123916626,
                    379.524932861,
                    171.657821655,
                    52.716545105,
                    73.4723052979,
                    43.9595527649,
                    11.92070961
                ],
                [
                    174.451065063,
                    316.138916016,
                    160.612167358,
                    315.191009521,
                    195.919784546,
                    169.247390747,
                    201.980926514,
                    171.657821655,
                    345.388092041,
                    97.541809082,
                    85.8670196533,
                    24.573923111,
                    56.231967926
                ],
                [
                    81.3301620483,
                    -87.0200195313,
                    103.49495697,
                    87.8309173584,
                    74.9669342041,
                    105.791740417,
                    43.5344161987,
                    52.716545105,
                    97.541809082,
                    204.315231323,
                    41.134147644,
                    6.65840244293,
                    11.457531929
                ],
                [
                    -554.210449219,
                    417.416381836,
                    102.302856445,
                    -63.8468818665,
                    61.4342842102,
                    27.2856044769,
                    197.431808472,
                    73.4723052979,
                    85.8670196533,
                    41.134147644,
                    250.841445923,
                    58.0274810791,
                    9.85838699341
                ],
                [
                    -21.8988170624,
                    -88.1346817017,
                    66.1570739746,
                    77.6422424316,
                    -3.44581151009,
                    28.6000480652,
                    71.9888916016,
                    43.9595527649,
                    24.573923111,
                    6.65840244293,
                    58.0274810791,
                    156.442581177,
                    30.219335556
                ],
                [
                    -64.3049087524,
                    135.282272339,
                    -78.0700683594,
                    134.056793213,
                    98.2991867065,
                    23.1211128235,
                    64.2902526855,
                    11.92070961,
                    56.231967926,
                    11.457531929,
                    9.85838699341,
                    30.219335556,
                    171.427276611
                ]
            ],
            "icov": [
                [
                    0.000132209635922,
                    -8.22807996883e-05,
                    9.64185965131e-05,
                    -0.000187450787053,
                    4.31872249465e-05,
                    -0.000298654864309,
                    0.000258410582319,
                    -0.000155101559358,
                    0.000120013879496,
                    -3.56039709004e-05,
                    0.000191158382222,
                    -0.00012383799185,
                    0.000208263401873
                ],
                [
                    -8.22807996883e-05,
                    0.000882177904714,
                    -0.000468997692224,
                    0.00045443183626,
                    -0.000698121322785,
                    0.000668674882036,
                    -0.000783270399552,
                    0.000594267330598,
                    -0.000721653632354,
                    0.000908702379093,
                    -0.000923308252823,
                    0.00106493593194,
                    -0.00069208611967
                ],
                [
                    9.64185965131e-05,
                    -0.000468997692224,
                    0.000687095685862,
                    -0.000521529116668,
                    0.000258428452071,
                    -0.000614700198639,
                    0.00066538201645,
                    -0.000357348762918,
                    0.000480543356389,
                    -0.000482015806483,
                    0.000199428104679,
                    -0.000656702672131,
                    0.000815942476038
                ],
                [
                    -0.000187450787053,
                    0.00045443183626,
                    -0.000521529116668,
                    0.00132835598197,
                    -0.000640098412987,
                    0.000227931202971,
                    -0.000507135875523,
                    0.000344671920175,
                    -0.000944893923588,
                    0.000589623872656,
                    3.64509432984e-05,
                    0.00016779100406,
                    -0.000963834463619
                ],
                [
                    4.31872249465e-05,
                    -0.000698121322785,
                    0.000258428452071,
                    -0.000640098412987,
                    0.00201292196289,
                    -0.000589398434386,
                    0.000388158194255,
                    -0.000708377221599,
                    0.000495626358315,
                    -0.000825222115964,
                    0.000479631475173,
                    -0.000210837548366,
                    -8.35215541883e-05
                ],
                [
                    -0.000298654864309,
                    0.000668674882036,
                    -0.000614700198639,
                    0.000227931202971,
                    -0.000589398434386,
                    0.00311041902751,
                    -0.00226986594498,
                    0.000781028356869,
                    -0.000563644163776,
                    -0.000222883565584,
                    -6.87053252477e-05,
                    0.000914327043574,
                    -0.000339933496434
                ],
                [
                    0.000258410582319,
                    -0.000783270399552,
                    0.00066538201645,
                    -0.000507135875523,
                    0.000388158194255,
                    -0.00226986594498,
                    0.00359957525507,
                    -0.000871965603437,
                    0.000156940266606,
                    2.60187207459e-05,
                    -0.00073581415927,
                    -0.00125650677364,
                    0.000419511488872
                ],
                [
                    -0.000155101559358,
                    0.000594267330598,
                    -0.000357348762918,
                    0.000344671920175,
                    -0.000708377221599,
                    0.000781028356869,
                    -0.000871965603437,
                    0.00410438282415,
                    -0.00204891315661,
                    0.000486687611556,
                    -0.000908289512154,
                    6.48177001494e-06,
                    7.36842266633e-05
                ],
                [
                    0.000120013879496,
                    -0.000721653632354,
                    0.000480543356389,
                    -0.000944893923588,
                    0.000495626358315,
                    -0.000563644163776,
                    0.000156940266606,
                    -0.00204891315661,
                    0.00578845804557,
                    -0.00231034727767,
                    -9.23678308027e-05,
                    -0.000234931067098,
                    -0.000249892153079
                ],
                [
                    -3.56039709004e-05,
                    0.000908702379093,
                    -0.000482015806483,
                    0.000589623872656,
                    -0.000825222115964,
                    -0.000222883565584,
                    2.60187207459e-05,
                    0.000486687611556,
                    -0.00231034727767,
                    0.00704052811489,
                    -0.00178386480547,
                    0.00116506230552,
                    -0.000766916724388
                ],
                [
                    0.000191158382222,
                    -0.000923308252823,
                    0.000199428104679,
                    3.64509432984e-05,
                    0.000479631475173,
                    -6.87053252477e-05,
                    -0.00073581415927,
                    -0.000908289512154,
                    -9.23678308027e-05,
                    -0.00178386480547,
                    0.0075619770214,
                    -0.00291839241982,
                    0.00116511515807
                ],
                [
                    -0.00012383799185,
                    0.00106493593194,
                    -0.000656702672131,
                    0.00016779100406,
                    -0.000210837548366,
                    0.000914327043574,
                    -0.00125650677364,
                    6.48177001494e-06,
                    -0.000234931067098,
                    0.00116506230552,
                    -0.00291839241982,
                    0.00908458698541,
                    -0.00228319317102
                ],
                [
                    0.000208263401873,
                    -0.00069208611967,
                    0.000815942476038,
                    -0.000963834463619,
                    -8.35215541883e-05,
                    -0.000339933496434,
                    0.000419511488872,
                    7.36842266633e-05,
                    -0.000249892153079,
                    -0.000766916724388,
                    0.00116511515807,
                    -0.00228319317102,
                    0.00798297021538
                ]
            ],
            "mean": [
                -72.1747436523,
                50.4462203979,
                -102.180664063,
                27.2959079742,
                -75.975769043,
                16.8521251678,
                -40.3755187988,
                17.7796993256,
                -19.1391201019,
                -0.302013397217,
                -10.2597084045,
                4.71498632431,
                -11.6691493988
            ]
        },
        "hfc": {
            "dmean": 20.2308006287,
            "dmean2": 31.6014003754,
            "dvar": 2169.09838867,
            "dvar2": 4408.41796875,
            "max": 487.743621826,
            "mean": 25.2383556366,
            "median": 12.4226856232,
            "min": 2.54033034253e-06,
            "var": 2605.63793945
        },
        "melbands": {
            "dmean": [
                0.00225426629186,
                0.00198014639318,
                0.00103310623672,
                0.00050340424059,
                0.00023793791479,
                0.000127590552438,
                0.000158683440532,
                0.000156132431584,
                0.000109430795419,
                7.7317992691e-05,
                7.54464927013e-05,
                9.67388841673e-05,
                5.69013536733e-05,
                4.06027393183e-05,
                2.57506326307e-05,
                2.73160403594e-05,
                3.51014932676e-05,
                5.36543957423e-05,
                3.65910273104e-05,
                3.31900300807e-05,
                2.89801191684e-05,
                3.74785558961e-05,
                2.97065944324e-05,
                2.20696165343e-05,
                1.52095090016e-05,
                1.10759874588e-05,
