{
    "lowlevel": {
        "average_loudness": 0.876738250256,
        "barkbands": {
            "dmean": [
                0.000568123010453,
                0.00826348271221,
                0.00273541128263,
                0.00118119979743,
                0.00133840274066,
                0.00135631219018,
                0.000621010549366,
                0.000478115718579,
                0.00076318369247,
                0.000554237107281,
                0.000486678618472,
                0.000463661330286,
                0.000398765085265,
                0.000629920104984,
                0.00079497252591,
                0.00057330832351,
                0.000342091749189,
                0.000275919242995,
                0.000133860987262,
                0.000156083755428,
                0.000166137586348,
                0.000156601701747,
                0.000193658168428,
                0.000210082682315,
                0.000124438884086,
                4.03199155699e-05,
                6.7537639552e-06
            ],
            "dmean2": [
                0.000937224715017,
                0.0110632041469,
                0.00495051126927,
                0.00219795154408,
                0.00205429503694,
                0.00211932882667,
                0.000987415900454,
                0.000729316670913,
                0.00113262922969,
                0.000875130179338,
                0.000734871893656,
                0.00069434393663,
                0.000619615078904,
                0.000972746522166,
                0.00123894144781,
                0.00089473661501,
                0.000530266319402,
                0.000430356914876,
                0.000209069199627,
                0.000235448038438,
                0.000250880228123,
                0.00025135546457,
                0.000299032690236,
                0.000319033133565,
                0.000179761336767,
                5.80598498345e-05,
                9.31279009819e-06
            ],
            "dvar": [
                3.27005932377e-06,
                0.000761876523029,
                0.000220903195441,
                3.63518411177e-05,
                1.08943668238e-05,
                8.05485342426e-06,
                3.19630316881e-06,
                1.84687417004e-06,
                3.72598424292e-06,
                2.95791005556e-06,
                1.9589601834e-06,
                1.64284062976e-06,
                9.66235688793e-07,
                2.6536781661e-06,
                2.87563079837e-06,
                2.31305216403e-06,
                7.55171811306e-07,
                2.90169310802e-07,
                8.1740523683e-08,
                1.05653043647e-07,
                9.62214130595e-08,
                1.30510940721e-07,
                1.38156025287e-07,
                1.13257797807e-07,
                6.14631119333e-08,
                1.11341247333e-08,
                2.96064339711e-10
            ],
            "dvar2": [
                7.1613981163e-06,
                0.00112987007014,
                0.000613050477114,
                0.000105964543764,
                2.88751016342e-05,
                1.98788948182e-05,
                7.6757678471e-06,
                3.81568497687e-06,
                8.27791245683e-06,
                6.73805016049e-06,
                3.9266847125e-06,
                3.31407318299e-06,
                2.24239670388e-06,
                6.35963533568e-06,
                6.91284958521e-06,
                5.70415932089e-06,
                1.74072238224e-06,
                6.01901490427e-07,
                1.75411457803e-07,
                2.10094796671e-07,
                1.94634949935e-07,
                3.00633416828e-07,
                3.15232966841e-07,
                2.49435032629e-07,
                1.20826044281e-07,
                2.17900488764e-08,
                6.00450744681e-10
            ],
            "max": [
                0.0604745186865,
                0.342417865992,
                0.154385834932,
                0.0618347078562,
                0.0514970012009,
                0.0500500164926,
                0.0322031751275,
                0.0313667170703,
                0.0468035750091,
                0.0476581081748,
                0.0402107983828,
                0.0329830609262,
                0.0261690355837,
                0.0349175706506,
                0.0277620591223,
                0.060653205961,
                0.0196577012539,
                0.00705136917531,
                0.00641327770427,
                0.00492241978645,
                0.0039156335406,
                0.00491336826235,
                0.00551059376448,
                0.00413888134062,
                0.00394722446799,
                0.00338041386567,
                0.000277809187537
            ],
            "mean": [
                0.000792369770352,
                0.0204607397318,
                0.00192388019059,
                0.000886762340087,
                0.00239677913487,
                0.00204641208984,
                0.000870100513566,
                0.000823515583761,
                0.00138945679646,
                0.00086387002375,
                0.000877779093571,
                0.000719103380106,
                0.00056648690952,
                0.000861457257997,
                0.00112694746349,
                0.00087898253696,
                0.000518131710123,
                0.000450980791356,
                0.00022254063515,
                0.000255401770119,
                0.000292008597171,
                0.000220277084736,
                0.000355502532329,
                0.000475627981359,
                0.000255254853982,
                6.78283104207e-05,
                8.66583741299e-06
            ],
            "median": [
                4.05251339544e-05,
                0.00398985203356,
                0.000160866053193,
                0.000141972443089,
                0.00109235721175,
                0.000705859158188,
                0.000143239638419,
                0.000123992096633,
                0.000303959997837,
                0.000146856822539,
                0.000138942879857,
                0.000162060823641,
                0.0001392034319,
                0.000169897772139,
                0.000257685052929,
                0.000197622313863,
                0.000128697181935,
                0.000152689841343,
                8.91256204341e-05,
                9.69621833065e-05,
                0.000104396473034,
                6.36626573396e-05,
                0.000160840761964,
                0.000225856827456,
                8.8200562459e-05,
                1.4312773601e-05,
                6.10296353898e-07
            ],
            "min": [
                9.39031228152e-25,
                5.37796219145e-24,
                4.18355657233e-24,
                3.80051884891e-24,
                1.09635770278e-23,
                1.20700341224e-23,
                1.04471871016e-23,
                2.63418610727e-23,
                2.77635903723e-23,
                1.74492466584e-23,
                1.78208127665e-23,
                2.9235017909e-23,
                3.90698761876e-23,
                5.80160116571e-23,
                5.97362648559e-23,
                7.59472302405e-23,
                1.03566960783e-22,
                1.0169225493e-22,
                1.63760178051e-22,
                2.18072986318e-22,
                2.45831928722e-22,
                3.14251488485e-22,
                3.79998614692e-22,
                7.26726231845e-22,
                9.54673661482e-22,
                1.36859768748e-21,
                2.11812742685e-21
            ],
            "var": [
                4.56714997199e-06,
                0.00215181522071,
                0.000136726972414,
                2.03479958145e-05,
                1.53076871356e-05,
                1.09893808258e-05,
                4.75544493383e-06,
                5.0063490562e-06,
                8.59830106492e-06,
                7.5774155448e-06,
                7.76840715844e-06,
                3.53041446033e-06,
                1.64799030244e-06,
                4.23782921644e-06,
                5.33726324647e-06,
                3.80048754778e-06,
                1.43716363254e-06,
                5.55872645691e-07,
                1.69434684949e-07,
                1.98324059397e-07,
                2.1927556304e-07,
                1.91897569835e-07,
                2.7598096608e-07,
                3.66690102283e-07,
                1.89949275864e-07,
                2.85794623522e-08,
                4.61241239647e-10
            ]
        },
        "barkbands_crest": {
            "dmean": 2.66416811943,
            "dmean2": 3.90343689919,
            "dvar": 6.97930669785,
            "dvar2": 14.4004735947,
            "max": 26.8486804962,
            "mean": 12.9560270309,
            "median": 12.0313653946,
            "min": 2.34399366379,
            "var": 32.4066581726
        },
        "barkbands_flatness_db": {
            "dmean": 0.0256505515426,
            "dmean2": 0.0348483137786,
            "dvar": 0.000884594977833,
            "dvar2": 0.00149068795145,
            "max": 0.616890966892,
            "mean": 0.166638627648,
            "median": 0.147611275315,
            "min": 0.0255494602025,
            "var": 0.00754058454186
        },
        "barkbands_kurtosis": {
            "dmean": 7.27811670303,
            "dmean2": 10.965089798,
            "dvar": 2425.49707031,
            "dvar2": 6471.59033203,
            "max": 2247.57519531,
            "mean": 9.13861083984,
            "median": 1.08725118637,
            "min": -1.97606623173,
            "var": 2252.21508789
        },
        "barkbands_skewness": {
            "dmean": 0.761438429356,
            "dmean2": 1.06329464912,
            "dvar": 1.45917749405,
            "dvar2": 3.06532621384,
            "max": 39.7394943237,
            "mean": 1.72945046425,
            "median": 1.23962950706,
            "min": -6.37678289413,
            "var": 4.66036224365
        },
        "barkbands_spread": {
            "dmean": 7.4117436409,
            "dmean2": 10.8977041245,
            "dvar": 89.5139923096,
            "dvar2": 176.908905029,
            "max": 132.987243652,
            "mean": 28.4546737671,
            "median": 25.2719993591,
            "min": 0.0830732733011,
            "var": 402.537322998
        },
        "dissonance": {
            "dmean": 0.0230575501919,
            "dmean2": 0.0377956517041,
            "dvar": 0.000638506026007,
            "dvar2": 0.00164361635689,
            "max": 0.500000059605,
            "mean": 0.453922450542,
            "median": 0.465824276209,
            "min": 0.180188387632,
            "var": 0.00154990842566
        },
        "dynamic_complexity": 4.38950872421,
        "erbbands": {
            "dmean": [
                0.363090634346,
                1.69344770908,
                2.95961523056,
                3.95742511749,
                3.23708844185,
                4.82942962646,
                7.19676589966,
                13.4447774887,
                9.52364253998,
                9.67844009399,
                10.5341148376,
                14.4931020737,
                19.0982837677,
                18.0505199432,
                17.7703666687,
                13.6441984177,
                15.9283628464,
                29.6709213257,
                33.2651596069,
                32.6122016907,
                29.4306335449,
                19.4381790161,
                15.6593523026,
                9.17790699005,
                5.68303394318,
                7.05350971222,
                8.16028404236,
                5.29791641235,
                5.79148244858,
                5.47191572189,
                5.5292596817,
                4.99595832825,
                3.26898527145,
                1.76334428787,
                0.722378969193,
                0.268799573183,
                0.0509110502899,
                0.00820811837912,
                0.00105272931978,
                8.78442951944e-05
            ],
            "dmean2": [
                0.408456265926,
                2.37866330147,
                4.90244054794,
                7.30968141556,
                5.46201467514,
                7.37003231049,
                10.8662519455,
                21.1497116089,
                15.2652435303,
                15.1100521088,
                15.6297740936,
                21.9422340393,
                29.2069129944,
                26.8442459106,
                26.3028297424,
                20.3835525513,
                24.5319232941,
                45.5236549377,
                51.95079422,
                49.728263855,
                45.4684944153,
                29.7552280426,
                24.3061180115,
                14.1799316406,
                8.53256797791,
                10.6042318344,
                12.1659660339,
                8.39167785645,
                9.39022731781,
                8.43571281433,
                8.56934070587,
                7.67352390289,
                4.93500185013,
                2.54188680649,
                1.04402923584,
                0.387425869703,
                0.0731747895479,
                0.0114936931059,
                0.00145290873479,
                0.000121608572954
            ],
            "dvar": [
                1.0856127739,
                38.4446144104,
                204.631973267,
                444.426849365,
                147.330154419,
                143.201461792,
                230.858276367,
                916.637817383,
                624.669616699,
                802.336242676,
                806.624206543,
                1620.6217041,
                2448.13671875,
                2615.65136719,
                1821.01281738,
                1191.11608887,
                1604.46716309,
                6512.79833984,
                4171.17480469,
                6741.35888672,
                4983.35205078,
                2351.83447266,
                997.084289551,
                378.188232422,
                141.325149536,
                216.202178955,
                252.213317871,
                127.148910522,
                192.089309692,
                119.933013916,
                111.46787262,
                69.2445755005,
                29.0117607117,
                10.4566698074,
                3.42512345314,
                0.509640038013,
                0.0168917980045,
                0.000431673426647,
                7.549228485e-06,
                4.24128820953e-08
            ],
            "dvar2": [
                1.46812057495,
                61.5405197144,
                534.411987305,
                1280.28112793,
                417.236450195,
                364.200408936,
                567.666015625,
                2256.25585938,
                1550.71557617,
                1887.2869873,
                1728.59985352,
                3838.89306641,
                5657.21044922,
                5207.41992188,
                3859.28833008,
                2519.3137207,
                3689.74487305,
                16019.1396484,
                10279.3554688,
                14146.7705078,
                12028.1738281,
                5354.32421875,
                2042.74951172,
                817.786743164,
                284.671234131,
                446.26953125,
                512.795471191,
                263.063659668,
                445.781890869,
                272.509490967,
                259.507446289,
                158.921005249,
                63.5572967529,
                21.1331176758,
                6.93606376648,
                1.02068448067,
                0.0334652028978,
                0.000862662971485,
                1.57150607265e-05,
                8.74305214893e-08
            ],
            "max": [
                15.1970968246,
                74.3567581177,
                150.55632019,
                221.448303223,
                209.66645813,
                223.288040161,
                243.207550049,
                454.458679199,
                433.360015869,
                687.125,
                503.135742188,
                1136.50732422,
                1034.31054688,
                1728.2598877,
                825.516845703,
                824.200317383,
                1253.48217773,
                1915.8572998,
                1093.30163574,
                3639.41357422,
                1546.50732422,
                1256.42504883,
                424.809173584,
                409.285369873,
                197.197280884,
                223.235198975,
                238.918762207,
                128.146987915,
                201.735412598,
                212.098892212,
                154.508621216,
                132.68359375,
                78.9376907349,
                59.3863105774,
                33.6153297424,
                19.640504837,
                4.57745552063,
                0.714983284473,
                0.0568494871259,
                0.00206935731694
            ],
            "mean": [
                0.734105467796,
                3.99479007721,
                2.94521737099,
                2.98696804047,
                4.04601049423,
                8.32618808746,
                12.9908256531,
                19.8463306427,
                13.2137861252,
                15.3305644989,
                19.3277549744,
                25.0521850586,
                34.9397659302,
                36.26953125,
                30.418050766,
                21.9903869629,
                24.9272098541,
                44.1396713257,
                49.4239730835,
                51.6577644348,
                48.3686332703,
                31.6659660339,
                26.5261383057,
                16.0468540192,
                10.1864519119,
                11.901304245,
                14.6297912598,
                8.38923931122,
                8.07217121124,
                8.88015365601,
                10.3169603348,
                10.6933097839,
                7.10936403275,
                3.69907689095,
                1.33596241474,
                0.457000404596,
                0.0887784808874,
                0.0128727238625,
                0.00143869756721,
                0.000142929391586
            ],
            "median": [
                0.114356189966,
                0.827492892742,
                0.434759199619,
                0.467129558325,
                1.02645123005,
                3.36142277718,
                5.6251244545,
                5.90860319138,
                3.67123675346,
                2.77333021164,
                3.86868691444,
                6.50991487503,
                8.63813972473,
                7.36256170273,
                7.83147668839,
                6.42082834244,
                7.68511199951,
                10.1917047501,
                14.9818000793,
                13.391037941,
                11.8180437088,
                9.18317508698,
                8.95924949646,
                6.71163320541,
                4.53556632996,
                4.84333515167,
                4.9492225647,
                3.21354818344,
                2.45442032814,
                3.20599532127,
                4.93481111526,
                5.11231946945,
                3.21746754646,
                1.39488899708,
                0.347828567028,
                0.0912868827581,
                0.0211351271719,
                0.0021174447611,
                0.000170899642399,
                5.42727975699e-05
            ],
            "min": [
                2.1067441766e-22,
                1.09625230781e-21,
                4.46452317932e-21,
                1.06956189959e-20,
                1.82510729785e-20,
                4.15223600245e-20,
                7.45122033966e-20,
                1.13028181947e-19,
                1.81132766438e-19,
                1.46233680352e-19,
                2.86917935222e-19,
                6.89690993833e-19,
                6.32702540627e-19,
                7.1625439994e-19,
                1.12855456295e-18,
                1.50982961104e-18,
                1.6544170598e-18,
                2.59404253687e-18,
                3.08080151782e-18,
                3.56734088232e-18,
                5.52641517916e-18,
                5.89942979485e-18,
                5.45018386827e-18,
                7.13901040078e-18,
                7.97455877241e-18,
                1.01979979251e-17,
                1.17977007097e-17,
                1.03966726461e-17,
                1.13738194494e-17,
                1.2934002853e-17,
                1.1837015777e-17,
                1.32561185641e-17,
                1.15147271852e-17,
                8.7413229402e-18,
                7.03778665486e-18,
                4.39868055899e-18,
                2.40260378501e-18,
                1.04654270715e-18,
                2.58618070213e-19,
                3.13258629411e-20
            ],
            "var": [
                3.15476417542,
                86.3751831055,
                161.821624756,
                255.218338013,
                123.761802673,
                215.251663208,
                417.200683594,
                1260.98059082,
                835.232177734,
                1396.50500488,
                2150.7668457,
                2854.34863281,
                6065.25878906,
                12425.0947266,
                4335.97070313,
                2385.95141602,
                2767.3112793,
                11024.7119141,
                7343.77685547,
                12923.1640625,
                10541.9736328,
                4918.68457031,
                2004.52062988,
                748.581481934,
                307.176269531,
                388.310516357,
                602.955322266,
                211.873733521,
                273.072296143,
                234.637420654,
                210.868881226,
                198.033706665,
                88.0052032471,
                33.7045707703,
                8.55410766602,
                1.32792496681,
                0.042089689523,
                0.000917363387998,
                1.1750570593e-05,
                6.42181845478e-08
            ]
        },
        "erbbands_crest": {
            "dmean": 3.1125690937,
            "dmean2": 4.95128536224,
            "dvar": 8.92150783539,
            "dvar2": 22.1139373779,
            "max": 33.0841560364,
            "mean": 10.1574716568,
            "median": 9.0675983429,
            "min": 2.59402680397,
            "var": 25.0617580414
        },
        "erbbands_flatness_db": {
            "dmean": 0.0200873054564,
            "dmean2": 0.0282917097211,
            "dvar": 0.000508252589498,
            "dvar2": 0.000912740884814,
            "max": 0.521400511265,
            "mean": 0.170878171921,
            "median": 0.152883738279,
            "min": 0.0402819886804,
            "var": 0.00573248229921
        },
        "erbbands_kurtosis": {
            "dmean": 1.51563072205,
            "dmean2": 2.3216445446,
            "dvar": 11.1682758331,
            "dvar2": 21.5715236664,
            "max": 115.205070496,
            "mean": 1.34721207619,
            "median": 0.0459018759429,
            "min": -1.89324784279,
            "var": 33.2678527832
        },
        "erbbands_skewness": {
            "dmean": 0.453010082245,
            "dmean2": 0.664330482483,
            "dvar": 0.267773598433,
            "dvar2": 0.545317769051,
            "max": 8.69549274445,
            "mean": 0.257803142071,
            "median": 0.145229786634,
            "min": -4.53928089142,
            "var": 1.1162084341
        },
        "erbbands_spread": {
            "dmean": 10.7678403854,
            "dmean2": 15.8699169159,
            "dvar": 163.680282593,
            "dvar2": 328.682128906,
            "max": 183.786712646,
            "mean": 42.7770957947,
            "median": 36.7527008057,
            "min": 0.630190432072,
            "var": 679.026794434
        },
        "gfcc": {
            "cov": [
                [
                    28831.265625,
                    -3093.51171875,
                    -620.060852051,
                    2554.98168945,
                    -445.583374023,
                    2274.75732422,
                    889.95916748,
                    1776.05639648,
                    243.188095093,
                    1001.78692627,
                    483.623077393,
                    389.642608643,
                    223.743667603
                ],
                [
                    -3093.51171875,
                    2913.92358398,
                    -218.813827515,
                    -508.73425293,
                    605.880859375,
                    -547.289489746,
                    147.540893555,
                    -416.785644531,
                    109.529312134,
                    -296.358764648,
                    85.5320053101,
                    -236.504776001,
                    57.5685539246
                ],
                [
                    -620.060852051,
                    -218.813827515,
                    1822.91345215,
                    577.20300293,
                    196.56086731,
                    569.412841797,
                    380.80557251,
                    247.760925293,
                    132.208297729,
                    213.313369751,
                    58.9960021973,
                    203.234436035,
                    -62.9703979492
                ],
                [
                    2554.98168945,
                    -508.73425293,
                    577.20300293,
                    1072.5378418,
                    108.486381531,
                    454.04864502,
                    361.629974365,
                    288.636352539,
                    196.438323975,
                    206.092605591,
                    142.250274658,
                    129.715789795,
                    70.7548828125
                ],
                [
                    -445.583374023,
                    605.880859375,
                    196.56086731,
                    108.486381531,
                    686.686401367,
                    91.706451416,
                    259.226867676,
                    81.2763290405,
                    175.960784912,
                    89.2010498047,
                    84.4662628174,
                    69.9743041992,
                    75.1929931641
                ],
                [
                    2274.75732422,
                    -547.289489746,
                    569.412841797,
                    454.04864502,
                    91.706451416,
                    789.34362793,
                    394.828369141,
                    359.94052124,
                    115.370445251,
                    252.101593018,
                    130.57170105,
                    140.494857788,
                    33.0420799255
                ],
                [
                    889.95916748,
                    147.540893555,
                    380.80557251,
                    361.629974365,
                    259.226867676,
                    394.828369141,
                    648.73638916,
                    194.393127441,
                    134.579849243,
                    154.476821899,
                    168.193725586,
                    80.8811569214,
                    51.0262947083
                ],
                [
                    1776.05639648,
                    -416.785644531,
                    247.760925293,
                    288.636352539,
                    81.2763290405,
                    359.94052124,
                    194.393127441,
                    422.398681641,
                    116.715049744,
                    179.51461792,
                    78.2614059448,
                    100.776329041,
                    43.7811813354
                ],
                [
                    243.188095093,
                    109.529312134,
                    132.208297729,
                    196.438323975,
                    175.960784912,
                    115.370445251,
                    134.579849243,
                    116.715049744,
                    248.598770142,
                    89.3684768677,
                    53.7950553894,
                    62.7412719727,
                    45.9217376709
                ],
                [
                    1001.78692627,
                    -296.358764648,
                    213.313369751,
                    206.092605591,
                    89.2010498047,
                    252.101593018,
                    154.476821899,
                    179.51461792,
                    89.3684768677,
                    248.732116699,
                    93.7153396606,
                    88.3694763184,
                    22.2722568512
                ],
                [
                    483.623077393,
                    85.5320053101,
                    58.9960021973,
                    142.250274658,
                    84.4662628174,
                    130.57170105,
                    168.193725586,
                    78.2614059448,
                    53.7950553894,
                    93.7153396606,
                    193.040283203,
                    39.6615104675,
                    47.5157241821
                ],
                [
                    389.642608643,
                    -236.504776001,
                    203.234436035,
                    129.715789795,
                    69.9743041992,
                    140.494857788,
                    80.8811569214,
                    100.776329041,
                    62.7412719727,
                    88.3694763184,
                    39.6615104675,
                    194.498672485,
                    42.0357551575
                ],
                [
                    223.743667603,
                    57.5685539246,
                    -62.9703979492,
                    70.7548828125,
                    75.1929931641,
                    33.0420799255,
                    51.0262947083,
                    43.7811813354,
                    45.9217376709,
                    22.2722568512,
                    47.5157241821,
                    42.0357551575,
                    123.598167419
                ]
            ],
            "icov": [
                [
                    8.29605196486e-05,
                    -5.97320686211e-05,
                    0.000178966278327,
                    -0.000211533741094,
                    8.7938606157e-05,
                    -0.000196136999875,
                    4.77466819575e-05,
                    -0.000225606621825,
                    0.000165939156432,
                    -0.000145852405694,
                    8.11730133137e-05,
                    -0.000107194529846,
                    0.000118934396596
                ],
                [
                    -5.97320686211e-05,
                    0.00100132217631,
                    -0.000349012116203,
                    0.000588378752582,
                    -0.000778341724072,
                    0.000538833264727,
                    -0.000425031670602,
                    0.000662268954329,
                    -0.000806125113741,
                    0.00105532002635,
                    -0.000933456351049,
                    0.00111589347944,
                    -0.000513865379617
                ],
                [
                    0.000178966278327,
                    -0.000349012116203,
                    0.00134173827246,
                    -0.000862862041686,
                    0.000152346110553,
                    -0.000931877351832,
                    5.5050910305e-05,
                    -0.000467639561975,
                    0.000552239711396,
                    -0.00054174818797,
                    0.000647443637718,
                    -0.0011257607257,
                    0.00134189869277
                ],
                [
                    -0.000211533741094,
                    0.000588378752582,
                    -0.000862862041686,
                    0.00229633762501,
                    -0.000245632400038,
                    0.000441806274466,
                    -0.000604731030762,
                    0.000549476884771,
                    -0.00142206531018,
                    0.000653633382171,
                    -0.000866669637617,
                    0.000820323068183,
                    -0.00109418458305
                ],
                [
                    8.7938606157e-05,
                    -0.000778341724072,
                    0.000152346110553,
                    -0.000245632400038,
                    0.00276174931787,
                    -0.000119866803288,
                    -0.000427749881055,
                    -0.00053414440481,
                    -0.000468204321805,
                    -0.00115046952851,
                    0.000710638181772,
                    -0.000948569388129,
                    -0.000430060114013
                ],
                [
                    -0.000196136999875,
                    0.000538833264727,
                    -0.000931877351832,
                    0.000441806274466,
                    -0.000119866803288,
                    0.0038604864385,
                    -0.00134419789538,
                    -0.000730287341867,
                    -0.000268412841251,
                    -0.000447308208095,
                    -0.000547440664377,
                    0.000434229848906,
                    -0.000525992771145
                ],
                [
                    4.77466819575e-05,
                    -0.000425031670602,
                    5.5050910305e-05,
                    -0.000604731030762,
                    -0.000427749881055,
                    -0.00134419789538,
                    0.00323737412691,
                    -0.000267441675533,
                    0.000172318395926,
                    -0.000145598227391,
                    -0.00113912543748,
                    -0.000176622910658,
                    0.000323765183566
                ],
                [
                    -0.000225606621825,
                    0.000662268954329,
                    -0.000467639561975,
                    0.000549476884771,
                    -0.00053414440481,
                    -0.000730287341867,
                    -0.000267441675533,
                    0.00546537339687,
                    -0.00159746664576,
                    -0.000559882144444,
                    -0.000355392723577,
                    0.000454505527159,
                    -0.00108176132198
                ],
                [
                    0.000165939156432,
                    -0.000806125113741,
                    0.000552239711396,
                    -0.00142206531018,
                    -0.000468204321805,
                    -0.000268412841251,
                    0.000172318395926,
                    -0.00159746664576,
                    0.00697828270495,
                    -0.00178479147144,
                    0.000951730238739,
                    -0.00142922950909,
                    -0.00012907711789
                ],
                [
                    -0.000145852405694,
                    0.00105532002635,
                    -0.00054174818797,
                    0.000653633382171,
                    -0.00115046952851,
                    -0.000447308208095,
                    -0.000145598227391,
                    -0.000559882144444,
                    -0.00178479147144,
                    0.00902964640409,
                    -0.00324006937444,
                    -0.000191073384485,
                    0.000546801020391
                ],
                [
                    8.11730133137e-05,
                    -0.000933456351049,
                    0.000647443637718,
                    -0.000866669637617,
                    0.000710638181772,
                    -0.000547440664377,
                    -0.00113912543748,
                    -0.000355392723577,
                    0.000951730238739,
                    -0.00324006937444,
                    0.00888176355511,
                    -0.000932750932407,
                    -0.00144298956729
                ],
                [
                    -0.000107194529846,
                    0.00111589347944,
                    -0.0011257607257,
                    0.000820323068183,
                    -0.000948569388129,
                    0.000434229848906,
                    -0.000176622910658,
                    0.000454505527159,
                    -0.00142922950909,
                    -0.000191073384485,
                    -0.000932750932407,
                    0.00859306659549,
                    -0.00299440976232
                ],
                [
                    0.000118934396596,
                    -0.000513865379617,
                    0.00134189869277,
                    -0.00109418458305,
                    -0.000430060114013,
                    -0.000525992771145,
                    0.000323765183566,
                    -0.00108176132198,
                    -0.00012907711789,
                    0.000546801020391,
                    -0.00144298956729,
                    -0.00299440976232,
                    0.0115991532803
                ]
            ],
            "mean": [
                -34.4247894287,
                70.9917449951,
                -114.849662781,
                23.0695056915,
                -59.9845352173,
                17.3502502441,
                -48.6813392639,
                6.36128091812,
                -18.3427886963,
                -1.42794966698,
                -9.91798782349,
                0.525652348995,
                0.321281313896
            ]
        },
        "hfc": {
            "dmean": 9.60483551025,
            "dmean2": 14.0495071411,
            "dvar": 240.266082764,
            "dvar2": 477.26965332,
            "max": 186.616622925,
            "mean": 30.5589771271,
            "median": 26.184633255,
            "min": 1.0882421226e-16,
            "var": 755.902160645
        },
        "melbands": {
            "dmean": [
                0.00269819470122,
                0.00152166082989,
                0.000651417882182,
                0.000269984506303,
                0.000252782163443,
                0.000285239279037,
                0.000142687480547,
                0.000107894127723,
                8.7228778284e-05,
                0.000102769721707,
                9.90369808278e-05,
                7.57278248784e-05,
                6.23639643891e-05,
                5.65482441743e-05,
                2.83306562778e-05,
                4.97058390465e-05,
                5.71900782234e-05,
                5.19593741046e-05,
                6.6243163019e-05,
                3.91995090467e-05,
                3.40064107149e-05,
                2.16499320231e-05,
                1.5455934772e-05,
                1.53729433805e-05,
                7.26371308701e-06,
                4.4381022235e-06,
                4.79297477796e-06,
