{
    "lowlevel": {
        "average_loudness": 0.962678551674,
        "barkbands": {
            "dmean": [
                0.0053452719003,
                0.0372095182538,
                0.00722262822092,
                0.00236315932125,
                0.00227360869758,
                0.000917718163691,
                0.00112109608017,
                0.000539822736755,
                0.000325184722897,
                0.000191991275642,
                0.000154682551511,
                0.000331083429046,
                0.000153997403686,
                0.000140490257763,
                0.000133575871587,
                5.82306820434e-05,
                0.000109401014925,
                0.000110963810585,
                0.000101989360701,
                0.000129605454276,
                0.000210043072002,
                0.000161302115885,
                0.000298614730127,
                0.000207595236134,
                0.000246965064434,
                0.000296261918265,
                6.90564338583e-05
            ],
            "dmean2": [
                0.0092639727518,
                0.0590887740254,
                0.0129860462621,
                0.00447195861489,
                0.0041262274608,
                0.00153811706696,
                0.00187598960474,
                0.000829826341942,
                0.000491264159791,
                0.000268766278168,
                0.000223663111683,
                0.000504309136886,
                0.000224958130275,
                0.000199655361939,
                0.000213456209167,
                8.31706784084e-05,
                0.000162008800544,
                0.000165132529219,
                0.000160808092915,
                0.000219454363105,
                0.00034627885907,
                0.000260786589934,
                0.000504058669321,
                0.000347884255461,
                0.000425057514803,
                0.000518557615578,
                0.000120998811326
            ],
            "dvar": [
                4.55205990875e-05,
                0.00369178154506,
                0.000475270295283,
                7.92106875451e-05,
                5.53884237888e-05,
                4.99186262459e-06,
                5.56339273317e-06,
                2.1945422759e-06,
                1.02346530184e-06,
                7.32376975066e-07,
                2.34270146393e-07,
                9.58266241469e-07,
                1.7623756321e-07,
                1.30454921532e-07,
                1.72897600237e-07,
                2.32086101448e-08,
                8.62735518581e-08,
                1.36524903382e-07,
                1.20940669035e-07,
                2.15098012291e-07,
                4.24458960424e-07,
                1.28216655071e-07,
                2.93826843745e-07,
                1.19204948135e-07,
                1.5762080352e-07,
                2.45468726234e-07,
                1.34898918702e-08
            ],
            "dvar2": [
                0.000136824848596,
                0.00861936807632,
                0.00138192740269,
                0.000229896613746,
                0.000156781214173,
                1.31778815557e-05,
                1.41959071698e-05,
                4.68718599222e-06,
                2.122278147e-06,
                1.27118039472e-06,
                4.64661667365e-07,
                2.1110633952e-06,
                3.45238674981e-07,
                2.46696259865e-07,
                4.3300005359e-07,
                4.46039862823e-08,
                1.7922333484e-07,
                3.06771056557e-07,
                2.83606368612e-07,
                5.56311306354e-07,
                1.09550171601e-06,
                3.10890897026e-07,
                7.24617279957e-07,
                2.87572646585e-07,
                3.98431467374e-07,
                6.34147340861e-07,
                3.47824347102e-08
            ],
            "max": [
                0.0420932509005,
                0.400374680758,
                0.157934591174,
                0.0695741698146,
                0.0609612613916,
                0.0283762700856,
                0.0327747985721,
                0.0302703306079,
                0.0183700621128,
                0.0263462103903,
                0.0139353778213,
                0.013579312712,
                0.00882647465914,
                0.00636124331504,
                0.00368229369633,
                0.00181515899021,
                0.00316616566852,
                0.00300730578601,
                0.00276695517823,
                0.00358176440932,
                0.00577471125871,
                0.00392644898966,
                0.0037334386725,
                0.00438655354083,
                0.00280764536001,
                0.00266092503443,
                0.000576762249693
            ],
            "mean": [
                0.00762211484835,
                0.0922077447176,
                0.0109856799245,
                0.00152424932458,
                0.00188119686209,
                0.000971823465079,
                0.00118914723862,
                0.000675339950249,
                0.00042911033961,
                0.000271499127848,
                0.000196554436116,
                0.000321298808558,
                0.000181506504305,
                0.000158502603881,
                0.000116358649393,
                6.74936309224e-05,
                0.000120864053315,
                0.000106004001282,
                9.0160909167e-05,
                0.000102287696791,
                0.000195248387172,
                0.000166296667885,
                0.000251933874097,
                0.000204095005756,
                0.000204129712074,
                0.000212217913941,
                4.80934868392e-05
            ],
            "median": [
                0.00575103750452,
                0.0783085748553,
                0.00859181117266,
                0.000242757276283,
                0.000477003282867,
                0.00019360150327,
                8.63739624037e-05,
                5.34283244633e-05,
                3.38851787092e-05,
                1.78776917892e-05,
                9.7264392025e-06,
                8.08657114248e-06,
                6.70004646963e-06,
                5.12892620463e-06,
                3.68051428268e-06,
                4.0181012082e-06,
                5.74196656089e-06,
                6.64576236886e-06,
                5.43888336324e-06,
                4.15055501435e-06,
                1.39091880555e-05,
                2.25765088544e-05,
                3.07885857183e-05,
                3.72822360077e-05,
                2.1535455744e-05,
                1.31601773319e-05,
                2.04581692742e-06
            ],
            "min": [
                4.23740185114e-24,
                3.35139540756e-23,
                8.87246454029e-24,
                1.60607800733e-24,
                3.49599455812e-23,
                2.92803994991e-23,
                9.90823023137e-24,
                5.03081306383e-23,
                7.17088446798e-23,
                1.24819331109e-23,
                5.11952552133e-23,
                4.69571662643e-23,
                7.36849980453e-23,
                7.44847389202e-23,
                9.01055479952e-23,
                1.26598013657e-22,
                1.19750814596e-22,
                1.82918807405e-22,
                1.41613028044e-22,
                2.94048091748e-22,
                3.65348571536e-22,
                4.50787231038e-22,
                5.79707095841e-22,
                7.4469388318e-22,
                1.08282112417e-21,
                1.5309369314e-21,
                2.1080869567e-21
            ],
            "var": [
                5.1436440117e-05,
                0.00541292596608,
                0.000294096535072,
                4.35005167674e-05,
                3.33342395606e-05,
                4.61769423055e-06,
                6.65916513753e-06,
                3.6200735849e-06,
                1.81326572601e-06,
                1.57011936608e-06,
                4.40902368837e-07,
                1.1209343711e-06,
                3.59039034947e-07,
                2.29422482789e-07,
                1.50586799919e-07,
                3.43199459962e-08,
                1.04789172894e-07,
                1.37604232009e-07,
                1.09184938424e-07,
                1.60232957569e-07,
                3.4687153061e-07,
                1.34427637022e-07,
                2.66191648279e-07,
                1.39841120017e-07,
                1.45249885009e-07,
                1.8869391738e-07,
                1.02272341707e-08
            ]
        },
        "barkbands_crest": {
            "dmean": 2.74516367912,
            "dmean2": 4.44594907761,
            "dvar": 13.624920845,
            "dvar2": 36.0419006348,
            "max": 26.4595603943,
            "mean": 19.4022769928,
            "median": 20.8504371643,
            "min": 2.53716158867,
            "var": 24.3365364075
        },
        "barkbands_flatness_db": {
            "dmean": 0.0677115619183,
            "dmean2": 0.086689516902,
            "dvar": 0.0049823471345,
            "dvar2": 0.00733565725386,
            "max": 0.750967025757,
            "mean": 0.334852963686,
            "median": 0.318975359201,
            "min": 0.0222482308745,
            "var": 0.0241253059357
        },
        "barkbands_kurtosis": {
            "dmean": 95.1730651855,
            "dmean2": 157.52746582,
            "dvar": 22457.7265625,
            "dvar2": 56591.4179688,
            "max": 1382.24926758,
            "mean": 114.775497437,
            "median": 46.1961975098,
            "min": -1.80985474586,
            "var": 26067.3378906
        },
        "barkbands_skewness": {
            "dmean": 3.30230522156,
            "dmean2": 5.28616952896,
            "dvar": 14.5075330734,
            "dvar2": 36.2477989197,
            "max": 30.1764984131,
            "mean": 6.49172687531,
            "median": 5.36370420456,
            "min": -6.50523614883,
            "var": 25.2789268494
        },
        "barkbands_spread": {
            "dmean": 7.3185839653,
            "dmean2": 11.4245386124,
            "dvar": 141.029281616,
            "dvar2": 301.663513184,
            "max": 102.245300293,
            "mean": 9.45351791382,
            "median": 3.32991695404,
            "min": 0.0891069471836,
            "var": 208.349349976
        },
        "dissonance": {
            "dmean": 0.0309036523104,
            "dmean2": 0.0489245131612,
            "dvar": 0.00107671681326,
            "dvar2": 0.00253055617213,
            "max": 0.5,
            "mean": 0.433495044708,
            "median": 0.449164569378,
            "min": 0.179315805435,
            "var": 0.00309987133369
        },
        "dynamic_complexity": 2.5832657814,
        "erbbands": {
            "dmean": [
                1.63217294216,
                7.37446641922,
                9.77123737335,
                7.48899888992,
                7.69290828705,
                7.67331123352,
                7.63339805603,
                7.18195962906,
                15.8144226074,
                12.979716301,
                10.7214765549,
                7.5293841362,
                5.78079605103,
                5.69126653671,
                6.90555429459,
                14.3995656967,
                7.30985832214,
                7.98149442673,
                5.30961418152,
                6.10102891922,
                3.57155323029,
                6.37824487686,
                5.42640638351,
                4.54178237915,
                5.88751077652,
                5.6509642601,
                7.81516885757,
                8.36856365204,
                5.47811126709,
                8.3292388916,
                7.39988136292,
                5.84339904785,
                2.71769094467,
                2.25955915451,
                1.97082483768,
                1.45639824867,
                0.529776394367,
                0.095084913075,
                0.0119428345934,
                0.000546747585759
            ],
            "dmean2": [
                2.7303416729,
                11.0419101715,
                16.3030128479,
                13.9332504272,
                14.5050783157,
                13.6773748398,
                13.4228725433,
                11.5593147278,
                26.4632873535,
                20.6709365845,
                16.0453090668,
                11.4374303818,
                8.26911067963,
                7.76115560532,
                9.63652706146,
                22.0974025726,
                10.3010168076,
                11.2161655426,
                7.60293912888,
                9.58016014099,
                5.07955360413,
                9.48925113678,
                7.83577919006,
                7.19903564453,
                9.40586853027,
                9.40955638885,
                12.9801273346,
                13.6789064407,
                8.79699516296,
                14.0498914719,
                12.3995990753,
                9.86200237274,
                4.51538896561,
                3.86999106407,
                3.41430091858,
                2.54151439667,
                0.931047737598,
                0.166583135724,
                0.0208227802068,
                0.000916706689168
            ],
            "dvar": [
                5.06089878082,
                212.247207642,
                666.751708984,
                693.894226074,
                831.13482666,
                540.082763672,
                548.50579834,
                242.995788574,
                1172.78723145,
                892.770202637,
                989.438110352,
                600.070983887,
                602.382202148,
                417.709106445,
                413.500579834,
                1944.07519531,
                365.762298584,
                418.596160889,
                185.49206543,
                355.918640137,
                94.3251495361,
                310.118560791,
                282.955322266,
                251.585968018,
                428.044769287,
                396.051940918,
                693.103393555,
                565.757080078,
                137.778839111,
                262.512298584,
                180.989578247,
                104.159240723,
                21.1807174683,
                13.8333625793,
                10.0427350998,
                5.85588693619,
                0.796123445034,
                0.0251383893192,
                0.000396643939894,
                7.2671076623e-07
            ],
            "dvar2": [
                14.4224119186,
                495.510070801,
                1826.45910645,
                2008.9395752,
                2406.6640625,
                1497.25927734,
                1516.86755371,
                578.090393066,
                2941.03271484,
                2045.23950195,
                2031.00744629,
                1309.61669922,
                1122.70654297,
                781.241027832,
                777.74786377,
                4432.23632812,
                682.053710938,
                808.286987305,
                369.770751953,
                872.948425293,
                195.64881897,
                645.527038574,
                587.447265625,
                616.061889648,
                1040.27722168,
                995.828491211,
                1791.35717773,
                1455.8762207,
                330.794158936,
                639.482849121,
                443.72769165,
                256.235443115,
                50.4247550964,
                34.8287391663,
                25.5578708649,
                15.0873994827,
                2.06322598457,
                0.0645997747779,
                0.00101596000604,
                1.83080862826e-06
            ],
            "max": [
                15.5861196518,
                93.9415740967,
                179.217651367,
                192.370758057,
                222.766937256,
                183.309143066,
                309.116973877,
                244.795059204,
                554.116760254,
                502.112365723,
                800.423828125,
                547.277404785,
                868.889221191,
                655.32421875,
                673.395080566,
                542.465087891,
                413.062530518,
                325.268371582,
                204.068618774,
                169.532928467,
                116.54536438,
                187.056884766,
                138.149688721,
                121.327148438,
                177.289978027,
                154.376068115,
                223.004699707,
                207.259140015,
                148.108474731,
                129.506515503,
                111.07169342,
                93.0741958618,
                69.3041610718,
                34.4086952209,
                20.6034851074,
                14.1419095993,
                5.69842481613,
                0.913296043873,
                0.0966231673956,
                0.00463942578062
            ],
            "mean": [
                3.75828433037,
                16.0843429565,
                17.3744869232,
                6.98257064819,
                5.15041303635,
                6.74578380585,
                6.92642259598,
                8.84139442444,
                17.423084259,
                14.8804273605,
                13.8925046921,
                9.87296676636,
                8.61882781982,
                7.93179750443,
                8.79369544983,
                13.6586112976,
                8.92786312103,
                9.0528421402,
                5.89838838577,
                5.64519309998,
                3.97401118279,
                7.04666757584,
                5.73870801926,
                3.99199581146,
                5.01380109787,
                4.62224388123,
                6.7852230072,
                8.24830722809,
                5.73563623428,
                7.0865778923,
                6.48356819153,
                5.52674007416,
                2.66774177551,
                1.97609293461,
                1.55486917496,
                1.05378472805,
                0.374804913998,
                0.067913711071,
                0.00842441804707,
                0.000506967306137
            ],
            "median": [
                3.52604460716,
                12.5644874573,
                14.1849145889,
                2.9711766243,
                0.907693505287,
                1.62998425961,
                1.79706799984,
                1.65085303783,
                1.36693227291,
                1.34322547913,
                1.18091452122,
                0.840597689152,
                0.627846717834,
                0.547453045845,
                0.413073062897,
                0.315602451563,
                0.323100119829,
                0.311464697123,
                0.240688562393,
                0.198353976011,
                0.252575010061,
                0.356653034687,
                0.38894957304,
                0.37107899785,
                0.205642938614,
                0.214503481984,
                0.398585826159,
                0.680105865002,
                0.821508169174,
                0.897612571716,
                0.853860318661,
                0.921096265316,
                0.457399666309,
                0.233285576105,
                0.147920921445,
                0.0608561784029,
                0.0216513946652,
                0.00394522491843,
                0.00039602079778,
                0.000168056183611
            ],
            "min": [
                5.68989694692e-22,
                6.22095800734e-21,
                8.88604023693e-21,
                1.09106916097e-20,
                4.90110102869e-20,
                1.55680328517e-19,
                1.00995941671e-19,
                2.83023077759e-19,
                1.30179759024e-19,
                2.95835226568e-19,
                1.38040955278e-18,
                2.01265305987e-18,
                7.95256403992e-19,
                9.60509719587e-19,
                2.29331833684e-18,
                1.79885065296e-18,
                3.4738525159e-18,
                3.97566494322e-18,
                6.76957003252e-18,
                7.0495946581e-18,
                6.05478961673e-18,
                6.93611126833e-18,
                9.36558125924e-18,
                1.01718796972e-17,
                8.19308169227e-18,
                1.30308723202e-17,
                1.2046553861e-17,
                1.43428304026e-17,
                1.38409013428e-17,
                1.60804059973e-17,
                1.50480961733e-17,
                1.48549974768e-17,
                1.28207734077e-17,
                1.04135686373e-17,
                7.54683939409e-18,
                4.53918918015e-18,
                3.0436875781e-18,
                1.27319153916e-18,
                2.63505983851e-19,
                3.39710346749e-20
            ],
            "var": [
                8.47819232941,
                248.583389282,
                488.856842041,
                389.346679688,
                459.283599854,
                350.19241333,
                372.282592773,
                342.462799072,
                1529.02807617,
                1276.2253418,
                1682.4017334,
                928.685668945,
                1240.3684082,
                874.708740234,
                799.559997559,
                2080.81274414,
                777.039733887,
                727.151367188,
                268.158233643,
                328.046630859,
                121.765647888,
                369.191894531,
                324.971618652,
                216.659469604,
                363.234100342,
                310.964813232,
                538.261230469,
                498.001800537,
                150.468521118,
                237.213500977,
                173.11076355,
                108.788528442,
                26.0734977722,
                14.0422077179,
                8.74263954163,
                4.56340646744,
                0.603912055492,
                0.019392952323,
                0.000305667461362,
                6.17961859462e-07
            ]
        },
        "erbbands_crest": {
            "dmean": 3.38127160072,
            "dmean2": 5.30824613571,
            "dvar": 10.3461742401,
            "dvar2": 23.1444950104,
            "max": 29.680398941,
            "mean": 11.6594724655,
            "median": 11.349319458,
            "min": 2.26460003853,
            "var": 22.2486782074
        },
        "erbbands_flatness_db": {
            "dmean": 0.039083879441,
            "dmean2": 0.0542754046619,
            "dvar": 0.00209187786095,
            "dvar2": 0.00348978932016,
            "max": 0.446622282267,
            "mean": 0.177471980453,
            "median": 0.15829013288,
            "min": 0.0389029793441,
            "var": 0.00693073356524
        },
        "erbbands_kurtosis": {
            "dmean": 7.50302934647,
            "dmean2": 12.155043602,
            "dvar": 191.106903076,
            "dvar2": 424.845092773,
            "max": 127.966705322,
            "mean": 9.21730804443,
            "median": 2.13225221634,
            "min": -1.94938063622,
            "var": 300.492126465
        },
        "erbbands_skewness": {
            "dmean": 1.07017147541,
            "dmean2": 1.59666740894,
            "dvar": 1.62292277813,
            "dvar2": 3.35575318336,
            "max": 9.10448169708,
            "mean": 1.71972477436,
            "median": 1.45825016499,
            "min": -6.33871364594,
            "var": 3.82184576988
        },
        "erbbands_spread": {
            "dmean": 27.2702693939,
            "dmean2": 42.4474143982,
            "dvar": 1294.49890137,
            "dvar2": 2449.2253418,
            "max": 247.899963379,
            "mean": 55.6378822327,
            "median": 43.1424789429,
            "min": 1.45263898373,
            "var": 2350.47241211
        },
        "gfcc": {
            "cov": [
                [
                    17268.1582031,
                    -2793.10742188,
                    -1087.96313477,
                    -169.2550354,
                    -1527.37304688,
                    336.791381836,
                    -681.523681641,
                    601.92565918,
                    -60.3595733643,
                    823.010314941,
                    -451.441558838,
                    655.681274414,
                    -491.233551025
                ],
                [
                    -2793.10742188,
                    3839.6184082,
                    887.406005859,
                    -238.027282715,
                    998.110351562,
                    -312.932342529,
                    361.973754883,
                    -14.36739254,
                    344.084014893,
                    -305.692169189,
                    301.049285889,
                    -235.994873047,
                    342.460449219
                ],
                [
                    -1087.96313477,
                    887.406005859,
                    3427.24438477,
                    573.994506836,
                    354.031982422,
                    121.681892395,
                    175.249191284,
                    -32.2138175964,
                    172.296264648,
                    -32.4090881348,
                    -1.60526192188,
                    53.1449050903,
                    36.0984458923
                ],
                [
                    -169.2550354,
                    -238.027282715,
                    573.994506836,
                    807.635314941,
                    204.273895264,
                    39.7976760864,
                    -3.85479998589,
                    68.4375457764,
                    90.9982223511,
                    21.6747455597,
                    61.9158859253,
                    -4.32172346115,
                    101.181526184
                ],
                [
                    -1527.37304688,
                    998.110351562,
                    354.031982422,
                    204.273895264,
                    938.965637207,
                    34.1885719299,
                    123.270393372,
                    68.6079101562,
                    172.961395264,
                    -129.821380615,
                    129.089126587,
                    -94.9143981934,
                    150.448532104
                ],
                [
                    336.791381836,
                    -312.932342529,
                    121.681892395,
                    39.7976760864,
                    34.1885719299,
                    351.598602295,
                    135.536590576,
                    -0.0502541996539,
                    -26.1073818207,
                    22.2143383026,
                    -17.8709125519,
                    47.368598938,
                    -41.1794586182
                ],
                [
                    -681.523681641,
                    361.973754883,
                    175.249191284,
                    -3.85479998589,
                    123.270393372,
                    135.536590576,
                    383.038146973,
                    -11.6064949036,
                    1.64804267883,
                    -60.1704063416,
                    58.4797973633,
                    0.897754848003,
                    32.4498748779
                ],
                [
                    601.92565918,
                    -14.36739254,
                    -32.2138175964,
                    68.4375457764,
                    68.6079101562,
                    -0.0502541996539,
                    -11.6064949036,
                    207.492843628,
                    88.919708252,
                    13.7024812698,
                    7.49382257462,
                    24.7014560699,
                    16.3155384064
                ],
                [
                    -60.3595733643,
                    344.084014893,
                    172.296264648,
                    90.9982223511,
                    172.961395264,
                    -26.1073818207,
                    1.64804267883,
                    88.919708252,
                    201.375747681,
                    19.7374858856,
                    16.6012039185,
                    -30.93217659,
                    46.5203552246
                ],
                [
                    823.010314941,
                    -305.692169189,
                    -32.4090881348,
                    21.6747455597,
                    -129.821380615,
                    22.2143383026,
                    -60.1704063416,
                    13.7024812698,
                    19.7374858856,
                    175.150436401,
                    -20.3622493744,
                    22.092092514,
                    -40.6376190186
                ],
                [
                    -451.441558838,
                    301.049285889,
                    -1.60526192188,
                    61.9158859253,
                    129.089126587,
                    -17.8709125519,
                    58.4797973633,
                    7.49382257462,
                    16.6012039185,
                    -20.3622493744,
                    138.502609253,
                    -13.8092269897,
                    38.4059257507
                ],
                [
                    655.681274414,
                    -235.994873047,
                    53.1449050903,
                    -4.32172346115,
                    -94.9143981934,
                    47.368598938,
                    0.897754848003,
                    24.7014560699,
                    -30.93217659,
                    22.092092514,
                    -13.8092269897,
                    139.617324829,
                    -27.476108551
                ],
                [
                    -491.233551025,
                    342.460449219,
                    36.0984458923,
                    101.181526184,
                    150.448532104,
                    -41.1794586182,
                    32.4498748779,
                    16.3155384064,
                    46.5203552246,
                    -40.6376190186,
                    38.4059257507,
                    -27.476108551,
                    129.845184326
                ]
            ],
            "icov": [
                [
                    0.00013449715334,
                    -0.000127505598357,
                    6.62270613248e-05,
                    -0.000120495897136,
                    0.000126224083942,
                    -0.000177230773261,
                    0.000184703661944,
                    -0.000410608568927,
                    0.000179396854946,
                    -0.000465470657218,
                    0.00035198655678,
                    -0.0004485755926,
                    0.000314596865792
                ],
                [
                    -0.000127505598357,
                    0.00113565404899,
                    -0.000369329762179,
                    0.00106557318941,
                    -0.000512939004693,
                    0.000866698392201,
                    -0.000674022594467,
                    0.000759890244808,
                    -0.00132991094142,
                    0.00102684926242,
                    -0.00163222791161,
                    0.00094995170366,
                    -0.00178147410043
                ],
                [
                    6.62270613248e-05,
                    -0.000369329762179,
                    0.00051377521595,
                    -0.000644926796667,
                    7.07016079105e-05,
                    -0.000258243642747,
                    4.8842652177e-05,
                    4.35885376646e-05,
                    3.07811424136e-05,
                    -0.000290112191578,
                    0.000821846711915,
                    -0.000710552150849,
                    0.000907589914277
                ],
                [
                    -0.000120495897136,
                    0.00106557318941,
                    -0.000644926796667,
                    0.00275138253346,
                    -0.000510863552336,
                    0.000368549197447,
                    -0.00018228328554,
                    0.000240595269133,
                    -0.00116788735613,
                    0.000494744686875,
                    -0.00219296384603,
                    0.00102629105095,
                    -0.00306776491925
                ],
                [
                    0.000126224083942,
                    -0.000512939004693,
                    7.07016079105e-05,
                    -0.000510863552336,
                    0.00222066277638,
                    -0.00109934341162,
                    0.000490455771796,
                    -0.000700844917446,
                    -0.000603375781793,
                    0.000546614232007,
                    -0.000396925373934,
                    0.000202163952054,
                    -0.000199934220291
                ],
                [
                    -0.000177230773261,
                    0.000866698392201,
                    -0.000258243642747,
                    0.000368549197447,
                    -0.00109934341162,
                    0.00487012509257,
                    -0.00236064195633,
                    0.000773104722612,
                    -0.000307176291244,
                    5.27949232492e-05,
                    -6.1600265326e-05,
                    -0.000146956735989,
                    0.000253041798715
                ],
                [
                    0.000184703661944,
                    -0.000674022594467,
                    4.8842652177e-05,
                    -0.00018228328554,
                    0.000490455771796,
                    -0.00236064195633,
                    0.00430975342169,
                    -0.000630635186099,
                    0.000655424082652,
                    0.00016001543554,
                    -0.000557934574317,
                    -0.000725024263375,
                    0.000117050141853
                ],
                [
                    -0.000410608568927,
                    0.000759890244808,
                    4.35885376646e-05,
                    0.000240595269133,
                    -0.000700844917446,
                    0.000773104722612,
                    -0.000630635186099,
                    0.00814012344927,
                    -0.0043578306213,
                    0.00190346420277,
                    -0.00147089071106,
                    -0.000599863938987,
                    -0.00110003782902
                ],
                [
                    0.000179396854946,
                    -0.00132991094142,
                    3.07811424136e-05,
                    -0.00116788735613,
                    -0.000603375781793,
                    -0.000307176291244,
                    0.000655424082652,
                    -0.0043578306213,
                    0.0102800214663,
                    -0.00364302052185,
                    0.00260122306645,
                    0.000551314500626,
                    0.000597298610955
                ],
                [
                    -0.000465470657218,
                    0.00102684926242,
                    -0.000290112191578,
                    0.000494744686875,
                    0.000546614232007,
                    5.27949232492e-05,
                    0.00016001543554,
                    0.00190346420277,
                    -0.00364302052185,
                    0.00975375063717,
                    -0.00256499205716,
                    0.00140888919123,
                    -0.000255248130998
                ],
                [
                    0.00035198655678,
                    -0.00163222791161,
                    0.000821846711915,
                    -0.00219296384603,
                    -0.000396925373934,
                    -6.1600265326e-05,
                    -0.000557934574317,
                    -0.00147089071106,
                    0.00260122306645,
                    -0.00256499205716,
                    0.0120908627287,
                    -0.00218486483209,
                    0.00210825889371
                ],
                [
                    -0.0004485755926,
                    0.00094995170366,
                    -0.000710552150849,
                    0.00102629105095,
                    0.000202163952054,
                    -0.000146956735989,
                    -0.000725024263375,
                    -0.000599863938987,
                    0.000551314500626,
                    0.00140888919123,
                    -0.00218486483209,
                    0.0108341295272,
                    -0.0016467529349
                ],
                [
                    0.000314596865792,
                    -0.00178147410043,
                    0.000907589914277,
                    -0.00306776491925,
                    -0.000199934220291,
                    0.000253041798715,
                    0.000117050141853,
                    -0.00110003782902,
                    0.000597298610955,
                    -0.000255248130998,
                    0.00210825889371,
                    -0.0016467529349,
                    0.0148833990097
                ]
            ],
            "mean": [
                -74.5010757446,
                84.1304244995,
                -20.3439903259,
                45.7100334167,
                -38.7536697388,
                28.3216781616,
                -19.0952548981,
                14.0102558136,
                -4.57549524307,
                8.77815723419,
                -5.78773117065,
                6.2400097847,
                -8.41430854797
            ]
        },
        "hfc": {
            "dmean": 17.4742355347,
            "dmean2": 27.9066734314,
            "dvar": 734.38293457,
            "dvar2": 1741.80847168,
            "max": 181.447525024,
            "mean": 23.3812351227,
            "median": 12.9308519363,
            "min": 1.17402392849e-16,
            "var": 779.419494629
        },
        "melbands": {
            "dmean": [
                0.0118999229744,
                0.00634956825525,
                0.00134192570113,
                0.000562692701351,
                0.000270551245194,
                0.000169634018675,
                0.000235118757701,
                0.000134306741529,
                8.44219466671e-05,
                4.43895332864e-05,
                2.92933309538e-05,
                2.39956680161e-05,
                2.17790147872e-05,
                3.43937863363e-05,
                2.75321071967e-05,
                1.58168422786e-05,
                1.45916847032e-05,
                7.78569392423e-06,
                1.20936574604e-05,
                4.48618584414e-06,
                4.35808442489e-06,
                6.68853635943e-06,
                7.04458716427e-06,
                4.18323315898e-06,
                3.55946986019e-06,
                4.1520393097e-06,
                4.60686851511e-06,
                3.51722110281e-06,
