{
    "lowlevel": {
        "average_loudness": 0.850164532661,
        "barkbands": {
            "dmean": [
                0.000180332790478,
                0.00645788107067,
                0.00187238748185,
                0.00143137248233,
                0.00218303641304,
                0.000852173776366,
                0.000506936397869,
                0.000606154964771,
                0.000294322380796,
                0.000303376174998,
                0.000133971392643,
                0.000235011626501,
                0.000182514224434,
                0.000264173082542,
                0.000324962253217,
                0.000257213716395,
                0.000223084338359,
                0.000140387244755,
                0.000197957837372,
                0.000140831121826,
                0.00011107204773,
                9.62233389146e-05,
                7.78653920861e-05,
                9.85147926258e-05,
                7.9150631791e-05,
                2.29658471653e-05,
                1.05397748484e-05
            ],
            "dmean2": [
                0.000314536475344,
                0.0107557978481,
                0.00317792315036,
                0.002367365174,
                0.00362611259334,
                0.00126184069086,
                0.000742138538044,
                0.000863484630827,
                0.000424037192715,
                0.000449152692454,
                0.000201004077098,
                0.000361671845894,
                0.000287409435259,
                0.000420799478889,
                0.000517074251547,
                0.000407596933655,
                0.000361719430657,
                0.000235495055676,
                0.000325668632286,
                0.000238131120568,
                0.000189141312148,
                0.000153076922288,
                0.000116301838716,
                0.000146879523527,
                0.000117210583994,
                3.34244068654e-05,
                1.63825989148e-05
            ],
            "dvar": [
                2.2147590073e-07,
                0.000385960825952,
                2.26435549848e-05,
                1.02431613414e-05,
                3.07826121571e-05,
                2.09969516618e-06,
                1.10935036446e-06,
                1.29836701035e-06,
                5.83025496326e-07,
                3.00917491813e-07,
                1.3628694262e-07,
                2.23540311595e-07,
                1.51133093595e-07,
                4.48475475423e-07,
                4.86136741529e-07,
                3.51634554363e-07,
                1.75582954398e-07,
                7.57674243346e-08,
                1.46316040173e-07,
                1.2183875242e-07,
                9.24906444766e-08,
                6.4699555935e-08,
                4.13959071466e-08,
                1.34637957672e-07,
                7.26505859916e-08,
                4.39666436591e-09,
                3.48062756395e-09
            ],
            "dvar2": [
                6.06384503499e-07,
                0.00104160688352,
                6.42866652925e-05,
                2.68038129434e-05,
                8.17049512989e-05,
                4.94862797495e-06,
                2.59699277194e-06,
                2.77970502793e-06,
                1.34378581151e-06,
                6.48574484785e-07,
                3.13940489605e-07,
                5.17870262229e-07,
                3.45454765238e-07,
                1.09954623895e-06,
                1.18121181458e-06,
                8.76051501564e-07,
                4.37452968072e-07,
                1.98558922193e-07,
                3.76264040369e-07,
                3.34963345949e-07,
                2.6331079539e-07,
                1.71771660007e-07,
                9.86115082924e-08,
                3.11312220447e-07,
                1.68261550471e-07,
                9.3929077849e-09,
                9.14404552077e-09
            ],
            "max": [
                0.00602457532659,
                0.221608430147,
                0.0643928647041,
                0.0435997508466,
                0.0870157703757,
                0.0386750176549,
                0.0221838895231,
                0.0224334672093,
                0.0395824536681,
                0.011553876102,
                0.0155281340703,
                0.0136513179168,
                0.0112887751311,
                0.0132993981242,
                0.0137092890218,
                0.017274107784,
                0.0100938044488,
                0.00613268185407,
                0.00748323462903,
                0.00641266070306,
                0.00487375445664,
                0.00435386225581,
                0.00452341139317,
                0.00834622047842,
                0.0103868553415,
                0.00203748350032,
                0.00191580748651
            ],
            "mean": [
                0.000334893382387,
                0.0109646515921,
                0.00344891683199,
                0.00219745747745,
                0.00384240457788,
                0.00201811874285,
                0.00109836657066,
                0.00123498402536,
                0.000633712566923,
                0.000609217793681,
                0.000234780105529,
                0.000412220833823,
                0.000316971709253,
                0.00042767872219,
                0.000567759212572,
                0.000453465123428,
                0.000411275570514,
                0.00023650865478,
                0.000377210468287,
                0.000256892410107,
                0.00019211214385,
                0.00019223606796,
                0.000152547567268,
                0.000164558412507,
                0.000126932223793,
                3.51852031599e-05,
                1.15182028821e-05
            ],
            "median": [
                0.000122030432976,
                0.00819507986307,
                0.00172104430385,
                0.00106024451088,
                0.00222330586985,
                0.00111462466884,
                0.000506208045408,
                0.000491369981319,
                0.000278503168374,
                0.00026891939342,
                6.75401097396e-05,
                0.000177924448508,
                0.000131668130052,
                0.00011275010911,
                0.000188049889402,
                0.000126511251437,
                0.000153077533469,
                0.000101825607999,
                0.000144540303154,
                9.88801330095e-05,
                7.1615439083e-05,
                5.8307818108e-05,
                3.93140435335e-05,
                3.24023967551e-05,
                1.80839397217e-05,
                4.72264218843e-06,
                6.34806610833e-07
            ],
            "min": [
                2.37845063494e-25,
                3.84640333789e-24,
                1.67398887329e-24,
                1.42441260997e-24,
                2.95691040522e-24,
                4.41628592216e-24,
                5.87528377193e-24,
                5.80984263225e-24,
                1.23854964429e-23,
                2.10024560358e-23,
                1.4966540462e-23,
                6.29190685396e-24,
                3.05241239132e-23,
                2.70342442893e-23,
                5.31354554543e-23,
                3.75704377779e-23,
                5.14329074496e-23,
                1.00413587133e-22,
                1.09372951802e-22,
                1.61633510025e-22,
                2.18164746619e-22,
                2.61575017548e-22,
                3.62241469311e-22,
                4.32815490247e-22,
                7.76140176026e-22,
                1.30996116414e-21,
                1.87929275746e-21
            ],
            "var": [
                2.52882841778e-07,
                0.000326364039211,
                2.81899192487e-05,
                1.25102842503e-05,
                3.38222926075e-05,
                7.42960946809e-06,
                2.91095511784e-06,
                4.10840448239e-06,
                1.49767413404e-06,
                9.37911238452e-07,
                3.04721169186e-07,
                5.97210828346e-07,
                3.48779622072e-07,
                9.01307487311e-07,
                1.13209068786e-06,
                8.05811509963e-07,
                4.5907060553e-07,
                1.35858755357e-07,
                3.4237908153e-07,
                2.14339408444e-07,
                1.17794002108e-07,
                1.28083257778e-07,
                9.38936750572e-08,
                2.11287670027e-07,
                1.16032168762e-07,
                9.39033473202e-09,
                3.15969272968e-09
            ]
        },
        "barkbands_crest": {
            "dmean": 2.23614788055,
            "dmean2": 3.52064800262,
            "dvar": 6.21524429321,
            "dvar2": 16.2201862335,
            "max": 25.7196388245,
            "mean": 10.4876260757,
            "median": 9.77368450165,
            "min": 2.46474313736,
            "var": 16.2763023376
        },
        "barkbands_flatness_db": {
            "dmean": 0.0191730186343,
            "dmean2": 0.0283349845558,
            "dvar": 0.000416581286117,
            "dvar2": 0.000988529529423,
            "max": 0.329759389162,
            "mean": 0.131671592593,
            "median": 0.127071619034,
            "min": 0.0225136335939,
            "var": 0.00238310708664
        },
        "barkbands_kurtosis": {
            "dmean": 3.06707572937,
            "dmean2": 4.83427000046,
            "dvar": 28.3544082642,
            "dvar2": 73.0171432495,
            "max": 110.808677673,
            "mean": 5.50162315369,
            "median": 3.40548038483,
            "min": -1.87327611446,
            "var": 54.4874992371
        },
        "barkbands_skewness": {
            "dmean": 0.496268004179,
            "dmean2": 0.751972019672,
            "dvar": 0.358915776014,
            "dvar2": 0.865367531776,
            "max": 9.60325431824,
            "mean": 1.93290710449,
            "median": 1.82186567783,
            "min": -2.49533820152,
            "var": 1.33478236198
        },
        "barkbands_spread": {
            "dmean": 5.4615187645,
            "dmean2": 8.33019924164,
            "dvar": 56.0461502075,
            "dvar2": 123.67691803,
            "max": 147.306976318,
            "mean": 22.1223869324,
            "median": 18.6066398621,
            "min": 1.57244122028,
            "var": 217.658035278
        },
        "dissonance": {
            "dmean": 0.0145885339007,
            "dmean2": 0.023751584813,
            "dvar": 0.000177310939762,
            "dvar2": 0.000453254935564,
            "max": 0.500000119209,
            "mean": 0.462914079428,
            "median": 0.4677708745,
            "min": 0.305095553398,
            "var": 0.000585009052884
        },
        "dynamic_complexity": 3.91279840469,
        "erbbands": {
            "dmean": [
                0.178412765265,
                1.48532152176,
                2.26583099365,
                3.21470928192,
                7.73933458328,
                6.13125419617,
                8.90465164185,
                5.95849227905,
                7.4370803833,
                6.48621749878,
                14.8272829056,
                6.24437522888,
                7.57376384735,
                9.49557113647,
                6.58164930344,
                8.76317596436,
                8.00462627411,
                12.5130500793,
                16.4517822266,
                14.2618961334,
                14.4687204361,
                10.1661605835,
                7.83854818344,
                8.36336231232,
                10.2840013504,
                6.64599227905,
                4.92132902145,
                4.21990823746,
                3.49782514572,
                2.65246343613,
                2.28144216537,
                1.85350608826,
                1.84120082855,
                1.1840338707,
                0.406972825527,
                0.135498762131,
                0.0361325442791,
                0.0103784371167,
                0.00181030272506,
                7.68037716625e-05
            ],
            "dmean2": [
                0.30084580183,
                2.46409606934,
                3.83408856392,
                5.33000993729,
                12.989153862,
                10.1728153229,
                13.5694942474,
                8.88335227966,
                10.9532337189,
                9.41193008423,
                21.1080722809,
                9.0079832077,
                10.6839237213,
                14.3460903168,
                9.76279067993,
                13.6794948578,
                12.5234899521,
                19.8935184479,
                26.062789917,
                22.3359889984,
                22.9540882111,
                16.5953769684,
                13.1431837082,
                13.7435417175,
                17.0364513397,
                11.200460434,
                8.49108123779,
                7.06173753738,
                5.60293102264,
                4.10186624527,
                3.3897767067,
                2.79922986031,
                2.75882506371,
                1.77561640739,
                0.598928451538,
                0.19815286994,
                0.0527123212814,
                0.015863949433,
                0.00280272890814,
                0.000116188894026
            ],
            "dvar": [
                0.280512958765,
                20.403131485,
                36.4554519653,
                48.3654785156,
                560.375366211,
                184.032348633,
                221.647094727,
                163.752426147,
                235.453491211,
                187.806762695,
                801.54296875,
                327.368408203,
                228.259384155,
                341.532958984,
                198.110977173,
                285.314605713,
                298.899505615,
                947.534973145,
                1398.7479248,
                1050.57458496,
                1071.0144043,
                365.227508545,
                224.467285156,
                276.5027771,
                435.207794189,
                255.108566284,
                192.575210571,
                133.051940918,
                84.8000030518,
                46.039981842,
                37.5183753967,
                35.5441970825,
                56.1325759888,
                18.6624660492,
                1.60158193111,
                0.158228099346,
                0.0114522892982,
                0.00228679110296,
                9.3687507615e-05,
                6.97739253042e-08
            ],
            "dvar2": [
                0.772678136826,
                54.5478096008,
                102.138565063,
                128.148895264,
                1474.35192871,
                503.643035889,
                542.332702637,
                388.077514648,
                556.739379883,
                399.505889893,
                1701.74145508,
                757.984191895,
                459.65411377,
                767.723754883,
                447.531616211,
                674.768310547,
                669.281188965,
                2434.9440918,
                3308.40234375,
                2565.92114258,
                2704.50537109,
                922.795043945,
                588.81237793,
                711.817687988,
                1121.28845215,
                704.624816895,
                543.882141113,
                377.430480957,
                225.92149353,
                118.895828247,
                87.9522323608,
                83.1596221924,
                130.663986206,
                43.5501098633,
                3.73112177849,
                0.352893590927,
                0.0238945670426,
                0.00597747042775,
                0.00024217828468,
                1.71352752432e-07
            ],
            "max": [
                6.42279291153,
                48.9632873535,
                75.1368942261,
                141.211029053,
                378.152008057,
                239.813415527,
                290.020172119,
                459.724853516,
                336.00982666,
                462.827545166,
                617.237792969,
                1078.09350586,
                479.075500488,
                444.704650879,
                428.52633667,
                452.019561768,
                549.79498291,
                803.218322754,
                788.025756836,
                984.503234863,
                1135.72680664,
                409.675964355,
                328.569213867,
                398.784301758,
                421.138824463,
                296.173156738,
                242.55418396,
                222.232177734,
                166.859237671,
                125.948425293,
                142.986022949,
                170.703353882,
                195.381942749,
                163.307373047,
                49.2763557434,
                11.0118379593,
                3.57643842697,
                1.66481566429,
                0.301867485046,
                0.00607758807018
            ],
            "mean": [
                0.313300132751,
                2.43630337715,
                4.43762969971,
                5.82526350021,
                11.0074958801,
                10.9570875168,
                18.1646690369,
                14.2806921005,
                17.1266098022,
                14.5392227173,
                30.324262619,
                14.6055526733,
                17.3086166382,
                18.5082168579,
                13.2978935242,
                16.1935901642,
                14.9922370911,
                21.4614124298,
                28.8556861877,
                26.4188079834,
                27.3875408173,
                20.0464820862,
                14.3094091415,
                15.6916418076,
                19.4655990601,
                12.780090332,
                8.34973239899,
                7.46481275558,
                6.80254554749,
                5.27367210388,
                4.42048597336,
                3.29239058495,
                2.89528083801,
                1.85831773281,
                0.65200895071,
                0.209884673357,
                0.0546828471124,
                0.0126539068297,
                0.00203551724553,
                0.000113536960271
            ],
            "median": [
                0.209845498204,
                1.69771647453,
                2.5881986618,
                3.45744395256,
                5.00739097595,
                5.77427530289,
                10.0623683929,
                6.62514638901,
                8.35459804535,
                7.23603439331,
                12.4812231064,
                7.58685827255,
                8.05893802643,
                8.2048740387,
                5.73231697083,
                7.82767677307,
                6.63575935364,
                6.86754417419,
                8.5309305191,
                8.26202583313,
                8.93189334869,
                7.86052083969,
                6.21038818359,
                6.53179883957,
                7.19411706924,
                5.41476392746,
                3.29607129097,
                2.52864265442,
                2.12481498718,
                1.43448972702,
                1.10099029541,
                0.761320948601,
                0.484818905592,
                0.248411029577,
                0.0998744815588,
                0.03102995269,
                0.00708689400926,
                0.00106705410872,
                0.000131532433443,
                4.35483198089e-05
            ],
            "min": [
                1.66573319148e-22,
                6.80556740039e-22,
                2.78850783596e-21,
                5.41055405548e-21,
                5.18609568821e-21,
                1.16481215103e-20,
                3.45395888679e-20,
                6.16324390348e-20,
                1.22790890654e-19,
                1.90237401269e-19,
                3.08955422607e-19,
                2.29534994412e-19,
                4.72379945266e-19,
                6.55119652215e-19,
                8.9040419812e-19,
                8.492453452e-19,
                1.68759972026e-18,
                1.78809089435e-18,
                2.21171117915e-18,
                2.50405976188e-18,
                3.54926450439e-18,
                4.09743668274e-18,
                5.00662604917e-18,
                5.71392668427e-18,
                5.74827163689e-18,
                7.07755253563e-18,
                9.4101348614e-18,
                9.52050722489e-18,
                8.36695671139e-18,
                1.10992666236e-17,
                1.01150912666e-17,
                1.17397012867e-17,
                6.75604769745e-18,
                7.21979864967e-18,
                6.06786982376e-18,
                4.34096320457e-18,
                2.32174584616e-18,
                1.04500104928e-18,
                2.53523826712e-19,
                2.67298648964e-20
            ],
            "var": [
                0.241839662194,
                17.41456604,
                40.2503356934,
                69.6645812988,
                520.05670166,
                273.14932251,
                580.51776123,
                618.160400391,
                661.089599609,
                600.956054688,
                2474.97583008,
                711.445556641,
                853.347229004,
                875.078674316,
                576.352233887,
                726.210510254,
                733.955505371,
                1900.40246582,
                3246.89038086,
                2757.7175293,
                2522.19677734,
                979.403442383,
                436.753814697,
                584.465759277,
                1023.3225708,
                471.689453125,
                225.305831909,
                189.053619385,
                158.11076355,
                104.401603699,
                84.6939468384,
                61.5912361145,
                81.6860656738,
                27.9341640472,
                2.7216053009,
                0.305274993181,
                0.0251666307449,
                0.00226689409465,
                9.08284055186e-05,
                7.91113521359e-08
            ]
        },
        "erbbands_crest": {
            "dmean": 1.96407830715,
            "dmean2": 3.07877230644,
            "dvar": 3.56728887558,
            "dvar2": 8.39624214172,
            "max": 26.1451358795,
            "mean": 7.52849388123,
            "median": 6.73034572601,
            "min": 2.11577868462,
            "var": 12.0228948593
        },
        "erbbands_flatness_db": {
            "dmean": 0.0162798687816,
            "dmean2": 0.0206179879606,
            "dvar": 0.000283685949398,
            "dvar2": 0.000481587689137,
            "max": 0.288363277912,
            "mean": 0.134119972587,
            "median": 0.128857716918,
            "min": 0.0439819581807,
            "var": 0.00180377275683
        },
        "erbbands_kurtosis": {
            "dmean": 0.562836766243,
            "dmean2": 0.875585317612,
            "dvar": 0.596674501896,
            "dvar2": 1.39486098289,
            "max": 20.8806381226,
            "mean": -0.141461655498,
            "median": -0.498391628265,
            "min": -1.74520301819,
            "var": 1.90368652344
        },
        "erbbands_skewness": {
            "dmean": 0.285597354174,
            "dmean2": 0.431378602982,
            "dvar": 0.0719053670764,
            "dvar2": 0.169309198856,
            "max": 4.38920640945,
            "mean": 0.271653741598,
            "median": 0.218619197607,
            "min": -2.2262442112,
            "var": 0.440891951323
        },
        "erbbands_spread": {
            "dmean": 8.82560825348,
            "dmean2": 12.4972343445,
            "dvar": 96.8363723755,
            "dvar2": 190.873245239,
            "max": 135.58164978,
            "mean": 46.0423851013,
            "median": 41.9062957764,
            "min": 8.09247589111,
            "var": 365.376708984
        },
        "gfcc": {
            "cov": [
                [
                    25743.2636719,
                    209.873626709,
                    -1209.5501709,
                    1406.51208496,
                    -443.492950439,
                    982.048339844,
                    -575.025268555,
                    533.777099609,
                    -271.160736084,
                    324.426239014,
                    -289.795623779,
                    81.2618026733,
                    -123.46698761
                ],
                [
                    209.873626709,
                    1730.37744141,
                    -588.234069824,
                    -64.5618896484,
                    137.622406006,
                    -220.506439209,
                    109.239059448,
                    -85.3567276001,
                    121.376235962,
                    -103.42665863,
                    102.653343201,
                    -79.7018127441,
                    66.84034729
                ],
                [
                    -1209.5501709,
                    -588.234069824,
                    706.286682129,
                    45.4388771057,
                    32.1755256653,
                    102.090545654,
                    51.3766365051,
                    44.482963562,
                    -27.4116020203,
                    41.9960975647,
                    -7.63557004929,
                    46.3422546387,
                    -2.91465568542
                ],
                [
                    1406.51208496,
                    -64.5618896484,
                    45.4388771057,
                    353.5753479,
                    37.9517326355,
                    130.212600708,
                    50.3252449036,
                    69.1002960205,
                    8.71666049957,
                    27.2912807465,
                    -7.71585035324,
                    14.1630020142,
                    8.48669528961
                ],
                [
                    -443.492950439,
                    137.622406006,
                    32.1755256653,
                    37.9517326355,
                    294.738433838,
                    59.6303634644,
                    102.393531799,
                    51.8830718994,
                    74.4624404907,
                    24.9107608795,
                    35.007270813,
                    6.30847978592,
                    32.8838539124
                ],
                [
                    982.048339844,
                    -220.506439209,
                    102.090545654,
                    130.212600708,
                    59.6303634644,
                    233.88885498,
                    33.5831298828,
                    83.4424438477,
                    6.95740652084,
                    52.2056617737,
                    -14.3813352585,
                    21.443977356,
                    6.79087162018
                ],
                [
                    -575.025268555,
                    109.239059448,
                    51.3766365051,
                    50.3252449036,
                    102.393531799,
                    33.5831298828,
                    161.091323853,
                    49.1717338562,
                    51.1758613586,
                    8.73149585724,
                    26.3893928528,
                    3.94254636765,
                    22.5559482574
                ],
                [
                    533.777099609,
                    -85.3567276001,
                    44.482963562,
                    69.1002960205,
                    51.8830718994,
                    83.4424438477,
                    49.1717338562,
                    131.868225098,
                    41.1932144165,
                    40.0926437378,
                    -0.66597878933,
                    14.7776212692,
                    10.7030897141
                ],
                [
                    -271.160736084,
                    121.376235962,
                    -27.4116020203,
                    8.71666049957,
                    74.4624404907,
                    6.95740652084,
                    51.1758613586,
                    41.1932144165,
                    100.504180908,
                    34.2546882629,
                    26.7139797211,
                    -0.277606517076,
                    22.4281845093
                ],
                [
                    324.426239014,
                    -103.42665863,
                    41.9960975647,
                    27.2912807465,
                    24.9107608795,
                    52.2056617737,
                    8.73149585724,
                    40.0926437378,
                    34.2546882629,
                    89.207572937,
                    25.3773784637,
                    16.9984436035,
                    1.36024737358
                ],
                [
                    -289.795623779,
                    102.653343201,
                    -7.63557004929,
                    -7.71585035324,
                    35.007270813,
                    -14.3813352585,
                    26.3893928528,
                    -0.66597878933,
                    26.7139797211,
                    25.3773784637,
                    78.6941986084,
                    23.5451526642,
                    14.4819049835
                ],
                [
                    81.2618026733,
                    -79.7018127441,
                    46.3422546387,
                    14.1630020142,
                    6.30847978592,
                    21.443977356,
                    3.94254636765,
                    14.7776212692,
                    -0.277606517076,
                    16.9984436035,
                    23.5451526642,
                    66.1047668457,
                    24.7075767517
                ],
                [
                    -123.46698761,
                    66.84034729,
                    -2.91465568542,
                    8.48669528961,
                    32.8838539124,
                    6.79087162018,
                    22.5559482574,
                    10.7030897141,
                    22.4281845093,
                    1.36024737358,
                    14.4819049835,
                    24.7075767517,
                    62.3687705994
                ]
            ],
            "icov": [
                [
                    0.000140381845995,
                    -0.000235960789723,
                    0.000213956285734,
                    -0.00041441549547,
                    0.00012813648209,
                    -0.000391688168747,
                    0.000611811643466,
                    -0.000566113332752,
                    0.000637271034066,
                    -0.00069361977512,
                    0.000552111887373,
                    -0.000432628206909,
                    0.000277294690022
                ],
                [
                    -0.000235960789723,
                    0.00177869631443,
                    0.000514256767929,
                    0.000515225809067,
                    -0.000504260417074,
                    0.00116760237142,
                    -0.00164929148741,
                    0.00142084364779,
                    -0.00196845922619,
                    0.00260268524289,
                    -0.00264692516066,
                    0.0022614588961,
                    -0.0015581966145
                ],
                [
                    0.000213956285734,
                    0.000514256767929,
                    0.00258731003851,
                    -0.000599993334617,
                    -0.000108621272375,
                    -0.000642656814307,
                    -0.000316690857289,
                    -0.000568884890527,
                    0.00142200652044,
                    -0.00101868063211,
                    0.000427220104029,
                    -0.000918585166801,
                    0.000189940794371
                ],
                [
                    -0.00041441549547,
                    0.000515225809067,
                    -0.000599993334617,
                    0.00495995441452,
                    -0.000155351677677,
                    -0.000694765767548,
                    -0.00260091084056,
                    0.000888034817763,
                    -0.00135144544765,
                    0.00188034528401,
                    -0.00123058340978,
                    0.000919831858482,
                    -0.000763392832596
                ],
                [
                    0.00012813648209,
                    -0.000504260417074,
                    -0.000108621272375,
                    -0.000155351677677,
                    0.00529726222157,
                    -0.00173801078927,
                    -0.00125152035616,
                    -0.000608463829849,
                    -0.00165754463524,
                    -0.000259887834545,
                    -0.000416026829043,
                    2.59286389337e-05,
                    -0.000548499869183
                ],
                [
                    -0.000391688168747,
                    0.00116760237142,
                    -0.000642656814307,
                    -0.000694765767548,
                    -0.00173801078927,
                    0.00904138013721,
                    -0.00211086706258,
                    -0.00100135139655,
                    0.000218429297092,
                    -0.00118019187357,
                    0.00037574255839,
                    0.000825752853416,
                    -0.00156222411897
                ],
                [
                    0.000611811643466,
                    -0.00164929148741,
                    -0.000316690857289,
                    -0.00260091084056,
                    -0.00125152035616,
                    -0.00211086706258,
                    0.0130218863487,
                    -0.00493629369885,
                    0.000292246579193,
                    -0.000652776565403,
                    0.000165445206221,
                    -0.000940056052059,
                    0.000588336377405
                ],
                [
                    -0.000566113332752,
                    0.00142084364779,
                    -0.000568884890527,
                    0.000888034817763,
                    -0.000608463829849,
                    -0.00100135139655,
                    -0.00493629369885,
                    0.0152307124808,
                    -0.00680499291047,
                    0.000675615679938,
                    0.000231345940847,
                    -0.000107504005427,
                    -0.000768242054619
                ],
                [
                    0.000637271034066,
                    -0.00196845922619,
                    0.00142200652044,
                    -0.00135144544765,
                    -0.00165754463524,
                    0.000218429297092,
                    0.000292246579193,
                    -0.00680499291047,
                    0.0223037097603,
                    -0.0106934662908,
                    0.00164642126765,
                    0.00113771273755,
                    -0.0030865657609
                ],
                [
                    -0.00069361977512,
                    0.00260268524289,
                    -0.00101868063211,
                    0.00188034528401,
                    -0.000259887834545,
                    -0.00118019187357,
                    -0.000652776565403,
                    0.000675615679938,
                    -0.0106934662908,
                    0.0239269491285,
                    -0.01054077968,
                    0.00178690929897,
                    0.000983052072115
                ],
                [
                    0.000552111887373,
                    -0.00264692516066,
                    0.000427220104029,
                    -0.00123058340978,
                    -0.000416026829043,
                    0.00037574255839,
                    0.000165445206221,
                    0.000231345940847,
                    0.00164642126765,
                    -0.01054077968,
                    0.0239171441644,
                    -0.0108087370172,
                    0.00256222020835
                ],
                [
                    -0.000432628206909,
                    0.0022614588961,
                    -0.000918585166801,
                    0.000919831858482,
                    2.59286389337e-05,
                    0.000825752853416,
                    -0.000940056052059,
                    -0.000107504005427,
                    0.00113771273755,
                    0.00178690929897,
                    -0.0108087370172,
                    0.0263643991202,
                    -0.0115759577602
                ],
                [
                    0.000277294690022,
                    -0.0015581966145,
                    0.000189940794371,
                    -0.000763392832596,
                    -0.000548499869183,
                    -0.00156222411897,
                    0.000588336377405,
                    -0.000768242054619,
                    -0.0030865657609,
                    0.000983052072115,
                    0.00256222020835,
                    -0.0115759577602,
                    0.0238230451941
                ]
            ],
            "mean": [
                -17.8181266785,
                97.5197067261,
                -104.118591309,
                38.0797042847,
                -52.3882713318,
                10.0267410278,
                -34.6702919006,
                8.0683298111,
                -18.8467540741,
                0.941768050194,
                -12.2981786728,
                -2.79096460342,
                -7.70451641083
            ]
        },
        "hfc": {
            "dmean": 5.85801410675,
            "dmean2": 8.89085197449,
            "dvar": 135.463012695,
            "dvar2": 326.322875977,
            "max": 198.903549194,
            "mean": 19.5843887329,
            "median": 12.3306932449,
            "min": 1.0628378178e-16,
            "var": 457.681671143
        },
        "melbands": {
            "dmean": [
                0.00173676235136,
                0.00142171420157,
                0.000686697370838,
                0.000501156959217,
                0.000286850437988,
                0.000137115916004,
                0.000113491776574,
                7.79724578024e-05,
                0.000110247114208,
                3.98177107854e-05,
                3.88711050618e-05,
                4.137011274e-05,
                2.13675339182e-05,
                2.87820057565e-05,
                1.74183114723e-05,
                2.02888932108e-05,
                2.39373766817e-05,
                2.69623906206e-05,
                2.01317634492e-05,
                1.91202489077e-05,
                1.81392351806e-05,
                1.1791849829e-05,
                9.8948548839e-06,
                7.16475460649e-06,
                7.17798093319e-06,
                8.63917921379e-06,
                5.81673702982e-06,
