{
    "lowlevel": {
        "average_loudness": 0.918320596218,
        "barkbands": {
            "dmean": [
                0.000674504844937,
                0.00696364184842,
                0.00404076930135,
                0.00165380001999,
                0.00193765491713,
                0.00148550374433,
                0.00131683680229,
                0.000871118041687,
                0.00102682982106,
                0.000662729609758,
                0.000324659456965,
                0.000449512794148,
                0.000313906988595,
                0.000304172164761,
                0.000348139874404,
                0.000218840694288,
                0.000269501062576,
                0.000177477995749,
                9.27991422941e-05,
                0.000122145982459,
                8.15093371784e-05,
                8.97782301763e-05,
                0.000100728400867,
                7.90632693679e-05,
                4.93698717037e-05,
                1.6917119865e-05,
                1.41268731113e-06
            ],
            "dmean2": [
                0.000825630675536,
                0.00992753263563,
                0.00701332045719,
                0.00278792553581,
                0.00321128335781,
                0.00239089224488,
                0.00209333305247,
                0.00133785931394,
                0.00153772090562,
                0.00100509671029,
                0.000504050927702,
                0.000682218989823,
                0.000501827977132,
                0.000456687412225,
                0.000560433370993,
                0.000346279644873,
                0.000416645721998,
                0.000261812558165,
                0.000134029934998,
                0.000171791412868,
                0.000108730491775,
                0.000117953510198,
                0.000140775693581,
                0.000107225205284,
                6.87830251991e-05,
                2.39328019234e-05,
                2.18768059312e-06
            ],
            "dvar": [
                3.08394237436e-06,
                0.00032870323048,
                0.000230193123571,
                1.46796810441e-05,
                6.73488875691e-06,
                5.83629389439e-06,
                6.47703473078e-06,
                3.73826765099e-06,
                4.90963429911e-06,
                2.90013531412e-06,
                6.92041453476e-07,
                1.48285425894e-06,
                7.76174886141e-07,
                1.09398320092e-06,
                1.24430550841e-06,
                3.59987438969e-07,
                4.95585993576e-07,
                1.74116095764e-07,
                7.70898864744e-08,
                1.22545358749e-07,
                5.57774129106e-08,
                7.12584693474e-08,
                1.06953173429e-07,
                5.74172673851e-08,
                1.74043197632e-08,
                1.15575371495e-09,
                1.80683506351e-11
            ],
            "dvar2": [
                5.21182255397e-06,
                0.000685461971443,
                0.000617335084826,
                3.86270367017e-05,
                1.85754288395e-05,
                1.47513565025e-05,
                1.60152267199e-05,
                8.86988982529e-06,
                1.08736612674e-05,
                6.54362702335e-06,
                1.65004189512e-06,
                3.29688850798e-06,
                1.89989304999e-06,
                2.43392878474e-06,
                3.15739862344e-06,
                8.63120817485e-07,
                1.15291982183e-06,
                3.80695780677e-07,
                1.42689117411e-07,
                2.24240181979e-07,
                9.38143713825e-08,
                1.17889534579e-07,
                2.08956151937e-07,
                1.03468089208e-07,
                3.21992708052e-08,
                2.11407047424e-09,
                4.14780466917e-11
            ],
            "max": [
                0.0328442715108,
                0.194583967328,
                0.174362286925,
                0.0388850010931,
                0.0435136333108,
                0.0357759222388,
                0.0538291819394,
                0.0613935887814,
                0.0858632102609,
                0.0539170131087,
                0.0306449867785,
                0.0315294712782,
                0.0176928136498,
                0.0415822863579,
                0.0205598156899,
                0.0209763944149,
                0.0341144353151,
                0.00997154787183,
                0.00370566407219,
                0.00537331169471,
                0.00323622091673,
                0.00801615417004,
                0.00706275645643,
                0.00613415706903,
                0.00355315534398,
                0.000686347775627,
                9.18692894629e-05
            ],
            "mean": [
                0.00166465656366,
                0.0145032061264,
                0.00376886944287,
                0.00217176903971,
                0.00381788006052,
                0.002591480501,
                0.00225009676069,
                0.00142029032577,
                0.00203141011298,
                0.00117290380877,
                0.000506451411638,
                0.000711039698217,
                0.000473552907351,
                0.000483583484311,
                0.000444875069661,
                0.000332014693413,
                0.000504231255036,
                0.000326226901961,
                0.000148692444782,
                0.000173893509782,
                0.000120760756545,
                0.000133932640892,
                0.00014279455354,
                0.000124665762996,
                8.08356562629e-05,
                2.2417956643e-05,
                1.62103526691e-06
            ],
            "median": [
                0.000405590893934,
                0.00540781486779,
                0.000796434353106,
                0.000461279705632,
                0.00257603405043,
                0.00137714995071,
                0.00107738352381,
                0.000583982211538,
                0.000414514273871,
                0.0003344695142,
                0.000134507688927,
                0.00014575899695,
                7.99808040028e-05,
                0.000115168506454,
                0.000100505218143,
                8.23147274787e-05,
                0.00011669532978,
                7.98569963081e-05,
                3.83254991903e-05,
                3.76981843146e-05,
                2.4938282877e-05,
                2.5587838536e-05,
                2.85756632366e-05,
                3.47135355696e-05,
                3.01570435113e-05,
                7.28456234356e-06,
                2.72208296792e-07
            ],
            "min": [
                3.64649079894e-25,
                7.21936785921e-24,
                2.440637822e-23,
                2.22531476693e-23,
                6.62273342393e-23,
                7.05210978356e-23,
                6.99230213625e-23,
                6.80155683155e-23,
                1.8340252429e-23,
                5.6660130155e-23,
                2.99772413575e-23,
                1.12028282852e-22,
                8.1605931462e-23,
                9.69069047716e-23,
                1.22818776698e-22,
                1.23833049873e-22,
                2.27965049634e-22,
                1.80675186016e-22,
                4.66468826579e-22,
                2.69522191634e-22,
                4.35402802555e-22,
                5.52781013849e-22,
                5.2155014945e-22,
                6.76339906158e-22,
                1.73890469787e-21,
                1.62541707283e-21,
                2.4785293735e-21
            ],
            "var": [
                1.11361987365e-05,
                0.000735898211133,
                0.000161328745889,
                1.96487617359e-05,
                1.60602467076e-05,
                1.13973064799e-05,
                1.14794875117e-05,
                6.94673781254e-06,
                1.67137477547e-05,
                7.93935669208e-06,
                1.71247506842e-06,
                3.10583595819e-06,
                1.41475049986e-06,
                1.89479453638e-06,
                1.46895672515e-06,
                8.12551206764e-07,
                1.4790550722e-06,
                4.39359951088e-07,
                1.55217762199e-07,
                2.0186220695e-07,
                1.09517962699e-07,
                1.36209479251e-07,
                1.82649003477e-07,
                1.09860529562e-07,
                3.25295985704e-08,
                1.99177718763e-09,
                2.33982624942e-11
            ]
        },
        "barkbands_crest": {
            "dmean": 2.45455574989,
            "dmean2": 3.73989605904,
            "dvar": 5.47858285904,
            "dvar2": 12.4260997772,
            "max": 25.5190544128,
            "mean": 10.9605808258,
            "median": 10.0528297424,
            "min": 2.12477827072,
            "var": 20.4895896912
        },
        "barkbands_flatness_db": {
            "dmean": 0.0222458690405,
            "dmean2": 0.0308747049421,
            "dvar": 0.000477377790958,
            "dvar2": 0.000862491840962,
            "max": 0.396967828274,
            "mean": 0.15688726306,
            "median": 0.153522521257,
            "min": 0.022957181558,
            "var": 0.00360985216685
        },
        "barkbands_kurtosis": {
            "dmean": 4.80470275879,
            "dmean2": 7.47739696503,
            "dvar": 103.726905823,
            "dvar2": 248.306488037,
            "max": 305.21194458,
            "mean": 8.47147750854,
            "median": 4.15802383423,
            "min": -1.94524335861,
            "var": 230.231384277
        },
        "barkbands_skewness": {
            "dmean": 0.632779181004,
            "dmean2": 0.94123095274,
            "dvar": 0.612224400043,
            "dvar2": 1.3156965971,
            "max": 15.7267618179,
            "mean": 1.95294260979,
            "median": 1.7500910759,
            "min": -4.69841241837,
            "var": 2.53982925415
        },
        "barkbands_spread": {
            "dmean": 4.77857780457,
            "dmean2": 6.94398403168,
            "dvar": 53.7243270874,
            "dvar2": 99.4965362549,
            "max": 108.298866272,
            "mean": 17.0438766479,
            "median": 13.1305122375,
            "min": 0.701191544533,
            "var": 191.012130737
        },
        "dissonance": {
            "dmean": 0.0225674342364,
            "dmean2": 0.0373469293118,
            "dvar": 0.000498374574818,
            "dvar2": 0.00131518603303,
            "max": 0.500000059605,
            "mean": 0.45076367259,
            "median": 0.458059996367,
            "min": 0.198179960251,
            "var": 0.00121927831788
        },
        "dynamic_complexity": 2.83729958534,
        "erbbands": {
            "dmean": [
                0.278011918068,
                1.50377213955,
                4.40463829041,
                4.86405992508,
                5.39024448395,
                7.14506721497,
                8.66501522064,
                12.9985685349,
                19.2577190399,
                16.3310470581,
                21.0491256714,
                24.7269477844,
                21.1891365051,
                17.7173061371,
                13.336066246,
                18.4513454437,
                13.2617444992,
                16.4279556274,
                14.9121904373,
                15.0364532471,
                12.9899320602,
                12.2996854782,
                10.0447235107,
                6.0109295845,
                4.69530439377,
                5.88959217072,
                3.71543550491,
                3.38468980789,
                3.09009933472,
                2.95980548859,
                2.99733400345,
                2.00222754478,
                1.19252693653,
                0.688372433186,
                0.27129971981,
                0.0990589186549,
                0.026274189353,
                0.0042671142146,
                0.000224974661251,
                2.0011457309e-05
            ],
            "dmean2": [
                0.365061998367,
                2.19912838936,
                7.35723209381,
                8.16193580627,
                8.87979030609,
                11.8543691635,
                13.6731719971,
                21.6101093292,
                30.404706955,
                26.5182952881,
                31.542301178,
                37.0731735229,
                31.8342094421,
                26.6895275116,
                20.2244052887,
                27.8796215057,
                20.5876598358,
                24.7751636505,
                23.5417976379,
                23.6413974762,
                21.0299358368,
                18.4607868195,
                14.8307161331,
                8.96781253815,
                6.60751771927,
                8.32954978943,
                4.82993745804,
                4.56564426422,
                4.09538507462,
                4.0198302269,
                4.26930379868,
                2.76388168335,
                1.62436640263,
                0.957913398743,
                0.386692047119,
                0.143451690674,
                0.0373312085867,
                0.00607265904546,
                0.000359250203473,
                2.83035478787e-05
            ],
            "dvar": [
                0.539800345898,
                17.8046741486,
                250.268829346,
                167.442626953,
                63.6775093079,
                120.771286011,
                201.155822754,
                615.521240234,
                1081.18322754,
                1603.80371094,
                1882.94519043,
                3523.74121094,
                2797.48535156,
                2136.27270508,
                1002.07275391,
                2653.08618164,
                1267.29553223,
                3206.23266602,
                2261.38330078,
                2238.90332031,
                1104.4230957,
                909.873718262,
                572.278137207,
                271.675323486,
                209.417053223,
                282.042694092,
                119.595657349,
                97.0408096313,
                87.1444702148,
                89.1612167358,
                96.7114334106,
                41.2994613647,
                12.2178506851,
                4.45581769943,
                0.373393118382,
                0.0379486456513,
                0.00323846470565,
                0.000102473517472,
                5.47602780898e-07,
                1.08877751259e-09
            ],
            "dvar2": [
                1.14232766628,
                36.2392692566,
                642.515563965,
                434.320556641,
                174.276702881,
                325.919891357,
                480.860931396,
                1636.37817383,
                2601.87207031,
                4167.21826172,
                4145.0703125,
                7840.85693359,
                6239.37695313,
                4826.42089844,
                2353.77514648,
                6004.37548828,
                2988.4765625,
                7123.07519531,
                5584.21533203,
                5209.96777344,
                2700.13769531,
                2038.42041016,
                1289.74438477,
                595.644958496,
                361.081665039,
                524.974243164,
                199.500320435,
                156.939575195,
                154.519210815,
                173.645553589,
                198.163894653,
                80.7359771729,
                20.9669628143,
                8.24810028076,
                0.715687155724,
                0.0740511193871,
                0.00569302169606,
                0.000186929901247,
                1.37106553666e-06,
                2.26326557495e-09
            ],
            "max": [
                9.37785243988,
                44.4165687561,
                187.201675415,
                132.570999146,
                116.614700317,
                247.311767578,
                253.574050903,
                401.247833252,
                671.129150391,
                1463.8026123,
                1345.37805176,
                2570.87988281,
                2227.62597656,
                1305.86279297,
                1043.39941406,
                1437.65002441,
                866.701049805,
                2395.44384766,
                1246.86791992,
                1146.50366211,
                1417.75793457,
                1245.7532959,
                1057.15454102,
                216.484405518,
                198.193969727,
                268.853729248,
                142.280349731,
                119.997337341,
                369.383544922,
                183.833450317,
                264.907409668,
                189.853515625,
                88.4951782227,
                63.4593238831,
                16.6586914063,
                5.32384300232,
                0.919278085232,
                0.146922469139,
                0.0172613374889,
                0.000508553872351
            ],
            "mean": [
                0.60206258297,
                2.48517751694,
                4.68492746353,
                6.30199766159,
                9.63574409485,
                13.0981044769,
                15.4166727066,
                20.9723720551,
                34.7896881104,
                26.0295352936,
                38.4832839966,
                48.4762077332,
                40.4174041748,
                32.2204360962,
                23.2877788544,
                29.2888050079,
                22.5830097198,
                27.8504371643,
                21.3331947327,
                21.5632343292,
                21.524274826,
                24.8589477539,
                20.5341377258,
                10.5995912552,
                7.28472566605,
                8.36524200439,
                5.48847007751,
                4.92221498489,
                4.62142562866,
                4.25179481506,
                4.13549089432,
                2.9315059185,
                1.93807375431,
                1.13042914867,
                0.4374345541,
                0.13447406888,
                0.03486482054,
                0.00565192196518,
                0.000255564315012,
                5.38408166904e-05
            ],
            "median": [
                0.228464990854,
                0.770467758179,
                1.25672841072,
                1.35713219643,
                5.53213214874,
                7.20332098007,
                7.91868209839,
                10.6490097046,
                17.7808456421,
                11.9058265686,
                17.4428710938,
                11.2722091675,
                12.7275896072,
                9.78076934814,
                7.25487852097,
                6.71817874908,
                4.28091526031,
                6.69732570648,
                5.07318878174,
                5.16958332062,
                5.86636304855,
                6.08844184875,
                5.11268758774,
                2.73446369171,
                2.07550978661,
                1.79735052586,
                1.15997338295,
                1.00802135468,
                0.900381684303,
                0.821742892265,
                0.835781812668,
                0.671006321907,
                0.59784078598,
                0.390871942043,
                0.172523126006,
                0.04872315377,
                0.0100615490228,
                0.00130738923326,
                6.4617699536e-05,
                3.82035359507e-05
            ],
            "min": [
                2.50204262865e-22,
                1.79206458277e-21,
                1.93624919135e-20,
                7.18020042807e-20,
                1.47482955722e-19,
                1.54936382953e-19,
                3.63072033973e-19,
                7.25036111214e-19,
                1.04850281501e-18,
                9.54223560522e-19,
                1.42955162919e-18,
                6.06056881748e-19,
                1.57211403641e-18,
                1.55865622144e-18,
                1.05651891893e-18,
                5.08701890573e-18,
                4.07120471756e-18,
                5.31686303304e-18,
                4.38364365622e-18,
                7.52616566904e-18,
                9.20510573887e-18,
                1.22055164681e-17,
                8.81622579903e-18,
                1.55595022414e-17,
                2.40386957814e-17,
                1.40191132698e-17,
                1.3769791107e-17,
                1.83926074199e-17,
                1.89538494656e-17,
                2.10285722974e-17,
                1.45110657043e-17,
                1.31104065633e-17,
                1.33769142305e-17,
                1.75459748281e-17,
                1.21664123318e-17,
                5.20188823662e-18,
                3.02508201137e-18,
                1.67545619188e-18,
                3.35774530922e-19,
                3.38403918369e-20
            ],
            "var": [
                1.24372029305,
                30.7723751068,
                200.619476318,
                192.30909729,
                131.482650757,
                282.144256592,
                510.888031006,
                934.773498535,
                2360.14160156,
                2185.04907227,
                4294.41845703,
                10169.5449219,
                9223.53613281,
                5441.74023438,
                2507.46411133,
                5309.38769531,
                2769.13818359,
                6237.88623047,
                3187.87036133,
                3477.5546875,
                2892.47241211,
                3069.65917969,
                1779.96337891,
                561.372619629,
                384.72744751,
                459.735595703,
                233.850021362,
                185.440628052,
                160.859863281,
                148.666976929,
                156.94821167,
                70.5757827759,
                25.0156459808,
                8.23940467834,
                0.695893287659,
                0.0624135993421,
                0.00562134524807,
                0.000192580235307,
                5.4817144246e-07,
                2.50978815508e-09
            ]
        },
        "erbbands_crest": {
            "dmean": 2.82284712791,
            "dmean2": 4.48198890686,
            "dvar": 7.15118026733,
            "dvar2": 17.4132728577,
            "max": 31.1170482635,
            "mean": 9.90227127075,
            "median": 8.84169387817,
            "min": 2.50098896027,
            "var": 21.4591026306
        },
        "erbbands_flatness_db": {
            "dmean": 0.0190732479095,
            "dmean2": 0.0269787479192,
            "dvar": 0.000329247792251,
            "dvar2": 0.000640532991383,
            "max": 0.419631898403,
            "mean": 0.158418536186,
            "median": 0.152932792902,
            "min": 0.0483302921057,
            "var": 0.00198229216039
        },
        "erbbands_kurtosis": {
            "dmean": 1.23255825043,
            "dmean2": 1.9308552742,
            "dvar": 2.60795331001,
            "dvar2": 5.81477642059,
            "max": 37.9378395081,
            "mean": 1.3158197403,
            "median": 0.484871923923,
            "min": -1.79468476772,
            "var": 8.01978778839
        },
        "erbbands_skewness": {
            "dmean": 0.40536865592,
            "dmean2": 0.609085381031,
            "dvar": 0.153202757239,
            "dvar2": 0.32364615798,
            "max": 3.95034575462,
            "mean": 0.630085170269,
            "median": 0.650791585445,
            "min": -5.43968105316,
            "var": 0.684573292732
        },
        "erbbands_spread": {
            "dmean": 8.54272842407,
            "dmean2": 12.9169597626,
            "dvar": 111.672401428,
            "dvar2": 245.530838013,
            "max": 163.56388855,
            "mean": 35.3050765991,
            "median": 32.7522468567,
            "min": 2.51325583458,
            "var": 381.258361816
        },
        "gfcc": {
            "cov": [
                [
                    7834.83203125,
                    -267.750427246,
                    -199.204177856,
                    379.673370361,
                    -184.02355957,
                    476.981842041,
                    0.753913283348,
                    226.862701416,
                    -2.22077560425,
                    138.522003174,
                    23.477640152,
                    147.276046753,
                    -25.2284832001
                ],
                [
                    -267.750427246,
                    1431.49633789,
                    283.13571167,
                    -127.706428528,
                    340.602905273,
                    -23.5579128265,
                    217.288330078,
                    44.356590271,
                    114.147537231,
                    -55.4928970337,
                    85.549407959,
                    -101.211654663,
                    54.6071281433
                ],
                [
                    -199.204177856,
                    283.13571167,
                    918.108032227,
                    340.360687256,
                    143.54838562,
                    171.101730347,
                    97.8657226563,
                    76.0402603149,
                    87.6621932983,
                    42.3232116699,
                    26.0112037659,
                    40.4610404968,
                    18.3985271454
                ],
                [
                    379.673370361,
                    -127.706428528,
                    340.360687256,
                    545.304931641,
                    127.543998718,
                    90.633354187,
                    22.2924537659,
                    62.1064529419,
                    94.8401260376,
                    49.743637085,
                    35.5520133972,
                    56.9650840759,
                    57.0265693665
                ],
                [
                    -184.02355957,
                    340.602905273,
                    143.54838562,
                    127.543998718,
                    351.492126465,
                    75.21824646,
                    118.333488464,
                    43.0121879578,
                    81.701210022,
                    18.5961914063,
                    36.1986618042,
                    7.42179203033,
                    31.8283462524
                ],
                [
                    476.981842041,
                    -23.5579128265,
                    171.101730347,
                    90.633354187,
                    75.21824646,
                    300.758178711,
                    163.254425049,
                    47.2737579346,
                    24.3402633667,
                    55.1448326111,
                    44.068977356,
                    23.6149635315,
                    -2.69874238968
                ],
                [
                    0.753913283348,
                    217.288330078,
                    97.8657226563,
                    22.2924537659,
                    118.333488464,
                    163.254425049,
                    313.45892334,
                    42.7432746887,
                    47.6816864014,
                    56.5439567566,
                    52.125087738,
                    -15.3801727295,
                    4.1375837326
                ],
                [
                    226.862701416,
                    44.356590271,
                    76.0402603149,
                    62.1064529419,
                    43.0121879578,
                    47.2737579346,
                    42.7432746887,
                    160.298248291,
                    71.9046173096,
                    14.9967365265,
                    15.5181360245,
                    20.0197696686,
                    30.7645111084
                ],
                [
                    -2.22077560425,
                    114.147537231,
                    87.6621932983,
                    94.8401260376,
                    81.701210022,
                    24.3402633667,
                    47.6816864014,
                    71.9046173096,
                    149.734283447,
                    45.0543060303,
                    23.5680770874,
                    16.7056179047,
                    39.7655410767
                ],
                [
                    138.522003174,
                    -55.4928970337,
                    42.3232116699,
                    49.743637085,
                    18.5961914063,
                    55.1448326111,
                    56.5439567566,
                    14.9967365265,
                    45.0543060303,
                    115.183555603,
                    40.4415512085,
                    21.4440345764,
                    9.08044242859
                ],
                [
                    23.477640152,
                    85.549407959,
                    26.0112037659,
                    35.5520133972,
                    36.1986618042,
                    44.068977356,
                    52.125087738,
                    15.5181360245,
                    23.5680770874,
                    40.4415512085,
                    107.802116394,
                    30.9911155701,
                    27.8819580078
                ],
                [
                    147.276046753,
                    -101.211654663,
                    40.4610404968,
                    56.9650840759,
                    7.42179203033,
                    23.6149635315,
                    -15.3801727295,
                    20.0197696686,
                    16.7056179047,
                    21.4440345764,
                    30.9911155701,
                    99.2838363647,
                    30.1851425171
                ],
                [
                    -25.2284832001,
                    54.6071281433,
                    18.3985271454,
                    57.0265693665,
                    31.8283462524,
                    -2.69874238968,
                    4.1375837326,
                    30.7645111084,
                    39.7655410767,
                    9.08044242859,
                    27.8819580078,
                    30.1851425171,
                    80.5970001221
                ]
            ],
            "icov": [
                [
                    0.000225332696573,
                    -0.000342063751305,
                    0.000369836518075,
                    -0.000461586139863,
                    0.000423487334047,
                    -0.000623290135991,
                    0.000295470701531,
                    -0.000385010964237,
                    0.000310756848194,
                    -0.0004503079399,
                    0.000459663016954,
                    -0.000559987442102,
                    0.000436267640907
                ],
                [
                    -0.000342063751305,
                    0.00250349356793,
                    -0.00153574021533,
                    0.00204386212863,
                    -0.00218746485189,
                    0.00193190260325,
                    -0.00126140553039,
                    0.000796550826635,
                    -0.00152727880049,
                    0.0023780760821,
                    -0.00270877010189,
                    0.00303429714404,
                    -0.00192330311984
                ],
                [
                    0.000369836518075,
                    -0.00153574021533,
                    0.00264526880346,
                    -0.00224887090735,
                    0.00128566671629,
                    -0.00203860318288,
                    0.00078491907334,
                    -0.000898370577488,
                    0.000739068549592,
                    -0.00138063100167,
                    0.00190685526468,
                    -0.00218501524068,
                    0.00181982573122
                ],
                [
                    -0.000461586139863,
                    0.00204386212863,
                    -0.00224887090735,
                    0.0047094412148,
                    -0.00245215068571,
                    0.0015006364556,
                    -0.000490216596518,
                    0.000938268320169,
                    -0.00201778882183,
                    0.00152868614532,
                    -0.00222024205141,
                    0.00211697351187,
                    -0.00286388304085
                ],
                [
                    0.000423487334047,
                    -0.00218746485189,
                    0.00128566671629,
                    -0.00245215068571,
                    0.00590266566724,
                    -0.00205902475864,
                    -3.07567424898e-05,
                    -0.000568305258639,
                    -0.000185653145309,
                    -0.00108956813347,
                    0.00192941119894,
                    -0.00257373228669,
                    0.00138553034049
                ],
                [
                    -0.000623290135991,
                    0.00193190260325,
                    -0.00203860318288,
                    0.0015006364556,
                    -0.00205902475864,
                    0.00781956128776,
                    -0.00375490239821,
                    0.000144256278872,
                    -0.000152089181938,
                    0.000992903020233,
                    -0.00271172053181,
                    0.00135477655567,
                    -0.000493898289278
                ],
                [
                    0.000295470701531,
                    -0.00126140553039,
                    0.00078491907334,
                    -0.000490216596518,
                    -3.07567424898e-05,
                    -0.00375490239821,
                    0.00637859059498,
                    -0.00100547471084,
                    0.000343138060998,
                    -0.00254229758866,
                    -1.01261148302e-05,
                    0.000518873217516,
                    0.000983865698799
                ],
                [
                    -0.000385010964237,
                    0.000796550826635,
                    -0.000898370577488,
                    0.000938268320169,
                    -0.000568305258639,
                    0.000144256278872,
                    -0.00100547471084,
                    0.00928492378443,
                    -0.00451651820913,
                    0.00220519327559,
                    -0.00071838038275,
                    0.000399269105401,
                    -0.00230332394131
                ],
                [
                    0.000310756848194,
                    -0.00152727880049,
                    0.000739068549592,
                    -0.00201778882183,
                    -0.000185653145309,
                    -0.000152089181938,
                    0.000343138060998,
                    -0.00451651820913,
                    0.0127770518884,
                    -0.00541630527005,
                    0.00232860888354,
                    -0.00129191961605,
                    -0.00184989534318
                ],
                [
                    -0.0004503079399,
                    0.0023780760821,
                    -0.00138063100167,
                    0.00152868614532,
                    -0.00108956813347,
                    0.000992903020233,
                    -0.00254229758866,
                    0.00220519327559,
                    -0.00541630527005,
                    0.0147884842008,
                    -0.00577913178131,
                    0.00139148812741,
                    -0.000282033637632
                ],
                [
                    0.000459663016954,
                    -0.00270877010189,
                    0.00190685526468,
                    -0.00222024205141,
                    0.00192941119894,
                    -0.00271172053181,
                    -1.01261148302e-05,
                    -0.00071838038275,
                    0.00232860888354,
                    -0.00577913178131,
                    0.0158692225814,
                    -0.00603785086423,
                    -0.0011895528296
                ],
                [
                    -0.000559987442102,
                    0.00303429714404,
                    -0.00218501524068,
                    0.00211697351187,
                    -0.00257373228669,
                    0.00135477655567,
                    0.000518873217516,
                    0.000399269105401,
                    -0.00129191961605,
                    0.00139148812741,
                    -0.00603785086423,
                    0.0172388348728,
                    -0.0062343752943
                ],
                [
                    0.000436267640907,
                    -0.00192330311984,
                    0.00181982573122,
                    -0.00286388304085,
                    0.00138553034049,
                    -0.000493898289278,
                    0.000983865698799,
                    -0.00230332394131,
                    -0.00184989534318,
                    -0.000282033637632,
                    -0.0011895528296,
                    -0.0062343752943,
                    0.0194138884544
                ]
            ],
            "mean": [
                -4.89431285858,
                99.8671264648,
                -102.149971008,
                23.1594295502,
                -61.0836868286,
                14.9640140533,
                -43.9834518433,
                16.2938652039,
                -19.4897060394,
                2.53992962837,
                -13.4295101166,
                2.54213809967,
                -7.20926618576
            ]
        },
        "hfc": {
            "dmean": 7.05566453934,
            "dmean2": 9.27337932587,
            "dvar": 165.177017212,
            "dvar2": 240.100479126,
            "max": 184.833953857,
            "mean": 19.9160118103,
            "median": 14.1595897675,
            "min": 1.24627954466e-16,
            "var": 461.680541992
        },
        "melbands": {
            "dmean": [
                0.00209735659882,
                0.00201253360137,
                0.000810551166069,
                0.000460170704173,
                0.00028512647259,
                0.000293802266242,
                0.000292522949167,
                0.000172066356754,
                0.000177152061951,
                0.00015228211123,
                0.00010767103231,
                7.50325198169e-05,
                4.71204330097e-05,
                5.12782644364e-05,
                3.95074748667e-05,
                2.88123155769e-05,
                3.19169703289e-05,
                2.32038819377e-05,
                2.31276826526e-05,
                1.69229697349e-05,
                1.69854192791e-05,
                1.36474054671e-05,
                1.38179648275e-05,
                8.66338632477e-06,
                4.91399487146e-06,
                3.39918119607e-06,
                3.897631359e-06,
                4.06082654081e-06,
