{
    "lowlevel": {
        "average_loudness": 0.483174949884,
        "barkbands": {
            "dmean": [
                0.00450854096562,
                0.00790264084935,
                0.00299649871886,
                0.00251060212031,
                0.0018257839838,
                0.00125748070423,
                0.00220297137275,
                0.000641674152575,
                0.00123350147624,
                0.000675765331835,
                0.000452879932709,
                0.00052170001436,
                0.000441335112555,
                0.000469548220281,
                0.000575542566366,
                0.000327364250552,
                0.000230232544709,
                8.29636410344e-05,
                5.76522397751e-05,
                0.000121102704725,
                9.83349964372e-05,
                0.000175319917616,
                0.000125397898955,
                0.000143245037179,
                9.47043517954e-05,
                2.06059721677e-05,
                3.5454522731e-06
            ],
            "dmean2": [
                0.00676774419844,
                0.0128161627799,
                0.00537576293573,
                0.00473535433412,
                0.00325229368173,
                0.00199145101942,
                0.00350776314735,
                0.000951100606471,
                0.00177768152207,
                0.000956215255428,
                0.00066848215647,
                0.000745502999052,
                0.000649069377687,
                0.000706477963831,
                0.000948747736402,
                0.000475736538647,
                0.000357441080268,
                0.000128532527015,
                8.42270455905e-05,
                0.000206325697945,
                0.000161542819114,
                0.000279800413409,
                0.00020291787223,
                0.000223166673095,
                0.000147586091771,
                3.21685220115e-05,
                5.24602410223e-06
            ],
            "dvar": [
                7.62115159887e-05,
                0.000911262992304,
                0.000288122653728,
                0.000218889530515,
                5.15644387633e-05,
                8.7328353402e-06,
                2.50541270361e-05,
                3.47089530806e-06,
                1.17864974527e-05,
                4.18984927819e-06,
                2.51177266364e-06,
                2.60822230302e-06,
                1.52997006353e-06,
                1.41671421261e-06,
                3.5990235574e-06,
                6.45133411581e-07,
                3.50839627572e-07,
                9.072638818e-08,
                2.75370943825e-08,
                2.27061619285e-07,
                1.47716122001e-07,
                3.63432292261e-07,
                2.1997685451e-07,
                3.68342540469e-07,
                1.92035940927e-07,
                9.403835044e-09,
                1.80260484317e-09
            ],
            "dvar2": [
                0.000166219993844,
                0.00221578334458,
                0.000818944594357,
                0.000643416191451,
                0.000150443825987,
                2.03718027478e-05,
                5.95316705585e-05,
                7.15475744073e-06,
                2.47189800575e-05,
                7.46012119635e-06,
                5.24686174685e-06,
                5.05930938743e-06,
                3.15277998197e-06,
                3.1601698538e-06,
                9.68566291704e-06,
                1.40263966841e-06,
                7.68325719491e-07,
                2.13776246483e-07,
                5.25422798603e-08,
                6.22581296739e-07,
                3.69619414187e-07,
                8.90877629445e-07,
                5.70322185922e-07,
                8.51371737554e-07,
                4.62764603526e-07,
                2.26093579414e-08,
                3.86399356955e-09
            ],
            "max": [
                0.118997871876,
                0.456734776497,
                0.237331777811,
                0.188334912062,
                0.10259347409,
                0.0508139580488,
                0.0634919553995,
                0.0370895043015,
                0.0691381841898,
                0.0464453063905,
                0.0451077334583,
                0.0412175096571,
                0.0211088620126,
                0.0217135883868,
                0.0202352870256,
                0.0172735154629,
                0.00971473101526,
                0.00548992399126,
                0.00287190289237,
                0.0061246403493,
                0.00549493497238,
                0.0123492535204,
                0.00618245871738,
                0.0182572379708,
                0.01321700681,
                0.0027001008857,
                0.00168127892539
            ],
            "mean": [
                0.0177716650069,
                0.0299190506339,
                0.00289660645649,
                0.00202656630427,
                0.0021549037192,
                0.00202878029086,
                0.0033270556014,
                0.000909451046027,
                0.00183217530139,
                0.00108165096026,
                0.000672930269502,
                0.000793040904682,
                0.000629465095699,
                0.000656214368064,
                0.000600589381065,
                0.000497108034324,
                0.000296730344417,
                9.63585043792e-05,
                8.26210089144e-05,
                0.000119165866636,
                9.22841354623e-05,
                0.000177353431354,
                0.000131021239213,
                0.000170745493961,
                0.000116541763418,
                2.29840879911e-05,
                4.33994227933e-06
            ],
            "median": [
                0.00185348268133,
                0.00331383710727,
                0.000563259876799,
                0.000348173838574,
                0.000877351267263,
                0.000553193618543,
                0.000572420540266,
                9.86329978332e-05,
                0.000298417289741,
                0.000128095329273,
                6.29947535344e-05,
                6.09126363997e-05,
                5.98182741669e-05,
                5.76795719098e-05,
                3.7477027945e-05,
                4.77540997963e-05,
                2.33706232393e-05,
                7.84015719546e-06,
                9.41622329265e-06,
                1.07496671262e-05,
                3.19557602779e-06,
                5.77433866056e-06,
                2.69029214905e-06,
                4.41894189862e-06,
                5.95700930717e-06,
                1.5571683889e-06,
                1.28436127511e-07
            ],
            "min": [
                8.7461293294e-15,
                5.74330622123e-14,
                5.69314264311e-15,
                1.04780313386e-14,
                3.63935871185e-14,
                9.28979386906e-14,
                9.29120807527e-14,
                6.51004451084e-14,
                5.58498288849e-14,
                3.50358847837e-14,
                5.28718914353e-14,
                1.27039858125e-13,
                2.74382215082e-13,
                3.28550121137e-14,
                1.44509268918e-13,
                1.6589269021e-13,
                1.79173665379e-13,
                1.96245892258e-13,
                1.38977981142e-13,
                1.2915543472e-13,
                2.94341726556e-13,
                4.93076337139e-13,
                1.06469130387e-12,
                3.3331146003e-12,
                3.83656648117e-12,
                6.98477864089e-12,
                1.91627921864e-10
            ],
            "var": [
                0.000777528854087,
                0.00236488482915,
                0.000175004926859,
                0.000119223899674,
                3.20779799949e-05,
                1.56692603923e-05,
                4.79312111565e-05,
                7.0907940426e-06,
                2.00816793949e-05,
                1.07959767774e-05,
                4.69953010906e-06,
                6.37928087599e-06,
                2.93321522804e-06,
                2.55675467997e-06,
                3.07824393531e-06,
                1.19802780318e-06,
                5.02653165313e-07,
                1.05852343779e-07,
                5.03500601212e-08,
                1.73160273675e-07,
                1.37436458658e-07,
                3.9551727582e-07,
                2.42254657223e-07,
                4.85921475502e-07,
                2.22883457468e-07,
                1.03634221205e-08,
                2.63198818296e-09
            ]
        },
        "barkbands_crest": {
            "dmean": 2.39707994461,
            "dmean2": 3.85033226013,
            "dvar": 5.97743940353,
            "dvar2": 14.7342815399,
            "max": 26.248714447,
            "mean": 12.9264860153,
            "median": 12.4224786758,
            "min": 2.44843387604,
            "var": 26.3017654419
        },
        "barkbands_flatness_db": {
            "dmean": 0.0297026541084,
            "dmean2": 0.0416863448918,
            "dvar": 0.00121961697005,
            "dvar2": 0.0021965187043,
            "max": 0.729520916939,
            "mean": 0.250593483448,
            "median": 0.226905524731,
            "min": 0.0310026109219,
            "var": 0.0152499042451
        },
        "barkbands_kurtosis": {
            "dmean": 9.29797554016,
            "dmean2": 14.9328947067,
            "dvar": 964.858947754,
            "dvar2": 2523.95776367,
            "max": 1128.61572266,
            "mean": 15.1600704193,
            "median": 4.95919752121,
            "min": -1.96588230133,
            "var": 1327.40100098
        },
        "barkbands_skewness": {
            "dmean": 0.828360795975,
            "dmean2": 1.25536763668,
            "dvar": 1.40468835831,
            "dvar2": 3.17371535301,
            "max": 18.892616272,
            "mean": 2.21604275703,
            "median": 1.80822598934,
            "min": -9.09329891205,
            "var": 5.07990169525
        },
        "barkbands_spread": {
            "dmean": 4.9742193222,
            "dmean2": 7.33449411392,
            "dvar": 85.7518386841,
            "dvar2": 172.48588562,
            "max": 120.045249939,
            "mean": 12.6664571762,
            "median": 8.38298797607,
            "min": 0.127529516816,
            "var": 203.691192627
        },
        "dissonance": {
            "dmean": 0.0406686142087,
            "dmean2": 0.0667443349957,
            "dvar": 0.00152940012049,
            "dvar2": 0.00405129464343,
            "max": 0.499999940395,
            "mean": 0.408321619034,
            "median": 0.422482937574,
            "min": 0.103437043726,
            "var": 0.00432609952986
        },
        "dynamic_complexity": 4.68625593185,
        "erbbands": {
            "dmean": [
                0.304246872663,
                1.65209841728,
                3.27126955986,
                6.54084920883,
                7.73494243622,
                5.58271312714,
                4.00829410553,
                13.0397129059,
                33.4906234741,
                20.2018547058,
                14.7833480835,
                23.9981613159,
                24.4487113953,
                18.8685264587,
                19.0033435822,
                18.3946914673,
                16.6814956665,
                23.2117195129,
                26.6992759705,
                24.1016273499,
                15.818605423,
                11.857925415,
                5.50012922287,
                2.84228754044,
                3.56958222389,
                5.72653579712,
                4.71270132065,
                3.73956823349,
                5.71528911591,
                5.62312459946,
                3.58277487755,
                2.87825894356,
                2.44489192963,
                1.37940597534,
                0.492140799761,
                0.142210200429,
                0.0293325558305,
                0.00394741585478,
                0.000915182172321,
                3.76302996301e-05
            ],
            "dmean2": [
                0.489020675421,
                2.63241124153,
                5.58073329926,
                12.2115297318,
                14.2566785812,
                9.80175685883,
                6.6889090538,
                20.2864646912,
                52.9298858643,
                31.2389984131,
                21.2498054504,
                35.2368927002,
                34.6289291382,
                25.9819164276,
                27.7419929504,
                26.1511726379,
                23.9718513489,
                33.9473457336,
                43.4274635315,
                38.3482627869,
                22.7766056061,
                18.0701065063,
                8.46574211121,
                4.08432388306,
                5.43718481064,
                9.75972557068,
                8.03060913086,
                5.88599967957,
                9.12391281128,
                9.18800163269,
                5.84873485565,
                4.44423246384,
                3.80850410461,
                2.13557910919,
                0.770144999027,
                0.221618905663,
                0.0451368577778,
                0.00623311521485,
                0.00130979251117,
                5.56646518817e-05
            ],
            "dvar": [
                0.944706499577,
                52.3809242249,
                283.237670898,
                1531.6295166,
                1442.48535156,
                393.372680664,
                131.215255737,
                953.34197998,
                5656.07226562,
                3662.27929688,
                1454.37487793,
                5151.54492188,
                5114.328125,
                3575.97216797,
                4504.65136719,
                3018.67651367,
                2234.05078125,
                3787.54296875,
                6072.24658203,
                4910.55175781,
                1419.44824219,
                909.244567871,
                371.574859619,
                95.150428772,
                98.1981811523,
                523.045715332,
                433.265472412,
                183.20664978,
                412.567626953,
                353.938293457,
                203.583297729,
                138.544250488,
                111.380630493,
                35.6780815125,
                6.3338804245,
                0.42283397913,
                0.0213074572384,
                0.00041383667849,
                0.00017784757074,
                4.10119262995e-08
            ],
            "dvar2": [
                2.46117067337,
                126.766807556,
                760.678039551,
                4477.7734375,
                4229.62890625,
                1135.32348633,
                349.830230713,
                2159.74951172,
                13484.8681641,
                8015.85009766,
                2934.32617188,
                11443.1748047,
                9888.28417969,
                7009.41259766,
                9752.390625,
                5767.85449219,
                4514.87158203,
                8103.01025391,
                16184.3867188,
                12385.5019531,
                2847.95288086,
                1999.67578125,
                855.517822266,
                183.372787476,
                218.205047607,
                1429.06298828,
                1170.58544922,
                419.475280762,
                1005.40655518,
                928.734619141,
                537.162414551,
                325.480255127,
                257.999542236,
                86.70262146,
                15.1905288696,
                1.00279676914,
                0.0511005297303,
                0.00104876956902,
                0.000370314141037,
                8.10912084148e-08
            ],
            "max": [
                17.8077602386,
                102.029510498,
                232.848602295,
                488.986846924,
                509.074523926,
                308.851745605,
                211.360076904,
                520.17388916,
                1083.56140137,
                1319.58129883,
                774.380737305,
                1926.12866211,
                1781.19689941,
                1885.33972168,
                2196.22900391,
                1362.87304688,
                1062.73803711,
                1262.38623047,
                1001.60125732,
                1215.10290527,
                502.495025635,
                440.005615234,
                336.668121338,
                202.569473267,
                153.240905762,
                292.129760742,
                235.184402466,
                260.474975586,
                422.134613037,
                233.178771973,
                243.807266235,
                272.564819336,
                332.754821777,
                179.842697144,
                74.6698455811,
                16.7723522186,
                4.95848798752,
                0.494489371777,
                0.550292849541,
                0.00822631921619
            ],
            "mean": [
                1.71247792244,
                3.53812050819,
                3.65009951591,
                5.66484832764,
                7.38104248047,
                7.01849937439,
                6.3212018013,
                21.8602905273,
                49.8601150513,
                31.6765460968,
                23.6203079224,
                34.5204582214,
                40.3063163757,
                31.1177349091,
                29.994890213,
                29.2252807617,
                26.2868480682,
                34.6133766174,
                32.7843551636,
                30.9104785919,
                24.5198383331,
                16.7356948853,
                6.66084051132,
                3.97271966934,
                4.90216398239,
                5.65792894363,
                4.05109500885,
                3.87642550468,
                5.78122806549,
                5.72044563293,
                3.66460037231,
                3.33404016495,
                2.92717981339,
                1.73141169548,
                0.565441548824,
                0.158110424876,
                0.0325031280518,
                0.00429220730439,
                0.00121199490968,
                0.000105748556962
            ],
            "median": [
                0.120032459497,
                0.605250835419,
                1.05395579338,
                1.12315380573,
                2.69471693039,
                2.7696814537,
                2.3485519886,
                6.52298069,
                11.722659111,
                5.04939460754,
                4.00786828995,
                6.25195121765,
                6.09745883942,
                4.32568883896,
                3.27902245522,
                2.77794790268,
                3.08123540878,
                2.84201955795,
                2.79753494263,
                2.65311431885,
                2.85688591003,
                1.70912468433,
                0.624425649643,
                0.478710561991,
                0.588041424751,
                0.486181437969,
                0.186874896288,
                0.134303435683,
                0.18638831377,
                0.157370954752,
                0.0691323280334,
                0.0716679617763,
                0.100723035634,
                0.092772603035,
                0.0228726528585,
                0.00867953523993,
                0.00222307629883,
                0.000285682996036,
                7.00574964867e-05,
                6.065783964e-05
            ],
            "min": [
                2.12438074944e-12,
                6.24549847603e-12,
                1.21001594161e-11,
                2.07024102722e-11,
                2.72452962968e-11,
                1.38855871246e-10,
                1.94932445186e-10,
                1.02825215009e-09,
                1.70708525093e-09,
                8.60325588548e-10,
                1.63704061418e-09,
                1.3083544248e-09,
                9.23434273492e-10,
                3.71927932896e-09,
                2.88134005544e-09,
                6.3142517881e-09,
                1.2452862741e-08,
                4.45753789435e-09,
                2.1841455311e-09,
                9.81203562844e-09,
                7.50473283517e-09,
                1.02166621829e-08,
                1.24093624265e-08,
                7.33170368861e-09,
                8.41316794009e-09,
                5.69275160345e-09,
                5.91742166378e-09,
                1.95107379142e-08,
                1.80085493184e-08,
                1.64982161266e-08,
                3.41060903963e-08,
                5.0332864987e-08,
                6.26857783459e-08,
                3.98751183184e-08,
                2.88811872196e-08,
                1.36819675589e-08,
                1.47372629655e-08,
                2.17952358383e-08,
                1.73554628446e-08,
                3.97413479902e-09
            ],
            "var": [
                5.87593746185,
                75.3958053589,
                203.852767944,
                852.497741699,
                808.118469238,
                277.926391602,
                156.094314575,
                1800.29443359,
                9693.43261719,
                8528.65820312,
                3258.27490234,
                7804.80273438,
                11039.7958984,
                7686.25976562,
                7870.46044922,
                7669.83349609,
                4718.21972656,
                7234.98681641,
                6414.87255859,
                5790.88476562,
                2620.92236328,
                1432.41296387,
                443.736236572,
                155.253189087,
                149.69921875,
                403.30770874,
                316.624572754,
                220.359725952,
                453.605407715,
                372.47869873,
                214.560333252,
                187.723510742,
                141.304016113,
                43.4008331299,
                7.06093454361,
                0.497921615839,
                0.0228192321956,
                0.000417742121499,
                0.00026868772693,
                7.71363204422e-08
            ]
        },
        "erbbands_crest": {
            "dmean": 3.21680951118,
            "dmean2": 5.19637775421,
            "dvar": 9.17487430573,
            "dvar2": 23.2947502136,
            "max": 31.3778495789,
            "mean": 11.6646108627,
            "median": 10.7954063416,
            "min": 2.84645867348,
            "var": 22.6727390289
        },
        "erbbands_flatness_db": {
            "dmean": 0.0227255318314,
            "dmean2": 0.0336966626346,
            "dvar": 0.000602938176598,
            "dvar2": 0.00127961218823,
            "max": 0.478243052959,
            "mean": 0.213318020105,
            "median": 0.209384232759,
            "min": 0.0471675209701,
            "var": 0.00399863580242
        },
        "erbbands_kurtosis": {
            "dmean": 1.9860637188,
            "dmean2": 3.12827730179,
            "dvar": 9.05382347107,
            "dvar2": 21.5471420288,
            "max": 54.6408882141,
            "mean": 2.54218816757,
            "median": 1.15883779526,
            "min": -1.93300843239,
            "var": 21.0720844269
        },
        "erbbands_skewness": {
            "dmean": 0.545556128025,
            "dmean2": 0.820531904697,
            "dvar": 0.358833938837,
            "dvar2": 0.779297292233,
            "max": 6.13297367096,
            "mean": 0.601112782955,
            "median": 0.551410675049,
            "min": -5.14658308029,
            "var": 1.19155538082
        },
        "erbbands_spread": {
            "dmean": 9.49188804626,
            "dmean2": 14.6048717499,
            "dvar": 256.076873779,
            "dvar2": 587.278320312,
            "max": 209.433853149,
            "mean": 27.721162796,
            "median": 20.9644927979,
            "min": 1.53012859821,
            "var": 584.896484375
        },
        "gfcc": {
            "cov": [
                [
                    13703.0214844,
                    -3856.97167969,
                    -3191.97436523,
                    1128.77514648,
                    -899.411682129,
                    1262.89648438,
                    -542.124450684,
                    981.85168457,
                    -40.3731689453,
                    601.448669434,
                    11.5833063126,
                    341.708251953,
                    82.235534668
                ],
                [
                    -3856.97167969,
                    3052.05810547,
                    925.292114258,
                    -926.305419922,
                    761.694519043,
                    -245.984939575,
                    406.477294922,
                    -218.575820923,
                    131.798171997,
                    -208.905105591,
                    142.653411865,
                    -226.906204224,
                    75.7345962524
                ],
                [
                    -3191.97436523,
                    925.292114258,
                    2350.82202148,
                    152.605926514,
                    267.862030029,
                    -3.85411095619,
                    248.724395752,
                    -137.09866333,
                    179.832565308,
                    -55.2850418091,
                    148.872024536,
                    -58.5743331909,
                    24.1914405823
                ],
                [
                    1128.77514648,
                    -926.305419922,
                    152.605926514,
                    1020.30010986,
                    -77.3437728882,
                    81.3311309814,
                    -55.824180603,
                    53.8029403687,
                    143.458557129,
                    35.4214897156,
                    23.5394210815,
                    85.1343765259,
                    41.7339134216
                ],
                [
                    -899.411682129,
                    761.694519043,
                    267.862030029,
                    -77.3437728882,
                    722.229003906,
                    124.05657196,
                    242.539535522,
                    -1.55831849575,
                    137.016891479,
                    3.75490784645,
                    31.623090744,
                    -98.5271835327,
                    76.9052276611
                ],
                [
                    1262.89648438,
                    -245.984939575,
                    -3.85411095619,
                    81.3311309814,
                    124.05657196,
                    573.728210449,
                    154.836624146,
                    130.889312744,
                    80.2428588867,
                    134.801971436,
                    63.2944564819,
                    11.2060108185,
                    59.6747093201
                ],
                [
                    -542.124450684,
                    406.477294922,
                    248.724395752,
                    -55.824180603,
                    242.539535522,
                    154.836624146,
                    471.984375,
                    4.82384252548,
                    52.7154960632,
                    -23.5774898529,
                    21.5482673645,
                    1.39815735817,
                    20.6782016754
                ],
                [
                    981.85168457,
                    -218.575820923,
                    -137.09866333,
                    53.8029403687,
                    -1.55831849575,
                    130.889312744,
                    4.82384252548,
                    288.383178711,
                    44.6761703491,
                    50.2121086121,
                    31.7208442688,
                    -13.2928419113,
                    38.1104545593
                ],
                [
                    -40.3731689453,
                    131.798171997,
                    179.832565308,
                    143.458557129,
                    137.016891479,
                    80.2428588867,
                    52.7154960632,
                    44.6761703491,
                    248.580429077,
                    34.412727356,
                    33.7641410828,
                    -14.857925415,
                    49.2692871094
                ],
                [
                    601.448669434,
                    -208.905105591,
                    -55.2850418091,
                    35.4214897156,
                    3.75490784645,
                    134.801971436,
                    -23.5774898529,
                    50.2121086121,
                    34.412727356,
                    175.145065308,
                    17.0147972107,
                    6.76710700989,
                    21.1881275177
                ],
                [
                    11.5833063126,
                    142.653411865,
                    148.872024536,
                    23.5394210815,
                    31.623090744,
                    63.2944564819,
                    21.5482673645,
                    31.7208442688,
                    33.7641410828,
                    17.0147972107,
                    210.976196289,
                    16.5159015656,
                    22.9579048157
                ],
                [
                    341.708251953,
                    -226.906204224,
                    -58.5743331909,
                    85.1343765259,
                    -98.5271835327,
                    11.2060108185,
                    1.39815735817,
                    -13.2928419113,
                    -14.857925415,
                    6.76710700989,
                    16.5159015656,
                    148.075531006,
                    11.2822618484
                ],
                [
                    82.235534668,
                    75.7345962524,
                    24.1914405823,
                    41.7339134216,
                    76.9052276611,
                    59.6747093201,
                    20.6782016754,
                    38.1104545593,
                    49.2692871094,
                    21.1881275177,
                    22.9579048157,
                    11.2822618484,
                    124.612998962
                ]
            ],
            "icov": [
                [
                    0.000303031003568,
                    -2.37595668295e-05,
                    0.000333975855028,
                    -0.000292072072625,
                    0.000187446348718,
                    -0.000551486213226,
                    0.000212621525861,
                    -0.000589913106523,
                    0.000113028188935,
                    -0.000319048878737,
                    1.36500329972e-05,
                    -0.000313212454785,
                    0.000176389774424
                ],
                [
                    -2.37595668295e-05,
                    0.00127784919459,
                    -0.000275218044408,
                    0.00111727858894,
                    -0.000723214878235,
                    0.000656176474877,
                    -0.000503413786646,
                    0.00062410911778,
                    -0.000733292661607,
                    0.000851568882354,
                    -0.000850508047733,
                    0.000837312196381,
                    -0.00083091459237
                ],
                [
                    0.000333975855028,
                    -0.000275218044408,
                    0.000953962502535,
                    -0.00063234596746,
                    0.000320958526572,
                    -0.000653138675261,
                    7.32903936296e-05,
                    -0.000432078406448,
                    -2.29936431424e-05,
                    -0.000425252597779,
                    -0.000212695100345,
                    -0.000213678678847,
                    0.000348053989001
                ],
                [
                    -0.000292072072625,
                    0.00111727858894,
                    -0.00063234596746,
                    0.00242091552354,
                    -0.000638366909698,
                    0.000911654380616,
                    -0.000370381545508,
                    0.000921209226362,
                    -0.00147179525811,
                    0.00109783210792,
                    -0.000612866599113,
                    0.000279733678326,
                    -0.000954357034061
                ],
                [
                    0.000187446348718,
                    -0.000723214878235,
                    0.000320958526572,
                    -0.000638366909698,
                    0.00272933999076,
                    -0.000815561565105,
                    -0.00052749394672,
                    -0.000289277959382,
                    -0.000330974027747,
                    -0.000628896756098,
                    0.000356889679097,
                    0.000807736592833,
                    -0.000551626028027
                ],
                [
                    -0.000551486213226,
                    0.000656176474877,
                    -0.000653138675261,
                    0.000911654380616,
                    -0.000815561565105,
                    0.00404938776046,
                    -0.00155276618898,
                    0.000609600450844,
                    -0.000618068559561,
                    -0.000892641081009,
                    -0.000857419276144,
                    0.000874369812664,
                    -0.00110304704867
                ],
                [
                    0.000212621525861,
                    -0.000503413786646,
                    7.32903936296e-05,
                    -0.000370381545508,
                    -0.00052749394672,
                    -0.00155276618898,
                    0.00343996984884,
                    -0.000723850913346,
                    0.000255016173469,
                    0.000494950159919,
                    0.000564075133298,
                    -0.00147500447929,
                    0.000839775544591
                ],
                [
                    -0.000589913106523,
                    0.00062410911778,
                    -0.000432078406448,
                    0.000921209226362,
                    -0.000289277959382,
                    0.000609600450844,
                    -0.000723850913346,
                    0.00577698089182,
                    -0.00107747805305,
                    0.00066135491943,
                    -0.000978390104137,
                    0.00200137984939,
                    -0.00166209531017
                ],
                [
                    0.000113028188935,
                    -0.000733292661607,
                    -2.29936431424e-05,
                    -0.00147179525811,
                    -0.000330974027747,
                    -0.000618068559561,
                    0.000255016173469,
                    -0.00107747805305,
                    0.0060645127669,
                    -0.00128926709294,
                    0.000245690549491,
                    -0.000137640701723,
                    -0.000555458827876
                ],
                [
                    -0.000319048878737,
                    0.000851568882354,
                    -0.000425252597779,
                    0.00109783210792,
                    -0.000628896756098,
                    -0.000892641081009,
                    0.000494950159919,
                    0.00066135491943,
                    -0.00128926709294,
                    0.00844305660576,
                    -0.000586356676649,
                    0.000566607224755,
                    -0.00093002722133
                ],
                [
                    1.36500329972e-05,
                    -0.000850508047733,
                    -0.000212695100345,
                    -0.000612866599113,
                    0.000356889679097,
                    -0.000857419276144,
                    0.000564075133298,
                    -0.000978390104137,
                    0.000245690549491,
                    -0.000586356676649,
                    0.00592867471278,
                    -0.00148203258868,
                    0.000194883454242
                ],
                [
                    -0.000313212454785,
                    0.000837312196381,
                    -0.000213678678847,
                    0.000279733678326,
                    0.000807736592833,
                    0.000874369812664,
                    -0.00147500447929,
                    0.00200137984939,
                    -0.000137640701723,
                    0.000566607224755,
                    -0.00148203258868,
                    0.00947692804039,
                    -0.00226583261974
                ],
                [
                    0.000176389774424,
                    -0.00083091459237,
                    0.000348053989001,
                    -0.000954357034061,
                    -0.000551626028027,
                    -0.00110304704867,
                    0.000839775544591,
                    -0.00166209531017,
                    -0.000555458827876,
                    -0.00093002722133,
                    0.000194883454242,
                    -0.00226583261974,
                    0.0104501126334
                ]
            ],
            "mean": [
                -73.3694534302,
                127.493133545,
                -83.2180633545,
                10.0574903488,
                -44.9969444275,
                15.4285621643,
                -36.4253578186,
                9.02085399628,
                -10.2640695572,
                4.06218004227,
                -9.09509754181,
                -2.71491980553,
                -0.335208892822
            ]
        },
        "hfc": {
            "dmean": 9.06243991852,
            "dmean2": 13.0843858719,
            "dvar": 304.428619385,
            "dvar2": 644.537353516,
            "max": 288.414550781,
            "mean": 20.805273056,
            "median": 11.9760799408,
            "min": 3.94509561374e-06,
            "var": 651.946289062
        },
        "melbands": {
            "dmean": [
                0.00240053771995,
                0.00174422410782,
                0.0011570577044,
                0.000490974460263,
                0.000148681807332,
                0.000298135448247,
                0.000483783922391,
                0.000199321642867,
                0.000132586719701,
                0.000159386981977,
                0.000126617975184,
                8.31639699754e-05,
                6.40983853373e-05,
                5.85195193707e-05,
                5.4363918025e-05,
                4.04813581554e-05,
                4.37137641711e-05,
                4.38870265498e-05,
                4.34624198533e-05,
                2.61968107225e-05,
                1.8747523427e-05,
                1.42835542647e-05,
                7.03952036929e-06,
                3.71999567506e-06,
                2.2044639536e-06,
                2.22444441533e-06,
