{
    "lowlevel": {
        "average_loudness": 0.77433526516,
        "barkbands": {
            "dmean": [
                0.00103889382444,
                0.0135526405647,
                0.00346157490276,
                0.000968863605522,
                0.000909777183551,
                0.000751438143197,
                0.000789751124103,
                0.000376482115826,
                0.000524277973454,
                0.000550112745259,
                0.000493196886964,
                0.000481360999402,
                0.00050415052101,
                0.000534883816727,
                0.000438651710283,
                0.000312315300107,
                0.000235831175814,
                0.000170410232386,
                0.000118069692689,
                0.000142977776704,
                0.000127821185743,
                0.000133489258587,
                0.000163074262673,
                0.0001251053327,
                9.53567578108e-05,
                7.13789049769e-05,
                2.4944623874e-05
            ],
            "dmean2": [
                0.00157154910266,
                0.0213386751711,
                0.00581529689953,
                0.00163373129908,
                0.00149887870066,
                0.00123043963686,
                0.00127683382016,
                0.000596264202613,
                0.000789278943557,
                0.000807321979664,
                0.000734806235414,
                0.000731976062525,
                0.000765537493862,
                0.000837679137476,
                0.000686096900608,
                0.000498701352626,
                0.000364353589248,
                0.000265271519311,
                0.000184799311683,
                0.000223806782742,
                0.000194783642655,
                0.000205893826205,
                0.000257587089436,
                0.000189705460798,
                0.000141579323099,
                0.000109126354801,
                3.77567412215e-05
            ],
            "dvar": [
                5.13263648827e-06,
                0.00102808675729,
                0.0001150115786,
                7.22278082321e-06,
                4.72897590953e-06,
                3.53333052772e-06,
                4.68625603389e-06,
                1.10436394607e-06,
                2.07556990972e-06,
                2.89338618131e-06,
                3.1273877994e-06,
                2.24598170462e-06,
                2.43513522946e-06,
                2.73996420219e-06,
                1.82131054771e-06,
                1.06301581582e-06,
                4.68178456003e-07,
                2.07698704457e-07,
                8.9017625271e-08,
                1.07206716393e-07,
                1.12975584443e-07,
                1.11311749151e-07,
                1.57011712076e-07,
                8.23846235676e-08,
                5.28616155293e-08,
                4.24217709849e-08,
                6.22247142701e-09
            ],
            "dvar2": [
                1.23698309835e-05,
                0.00235325470567,
                0.000304989516735,
                1.96255914489e-05,
                1.20711902127e-05,
                8.9511358965e-06,
                1.11959261631e-05,
                2.61572199634e-06,
                4.20483866037e-06,
                5.84631106904e-06,
                6.25594111625e-06,
                5.0472467592e-06,
                4.8446031542e-06,
                6.54500399833e-06,
                4.55377494291e-06,
                2.67236964646e-06,
                1.04895991626e-06,
                5.0092330639e-07,
                1.99089285502e-07,
                2.45144462951e-07,
                2.66937433935e-07,
                2.63720437488e-07,
                3.88490803971e-07,
                1.89288996921e-07,
                1.16747109757e-07,
                1.02689625692e-07,
                1.46706131687e-08
            ],
            "max": [
                0.0420617125928,
                0.356620401144,
                0.148823708296,
                0.0434219799936,
                0.0359895154834,
                0.0488640889525,
                0.0879757925868,
                0.0286197476089,
                0.0406778939068,
                0.0485369935632,
                0.0563667081296,
                0.0384374447167,
                0.0398676805198,
                0.0478211715817,
                0.0354825556278,
                0.025871867314,
                0.0208057481796,
                0.0135358721018,
                0.00766468653455,
                0.00528323883191,
                0.00831250101328,
                0.00808706786484,
                0.00580187281594,
                0.00520465848967,
                0.00450478913262,
                0.00267919478938,
                0.00103590171784
            ],
            "mean": [
                0.0019674054347,
                0.0199120938778,
                0.00391283398494,
                0.00115145463496,
                0.00127893616445,
                0.00101716688368,
                0.00100381940138,
                0.00050882587675,
                0.000893341435585,
                0.000912027317099,
                0.000802831025794,
                0.000720397918485,
                0.000733706809115,
                0.000763600692153,
                0.000576338148676,
                0.000386345782317,
                0.000339205231285,
                0.000253000151133,
                0.000175499473698,
                0.000227021911996,
                0.000185354874702,
                0.000187255413039,
                0.000230536665185,
                0.000191683735466,
                0.000144581266795,
                8.33131271065e-05,
                2.66417027888e-05
            ],
            "median": [
                0.000110499226139,
                0.0039976015687,
                0.000286214053631,
                0.000189226411749,
                0.000419901567511,
                0.000320244027534,
                0.000187651865417,
                8.87273490662e-05,
                0.000120866752695,
                0.000111951783765,
                7.91134734754e-05,
                9.08918009372e-05,
                0.000135519934702,
                0.00012607278768,
                9.29796442506e-05,
                5.67577444599e-05,
                6.23566156719e-05,
                6.12851654296e-05,
                5.0948226999e-05,
                6.18262274656e-05,
                3.1622723327e-05,
                3.49717120116e-05,
                5.82564571232e-05,
                5.76337406528e-05,
                3.04729801428e-05,
                9.60761099122e-06,
                1.28901831431e-06
            ],
            "min": [
                4.54873803472e-24,
                8.7322200597e-24,
                8.15983126434e-24,
                2.29667780655e-24,
                7.70084753499e-24,
                1.56933795451e-23,
                1.92811741623e-23,
                5.48231318531e-23,
                8.08820348301e-23,
                2.43744167316e-23,
                6.32695286742e-23,
                8.85175078841e-23,
                1.17670493725e-22,
                3.10125045442e-23,
                9.90301207426e-23,
                1.03433763197e-22,
                1.449905013e-22,
                3.6782226263e-22,
                2.85680890251e-22,
                1.90899845712e-22,
                2.37380666207e-22,
                5.40024438814e-22,
                5.64359674402e-22,
                7.95928392112e-22,
                1.04424060049e-21,
                1.76616550933e-21,
                2.12677263555e-21
            ],
            "var": [
                1.61378538905e-05,
                0.00178999197669,
                9.66895386227e-05,
                6.79509821566e-06,
                6.09491235082e-06,
                4.27080476584e-06,
                7.74968884798e-06,
                1.85499038707e-06,
                6.52617472952e-06,
                8.27391977509e-06,
                8.86017005541e-06,
                4.99038833368e-06,
                5.13860413776e-06,
                4.36096115664e-06,
                2.61907462118e-06,
                1.34855361011e-06,
                8.63009290697e-07,
                3.17155382845e-07,
                1.3822209155e-07,
                1.811518473e-07,
                1.65370337868e-07,
                1.51500657353e-07,
                2.07159160936e-07,
                1.41490389183e-07,
                9.97723006435e-08,
                4.61132394491e-08,
                6.5793637205e-09
            ]
        },
        "barkbands_crest": {
            "dmean": 3.19422221184,
            "dmean2": 5.03330230713,
            "dvar": 8.75884342194,
            "dvar2": 20.7826480865,
            "max": 26.730884552,
            "mean": 12.1514959335,
            "median": 11.3588809967,
            "min": 2.16110563278,
            "var": 29.529460907
        },
        "barkbands_flatness_db": {
            "dmean": 0.0334182940423,
            "dmean2": 0.0479904301465,
            "dvar": 0.00129357527476,
            "dvar2": 0.00249308696948,
            "max": 0.747173309326,
            "mean": 0.16100242734,
            "median": 0.140308469534,
            "min": 0.015652846545,
            "var": 0.00925003085285
        },
        "barkbands_kurtosis": {
            "dmean": 15.1394681931,
            "dmean2": 23.7514076233,
            "dvar": 16270.6152344,
            "dvar2": 42927.4726562,
            "max": 8395.21386719,
            "mean": 18.2976284027,
            "median": 2.35599637032,
            "min": -1.91787219048,
            "var": 13186.171875
        },
        "barkbands_skewness": {
            "dmean": 1.07779669762,
            "dmean2": 1.5664511919,
            "dvar": 3.08173942566,
            "dvar2": 6.54832935333,
            "max": 75.9414978027,
            "mean": 2.14353609085,
            "median": 1.51831316948,
            "min": -8.47774982452,
            "var": 8.38925457001
        },
        "barkbands_spread": {
            "dmean": 8.37700939178,
            "dmean2": 12.6858234406,
            "dvar": 105.208030701,
            "dvar2": 236.616744995,
            "max": 123.331932068,
            "mean": 23.4963245392,
            "median": 19.8368186951,
            "min": 0.0392258949578,
            "var": 315.455718994
        },
        "dissonance": {
            "dmean": 0.0237969961017,
            "dmean2": 0.0394118987024,
            "dvar": 0.000761715287808,
            "dvar2": 0.00197045132518,
            "max": 0.500000178814,
            "mean": 0.45423322916,
            "median": 0.467210531235,
            "min": 0.121839016676,
            "var": 0.00184469495434
        },
        "dynamic_complexity": 6.46666383743,
        "erbbands": {
            "dmean": [
                0.473902702332,
                3.03730535507,
                4.33739757538,
                3.44213080406,
                2.74849247932,
                3.415599823,
                3.57205152512,
                7.32448005676,
                11.0724344254,
                11.2881393433,
                7.74863386154,
                10.9808664322,
                16.3530845642,
                16.5385704041,
                18.1457214355,
                20.2595367432,
                21.9957695007,
                27.8538341522,
                17.4789524078,
                24.2785644531,
                14.8861408234,
                11.5424795151,
                9.21714687347,
                6.93179893494,
                5.86845684052,
                6.66810894012,
                5.56301450729,
                4.92655277252,
                4.72415065765,
                5.62533044815,
                4.11456537247,
                2.82953572273,
                2.06209897995,
                1.18502283096,
                0.60776746273,
                0.373108029366,
                0.118140213192,
                0.0331319458783,
                0.00383453234099,
                0.000203254647204
            ],
            "dmean2": [
                0.723236203194,
                4.7774014473,
                7.08714389801,
                5.7734913826,
                4.62164354324,
                5.68055105209,
                5.7884478569,
                12.0344028473,
                18.3144416809,
                17.6609344482,
                12.0389642715,
                16.4954376221,
                24.6553688049,
                23.520740509,
                27.4078159332,
                30.1812782288,
                33.1060333252,
                42.4365921021,
                27.2219905853,
                37.8617362976,
                22.7302417755,
                17.6713638306,
                14.4547605515,
                10.6998510361,
                9.20422554016,
                10.4544086456,
                8.48685264587,
                7.57571554184,
                7.25446033478,
                8.82196331024,
                6.4733042717,
                4.38225460052,
                3.11859226227,
                1.75419783592,
                0.90292018652,
                0.576584756374,
                0.17948679626,
                0.0508609451354,
                0.00580987241119,
                0.000305583322188
            ],
            "dvar": [
                1.21230816841,
                56.4171867371,
                153.419631958,
                102.814033508,
                62.6146125793,
                65.0956497192,
                72.4354095459,
                389.011993408,
                971.554931641,
                1435.89868164,
                381.027435303,
                1060.78210449,
                2797.84887695,
                2854.68652344,
                3906.91625977,
                3917.93505859,
                4630.04492188,
                6748.63916016,
                2706.17407227,
                7498.01416016,
                1679.00439453,
                1027.71386719,
                680.376220703,
                268.930023193,
                212.959121704,
                245.28137207,
                220.913894653,
                188.810317993,
                156.726333618,
                198.230575562,
                97.6493988037,
                46.3238449097,
                21.2898845673,
                7.88318634033,
                2.3104827404,
                1.23131346703,
                0.1164380759,
                0.0108933914453,
                0.000141596683534,
                3.54209475972e-07
            ],
            "dvar2": [
                2.80908155441,
                132.451660156,
                391.842498779,
                278.224273682,
                170.648239136,
                166.999710083,
                176.385574341,
                985.274841309,
                2581.76489258,
                2773.01000977,
                894.504821777,
                2252.68676758,
                6099.97900391,
                5130.89208984,
                8226.84765625,
                8634.24609375,
                9333.76074219,
                15421.9316406,
                6621.91259766,
                18556.40625,
                3813.52026367,
                2213.66015625,
                1666.64575195,
                600.363891602,
                482.395233154,
                579.088012695,
                529.229492188,
                448.518951416,
                380.334777832,
                477.442382812,
                241.88079834,
                111.766548157,
                47.6822814941,
                16.8656826019,
                5.22339916229,
                3.03783726692,
                0.277993083,
                0.0260490234941,
                0.000336283497745,
                8.38638243295e-07
            ],
            "max": [
                15.0181655884,
                90.3266448975,
                173.394699097,
                152.869827271,
                174.931793213,
                147.806640625,
                284.224517822,
                492.553497314,
                621.62902832,
                2535.28149414,
                413.925994873,
                1078.90563965,
                1391.00305176,
                2243.7109375,
                2069.79296875,
                1841.9296875,
                1855.92358398,
                2889.87890625,
                1251.40100098,
                3125.27026367,
                1085.12683105,
                1055.14624023,
                904.913696289,
                428.173553467,
                281.393554688,
                234.965011597,
                390.147491455,
                326.116790771,
                330.005462646,
                261.237731934,
                163.897155762,
                156.716461182,
                95.9845123291,
                50.8240203857,
                31.1029376984,
                14.2326478958,
                4.66592884064,
                1.46736502647,
                0.158709317446,
                0.00763652753085
            ],
            "mean": [
                0.709666132927,
                3.88357830048,
                5.33742952347,
                4.27484035492,
                3.73074769974,
                4.511282444,
                4.95579051971,
                9.37418079376,
                13.265080452,
                15.7891626358,
                11.8312578201,
                18.6661834717,
                27.9880638123,
                31.2037525177,
                30.4557933807,
                32.7103843689,
                35.0580024719,
                43.9132957458,
                25.3520240784,
                31.7490711212,
                22.159986496,
                17.6650657654,
                14.0074987411,
                10.9316072464,
                9.31484603882,
                10.6100950241,
                8.32153511047,
                7.05216550827,
                6.45914173126,
                7.74933815002,
                5.9870724678,
                4.15981483459,
                3.16167235374,
                1.84813988209,
                0.876583456993,
                0.44236433506,
                0.136408522725,
                0.0351360812783,
                0.00413893861696,
                0.000250165263424
            ],
            "median": [
                0.0958853811026,
                0.666140377522,
                0.650391757488,
                0.625194072723,
                1.22288393974,
                1.26216673851,
                1.52121257782,
                2.75077724457,
                3.07333111763,
                2.49568939209,
                2.69907617569,
                3.19096112251,
                4.94453716278,
                3.90499162674,
                4.75723648071,
                5.80477809906,
                8.14109706879,
                8.35838699341,
                5.17099761963,
                5.1731967926,
                3.75873184204,
                3.52732348442,
                3.6900074482,
                3.10471105576,
                2.87698364258,
                2.99291944504,
                1.7239780426,
                1.14374172688,
                1.14978027344,
                1.58793950081,
                1.68247139454,
                1.18916606903,
                0.896078944206,
                0.414602488279,
                0.157872974873,
                0.0551486909389,
                0.0138810612261,
                0.0025572180748,
                0.000246833573328,
                5.15491265105e-05
            ],
            "min": [
                3.61112577801e-22,
                1.7311226166e-21,
                9.35024608032e-21,
                5.92678786303e-21,
                9.50525278009e-21,
                2.6880070879e-20,
                8.69016370632e-20,
                1.62143749802e-19,
                4.13675583428e-19,
                6.86167152724e-19,
                1.48964123421e-18,
                1.70667853769e-18,
                1.29873074057e-18,
                1.64293527591e-18,
                2.05942702158e-18,
                4.17439094949e-18,
                5.79526169954e-18,
                2.76572759532e-18,
                4.73088125608e-18,
                5.55310209368e-18,
                7.55480762493e-18,
                8.74927793615e-18,
                1.26373874659e-17,
                1.46704716801e-17,
                1.1299752043e-17,
                8.95987150266e-18,
                1.14231491924e-17,
                1.18749296004e-17,
                1.66375270291e-17,
                1.81452241685e-17,
                1.58931554677e-17,
                1.85882257086e-17,
                1.30256428844e-17,
                1.08828232357e-17,
                7.75382893467e-18,
                5.6889230823e-18,
                3.05340943183e-18,
                1.13803994644e-18,
                3.01677732482e-19,
                3.24818640031e-20
            ],
            "var": [
                2.19702720642,
                82.4727096558,
                152.667922974,
                89.650932312,
                62.1994590759,
                88.7325897217,
                100.18812561,
                431.841339111,
                955.485046387,
                3805.72387695,
                747.037536621,
                2758.92529297,
                6654.24804688,
                11190.4169922,
                9832.06835938,
                9756.95410156,
                10346.2890625,
                13449.4960938,
                4018.00463867,
                10649.2705078,
                3642.08325195,
                2067.6171875,
                991.410949707,
                471.149841309,
                345.920440674,
                398.616577148,
                318.718780518,
                252.290603638,
                195.926193237,
                258.61730957,
                134.744293213,
                70.8988037109,
                38.7629394531,
                15.9676952362,
                3.95880460739,
                1.34728467464,
                0.127155706286,
                0.0110457036644,
                0.000150041276356,
                3.89506539022e-07
            ]
        },
        "erbbands_crest": {
            "dmean": 3.36005783081,
            "dmean2": 5.29245948792,
            "dvar": 10.531794548,
            "dvar2": 24.5320701599,
            "max": 31.9958438873,
            "mean": 10.6286563873,
            "median": 9.4186630249,
            "min": 2.46099209785,
            "var": 29.9292488098
        },
        "erbbands_flatness_db": {
            "dmean": 0.0239598881453,
            "dmean2": 0.0342039912939,
            "dvar": 0.000624672800768,
            "dvar2": 0.00126351776998,
            "max": 0.436241447926,
            "mean": 0.154701352119,
            "median": 0.145960658789,
            "min": 0.0329493395984,
            "var": 0.00350557686761
        },
        "erbbands_kurtosis": {
            "dmean": 1.8640114069,
            "dmean2": 2.8888835907,
            "dvar": 20.1635379791,
            "dvar2": 44.4199333191,
            "max": 137.185302734,
            "mean": 1.80772936344,
            "median": 0.364688396454,
            "min": -1.9251139164,
            "var": 37.7850189209
        },
        "erbbands_skewness": {
            "dmean": 0.518946647644,
            "dmean2": 0.773570895195,
            "dvar": 0.384418457747,
            "dvar2": 0.820812702179,
            "max": 10.9858970642,
            "mean": 0.223359927535,
            "median": 0.146526277065,
            "min": -9.53357410431,
            "var": 1.31267392635
        },
        "erbbands_spread": {
            "dmean": 12.0809412003,
            "dmean2": 18.2218208313,
            "dvar": 214.562362671,
            "dvar2": 488.706939697,
            "max": 186.75340271,
            "mean": 40.1153259277,
            "median": 35.6106376648,
            "min": 1.42131495476,
            "var": 598.306640625
        },
        "gfcc": {
            "cov": [
                [
                    27800.0097656,
                    -1363.36242676,
                    -702.538208008,
                    982.602111816,
                    -1053.71911621,
                    452.500427246,
                    -118.208374023,
                    -143.105575562,
                    -478.488525391,
                    171.112472534,
                    -156.516494751,
                    72.0397338867,
                    -321.636291504
                ],
                [
                    -1363.36242676,
                    3006.58056641,
                    464.429321289,
                    278.350769043,
                    775.208435059,
                    60.8014564514,
                    453.4503479,
                    28.9195365906,
                    218.363113403,
                    -107.424621582,
                    121.151229858,
                    -245.658340454,
                    60.7509536743
                ],
                [
                    -702.538208008,
                    464.429321289,
                    1530.16796875,
                    577.374267578,
                    458.221008301,
                    290.691955566,
                    209.69303894,
                    41.1764221191,
                    95.1836700439,
                    27.4972801208,
                    -15.2695188522,
                    -6.59854364395,
                    -33.4365577698
                ],
                [
                    982.602111816,
                    278.350769043,
                    577.374267578,
                    914.410095215,
                    396.331665039,
                    197.920776367,
                    188.232177734,
                    33.3312911987,
                    96.3351287842,
                    58.0243682861,
                    3.56910419464,
                    -0.550610601902,
                    -4.19926118851
                ],
                [
                    -1053.71911621,
                    775.208435059,
                    458.221008301,
                    396.331665039,
                    798.378356934,
                    179.136306763,
                    263.517486572,
                    70.584815979,
                    150.174575806,
                    29.9339141846,
                    5.78037977219,
                    -46.616859436,
                    32.1712722778
                ],
                [
                    452.500427246,
                    60.8014564514,
                    290.691955566,
                    197.920776367,
                    179.136306763,
                    434.243286133,
                    165.258285522,
                    46.9220695496,
                    21.7419242859,
                    35.7519111633,
                    25.5396137238,
                    -23.1839618683,
                    -35.164680481
                ],
                [
                    -118.208374023,
                    453.4503479,
                    209.69303894,
                    188.232177734,
                    263.517486572,
                    165.258285522,
                    453.199951172,
                    45.2928657532,
                    49.9947395325,
                    -7.83118486404,
                    28.5502853394,
                    -1.23804116249,
                    -18.6682624817
                ],
                [
                    -143.105575562,
                    28.9195365906,
                    41.1764221191,
                    33.3312911987,
                    70.584815979,
                    46.9220695496,
                    45.2928657532,
                    193.959869385,
                    76.0314102173,
                    4.53144979477,
                    30.1718845367,
                    9.28135585785,
                    16.9483184814
                ],
                [
                    -478.488525391,
                    218.363113403,
                    95.1836700439,
                    96.3351287842,
                    150.174575806,
                    21.7419242859,
                    49.9947395325,
                    76.0314102173,
                    197.188705444,
                    41.1212806702,
                    21.1161060333,
                    -0.930551171303,
                    37.0590934753
                ],
                [
                    171.112472534,
                    -107.424621582,
                    27.4972801208,
                    58.0243682861,
                    29.9339141846,
                    35.7519111633,
                    -7.83118486404,
                    4.53144979477,
                    41.1212806702,
                    163.522140503,
                    44.5818786621,
                    11.3427686691,
                    10.490688324
                ],
                [
                    -156.516494751,
                    121.151229858,
                    -15.2695188522,
                    3.56910419464,
                    5.78037977219,
                    25.5396137238,
                    28.5502853394,
                    30.1718845367,
                    21.1161060333,
                    44.5818786621,
                    164.763656616,
                    20.7733802795,
                    16.3109512329
                ],
                [
                    72.0397338867,
                    -245.658340454,
                    -6.59854364395,
                    -0.550610601902,
                    -46.616859436,
                    -23.1839618683,
                    -1.23804116249,
                    9.28135585785,
                    -0.930551171303,
                    11.3427686691,
                    20.7733802795,
                    136.81880188,
                    23.0182876587
                ],
                [
                    -321.636291504,
                    60.7509536743,
                    -33.4365577698,
                    -4.19926118851,
                    32.1712722778,
                    -35.164680481,
                    -18.6682624817,
                    16.9483184814,
                    37.0590934753,
                    10.490688324,
                    16.3109512329,
                    23.0182876587,
                    104.732971191
                ]
            ],
            "icov": [
                [
                    4.96509856021e-05,
                    -2.52899790212e-05,
                    5.35847939318e-05,
                    -0.000116693714517,
                    0.00010718259,
                    -7.58977839723e-05,
                    1.55726102093e-05,
                    -3.47916611645e-05,
                    0.000105482875369,
                    -9.16918506846e-05,
                    9.45625579334e-05,
                    -6.63570026518e-05,
                    0.000101292789623
                ],
                [
                    -2.52899790212e-05,
                    0.000755407963879,
                    -0.000138063376653,
                    0.000131341206725,
                    -0.000527512223925,
                    0.000368528126273,
                    -0.000508053635713,
                    0.000403098529205,
                    -0.000535351922736,
                    0.000793229497503,
                    -0.000889977207407,
                    0.00135992688593,
                    -0.000474977889098
                ],
                [
                    5.35847939318e-05,
                    -0.000138063376653,
                    0.00104618282057,
                    -0.000546137802303,
                    -0.0001109090299,
                    -0.000488048885018,
                    0.000130000233185,
                    -3.38002028002e-05,
                    5.09951169079e-05,
                    -0.00010375459533,
                    0.000356507895049,
                    -0.000473580585094,
                    0.000496501394082
                ],
                [
                    -0.000116693714517,
                    0.000131341206725,
                    -0.000546137802303,
                    0.00195896322839,
                    -0.000773664214648,
                    -1.08101567093e-05,
                    -0.000236727384618,
                    0.000250631943345,
                    -0.000496933469549,
                    -8.79676008481e-05,
                    -0.000178314381628,
                    5.53062709514e-05,
                    -0.000178836649866
                ],
                [
                    0.00010718259,
                    -0.000527512223925,
                    -0.0001109090299,
                    -0.000773664214648,
                    0.00276985368691,
                    -0.000545302871615,
                    -0.000489975267556,
                    -0.000383634120226,
                    -0.000384387763916,
                    -0.000687486841343,
                    0.000933306291699,
                    -0.000159849354532,
                    -0.000395797891542
                ],
                [
                    -7.58977839723e-05,
                    0.000368528126273,
                    -0.000488048885018,
                    -1.08101567093e-05,
                    -0.000545302871615,
                    0.00347697176039,
                    -0.00101370085031,
                    -0.000438978226157,
                    0.000158461683895,
                    -0.000219956578803,
                    -0.000804998388048,
                    0.00116669596173,
                    0.000457082525827
                ],
                [
                    1.55726102093e-05,
                    -0.000508053635713,
                    0.000130000233185,
                    -0.000236727384618,
                    -0.000489975267556,
                    -0.00101370085031,
                    0.00347478757612,
                    -0.000387795356801,
                    0.000152277905727,
                    0.000175571913132,
                    4.99847337778e-05,
                    -0.00140148797072,
                    0.00109557597898
                ],
                [
                    -3.47916611645e-05,
                    0.000403098529205,
                    -3.38002028002e-05,
                    0.000250631943345,
                    -0.000383634120226,
                    -0.000438978226157,
                    -0.000387795356801,
                    0.00668423110619,
                    -0.0027984820772,
                    0.00127560005058,
                    -0.00138178316411,
                    0.000248327909503,
                    -0.000498674286064
                ],
                [
                    0.000105482875369,
                    -0.000535351922736,
                    5.09951169079e-05,
                    -0.000496933469549,
                    -0.000384387763916,
                    0.000158461683895,
                    0.000152277905727,
                    -0.0027984820772,
                    0.00810050126165,
                    -0.00229523936287,
                    0.000773134001065,
                    -0.00057434750488,
                    -0.00134846940637
                ],
                [
                    -9.16918506846e-05,
                    0.000793229497503,
                    -0.00010375459533,
                    -8.79676008481e-05,
                    -0.000687486841343,
                    -0.000219956578803,
                    0.000175571913132,
                    0.00127560005058,
                    -0.00229523936287,
                    0.00826452020556,
                    -0.00288695842028,
                    0.000947613443714,
                    -0.000590481853578
                ],
                [
                    9.45625579334e-05,
                    -0.000889977207407,
                    0.000356507895049,
                    -0.000178314381628,
                    0.000933306291699,
                    -0.000804998388048,
                    4.99847337778e-05,
                    -0.00138178316411,
                    0.000773134001065,
                    -0.00288695842028,
                    0.00817780941725,
                    -0.00232597137801,
                    -0.000157937349286
                ],
                [
                    -6.63570026518e-05,
                    0.00135992688593,
                    -0.000473580585094,
                    5.53062709514e-05,
                    -0.000159849354532,
                    0.00116669596173,
                    -0.00140148797072,
                    0.000248327909503,
                    -0.00057434750488,
                    0.000947613443714,
                    -0.00232597137801,
                    0.010627896525,
                    -0.00285601429641
                ],
                [
                    0.000101292789623,
                    -0.000474977889098,
                    0.000496501394082,
                    -0.000178836649866,
                    -0.000395797891542,
                    0.000457082525827,
                    0.00109557597898,
                    -0.000498674286064,
                    -0.00134846940637,
                    -0.000590481853578,
                    -0.000157937349286,
                    -0.00285601429641,
                    0.0120256310329
                ]
            ],
            "mean": [
                -58.1754646301,
                64.1120376587,
                -101.853851318,
                23.1272468567,
                -48.6512336731,
                23.9411811829,
                -34.270160675,
                9.63690853119,
                -16.9912700653,
                5.71126174927,
                -7.78317260742,
                2.0160484314,
                -8.97805500031
            ]
        },
        "hfc": {
            "dmean": 9.08784198761,
            "dmean2": 13.4207649231,
            "dvar": 267.343414307,
            "dvar2": 615.259277344,
            "max": 201.389938354,
            "mean": 21.8876895905,
            "median": 13.052532196,
            "min": 1.18137670387e-16,
            "var": 687.508483887
        },
        "melbands": {
            "dmean": [
                0.00392993586138,
                0.00275031244382,
                0.000582388485782,
                0.000203484261874,
                0.000135049180244,
                0.000164022305398,
                0.000165019679116,
                0.000113188820251,
                6.74646798871e-05,
                7.19284798834e-05,
                8.26061223052e-05,
                6.71146553941e-05,
                6.82663012412e-05,
                5.5078540754e-05,
                5.34196624358e-05,
                4.70893683087e-05,
                5.59855470783e-05,
                2.99923140119e-05,
                3.12835109071e-05,
                2.7976324418e-05,
                1.82086532732e-05,
                1.34304227686e-05,
                1.05750477815e-05,
                8.0379722931e-06,
                5.79826792091e-06,
                4.33920286014e-06,
