{
    "lowlevel": {
        "average_loudness": 0.835866451263,
        "barkbands": {
            "dmean": [
                0.000187435143744,
                0.00262900907546,
                0.00146143836901,
                0.000526176358107,
                0.000970412278548,
                0.000562858826015,
                0.0014409677824,
                0.00121085066348,
                0.000877894111909,
                0.00055607809918,
                0.000518799817655,
                0.000352494360413,
                0.00038133590715,
                0.000314687669743,
                0.000216342203203,
                0.000290212483378,
                0.000380346988095,
                0.000307435315335,
                0.000254682527157,
                0.000203788906219,
                0.00013734024833,
                0.000136609945912,
                0.000155466826982,
                0.000139581403346,
                0.000113160800538,
                6.51718801237e-05,
                1.21461271192e-05
            ],
            "dmean2": [
                0.000274317426374,
                0.00314295757562,
                0.0025330055505,
                0.000964798557106,
                0.0016506658867,
                0.000957764568739,
                0.00214830925688,
                0.00191009137779,
                0.00130641669966,
                0.000844428723212,
                0.000731284730136,
                0.000532674777787,
                0.000576540827751,
                0.000464644021122,
                0.000344627944287,
                0.000465139863081,
                0.000571709068026,
                0.000464868382551,
                0.000386674248148,
                0.000312767922878,
                0.000211977894651,
                0.000218979606871,
                0.000245330564212,
                0.000219187277253,
                0.000181606388651,
                0.000101987170638,
                1.86767865671e-05
            ],
            "dvar": [
                5.20761886946e-07,
                9.91067936411e-05,
                8.09104531072e-05,
                9.70009386947e-06,
                1.05218123281e-05,
                4.6675268095e-06,
                1.03248221421e-05,
                1.22871379062e-05,
                6.7616524575e-06,
                4.24260406362e-06,
                2.85135388367e-06,
                1.04868001927e-06,
                1.41235113915e-06,
                6.57084910927e-07,
                3.03139444213e-07,
                5.08056984927e-07,
                6.99563486251e-07,
                4.57771477613e-07,
                2.88025404416e-07,
                1.71670379245e-07,
                1.64494949217e-07,
                1.34525180329e-07,
                1.17385070553e-07,
                6.99939022297e-08,
                4.51174102523e-08,
                1.73402234793e-08,
                2.10387018917e-09
            ],
            "dvar2": [
                1.15441173421e-06,
                0.000115532304335,
                0.000213247243664,
                2.82852743112e-05,
                3.04662080453e-05,
                1.24885336845e-05,
                2.26741285587e-05,
                2.92517161142e-05,
                1.55294437718e-05,
                1.05757117126e-05,
                5.50584672965e-06,
                2.31437343245e-06,
                3.22761502503e-06,
                1.33045068651e-06,
                7.14309805971e-07,
                1.22500819089e-06,
                1.61852733527e-06,
                1.04113200905e-06,
                6.46077069177e-07,
                4.0640858856e-07,
                4.0062275275e-07,
                2.95993629607e-07,
                2.82611324565e-07,
                1.63785912832e-07,
                1.07130460947e-07,
                3.69260995114e-08,
                4.83086415315e-09
            ],
            "max": [
                0.0139702325687,
                0.146072551608,
                0.106864914298,
                0.0478307269514,
                0.0421729870141,
                0.0297029912472,
                0.0416479408741,
                0.071424074471,
                0.048397153616,
                0.0537132546306,
                0.0355517119169,
                0.0180995501578,
                0.0234063267708,
                0.0178891420364,
                0.00978320557624,
                0.0157924946398,
                0.0215460732579,
                0.0110331038013,
                0.00693461159244,
                0.00647428492084,
                0.00539061939344,
                0.00490271905437,
                0.00427652848884,
                0.00303708389401,
                0.00272583914921,
                0.00315823405981,
                0.000753578788135
            ],
            "mean": [
                0.000356956938049,
                0.00786253996193,
                0.00106427678838,
                0.000396099552745,
                0.00151025608648,
                0.00062694621738,
                0.00254179094918,
                0.00215251510963,
                0.00183648453094,
                0.000854581187014,
                0.000853826059029,
                0.000495281536132,
                0.000517953187227,
                0.000523096125107,
                0.000267124618404,
                0.000350088055711,
                0.000619436032139,
                0.000492749386467,
                0.000465275341412,
                0.000338155892678,
                0.000205343661946,
                0.000147779486724,
                0.000230840829317,
                0.000218896748265,
                0.000154884284711,
                0.000104076381831,
                1.47343826029e-05
            ],
            "median": [
                6.67171752866e-06,
                0.00081023434177,
                5.33924176125e-05,
                2.99871753668e-05,
                0.000678564654663,
                6.77849020576e-05,
                0.000737734546419,
                0.000251032237429,
                0.000226327829296,
                0.000103646576463,
                0.000147090904647,
                6.7663291702e-05,
                6.79625227349e-05,
                5.34362116014e-05,
                4.17990595452e-05,
                7.41890762583e-05,
                0.000165958190337,
                0.000136230475619,
                0.000130461354274,
                0.00013131875312,
                4.43100070697e-05,
                2.15611944441e-05,
                7.43792334106e-05,
                7.20166426618e-05,
                5.56274571863e-05,
                3.68748733308e-05,
                2.71657927442e-06
            ],
            "min": [
                2.24606172985e-24,
                3.27009571822e-23,
                7.89506094834e-25,
                5.15184191829e-24,
                4.98928647915e-23,
                2.88881115927e-23,
                1.53136140168e-23,
                2.16297629608e-23,
                3.99824431045e-23,
                4.20238889095e-23,
                3.13169480556e-23,
                6.39059879634e-23,
                5.40750455904e-23,
                7.4941899592e-23,
                4.3261371856e-23,
                8.7577917748e-23,
                7.26831383848e-23,
                1.15359005055e-22,
                2.42049384858e-22,
                3.1976134743e-22,
                3.07537764688e-22,
                4.45025895857e-22,
                5.18588475311e-22,
                7.6582091613e-22,
                1.04503910444e-21,
                1.57458020029e-21,
                2.0674537286e-21
            ],
            "var": [
                1.21254595342e-06,
                0.000532098405529,
                5.64546025998e-05,
                5.42338784726e-06,
                8.52361790749e-06,
                4.19715297539e-06,
                2.05817686947e-05,
                2.1667294277e-05,
                2.73822370218e-05,
                6.4157734414e-06,
                5.61305068913e-06,
                1.74538570263e-06,
                2.24552991313e-06,
                1.83227905382e-06,
                3.92059433807e-07,
                6.12693668245e-07,
                1.37212919071e-06,
                8.40638506361e-07,
                6.88209524924e-07,
                3.16390611488e-07,
                2.11570423403e-07,
                1.61943205512e-07,
                1.75459646812e-07,
                1.3228795126e-07,
                6.54021974356e-08,
                3.49789459619e-08,
                2.16312523449e-09
            ]
        },
        "barkbands_crest": {
            "dmean": 2.70853900909,
            "dmean2": 4.04609394073,
            "dvar": 7.54274559021,
            "dvar2": 16.0765590668,
            "max": 26.5841617584,
            "mean": 11.9625854492,
            "median": 10.9672870636,
            "min": 2.07653069496,
            "var": 29.3592815399
        },
        "barkbands_flatness_db": {
            "dmean": 0.0256863366812,
            "dmean2": 0.0363406166434,
            "dvar": 0.000815537001472,
            "dvar2": 0.00148256344255,
            "max": 0.47941967845,
            "mean": 0.160984113812,
            "median": 0.156320333481,
            "min": 0.0177877806127,
            "var": 0.00438112718984
        },
        "barkbands_kurtosis": {
            "dmean": 3.83034729958,
            "dmean2": 5.69608879089,
            "dvar": 124.071708679,
            "dvar2": 226.117553711,
            "max": 433.425292969,
            "mean": 5.49484729767,
            "median": 1.50350141525,
            "min": -1.93976914883,
            "var": 276.012420654
        },
        "barkbands_skewness": {
            "dmean": 0.609467685223,
            "dmean2": 0.866529881954,
            "dvar": 0.61875718832,
            "dvar2": 1.16398620605,
            "max": 17.1736812592,
            "mean": 1.49771344662,
            "median": 1.21532893181,
            "min": -5.03385305405,
            "var": 2.59803843498
        },
        "barkbands_spread": {
            "dmean": 7.10611486435,
            "dmean2": 11.0186080933,
            "dvar": 102.327102661,
            "dvar2": 242.378692627,
            "max": 126.084854126,
            "mean": 24.6047973633,
            "median": 21.444026947,
            "min": 0.237921059132,
            "var": 262.971832275
        },
        "dissonance": {
            "dmean": 0.024940520525,
            "dmean2": 0.0407896973193,
            "dvar": 0.000733498483896,
            "dvar2": 0.00191827991512,
            "max": 0.499999850988,
            "mean": 0.444998651743,
            "median": 0.455190449953,
            "min": 0.163716614246,
            "var": 0.00187362392899
        },
        "dynamic_complexity": 3.77218961716,
        "erbbands": {
            "dmean": [
                0.116647511721,
                0.598536133766,
                1.59505105019,
                1.70708167553,
                2.0352704525,
                3.7999253273,
                4.31874990463,
                4.95761632919,
                13.4086532593,
                30.1834602356,
                19.573474884,
                18.4827423096,
                19.1039161682,
                18.4853839874,
                15.9089574814,
                14.9144544601,
                16.6718025208,
                14.367647171,
                11.6942253113,
                12.7796297073,
                16.2977428436,
                20.114522934,
                16.4564495087,
                15.0042591095,
                10.9690284729,
                9.6129989624,
                6.27789592743,
                5.53335380554,
                4.8849568367,
                3.99050235748,
                4.60404872894,
                3.45293259621,
                2.26514458656,
                1.48499858379,
                0.665169656277,
                0.331609934568,
                0.118084512651,
                0.0195669140667,
                0.00235477462411,
                6.66705454933e-05
            ],
            "dmean2": [
                0.111221857369,
                0.734620630741,
                2.53971076012,
                3.05292987823,
                3.57879519463,
                6.38941907883,
                7.31181049347,
                8.3802728653,
                19.9843444824,
                46.1321678162,
                31.1597728729,
                26.4148693085,
                28.9023590088,
                26.0828113556,
                22.7425804138,
                22.2780818939,
                25.1282997131,
                21.4079875946,
                17.4972839355,
                19.338634491,
                25.6386547089,
                29.9323825836,
                24.5627670288,
                22.4847755432,
                16.6362667084,
                14.9476680756,
                9.67081356049,
                8.74336242676,
                7.97094869614,
                6.28681087494,
                7.32586526871,
                5.6123790741,
                3.50635266304,
                2.46049499512,
                1.03305208683,
                0.514844477177,
                0.187784656882,
                0.0298352725804,
                0.00362870213576,
                9.93867288344e-05
            ],
            "dvar": [
                0.173145964742,
                5.26086425781,
                80.7462158203,
                104.241256714,
                72.4181137085,
                131.483062744,
                289.528717041,
                348.394134521,
                1083.73071289,
                4942.90185547,
                4176.65283203,
                2298.63623047,
                5821.81689453,
                5139.23828125,
                2470.34155273,
                1805.20629883,
                2909.69628906,
                1410.40734863,
                784.663696289,
                971.51953125,
                1459.46679688,
                2277.88989258,
                1191.96228027,
                1002.79656982,
                574.866943359,
                437.437774658,
                256.133117676,
                255.86668396,
                168.060058594,
                134.636886597,
                100.848274231,
                44.0487747192,
                18.9016036987,
                7.93473005295,
                2.03130936623,
                0.45051240921,
                0.0585570521653,
                0.00370086845942,
                8.68632632773e-05,
                6.75166376141e-08
            ],
            "dvar2": [
                0.143996626139,
                7.40470743179,
                197.362503052,
                290.891906738,
                212.181732178,
                377.404785156,
                764.770202637,
                952.151428223,
                2308.38842773,
                11873.6826172,
                9733.20800781,
                4775.04492188,
                14734.7548828,
                8331.53710938,
                5427.87207031,
                3829.44873047,
                6764.89306641,
                2945.50732422,
                1630.01049805,
                2128.26074219,
                3534.25048828,
                5223.36279297,
                2606.11206055,
                2233.06738281,
                1337.12768555,
                1050.67321777,
                597.025878906,
                630.450561523,
                358.151031494,
                325.552398682,
                244.165679932,
                106.362236023,
                43.853679657,
                20.2385616302,
                4.57688856125,
                1.00354266167,
                0.124923922122,
                0.00823008641601,
                0.000200769340154,
                1.48109918996e-07
            ],
            "max": [
                7.26611661911,
                35.9406013489,
                111.411842346,
                134.357589722,
                112.104141235,
                153.642379761,
                327.377410889,
                266.742004395,
                578.175720215,
                1063.99035645,
                1329.87182617,
                1418.35961914,
                1966.01416016,
                1822.3190918,
                1537.82080078,
                683.320922852,
                1212.07653809,
                923.96862793,
                677.767578125,
                603.24786377,
                757.08807373,
                1354.01000977,
                571.515380859,
                511.29888916,
                393.175872803,
                317.098175049,
                184.728164673,
                224.14289856,
                148.506866455,
                155.905502319,
                111.851676941,
                104.189071655,
                59.0460090637,
                31.2060375214,
                26.629907608,
                14.9555101395,
                6.14799547195,
                1.01452922821,
                0.164313450456,
                0.00439989287406
            ],
            "mean": [
                0.297581881285,
                1.47777891159,
                1.49679172039,
                1.3305658102,
                2.50030350685,
                6.11422252655,
                4.96468257904,
                6.4434595108,
                23.9564552307,
                59.3546409607,
                30.7508049011,
                45.7803916931,
                34.5360183716,
                29.6739234924,
                27.1019077301,
                23.0621128082,
                23.8401126862,
                23.8568267822,
                18.8252048492,
                16.7442760468,
                22.185590744,
                32.8006134033,
                29.1995639801,
                28.2934150696,
                19.3734169006,
                15.6059322357,
                9.81454944611,
                7.5185842514,
                5.32775974274,
                5.47963237762,
                6.63852405548,
                5.07667207718,
                3.46170330048,
                1.80232405663,
                1.04451358318,
                0.54147285223,
                0.175251752138,
                0.0282796565443,
                0.0027952415403,
                0.000103681129985
            ],
            "median": [
                0.0319377779961,
                0.110337093472,
                0.139254838228,
                0.130763113499,
                0.696402609348,
                2.5392639637,
                1.20036613941,
                1.1086410284,
                6.9730463028,
                19.2569961548,
                9.13137435913,
                7.24556159973,
                6.71614789963,
                4.08432006836,
                5.83217954636,
                3.62037014961,
                3.4276175499,
                2.98478293419,
                3.00502586365,
                3.84754228592,
                6.55155849457,
                9.4181804657,
                8.7200050354,
                7.69902658463,
                7.08495807648,
                6.14306735992,
                2.64927363396,
                1.34188508987,
                0.83039188385,
                1.34794330597,
                2.07431268692,
                1.6175942421,
                1.04299807549,
                0.596776008606,
                0.359598040581,
                0.185807168484,
                0.0553715080023,
                0.0075959302485,
                0.000534159247763,
                4.49197614216e-05
            ],
            "min": [
                1.19936695468e-21,
                6.87927018252e-21,
                5.89815077329e-21,
                8.88708309843e-21,
                3.67596770085e-20,
                1.01652858787e-19,
                1.60076017991e-19,
                1.89450519862e-19,
                3.17655372248e-19,
                1.13015813012e-19,
                6.22810959766e-19,
                8.87348489539e-19,
                8.81224664669e-19,
                1.37356814873e-18,
                1.87148517576e-18,
                2.86337192393e-18,
                2.71787044059e-18,
                4.17256039879e-18,
                5.38657450635e-18,
                4.65274577541e-18,
                4.68936133882e-18,
                4.38872750827e-18,
                7.07313125525e-18,
                8.85157618969e-18,
                1.30161741479e-17,
                1.26988114166e-17,
                1.40275472034e-17,
                1.3076953725e-17,
                1.52123395014e-17,
                1.21685952614e-17,
                1.54431675601e-17,
                1.25357443394e-17,
                1.46981954655e-17,
                1.06029574288e-17,
                8.10545679562e-18,
                5.8632257538e-18,
                2.77427154386e-18,
                1.18104806501e-18,
                2.46524069273e-19,
                2.99533828968e-20
            ],
            "var": [
                0.931798398495,
                19.4935131073,
                70.9086074829,
                65.3371124268,
                46.0885620117,
                129.562561035,
                251.011550903,
                351.368347168,
                2064.25292969,
                8852.95019531,
                5782.66162109,
                18276.234375,
                8702.44238281,
                11966.4042969,
                4470.41455078,
                3415.90405273,
                4528.13427734,
                3578.98095703,
                1631.58166504,
                1339.5690918,
                1887.62268066,
                4092.61889648,
                2779.34301758,
                2839.89086914,
                1068.72277832,
                669.300415039,
                364.33581543,
                325.852416992,
                206.482635498,
                159.141189575,
                144.038909912,
                77.165725708,
                35.0243759155,
                9.15361690521,
                3.63733005524,
                0.994425594807,
                0.108230769634,
                0.00466868886724,
                8.64486719365e-05,
                7.2327807743e-08
            ]
        },
        "erbbands_crest": {
            "dmean": 3.0323703289,
            "dmean2": 4.72175359726,
            "dvar": 9.2063035965,
            "dvar2": 21.5650043488,
            "max": 30.6254653931,
            "mean": 11.2294740677,
            "median": 10.0959682465,
            "min": 2.35489153862,
            "var": 28.1726436615
        },
        "erbbands_flatness_db": {
            "dmean": 0.0210070796311,
            "dmean2": 0.0308749433607,
            "dvar": 0.000505073170643,
            "dvar2": 0.00100672163535,
            "max": 0.480752766132,
            "mean": 0.18178640306,
            "median": 0.174257576466,
            "min": 0.0376792289317,
            "var": 0.00373433087952
        },
        "erbbands_kurtosis": {
            "dmean": 1.34457349777,
            "dmean2": 2.05280590057,
            "dvar": 4.46379899979,
            "dvar2": 10.131064415,
            "max": 69.1726074219,
            "mean": 1.01573717594,
            "median": 0.00109934806824,
            "min": -1.89617991447,
            "var": 11.2742300034
        },
        "erbbands_skewness": {
            "dmean": 0.467357397079,
            "dmean2": 0.687260568142,
            "dvar": 0.234185099602,
            "dvar2": 0.523240208626,
            "max": 6.40148544312,
            "mean": 0.488398939371,
            "median": 0.433406770229,
            "min": -5.20797681808,
            "var": 0.986081540585
        },
        "erbbands_spread": {
            "dmean": 9.31280231476,
            "dmean2": 14.2143707275,
            "dvar": 130.569946289,
            "dvar2": 300.94619751,
            "max": 154.386383057,
            "mean": 38.5779380798,
            "median": 36.2094421387,
            "min": 0.995323717594,
            "var": 414.611907959
        },
        "gfcc": {
            "cov": [
                [
                    17715.6875,
                    -2163.91650391,
                    684.136962891,
                    1099.49499512,
                    -438.575378418,
                    772.902099609,
                    -323.403503418,
                    924.265686035,
                    107.541191101,
                    212.448760986,
                    15.4431991577,
                    414.067596436,
                    -132.323181152
                ],
                [
                    -2163.91650391,
                    2840.4206543,
                    -58.3723945618,
                    364.756652832,
                    764.894042969,
                    -9.86118888855,
                    567.910888672,
                    -177.875686646,
                    323.839874268,
                    61.8748779297,
                    220.557342529,
                    -129.09034729,
                    143.733596802
                ],
                [
                    684.136962891,
                    -58.3723945618,
                    1652.75927734,
                    554.016601562,
                    303.566650391,
                    502.17364502,
                    -27.9234905243,
                    307.747894287,
                    28.0151138306,
                    128.846862793,
                    56.3142318726,
                    101.46912384,
                    -7.34410905838
                ],
                [
                    1099.49499512,
                    364.756652832,
                    554.016601562,
                    1481.50952148,
                    467.562316895,
                    65.9784393311,
                    324.522705078,
                    193.714920044,
                    433.66708374,
                    140.065078735,
                    93.2194595337,
                    127.519050598,
                    134.656051636
                ],
                [
                    -438.575378418,
                    764.894042969,
                    303.566650391,
                    467.562316895,
                    723.852783203,
                    269.120483398,
                    302.473693848,
                    118.692565918,
                    226.747940063,
                    124.744010925,
                    61.8259506226,
                    17.3935279846,
                    101.906517029
                ],
                [
                    772.902099609,
                    -9.86118888855,
                    502.17364502,
                    65.9784393311,
                    269.120483398,
                    695.516662598,
                    186.120025635,
                    154.958999634,
                    20.4528331757,
                    119.29624176,
                    44.2031135559,
                    35.9543952942,
                    -4.03222990036
                ],
                [
                    -323.403503418,
                    567.910888672,
                    -27.9234905243,
                    324.522705078,
                    302.473693848,
                    186.120025635,
                    655.22454834,
                    95.5565109253,
                    166.221893311,
                    82.581741333,
                    100.872459412,
                    4.60916805267,
                    68.3053283691
                ],
                [
                    924.265686035,
                    -177.875686646,
                    307.747894287,
                    193.714920044,
                    118.692565918,
                    154.958999634,
                    95.5565109253,
                    376.641998291,
                    101.13381958,
                    75.4468154907,
                    18.613576889,
                    40.4135093689,
                    4.01880979538
                ],
                [
                    107.541191101,
                    323.839874268,
                    28.0151138306,
                    433.66708374,
                    226.747940063,
                    20.4528331757,
                    166.221893311,
                    101.13381958,
                    400.798858643,
                    100.214561462,
                    58.1569023132,
                    15.0735664368,
                    43.4836082458
                ],
                [
                    212.448760986,
                    61.8748779297,
                    128.846862793,
                    140.065078735,
                    124.744010925,
                    119.29624176,
                    82.581741333,
                    75.4468154907,
                    100.214561462,
                    181.950210571,
                    39.0444908142,
                    -9.01111984253,
                    15.4989242554
                ],
                [
                    15.4431991577,
                    220.557342529,
                    56.3142318726,
                    93.2194595337,
                    61.8259506226,
                    44.2031135559,
                    100.872459412,
                    18.613576889,
                    58.1569023132,
                    39.0444908142,
                    161.424026489,
                    33.0767173767,
                    -0.564455330372
                ],
                [
                    414.067596436,
                    -129.09034729,
                    101.46912384,
                    127.519050598,
                    17.3935279846,
                    35.9543952942,
                    4.60916805267,
                    40.4135093689,
                    15.0735664368,
                    -9.01111984253,
                    33.0767173767,
                    160.02053833,
                    26.7049484253
                ],
                [
                    -132.323181152,
                    143.733596802,
                    -7.34410905838,
                    134.656051636,
                    101.906517029,
                    -4.03222990036,
                    68.3053283691,
                    4.01880979538,
                    43.4836082458,
                    15.4989242554,
                    -0.564455330372,
                    26.7049484253,
                    125.949546814
                ]
            ],
            "icov": [
                [
                    9.13754774956e-05,
                    -9.50615412876e-06,
                    9.92709101411e-05,
                    -0.000156435213285,
                    0.000151454325533,
                    -0.000185069293366,
                    0.0001269448112,
                    -0.000230589750572,
                    8.2668288087e-05,
                    -6.08479749644e-05,
                    1.23429945234e-05,
                    -0.000132660177769,
                    9.70605324255e-05
                ],
                [
                    -9.50615412876e-06,
                    0.000838869425934,
                    -0.000177092908416,
                    0.000232691978454,
                    -0.000879796629306,
                    0.000393672729842,
                    -0.000436205766164,
                    0.00065203680424,
                    -0.000381915277103,
                    0.000424587691668,
                    -0.000921007303987,
                    0.000796878652181,
                    -0.000379679724574
                ],
                [
                    9.92709101411e-05,
                    -0.000177092908416,
                    0.00133533962071,
                    -0.000803083647043,
                    0.000135018795845,
                    -0.00100604747422,
                    0.000814199913293,
                    -0.000969833112322,
                    0.000812877959106,
                    -0.000269501178991,
                    -0.000101030324004,
                    -0.000330104405293,
                    0.000512847967912
                ],
                [
                    -0.000156435213285,
                    0.000232691978454,
                    -0.000803083647043,
                    0.0018475484103,
                    -0.000773920794018,
                    0.00099402514752,
                    -0.000793484796304,
                    0.000659395882394,
                    -0.0014460348757,
                    7.95296145952e-05,
                    -7.28600061848e-05,
                    -0.000361018202966,
                    -0.000819027714897
                ],
                [
                    0.000151454325533,
                    -0.000879796629306,
                    0.000135018795845,
                    -0.000773920794018,
                    0.00367739703506,
                    -0.00136308092624,
                    0.000133218418341,
                    -0.000915774144232,
                    -0.000179061418748,
                    -0.000742943841033,
                    0.000922404869925,
                    -0.000519304652698,
                    -0.000796148146037
                ],
                [
                    -0.000185069293366,
                    0.000393672729842,
                    -0.00100604747422,
                    0.00099402514752,
                    -0.00136308092624,
                    0.00313567765988,
                    -0.00118460285012,
                    0.000580186024308,
                    -0.0001370197715,
                    -0.000701648183167,
                    -0.000176225599716,
                    -5.10386744281e-05,
                    0.000205773380003
                ],
                [
                    0.0001269448112,
                    -0.000436205766164,
                    0.000814199913293,
                    -0.000793484796304,
                    0.000133218418341,
                    -0.00118460285012,
                    0.00290347519331,
                    -0.00109446502756,
                    0.000352818577085,
                    -0.000150900727022,
                    -0.000756618741434,
                    4.04555357818e-05,
                    -0.000273641257081
                ],
                [
                    -0.000230589750572,
                    0.00065203680424,
                    -0.000969833112322,
                    0.000659395882394,
                    -0.000915774144232,
                    0.000580186024308,
                    -0.00109446502756,
                    0.00468495069072,
                    -0.00127259839792,
                    -0.000231458747294,
                    -9.76568262558e-05,
                    0.000175772365765,
                    -0.000114157541248
                ],
                [
                    8.2668288087e-05,
                    -0.000381915277103,
                    0.000812877959106,
                    -0.0014460348757,
                    -0.000179061418748,
                    -0.0001370197715,
                    0.000352818577085,
                    -0.00127259839792,
                    0.00494271144271,
                    -0.00157095945906,
                    -0.000275458558463,
                    -0.000123843929032,
                    0.00061773287598
                ],
                [
                    -6.08479749644e-05,
                    0.000424587691668,
                    -0.000269501178991,
                    7.95296145952e-05,
                    -0.000742943841033,
                    -0.000701648183167,
                    -0.000150900727022,
                    -0.000231458747294,
                    -0.00157095945906,
                    0.00809841603041,
                    -0.0017377701588,
                    0.00201727589592,
                    -0.000871033407748
                ],
                [
                    1.23429945234e-05,
                    -0.000921007303987,
                    -0.000101030324004,
                    -7.28600061848e-05,
                    0.000922404869925,
                    -0.000176225599716,
                    -0.000756618741434,
                    -9.76568262558e-05,
                    -0.000275458558463,
                    -0.0017377701588,
                    0.00881893467158,
                    -0.00285405432805,
                    0.00175111938734
                ],
                [
                    -0.000132660177769,
                    0.000796878652181,
                    -0.000330104405293,
                    -0.000361018202966,
                    -0.000519304652698,
                    -5.10386744281e-05,
                    4.04555357818e-05,
                    0.000175772365765,
                    -0.000123843929032,
                    0.00201727589592,
                    -0.00285405432805,
                    0.00886870454997,
                    -0.00238975067623
                ],
                [
                    9.70605324255e-05,
                    -0.000379679724574,
                    0.000512847967912,
                    -0.000819027714897,
                    -0.000796148146037,
                    0.000205773380003,
                    -0.000273641257081,
                    -0.000114157541248,
                    0.00061773287598,
                    -0.000871033407748,
                    0.00175111938734,
                    -0.00238975067623,
                    0.0105917593464
                ]
            ],
            "mean": [
                -36.5350570679,
                52.6955604553,
                -120.30355835,
                9.42679691315,
                -66.4179000854,
                -0.713809490204,
                -40.7057342529,
                20.4370346069,
                -21.7661952972,
                4.6978096962,
                -10.8533735275,
                1.81778597832,
                -14.315990448
            ]
        },
        "hfc": {
            "dmean": 9.6904258728,
            "dmean2": 13.926112175,
            "dvar": 344.692901611,
            "dvar2": 702.113708496,
            "max": 231.61227417,
            "mean": 24.247838974,
            "median": 17.9813957214,
            "min": 1.15865544211e-16,
            "var": 672.336730957
        },
        "melbands": {
            "dmean": [
                0.000831052544527,
                0.000725728692487,
                0.000294183002552,
                0.000204326977837,
                0.000160619150847,
                0.000114683411084,
                0.000233987288084,
                0.000328749680193,
                0.000152673921548,
                0.000123944555526,
                9.63021157077e-05,
                7.38751259632e-05,
                5.59463769605e-05,
                4.08057785535e-05,
                4.23227866122e-05,
                3.66290405509e-05,
                2.90698299068e-05,
                2.18386467168e-05,
                1.83642296179e-05,
                1.93574778677e-05,
                2.04877978831e-05,
                2.23695824388e-05,
                1.76568992174e-05,
                1.41586870086e-05,
                1.27668699861e-05,
                9.2462023531e-06,
