{
    "lowlevel": {
        "average_loudness": 0.783849954605,
        "barkbands": {
            "dmean": [
                0.000633515126538,
                0.00226324889809,
                0.000995703390799,
                0.000539263244718,
                0.000621097744443,
                0.000352897564881,
                0.000354249292286,
                0.000191221566638,
                0.000476365123177,
                0.00107486592606,
                0.00112060480751,
                0.00084807240637,
                0.000371096219169,
                0.000856283411849,
                0.000435995170847,
                0.000399983546231,
                0.000216649204958,
                0.000171452702489,
                0.000346931890817,
                0.000251822086284,
                0.000155111236381,
                7.59342947276e-05,
                6.82553218212e-05,
                7.82994975452e-05,
                7.74591389927e-05,
                3.44153922924e-05,
                3.57148746843e-06
            ],
            "dmean2": [
                0.00101418583654,
                0.00355929159559,
                0.00166248856112,
                0.000948238186538,
                0.000984299345873,
                0.00056578067597,
                0.000560615269933,
                0.000289449817501,
                0.000710984924808,
                0.00160532456357,
                0.00162719283253,
                0.00128837232478,
                0.0005703594652,
                0.00131698220503,
                0.000667732674628,
                0.000596509780735,
                0.000328686146531,
                0.000258979940554,
                0.000520800065715,
                0.000369967718143,
                0.00022571766749,
                0.000108102016384,
                0.00010140066297,
                0.000113464026072,
                0.000114122442028,
                4.94906344102e-05,
                5.34927130502e-06
            ],
            "dvar": [
                2.37517929236e-06,
                3.30102666339e-05,
                1.28923975353e-05,
                3.15532111017e-06,
                1.22223127619e-06,
                3.97521631612e-07,
                4.11137619949e-07,
                1.98184793021e-07,
                1.46923889588e-06,
                5.8230743889e-06,
                9.83890822681e-06,
                5.69604753764e-06,
                8.05405022675e-07,
                5.85207862969e-06,
                1.5515360019e-06,
                1.68283418134e-06,
                3.46819177821e-07,
                1.72883702021e-07,
                4.64296903147e-07,
                2.02579514053e-07,
                1.03751219171e-07,
                5.88286148684e-08,
                2.93247630623e-08,
                4.01839059805e-08,
                5.85227404315e-08,
                1.45872949275e-08,
                1.2012013606e-10
            ],
            "dvar2": [
                5.68111317989e-06,
                7.96626045485e-05,
                3.29183094436e-05,
                8.93100695976e-06,
                3.18842467095e-06,
                1.03434717857e-06,
                9.91149931906e-07,
                4.26898907335e-07,
                3.26249801219e-06,
                1.29887484945e-05,
                1.99783080461e-05,
                1.25944925458e-05,
                1.82044914254e-06,
                1.38209952638e-05,
                3.58619399776e-06,
                3.65892128684e-06,
                7.9804010511e-07,
                3.6405094761e-07,
                1.05236802028e-06,
                3.98763063458e-07,
                2.01997266913e-07,
                1.1649327547e-07,
                5.50475718342e-08,
                7.49772155473e-08,
                1.17206418793e-07,
                2.65646669106e-08,
                2.37845021456e-10
            ],
            "max": [
                0.033024199307,
                0.0913420990109,
                0.0441434271634,
                0.0200747661293,
                0.0201319120824,
                0.00997476000339,
                0.0111252414063,
                0.0140599366277,
                0.0219848435372,
                0.0415365025401,
                0.09511731565,
                0.0485067591071,
                0.0172250736505,
                0.048366099596,
                0.0195838585496,
                0.0289549939334,
                0.0169122256339,
                0.0113506419584,
                0.0131463035941,
                0.00690835760906,
                0.00450505036861,
                0.00593013223261,
                0.00322413770482,
                0.00457292562351,
                0.00827995222062,
                0.00285954657011,
                0.00032444219687
            ],
            "mean": [
                0.000873831915669,
                0.00406993925571,
                0.000924931955524,
                0.000570857024286,
                0.00123466958757,
                0.000669588393066,
                0.000600352475885,
                0.000325859931763,
                0.000797926681116,
                0.00206626718864,
                0.00227731582709,
                0.00134940596763,
                0.000554865109734,
                0.00141048035584,
                0.000616986304522,
                0.00058432755759,
                0.000322699022945,
                0.000266921997536,
                0.000623046420515,
                0.000507666612975,
                0.000256458501099,
                9.42432088777e-05,
                0.000103389611468,
                0.000139161042171,
                0.000141005089972,
                5.92824253545e-05,
                6.25097072771e-06
            ],
            "median": [
                0.000138830568176,
                0.00183747522533,
                0.000134800444357,
                0.00014140678104,
                0.000760197173804,
                0.000354453426553,
                0.000304031884298,
                0.000136543763801,
                0.000197271583602,
                0.000371954287402,
                0.000222151429625,
                0.000236295949435,
                0.000113056914415,
                0.000178771239007,
                9.73929854808e-05,
                8.25423776405e-05,
                7.77857349021e-05,
                8.23603550089e-05,
                0.000233029481024,
                0.000185582379345,
                8.87305359356e-05,
                1.85299923032e-05,
                2.83344834315e-05,
                4.89910307806e-05,
                4.58483154944e-05,
                1.10702067104e-05,
                9.39964195368e-07
            ],
            "min": [
                6.98969896922e-26,
                4.17453437015e-24,
                2.51889321823e-24,
                1.10728332771e-24,
                8.27867710401e-24,
                8.83307355985e-24,
                1.23600801334e-23,
                1.58003459284e-23,
                2.74930710353e-23,
                2.9764952577e-23,
                1.96449826123e-23,
                2.18360311548e-23,
                4.53949250603e-23,
                4.74008910572e-23,
                6.1326545332e-23,
                3.49492296947e-23,
                9.3857616585e-23,
                1.07402415126e-22,
                1.6283399224e-22,
                1.97945837721e-22,
                2.97491387558e-22,
                2.94663453741e-22,
                3.95376429364e-22,
                6.1366214307e-22,
                8.08283796667e-22,
                1.32467774929e-21,
                2.25076551495e-21
            ],
            "var": [
                3.82373946195e-06,
                5.99245468038e-05,
                1.06535726445e-05,
                2.28270891967e-06,
                2.40913232119e-06,
                7.89771434029e-07,
                7.68276720464e-07,
                3.70689093643e-07,
                3.00957140098e-06,
                1.78780446731e-05,
                4.46330705017e-05,
                1.25858105093e-05,
                1.66261440881e-06,
                1.42132576002e-05,
                2.83463919004e-06,
                3.19317496178e-06,
                6.2753133534e-07,
                3.10506038659e-07,
                9.986074474e-07,
                5.58353747238e-07,
                1.93166712847e-07,
                8.27663555469e-08,
                5.0074639546e-08,
                8.90026825573e-08,
                1.50447959868e-07,
                4.13166709734e-08,
                3.13667036789e-10
            ]
        },
        "barkbands_crest": {
            "dmean": 2.53813385963,
            "dmean2": 4.00429439545,
            "dvar": 5.32533979416,
            "dvar2": 12.7262401581,
            "max": 26.8644580841,
            "mean": 9.72996139526,
            "median": 8.84517192841,
            "min": 2.29074311256,
            "var": 18.5727577209
        },
        "barkbands_flatness_db": {
            "dmean": 0.0190895795822,
            "dmean2": 0.0278217103332,
            "dvar": 0.000330364302499,
            "dvar2": 0.000657992553897,
            "max": 0.467238992453,
            "mean": 0.118626832962,
            "median": 0.114176303148,
            "min": 0.0193786025047,
            "var": 0.00223894231021
        },
        "barkbands_kurtosis": {
            "dmean": 2.21995615959,
            "dmean2": 3.42603421211,
            "dvar": 68.5649032593,
            "dvar2": 149.152328491,
            "max": 557.744262695,
            "mean": 2.50737905502,
            "median": 0.433242201805,
            "min": -1.91184294224,
            "var": 111.937278748
        },
        "barkbands_skewness": {
            "dmean": 0.503664970398,
            "dmean2": 0.731518805027,
            "dvar": 0.370395064354,
            "dvar2": 0.707925975323,
            "max": 23.3996620178,
            "mean": 0.798285186291,
            "median": 0.585854172707,
            "min": -4.74082612991,
            "var": 1.82295584679
        },
        "barkbands_spread": {
            "dmean": 6.87774372101,
            "dmean2": 10.2665786743,
            "dvar": 79.1661071777,
            "dvar2": 157.547271729,
            "max": 123.320281982,
            "mean": 26.9989471436,
            "median": 23.4956665039,
            "min": 0.539556503296,
            "var": 271
        },
        "dissonance": {
            "dmean": 0.0211720746011,
            "dmean2": 0.0354251936078,
            "dvar": 0.000408800318837,
            "dvar2": 0.00113291037269,
            "max": 0.500000238419,
            "mean": 0.459883153439,
            "median": 0.46655023098,
            "min": 0.263382971287,
            "var": 0.000883216271177
        },
        "dynamic_complexity": 4.83589839935,
        "erbbands": {
            "dmean": [
                0.107772812247,
                0.41754502058,
                0.902514874935,
                1.78745102882,
                1.64649796486,
                2.24630737305,
                3.21027803421,
                2.64940071106,
                5.12041139603,
                3.94426774979,
                4.38910055161,
                10.9143476486,
                29.1818981171,
                30.0088062286,
                42.5543670654,
                35.5245819092,
                17.8793144226,
                32.1070747375,
                32.3397445679,
                22.4377670288,
                14.639251709,
                11.6218690872,
                8.65654373169,
                17.842212677,
                12.114153862,
                11.0848455429,
                9.03570556641,
                4.10571861267,
                2.61997103691,
                2.51585507393,
                1.8419264555,
                1.76410198212,
                1.27305078506,
                0.968423366547,
                0.517262876034,
                0.195850327611,
                0.0585737936199,
                0.0101106530055,
                0.000506937329192,
                1.53572273121e-05
            ],
            "dmean2": [
                0.176990196109,
                0.628707647324,
                1.43402504921,
                3.18546509743,
                2.7467610836,
                3.53575992584,
                5.06695365906,
                4.30594015121,
                8.3445482254,
                5.99217700958,
                6.5827870369,
                15.8824167252,
                43.0330848694,
                42.8454360962,
                61.0373573303,
                52.8023414612,
                26.9946231842,
                48.5880966187,
                49.231212616,
                34.1225662231,
                21.8815784454,
                17.5129013062,
                13.0007953644,
                26.8716201782,
                17.8176307678,
                16.1288356781,
                13.2842550278,
                5.86566591263,
                3.69843196869,
                3.5389649868,
                2.68199014664,
                2.5779311657,
                1.87664747238,
                1.42026412487,
                0.774612307549,
                0.290063738823,
                0.0837442055345,
                0.0146851260215,
                0.000756951456424,
                2.24471659749e-05
            ],
            "dvar": [
                0.076923429966,
                1.19621574879,
                8.55560779572,
                44.4782485962,
                14.1873025894,
                15.3239030838,
                32.3109855652,
                23.1843032837,
                80.7468948364,
                71.4632415771,
                115.052879333,
                790.747680664,
                4448.54833984,
                4999.04248047,
                19950.765625,
                11847.4804688,
                1544.08947754,
                9280.17285156,
                6576.53515625,
                3500.63598633,
                1875.2598877,
                1114.00488281,
                497.443023682,
                1455.54174805,
                416.100189209,
                417.687316895,
                322.03527832,
                108.447013855,
                73.5140457153,
                54.9366264343,
                20.7100563049,
                15.851556778,
                13.44576931,
                8.19942760468,
                3.1379570961,
                0.498455107212,
                0.0443023517728,
                0.00130766443908,
                2.32941806644e-06,
                1.09857145603e-09
            ],
            "dvar2": [
                0.204084679484,
                2.65820002556,
                18.721124649,
                125.756828308,
                38.9786262512,
                38.6539878845,
                82.3223953247,
                60.4058456421,
                210.29977417,
                161.795089722,
                261.866119385,
                1614.43566895,
                9727.42871094,
                10562.7822266,
                39577.6914062,
                26026.8886719,
                3416.49951172,
                22475.6015625,
                14901.6591797,
                8189.72558594,
                4198.02392578,
                2546.13842773,
                1060.11474609,
                3276.89135742,
                897.632141113,
                809.881286621,
                617.760009766,
                210.572128296,
                144.175231934,
                100.532279968,
                40.7690048218,
                31.1459960938,
                25.9793014526,
                16.7264461517,
                6.53108406067,
                0.997985720634,
                0.0786396116018,
                0.00257590413094,
                4.67882864541e-06,
                2.08228745358e-09
            ],
            "max": [
                4.27910470963,
                17.7827854156,
                34.9449577332,
                79.1892700195,
                53.7919311523,
                96.0612258911,
                94.7687759399,
                84.1927642822,
                194.136932373,
                156.733474731,
                315.758331299,
                605.431762695,
                1127.09973145,
                2035.71813965,
                4623.46044922,
                2440.1081543,
                807.574951172,
                2666.31860352,
                1761.91870117,
                1020.6060791,
                856.458190918,
                1110.9654541,
                555.500427246,
                786.225402832,
                329.575897217,
                346.841705322,
                269.475494385,
                146.368103027,
                191.80770874,
                179.670501709,
                76.3020782471,
                90.6703186035,
                91.3480224609,
                94.334564209,
                53.2872848511,
                17.7497177124,
                6.6599187851,
                1.09952199459,
                0.0398900136352,
                0.000861140957568
            ],
            "mean": [
                0.177484199405,
                0.679462373257,
                1.07933163643,
                1.73896610737,
                2.46723890305,
                4.35201025009,
                6.14535713196,
                4.99581861496,
                8.48100662231,
                7.47237014771,
                8.33421707153,
                19.6590766907,
                56.567035675,
                59.7177810669,
                87.6821594238,
                60.3721466064,
                32.3214149475,
                51.2570419312,
                55.7201042175,
                37.615436554,
                23.1746311188,
                18.3672027588,
                14.4847679138,
                30.7929325104,
                24.6652240753,
                22.6423130035,
                17.0767879486,
                6.39214611053,
                3.39084482193,
                3.37670898438,
                2.8262295723,
                3.03701615334,
                2.19141674042,
                1.71361732483,
                0.898797690868,
                0.321440786123,
                0.102268010378,
                0.0182691179216,
                0.000906652654521,
                4.63756477984e-05
            ],
            "median": [
                0.0760856419802,
                0.231063246727,
                0.209415584803,
                0.410433918238,
                1.22647702694,
                2.42459583282,
                2.98415708542,
                2.92169046402,
                4.68761825562,
                3.4719748497,
                4.15180826187,
                5.53411817551,
                13.284570694,
                13.771238327,
                10.8647842407,
                11.3877048492,
                8.65894317627,
                9.91136932373,
                10.413772583,
                7.2459192276,
                4.69625806808,
                4.80128669739,
                4.44098472595,
                10.3993835449,
                10.8420267105,
                8.77965164185,
                5.81568431854,
                2.1936841011,
                0.721639871597,
                0.799633204937,
                0.839267194271,
                1.08506298065,
                0.733552694321,
                0.560952484608,
                0.268310308456,
                0.0610398128629,
                0.0204734578729,
                0.00346360076219,
                0.000162180658663,
                3.41102277162e-05
            ],
            "min": [
                5.95004774868e-23,
                7.54761767815e-22,
                2.28256471261e-21,
                5.53012244757e-21,
                1.72838048056e-20,
                3.35706954143e-20,
                3.87759459075e-20,
                8.61827395627e-20,
                1.77842345359e-19,
                2.42752461721e-19,
                4.30038999552e-19,
                5.56663497529e-19,
                9.3477189143e-19,
                1.05246180482e-18,
                1.13430336481e-18,
                1.16703128274e-18,
                2.16442291789e-18,
                1.68008116548e-18,
                2.90385641786e-18,
                3.28711339068e-18,
                3.23516189872e-18,
                5.44283354135e-18,
                6.26430453972e-18,
                7.71998980299e-18,
                7.58722235159e-18,
                8.04612809337e-18,
                1.05564591251e-17,
                1.18475962442e-17,
                1.13403980439e-17,
                1.28342423896e-17,
                1.25904639913e-17,
                1.26185517362e-17,
                1.12768267323e-17,
                7.83265511115e-18,
                6.62854566424e-18,
                4.17530415688e-18,
                2.15627415488e-18,
                1.03251413755e-18,
                2.86287752842e-19,
                3.08907724013e-20
            ],
            "var": [
                0.118831202388,
                2.03881955147,
                9.86336421967,
                29.2762908936,
                14.9812421799,
                35.1055297852,
                70.7680130005,
                39.2551994324,
                136.147796631,
                144.878814697,
                238.398513794,
                1901.56066895,
                13031.3203125,
                16530.2617188,
                92805.890625,
                26251.8300781,
                3796.61132812,
                17615.3300781,
                17550.6992188,
                7173.06591797,
                3370.43237305,
                2062.32519531,
                884.282104492,
                2972.12133789,
                1126.7244873,
                1113.44616699,
                703.716125488,
                173.727615356,
                105.500953674,
                85.4800415039,
                34.8978004456,
                32.5975456238,
                29.3799972534,
                18.8568515778,
                7.86597394943,
                1.26857435703,
                0.125877097249,
                0.00343767739832,
                6.04012393524e-06,
                3.64876240333e-09
            ]
        },
        "erbbands_crest": {
            "dmean": 2.9278242588,
            "dmean2": 4.54719686508,
            "dvar": 7.71205377579,
            "dvar2": 17.4161167145,
            "max": 33.2581977844,
            "mean": 10.6168222427,
            "median": 9.25980567932,
            "min": 2.43495368958,
            "var": 30.2256469727
        },
        "erbbands_flatness_db": {
            "dmean": 0.0187643840909,
            "dmean2": 0.0267442893237,
            "dvar": 0.000306137866573,
            "dvar2": 0.000567812006921,
            "max": 0.338660567999,
            "mean": 0.165711298585,
            "median": 0.167244940996,
            "min": 0.0494983717799,
            "var": 0.00244947429746
        },
        "erbbands_kurtosis": {
            "dmean": 1.2528386116,
            "dmean2": 1.92790496349,
            "dvar": 3.52323818207,
            "dvar2": 7.79506158829,
            "max": 45.6971664429,
            "mean": 1.31802296638,
            "median": 0.303141355515,
            "min": -1.77233672142,
            "var": 11.6014060974
        },
        "erbbands_skewness": {
            "dmean": 0.401099205017,
            "dmean2": 0.588037490845,
            "dvar": 0.15190127492,
            "dvar2": 0.315213680267,
            "max": 4.42749500275,
            "mean": 0.306741714478,
            "median": 0.326574742794,
            "min": -3.84049415588,
            "var": 0.761617898941
        },
        "erbbands_spread": {
            "dmean": 7.70332384109,
            "dmean2": 11.4303417206,
            "dvar": 84.9578552246,
            "dvar2": 171.422851562,
            "max": 143.209213257,
            "mean": 31.496137619,
            "median": 27.5662879944,
            "min": 2.08006286621,
            "var": 346.270263672
        },
        "gfcc": {
            "cov": [
                [
                    18954.4921875,
                    -834.223205566,
                    -495.287353516,
                    831.350036621,
                    -72.9070281982,
                    997.524169922,
                    234.002059937,
                    349.974945068,
                    -249.909423828,
                    271.107299805,
                    242.145782471,
                    334.195861816,
                    78.4785308838
                ],
                [
                    -834.223205566,
                    1276.70483398,
                    -201.825378418,
                    -122.621444702,
                    204.864471436,
                    -9.96768093109,
                    82.4400253296,
                    -78.4054412842,
                    23.8217353821,
                    -41.0164985657,
                    63.9150619507,
                    -110.85774231,
                    19.7422161102
                ],
                [
                    -495.287353516,
                    -201.825378418,
                    860.185668945,
                    115.964958191,
                    -12.4531345367,
                    90.5146865845,
                    -11.7370977402,
                    -3.76984477043,
                    84.9383850098,
                    43.0799331665,
                    -39.9885635376,
                    108.098716736,
                    -100.543708801
                ],
                [
                    831.350036621,
                    -122.621444702,
                    115.964958191,
                    486.0675354,
                    104.353935242,
                    64.8650054932,
                    63.3167228699,
                    57.189201355,
                    118.34475708,
                    16.988986969,
                    50.0652732849,
                    79.3652648926,
                    12.7758750916
                ],
                [
                    -72.9070281982,
                    204.864471436,
                    -12.4531345367,
                    104.353935242,
                    334.033935547,
                    112.599960327,
                    80.7674942017,
                    -2.49159193039,
                    88.7738342285,
                    24.7536697388,
                    53.0809631348,
                    40.1859474182,
                    14.6903905869
                ],
                [
                    997.524169922,
                    -9.96768093109,
                    90.5146865845,
                    64.8650054932,
                    112.599960327,
                    366.311004639,
                    145.420394897,
                    -50.0895271301,
                    56.1676368713,
                    58.3507270813,
                    75.081237793,
                    48.9311828613,
                    -11.4595012665
                ],
                [
                    234.002059937,
                    82.4400253296,
                    -11.7370977402,
                    63.3167228699,
                    80.7674942017,
                    145.420394897,
                    252.583358765,
                    17.1731739044,
                    9.70441150665,
                    17.6212024689,
                    71.6187591553,
                    -2.60002112389,
                    9.64766216278
                ],
                [
                    349.974945068,
                    -78.4054412842,
                    -3.76984477043,
                    57.189201355,
                    -2.49159193039,
                    -50.0895271301,
                    17.1731739044,
                    194.109375,
                    17.1764774323,
                    -7.55260562897,
                    15.6919527054,
                    1.18365681171,
                    43.4940338135
                ],
                [
                    -249.909423828,
                    23.8217353821,
                    84.9383850098,
                    118.34475708,
                    88.7738342285,
                    56.1676368713,
                    9.70441150665,
                    17.1764774323,
                    196.170455933,
                    31.051858902,
                    17.5810718536,
                    76.7628707886,
                    -8.28904819489
                ],
                [
                    271.107299805,
                    -41.0164985657,
                    43.0799331665,
                    16.988986969,
                    24.7536697388,
                    58.3507270813,
                    17.6212024689,
                    -7.55260562897,
                    31.051858902,
                    115.119880676,
                    37.2264671326,
                    11.1597738266,
                    3.84518122673
                ],
                [
                    242.145782471,
                    63.9150619507,
                    -39.9885635376,
                    50.0652732849,
                    53.0809631348,
                    75.081237793,
                    71.6187591553,
                    15.6919527054,
                    17.5810718536,
                    37.2264671326,
                    138.959289551,
                    24.4361553192,
                    27.0484199524
                ],
                [
                    334.195861816,
                    -110.85774231,
                    108.098716736,
                    79.3652648926,
                    40.1859474182,
                    48.9311828613,
                    -2.60002112389,
                    1.18365681171,
                    76.7628707886,
                    11.1597738266,
                    24.4361553192,
                    154.092453003,
                    0.803790569305
                ],
                [
                    78.4785308838,
                    19.7422161102,
                    -100.543708801,
                    12.7758750916,
                    14.6903905869,
                    -11.4595012665,
                    9.64766216278,
                    43.4940338135,
                    -8.28904819489,
                    3.84518122673,
                    27.0484199524,
                    0.803790569305,
                    120.337104797
                ]
            ],
            "icov": [
                [
                    0.000118534117064,
                    -6.52771268506e-05,
                    0.000203883158974,
                    -0.00028941265191,
                    0.000176860761712,
                    -0.000519274559338,
                    0.000195072978386,
                    -0.000424559199018,
                    0.000569034542423,
                    -0.00035193678923,
                    0.000210525598959,
                    -0.000465133431135,
                    0.000207479766686
                ],
                [
                    -6.52771268506e-05,
                    0.00123289937619,
                    -0.000123081976199,
                    0.000587985559832,
                    -0.000892114127055,
                    0.00069581711432,
                    -0.000407470011851,
                    0.000917724159081,
                    -0.00102152698673,
                    0.000968844455201,
                    -0.000937865115702,
                    0.00139909586869,
                    -0.000348681409378
                ],
                [
                    0.000203883158974,
                    -0.000123081976199,
                    0.00193277001381,
                    -0.000772782426793,
                    0.000557408086024,
                    -0.00127369980328,
                    0.000412253051763,
                    -0.00108619558159,
                    0.000954814313445,
                    -0.00124689307995,
                    0.00113430351485,
                    -0.00178785575554,
                    0.00161692861002
                ],
                [
                    -0.00028941265191,
                    0.000587985559832,
                    -0.000772782426793,
                    0.00357145536691,
                    -0.00107886164915,
                    0.00149315281305,
                    -0.00100590765942,
                    0.000726911181118,
                    -0.00275286543183,
                    0.00141750834882,
                    -0.00128926197067,
                    0.00101529050153,
                    -0.000792665639892
                ],
                [
                    0.000176860761712,
                    -0.000892114127055,
                    0.000557408086024,
                    -0.00107886164915,
                    0.00474904011935,
                    -0.0016713088844,
                    -0.000145389945828,
                    -0.000777977926191,
                    -0.000154947309056,
                    -0.000938474142458,
                    0.000415698974393,
                    -0.00148631213233,
                    0.000101026111224
                ],
                [
                    -0.000519274559338,
                    0.00069581711432,
                    -0.00127369980328,
                    0.00149315281305,
                    -0.0016713088844,
                    0.00702935317531,
                    -0.00319812260568,
                    0.00349207408726,
                    -0.00312232878059,
                    0.000635539821815,
                    -0.0021290932782,
                    0.00172592990566,
                    -0.000898911501281
                ],
                [
                    0.000195072978386,
                    -0.000407470011851,
                    0.000412253051763,
                    -0.00100590765942,
                    -0.000145389945828,
                    -0.00319812260568,
                    0.00649631116539,
                    -0.00180616881698,
                    0.00168484973256,
                    -0.000116125069326,
                    -0.00135498133022,
                    7.01360477251e-05,
                    0.000659916724544
                ],
                [
                    -0.000424559199018,
                    0.000917724159081,
                    -0.00108619558159,
                    0.000726911181118,
                    -0.000777977926191,
                    0.00349207408726,
                    -0.00180616881698,
                    0.0083314795047,
                    -0.00330482702702,
                    0.00218699686229,
                    -0.00189104536548,
                    0.00277259945869,
                    -0.00318834627979
                ],
                [
                    0.000569034542423,
                    -0.00102152698673,
                    0.000954814313445,
                    -0.00275286543183,
                    -0.000154947309056,
                    -0.00312232878059,
                    0.00168484973256,
                    -0.00330482702702,
                    0.0110971257091,
                    -0.00372917042114,
                    0.00219446211122,
                    -0.00575230456889,
                    0.00209622131661
                ],
                [
                    -0.00035193678923,
                    0.000968844455201,
                    -0.00124689307995,
                    0.00141750834882,
                    -0.000938474142458,
                    0.000635539821815,
                    -0.000116125069326,
                    0.00218699686229,
                    -0.00372917042114,
                    0.0121752265841,
                    -0.00393920624629,
                    0.00323762302287,
                    -0.00150989659596
                ],
                [
                    0.000210525598959,
                    -0.000937865115702,
                    0.00113430351485,
                    -0.00128926197067,
                    0.000415698974393,
                    -0.0021290932782,
                    -0.00135498133022,
                    -0.00189104536548,
                    0.00219446211122,
                    -0.00393920624629,
                    0.0114402938634,
                    -0.00332250120118,
                    -0.000632435956504
                ],
                [
                    -0.000465133431135,
                    0.00139909586869,
                    -0.00178785575554,
                    0.00101529050153,
                    -0.00148631213233,
                    0.00172592990566,
                    7.01360477251e-05,
                    0.00277259945869,
                    -0.00575230456889,
                    0.00323762302287,
                    -0.00332250120118,
                    0.0122242104262,
                    -0.0020242317114
                ],
                [
                    0.000207479766686,
                    -0.000348681409378,
                    0.00161692861002,
                    -0.000792665639892,
                    0.000101026111224,
                    -0.000898911501281,
                    0.000659916724544,
                    -0.00318834627979,
                    0.00209622131661,
                    -0.00150989659596,
                    -0.000632435956504,
                    -0.0020242317114,
                    0.0110168615356
                ]
            ],
            "mean": [
                -26.2259750366,
                69.5796585083,
                -122.525650024,
                18.2783355713,
                -54.1974487305,
                16.7263259888,
                -33.4285926819,
                16.1162643433,
                -35.8982582092,
                8.80325984955,
                -10.0872707367,
                -2.07394719124,
                -2.74851989746
            ]
        },
        "hfc": {
            "dmean": 7.61498212814,
            "dmean2": 10.834982872,
            "dvar": 120.094688416,
            "dvar2": 224.120895386,
            "max": 172.46055603,
            "mean": 24.7715263367,
            "median": 18.1985530853,
            "min": 1.12460921749e-16,
            "var": 542.799743652
        },
        "melbands": {
            "dmean": [
                0.000757232308388,
                0.000440187606728,
                0.000289463903755,
                0.000132200220833,
                0.000110036758997,
                6.39176141704e-05,
                7.4595111073e-05,
                4.30585241702e-05,
                3.94240996684e-05,
                7.54134816816e-05,
                0.00015369259927,
                0.00012830227206,
                0.000133528068545,
                9.91995475488e-05,
                8.04015871836e-05,
                3.56590608135e-05,
                7.21483229427e-05,
                6.41111837467e-05,
                3.52869537892e-05,
                3.6980240111e-05,
                1.46722577483e-05,
                1.44432915477e-05,
                7.1456729529e-06,
                8.64105732035e-06,
                1.66559457284e-05,
                1.29948602989e-05,
                7.63386287872e-06,
