{
    "lowlevel": {
        "average_loudness": 0.933432221413,
        "barkbands": {
            "dmean": [
                0.000472090061521,
                0.00923896674067,
                0.00336575438268,
                0.00360820442438,
                0.00232583540492,
                0.00103170180228,
                0.00115395069588,
                0.000693025067449,
                0.000635984528344,
                0.000527236086782,
                0.000315662298817,
                0.000199379093829,
                0.000194750871742,
                0.000147393264342,
                0.00015879899729,
                0.000115340473712,
                0.000151210886543,
                0.000186860415852,
                0.000148579856614,
                0.000262296351139,
                0.000179729511729,
                0.000233392449445,
                0.000226566029596,
                0.000326379493345,
                0.000202996321605,
                8.14424420241e-05,
                0.000103459649836
            ],
            "dmean2": [
                0.000791130878497,
                0.0147165954113,
                0.0054520429112,
                0.00606646202505,
                0.00381473754533,
                0.00160693668295,
                0.00172901351471,
                0.00109598459676,
                0.000981167657301,
                0.000839604530483,
                0.000480173330288,
                0.000331706047291,
                0.000321659463225,
                0.000241265835939,
                0.000259653577814,
                0.000186397577636,
                0.000243256625254,
                0.000293999532005,
                0.000232162739849,
                0.000405556696933,
                0.000261763110757,
                0.000343823980074,
                0.000325740169501,
                0.000477594847325,
                0.000290434603812,
                0.000114282061986,
                0.000172791638761
            ],
            "dvar": [
                1.56129931383e-06,
                0.000397021707613,
                7.02482357156e-05,
                8.87194255483e-05,
                2.13751700358e-05,
                5.65324035051e-06,
                8.26237373985e-06,
                3.16013392876e-06,
                2.80907102024e-06,
                2.44928060056e-06,
                1.12896418614e-06,
                3.11083880433e-07,
                2.4345220595e-07,
                1.11513408285e-07,
                1.32037740741e-07,
                8.00385464572e-08,
                1.84200985132e-07,
                1.65257560525e-07,
                8.18274017433e-08,
                2.68053582886e-07,
                1.29417202288e-07,
                2.7725471341e-07,
                2.35289903117e-07,
                6.77453783737e-07,
                2.08829519011e-07,
                3.44915953576e-08,
                3.00819493759e-07
            ],
            "dvar2": [
                4.57163423562e-06,
                0.00111870362889,
                0.00018195087614,
                0.000238966051256,
                5.26519906998e-05,
                1.22767187349e-05,
                1.7224900148e-05,
                7.44940325603e-06,
                6.13368774793e-06,
                5.78955632591e-06,
                2.37430322159e-06,
                8.13613837636e-07,
                6.20566595444e-07,
                2.78385158481e-07,
                3.36596627903e-07,
                1.97726734541e-07,
                4.29556280324e-07,
                4.00240281806e-07,
                1.94274363707e-07,
                6.31524528671e-07,
                2.82037319721e-07,
                6.13441329733e-07,
                4.65477427269e-07,
                1.34751712721e-06,
                4.10737669654e-07,
                7.48441308929e-08,
                7.98347400632e-07
            ],
            "max": [
                0.0239796061069,
                0.196410506964,
                0.0946249216795,
                0.087307035923,
                0.0657375231385,
                0.0526890642941,
                0.0507462844253,
                0.0419346056879,
                0.0334992855787,
                0.0337593145669,
                0.0315318778157,
                0.0130968382582,
                0.01364319399,
                0.00729311583564,
                0.00792421679944,
                0.00619609327987,
                0.0137004246935,
                0.00612618634477,
                0.00607425346971,
                0.00844422075897,
                0.00610916642472,
                0.00946397520602,
                0.0087276622653,
                0.0148970624432,
                0.0070212171413,
                0.00329441693611,
                0.00739442976192
            ],
            "mean": [
                0.000704337784555,
                0.015607229434,
                0.00457758503035,
                0.00372184137814,
                0.00310011138208,
                0.00143920478877,
                0.00182139500976,
                0.000896274519619,
                0.000836865685415,
                0.000678026292007,
                0.000426681770477,
                0.000233749378822,
                0.000239230197622,
                0.00018367775192,
                0.000198005436687,
                0.000151152562466,
                0.000181398660061,
                0.000255212449702,
                0.000216095490032,
                0.000407550804084,
                0.000269565382041,
                0.000339206220815,
                0.000359726196621,
                0.000512942904606,
                0.000312582938932,
                0.000108312524389,
                8.04899027571e-05
            ],
            "median": [
                0.00011780182831,
                0.00456988299266,
                0.00175104662776,
                0.00078662467422,
                0.00112341507338,
                0.000474777800264,
                0.000411429646192,
                0.000178530201083,
                0.00023540413531,
                0.000204426061828,
                8.37148545543e-05,
                5.50179356651e-05,
                6.37813136564e-05,
                4.52138592664e-05,
                4.92442413815e-05,
                3.76813841285e-05,
                3.3120970329e-05,
                4.67789213872e-05,
                5.51941448066e-05,
                7.56437511882e-05,
                4.40567237092e-05,
                3.15608886012e-05,
                6.4031490183e-05,
                9.5417148259e-05,
                5.07643526362e-05,
                1.29359859784e-05,
                4.3499488811e-07
            ],
            "min": [
                4.7567252553e-25,
                7.64391938777e-24,
                2.75264355128e-24,
                1.34601778258e-24,
                2.09592201473e-23,
                1.04156870968e-23,
                1.44499170329e-23,
                1.48641747155e-23,
                2.69319384962e-23,
                2.41075166884e-23,
                2.51254154688e-23,
                2.98696754399e-23,
                3.57022700039e-23,
                4.5575605762e-23,
                1.7224820464e-23,
                6.18802120915e-23,
                9.1963145033e-23,
                1.19782583602e-22,
                1.413025955e-22,
                1.76391040212e-22,
                3.26698552366e-22,
                3.86703478002e-22,
                5.01721139788e-22,
                6.21174825191e-22,
                8.69301089592e-22,
                1.41602718579e-21,
                2.06634341634e-21
            ],
            "var": [
                3.62035825674e-06,
                0.000702408666257,
                7.50374092604e-05,
                7.66295779613e-05,
                3.01224790746e-05,
                9.70349901763e-06,
                2.14366336877e-05,
                4.27448412665e-06,
                4.38552660853e-06,
                3.13823352371e-06,
                2.36671871789e-06,
                3.80115864118e-07,
                3.53693252464e-07,
                1.6431143024e-07,
                1.9675240992e-07,
                1.21958976251e-07,
                2.18232671045e-07,
                2.57700463635e-07,
                1.40591950526e-07,
                5.79576692417e-07,
                2.7002553793e-07,
                4.92233937166e-07,
                5.43197529623e-07,
                1.41012594668e-06,
                4.51600783435e-07,
                5.15218943065e-08,
                2.14419628719e-07
            ]
        },
        "barkbands_crest": {
            "dmean": 3.19110608101,
            "dmean2": 5.12058448792,
            "dvar": 8.83444309235,
            "dvar2": 21.4405269623,
            "max": 26.7762527466,
            "mean": 12.8976783752,
            "median": 12.2912044525,
            "min": 2.19621920586,
            "var": 28.2541484833
        },
        "barkbands_flatness_db": {
            "dmean": 0.0372306779027,
            "dmean2": 0.0547650642693,
            "dvar": 0.00191281200387,
            "dvar2": 0.00375437596813,
            "max": 0.809306025505,
            "mean": 0.185681656003,
            "median": 0.164879858494,
            "min": 0.0258701480925,
            "var": 0.00973745808005
        },
        "barkbands_kurtosis": {
            "dmean": 12.6829710007,
            "dmean2": 19.5616912842,
            "dvar": 1466.43725586,
            "dvar2": 3383.98071289,
            "max": 1466.47119141,
            "mean": 16.6908950806,
            "median": 5.26622390747,
            "min": -1.95246493816,
            "var": 2073.16381836
        },
        "barkbands_skewness": {
            "dmean": 1.10625636578,
            "dmean2": 1.62290847301,
            "dvar": 1.97383272648,
            "dvar2": 4.16913843155,
            "max": 36.7985343933,
            "mean": 2.53984570503,
            "median": 2.13609743118,
            "min": -6.13468027115,
            "var": 6.18760442734
        },
        "barkbands_spread": {
            "dmean": 9.76003646851,
            "dmean2": 15.0475168228,
            "dvar": 187.518432617,
            "dvar2": 388.96762085,
            "max": 123.275634766,
            "mean": 23.7847080231,
            "median": 16.5258293152,
            "min": 0.0880267247558,
            "var": 508.858093262
        },
        "dissonance": {
            "dmean": 0.0265837870538,
            "dmean2": 0.0430864654481,
            "dvar": 0.000805157818832,
            "dvar2": 0.00203491724096,
            "max": 0.500000059605,
            "mean": 0.447604864836,
            "median": 0.46043753624,
            "min": 0.100921347737,
            "var": 0.00211660610512
        },
        "dynamic_complexity": 3.26949572563,
        "erbbands": {
            "dmean": [
                0.307297289371,
                2.00159263611,
                3.52880573273,
                8.78280162811,
                9.69273376465,
                7.00645065308,
                6.61789417267,
                8.89288902283,
                13.2570037842,
                21.0662727356,
                11.531996727,
                15.0634860992,
                17.4286155701,
                11.6391458511,
                11.3186922073,
                8.67977714539,
                8.95061302185,
                7.64332199097,
                8.3154668808,
                6.81128883362,
                6.47759437561,
                8.00667953491,
                10.0302724838,
                7.55972242355,
                8.99874305725,
                12.6301307678,
                8.11296653748,
                7.48290014267,
                8.04679203033,
                7.91982507706,
                6.4270529747,
                6.81345033646,
                5.42003154755,
                2.73739600182,
                1.26433193684,
                0.444334775209,
                0.130739167333,
                0.0627430155873,
                0.0164484493434,
                0.00119331816677
            ],
            "dmean2": [
                0.476430952549,
                3.22929048538,
                5.37782239914,
                14.6603527069,
                16.2155895233,
                11.2528753281,
                10.3885917664,
                13.8838768005,
                20.000951767,
                31.6065807343,
                18.3903026581,
                23.213602066,
                26.9605903625,
                18.6346530914,
                17.270450592,
                14.2117700577,
                14.5215768814,
                12.3681640625,
                13.5102996826,
                10.9100751877,
                10.3386411667,
                12.7047996521,
                15.6640167236,
                11.8822984695,
                13.8168649673,
                19.5803432465,
                11.9967842102,
                11.0931081772,
                11.7778587341,
                11.6801481247,
                9.26889514923,
                9.92137241364,
                8.06320953369,
                3.97954058647,
                1.8184030056,
                0.629299461842,
                0.186112046242,
                0.0983211621642,
                0.0271533876657,
                0.00204624608159
            ],
            "dvar": [
                0.496468245983,
                19.7082557678,
                66.5296401978,
                558.653625488,
                475.800048828,
                202.565734863,
                253.819869995,
                418.845428467,
                1298.50061035,
                3268.48803711,
                976.795898438,
                1697.04772949,
                3213.37866211,
                1259.17797852,
                1158.42651367,
                603.836303711,
                502.320617676,
                365.146240234,
                395.722473145,
                231.031158447,
                280.122528076,
                491.569000244,
                463.714355469,
                261.63861084,
                282.938476562,
                678.518676758,
                231.625183105,
                286.636505127,
                368.503570557,
                287.260894775,
                195.690475464,
                285.611755371,
                195.221496582,
                43.5574226379,
                8.3193769455,
                1.00827169418,
                0.102910757065,
                0.0726107805967,
                0.00734306825325,
                4.39524410467e-05
            ],
            "dvar2": [
                1.30112171173,
                56.0274162292,
                157.941162109,
                1505.15686035,
                1233.62683105,
                480.010223389,
                583.34161377,
                950.1953125,
                2821.79003906,
                6415.56298828,
                2408.48828125,
                3622.23217773,
                7156.84960938,
                3315.640625,
                2378.35205078,
                1622.67211914,
                1246.90454102,
                935.218688965,
                1014.02728271,
                551.137023926,
                693.102600098,
                1126.38903809,
                1115.22412109,
                625.131408691,
                638.834960938,
                1615.60705566,
                507.546142578,
                643.200195312,
                835.526367188,
                611.112060547,
                388.996520996,
                570.040527344,
                407.856658936,
                89.3197402954,
                16.7032051086,
                2.1743144989,
                0.226460576057,
                0.182388603687,
                0.0192577056587,
                0.000118467345601
            ],
            "max": [
                8.55049324036,
                43.2565803528,
                88.0595779419,
                240.292022705,
                333.458496094,
                275.910491943,
                310.972747803,
                377.480499268,
                972.648864746,
                1209.03833008,
                669.682434082,
                950.390563965,
                1375.20092773,
                1072.62792969,
                926.652709961,
                667.228759766,
                678.713195801,
                495.443481445,
                514.817749023,
                283.053497314,
                393.37210083,
                660.999206543,
                366.591827393,
                413.473510742,
                430.293273926,
                457.494750977,
                228.97366333,
                368.017974854,
                436.4140625,
                262.742340088,
                270.396057129,
                306.939300537,
                222.659179688,
                109.32522583,
                60.1969032288,
                22.2594165802,
                3.69980311394,
                3.42185544968,
                1.1795334816,
                0.0949294939637
            ],
            "mean": [
                0.54808473587,
                3.11703372002,
                5.52974081039,
                9.57245349884,
                11.5174913406,
                9.94008541107,
                9.01779270172,
                12.3997488022,
                19.8531494141,
                33.7859649658,
                15.5464611053,
                20.4002342224,
                23.5249977112,
                15.5408258438,
                15.7656984329,
                11.154463768,
                11.4774398804,
                9.98050880432,
                10.663851738,
                9.0149641037,
                8.44445705414,
                10.1852083206,
                14.1213722229,
                10.7361421585,
                13.9307155609,
                19.6161060333,
                12.4817962646,
                10.6078357697,
                11.5968360901,
                11.6350593567,
                10.2887506485,
                10.5099506378,
                8.30890655518,
                4.14836120605,
                1.87918257713,
                0.634260416031,
                0.167124330997,
                0.0576866231859,
                0.0132037671283,
                0.000919810612686
            ],
            "median": [
                0.116269104183,
                1.0032389164,
                2.42049598694,
                3.02168178558,
                3.90154242516,
                3.19383454323,
                2.85129570961,
                4.50108957291,
                5.93101167679,
                6.18035554886,
                4.91816425323,
                6.36312770844,
                5.82424449921,
                6.13891029358,
                4.16827058792,
                3.02871799469,
                3.57673048973,
                2.54624915123,
                2.86746287346,
                2.34192967415,
                2.15040302277,
                2.09011054039,
                2.69751310349,
                2.62627959251,
                3.37498807907,
                3.66008663177,
                2.75677442551,
                1.39503419399,
                1.03939378262,
                1.69140160084,
                1.7815887928,
                1.87136185169,
                1.47604000568,
                0.692175924778,
                0.268903285265,
                0.0861818417907,
                0.0174661856145,
                0.00190967705566,
                0.000112064604764,
                4.73848776892e-05
            ],
            "min": [
                1.30637562093e-22,
                1.5159250977e-21,
                2.38413223285e-21,
                6.05253143305e-21,
                1.77976616805e-20,
                5.73167857475e-20,
                1.00066811048e-19,
                8.55064741755e-20,
                1.43459562147e-19,
                2.70862566327e-19,
                3.56475966522e-19,
                5.85356790316e-19,
                7.19822236717e-19,
                1.09410114627e-18,
                1.0352895353e-18,
                1.36510629786e-18,
                1.6950858082e-18,
                2.41305355769e-18,
                1.37114730127e-18,
                4.99581686652e-18,
                4.63472481859e-18,
                5.30978526213e-18,
                7.1130303121e-18,
                7.57459874827e-18,
                8.76445918194e-18,
                8.17663899606e-18,
                1.03525930185e-17,
                1.26005059639e-17,
                1.2193754787e-17,
                1.14141163801e-17,
                1.50384694454e-17,
                1.29777664977e-17,
                9.95312433962e-18,
                1.00090467121e-17,
                6.05705195571e-18,
                4.35330308495e-18,
                2.8620676669e-18,
                1.03762249482e-18,
                2.51761957857e-19,
                2.93487235626e-20
            ],
            "var": [
                1.06028902531,
                28.6881904602,
                92.1152877808,
                463.280303955,
                487.98324585,
                360.036315918,
                414.942504883,
                653.824279785,
                2305.9362793,
                9742.47460938,
                1149.95385742,
                2677.37084961,
                4656.99609375,
                1331.85791016,
                2364.296875,
                781.229858398,
                752.52746582,
                564.14050293,
                594.08795166,
                345.437805176,
                363.317840576,
                615.526245117,
                764.120361328,
                394.941894531,
                592.490539551,
                1457.13134766,
                480.147033691,
                526.12701416,
                629.95111084,
                525.586547852,
                464.412139893,
                603.437866211,
                376.431335449,
                86.3733520508,
                17.1397285461,
                1.79187619686,
                0.136968359351,
                0.0594673156738,
                0.00540453661233,
                2.99470666505e-05
            ]
        },
        "erbbands_crest": {
            "dmean": 3.38674092293,
            "dmean2": 5.46565055847,
            "dvar": 10.4404306412,
            "dvar2": 24.4219703674,
            "max": 33.4435958862,
            "mean": 10.1630897522,
            "median": 8.87532711029,
            "min": 2.37633800507,
            "var": 28.4462623596
        },
        "erbbands_flatness_db": {
            "dmean": 0.0253293775022,
            "dmean2": 0.0368628539145,
            "dvar": 0.00079525745241,
            "dvar2": 0.00156039744616,
            "max": 0.587199151516,
            "mean": 0.155638635159,
            "median": 0.145271211863,
            "min": 0.0329215675592,
            "var": 0.00446198880672
        },
        "erbbands_kurtosis": {
            "dmean": 2.15392065048,
            "dmean2": 3.31664609909,
            "dvar": 21.2525196075,
            "dvar2": 43.7484931946,
            "max": 224.961074829,
            "mean": 1.96669721603,
            "median": -0.0566692352295,
            "min": -1.89608860016,
            "var": 65.8330688477
        },
        "erbbands_skewness": {
            "dmean": 0.621702849865,
            "dmean2": 0.916680812836,
            "dvar": 0.505031228065,
            "dvar2": 0.995259284973,
            "max": 10.4743385315,
            "mean": 0.414229720831,
            "median": 0.394952267408,
            "min": -5.57632493973,
            "var": 1.75681972504
        },
        "erbbands_spread": {
            "dmean": 15.8285140991,
            "dmean2": 23.4689750671,
            "dvar": 325.84765625,
            "dvar2": 713.000366211,
            "max": 200.26651001,
            "mean": 50.8322753906,
            "median": 45.2830429077,
            "min": 0.960585653782,
            "var": 945.03112793
        },
        "gfcc": {
            "cov": [
                [
                    19424.6367188,
                    -2410.77026367,
                    -490.922393799,
                    1076.34753418,
                    -1115.16723633,
                    -49.1063957214,
                    -607.655090332,
                    303.254608154,
                    -482.390319824,
                    275.216064453,
                    -190.481781006,
                    -20.3610897064,
                    -525.957763672
                ],
                [
                    -2410.77026367,
                    3484.18261719,
                    -2.04171609879,
                    -355.58013916,
                    857.813232422,
                    -48.4235839844,
                    304.690551758,
                    -80.2727050781,
                    223.999160767,
                    -245.576065063,
                    260.231781006,
                    -174.9478302,
                    130.906494141
                ],
                [
                    -490.922393799,
                    -2.04171609879,
                    1910.82727051,
                    534.057678223,
                    435.131347656,
                    304.207061768,
                    318.847137451,
                    0.915229082108,
                    141.86239624,
                    63.8420372009,
                    -104.050567627,
                    75.5762939453,
                    20.4200954437
                ],
                [
                    1076.34753418,
                    -355.58013916,
                    534.057678223,
                    848.91809082,
                    176.920211792,
                    159.096710205,
                    40.5432739258,
                    12.4322881699,
                    54.364730835,
                    27.5406913757,
                    -69.539352417,
                    7.59694814682,
                    -35.9671783447
                ],
                [
                    -1115.16723633,
                    857.813232422,
                    435.131347656,
                    176.920211792,
                    868.72644043,
                    194.064559937,
                    332.416046143,
                    -4.929210186,
                    142.915298462,
                    -30.6100997925,
                    12.2948045731,
                    7.82063245773,
                    56.6115188599
                ],
                [
                    -49.1063957214,
                    -48.4235839844,
                    304.207061768,
                    159.096710205,
                    194.064559937,
                    422.024291992,
                    184.434555054,
                    11.9211368561,
                    36.1118736267,
                    30.1461391449,
                    -33.3491210938,
                    50.5834083557,
                    8.61199760437
                ],
                [
                    -607.655090332,
                    304.690551758,
                    318.847137451,
                    40.5432739258,
                    332.416046143,
                    184.434555054,
                    457.025390625,
                    23.9936466217,
                    86.4047622681,
                    2.81904983521,
                    -9.06705379486,
                    12.1558361053,
                    34.1333808899
                ],
                [
                    303.254608154,
                    -80.2727050781,
                    0.915229082108,
                    12.4322881699,
                    -4.929210186,
                    11.9211368561,
                    23.9936466217,
                    288.749938965,
                    29.4425983429,
                    74.6387252808,
                    56.159778595,
                    -6.13411426544,
                    9.64582538605
                ],
                [
                    -482.390319824,
                    223.999160767,
                    141.86239624,
                    54.364730835,
                    142.915298462,
                    36.1118736267,
                    86.4047622681,
                    29.4425983429,
                    213.749984741,
                    34.2493782043,
                    19.9054889679,
                    21.1105651855,
                    29.7409343719
                ],
                [
                    275.216064453,
                    -245.576065063,
                    63.8420372009,
                    27.5406913757,
                    -30.6100997925,
                    30.1461391449,
                    2.81904983521,
                    74.6387252808,
                    34.2493782043,
                    166.486419678,
                    34.9347915649,
                    20.78399086,
                    1.4050141573
                ],
                [
                    -190.481781006,
                    260.231781006,
                    -104.050567627,
                    -69.539352417,
                    12.2948045731,
                    -33.3491210938,
                    -9.06705379486,
                    56.159778595,
                    19.9054889679,
                    34.9347915649,
                    198.592025757,
                    21.033908844,
                    8.02766609192
                ],
                [
                    -20.3610897064,
                    -174.9478302,
                    75.5762939453,
                    7.59694814682,
                    7.82063245773,
                    50.5834083557,
                    12.1558361053,
                    -6.13411426544,
                    21.1105651855,
                    20.78399086,
                    21.033908844,
                    137.746322632,
                    17.5702438354
                ],
                [
                    -525.957763672,
                    130.906494141,
                    20.4200954437,
                    -35.9671783447,
                    56.6115188599,
                    8.61199760437,
                    34.1333808899,
                    9.64582538605,
                    29.7409343719,
                    1.4050141573,
                    8.02766609192,
                    17.5702438354,
                    129.206069946
                ]
            ],
            "icov": [
                [
                    7.60213806643e-05,
                    -2.49467557296e-05,
                    3.70246198145e-05,
                    -0.000131701002829,
                    8.01292189863e-05,
                    3.62339005733e-06,
                    8.05109721114e-06,
                    -8.98300859262e-05,
                    0.000151092113811,
                    -0.000145532583701,
                    0.000111061875941,
                    -9.20765232877e-05,
                    0.000233875194681
                ],
                [
                    -2.49467557296e-05,
                    0.00076498783892,
                    -7.18588999007e-05,
                    0.000405700266128,
                    -0.000666910957079,
                    1.7734048015e-05,
                    2.77522067336e-05,
                    0.000252817844739,
                    -0.000642871367745,
                    0.00112741638441,
                    -0.00119020021521,
                    0.00119137612637,
                    -0.000439840281615
                ],
                [
                    3.70246198145e-05,
                    -7.18588999007e-05,
                    0.00080863351468,
                    -0.00047035922762,
                    -6.89948574291e-05,
                    -0.000122164434288,
                    -0.000307660142425,
                    -7.62455601944e-06,
                    -1.56034584506e-05,
                    -0.000423559336923,
                    0.000479286478367,
                    -0.000450724823168,
                    0.000124717727886
                ],
                [
                    -0.000131701002829,
                    0.000405700266128,
                    -0.00047035922762,
                    0.00198599975556,
                    -0.00067914504325,
                    -0.000388610351365,
                    0.000461688934593,
                    0.000130046202685,
                    -0.000750486040488,
                    0.000673614384141,
                    -0.000380924437195,
                    0.000869509938639,
                    -5.73307697778e-05
                ],
                [
                    8.01292189863e-05,
                    -0.000666910957079,
                    -6.89948574291e-05,
                    -0.00067914504325,
                    0.00252469629049,
                    -0.000309240480419,
                    -0.00100978207774,
                    -0.000127402949147,
                    -4.22687990067e-05,
                    -0.000410324282711,
                    0.000609866168816,
                    -0.000742647214793,
                    9.17007273529e-05
                ],
                [
                    3.62339005733e-06,
                    1.7734048015e-05,
                    -0.000122164434288,
                    -0.000388610351365,
                    -0.000309240480419,
                    0.00339171150699,
                    -0.00106596550904,
                    -6.31235889159e-05,
                    0.000370781257516,
                    -0.000540250039194,
                    0.00050625478616,
                    -0.00109586981125,
                    0.000141750468174
                ],
                [
                    8.05109721114e-06,
                    2.77522067336e-05,
                    -0.000307660142425,
                    0.000461688934593,
                    -0.00100978207774,
                    -0.00106596550904,
                    0.00364271341823,
                    -0.000295533798635,
                    -0.000552225450519,
                    0.000198040099349,
                    9.50379835558e-05,
                    0.000356412463589,
                    -0.000174388973392
                ],
                [
                    -8.98300859262e-05,
                    0.000252817844739,
                    -7.62455601944e-06,
                    0.000130046202685,
                    -0.000127402949147,
                    -6.31235889159e-05,
                    -0.000295533798635,
                    0.00433403346688,
                    -0.000571965938434,
                    -0.00116050301585,
                    -0.00144767574966,
                    0.00112600380089,
                    -0.000688762404025
                ],
                [
                    0.000151092113811,
                    -0.000642871367745,
                    -1.56034584506e-05,
                    -0.000750486040488,
                    -4.22687990067e-05,
                    0.000370781257516,
                    -0.000552225450519,
                    -0.000571965938434,
                    0.00661294674501,
                    -0.00220288941637,
                    0.000820611952804,
                    -0.00165059231222,
                    -8.24296148494e-05
                ],
                [
                    -0.000145532583701,
                    0.00112741638441,
                    -0.000423559336923,
                    0.000673614384141,
                    -0.000410324282711,
                    -0.000540250039194,
                    0.000198040099349,
                    -0.00116050301585,
                    -0.00220288941637,
                    0.00940893497318,
                    -0.00286143505946,
                    0.00121674023103,
                    -0.000813030812424
                ],
                [
                    0.000111061875941,
                    -0.00119020021521,
                    0.000479286478367,
                    -0.000380924437195,
                    0.000609866168816,
                    0.00050625478616,
                    9.50379835558e-05,
                    -0.00144767574966,
                    0.000820611952804,
                    -0.00286143505946,
                    0.00798572227359,
                    -0.00307441013865,
                    0.0010223336285
                ],
                [
                    -9.20765232877e-05,
                    0.00119137612637,
                    -0.000450724823168,
                    0.000869509938639,
                    -0.000742647214793,
                    -0.00109586981125,
                    0.000356412463589,
                    0.00112600380089,
                    -0.00165059231222,
                    0.00121674023103,
                    -0.00307441013865,
                    0.0102002229542,
                    -0.00187774305232
                ],
                [
                    0.000233875194681,
                    -0.000439840281615,
                    0.000124717727886,
                    -5.73307697778e-05,
                    9.17007273529e-05,
                    0.000141750468174,
                    -0.000174388973392,
                    -0.000688762404025,
                    -8.24296148494e-05,
                    -0.000813030812424,
                    0.0010223336285,
                    -0.00187774305232,
                    0.00936907250434
                ]
            ],
            "mean": [
                -30.5126934052,
                77.9516906738,
                -81.0172729492,
                34.9645462036,
                -59.8784637451,
                19.5146541595,
                -33.490447998,
                13.2872495651,
                -22.6820793152,
                0.234793588519,
                -11.8190336227,
                -4.91587686539,
                -9.14262866974
            ]
        },
        "hfc": {
            "dmean": 13.6752471924,
            "dmean2": 19.3444728851,
            "dvar": 561.286315918,
            "dvar2": 1204.23095703,
            "max": 228.36138916,
            "mean": 27.6659545898,
            "median": 14.3424854279,
            "min": 1.10423132531e-16,
            "var": 1119.62280273
        },
        "melbands": {
            "dmean": [
                0.00264209182933,
                0.00194907723926,
                0.00149507506285,
                0.000584980763961,
                0.000240436987951,
                0.000202694995096,
                0.000208313780604,
                0.000217339824303,
                9.27854998736e-05,
                9.33576084208e-05,
                8.66006084834e-05,
                4.78960937471e-05,
                4.46203302999e-05,
                2.27095042646e-05,
                2.23690240091e-05,
                1.80294482561e-05,
                1.4609578102e-05,
                1.39136936923e-05,
                1.04958671727e-05,
                8.64228513819e-06,
                7.93653180153e-06,
                8.54588597576e-06,
                9.77280069492e-06,
                9.52886330197e-06,
                6.12766916674e-06,
                5.8842283579e-06,
                8.54975223774e-06,
