{
    "lowlevel": {
        "average_loudness": 0.964993715286,
        "barkbands": {
            "dmean": [
                0.00182716117706,
                0.0084660705179,
                0.0012644813396,
                0.000787004013546,
                0.00136497314088,
                0.000973800255451,
                0.00126171659213,
                0.000798513356131,
                0.00120543933008,
                0.000808942946605,
                0.000542156863958,
                0.000628753565252,
                0.000546581461094,
                0.000820004439447,
                0.000569796422496,
                0.000519863737281,
                0.000356243312126,
                0.000334418204147,
                0.000275539699942,
                0.000272721925285,
                0.000323957734508,
                0.000222323476919,
                0.000198121473659,
                0.000196466964553,
                0.000144191159052,
                5.48337884538e-05,
                4.42077589469e-06
            ],
            "dmean2": [
                0.00298870704137,
                0.0113636543974,
                0.00233618356287,
                0.00136432412546,
                0.00226845615543,
                0.00156091689132,
                0.0019838581793,
                0.00129149272107,
                0.00188661075663,
                0.00126028526574,
                0.000805936346296,
                0.000958626158535,
                0.000855368853081,
                0.00122472213116,
                0.000868421397172,
                0.000808958080597,
                0.000536002451554,
                0.000543442438357,
                0.000427917664638,
                0.000420524011133,
                0.00051937130047,
                0.000354041840183,
                0.000309227441903,
                0.000298940663924,
                0.000210165395401,
                8.68760325829e-05,
                7.61316641729e-06
            ],
            "dvar": [
                1.18174066301e-05,
                0.000512912520207,
                3.1279927498e-05,
                7.24023811927e-06,
                7.72283874539e-06,
                5.12884298587e-06,
                6.57781856717e-06,
                2.88871660814e-06,
                4.69548285764e-06,
                2.75246452475e-06,
                1.27236103253e-06,
                2.64590994448e-06,
                1.26450936477e-06,
                2.56025282397e-06,
                1.41735495163e-06,
                1.34160950438e-06,
                5.60009141282e-07,
                9.92954142021e-07,
                4.27827757221e-07,
                3.99772858373e-07,
                8.95636844689e-07,
                3.51944947852e-07,
                2.29712213695e-07,
                2.7864916774e-07,
                2.36381666241e-07,
                1.65451670142e-08,
                9.18602346967e-11
            ],
            "dvar2": [
                2.7029966077e-05,
                0.000990524655208,
                9.08297588467e-05,
                2.01371731237e-05,
                2.11873502849e-05,
                1.28877845782e-05,
                1.50611122081e-05,
                6.74569446346e-06,
                1.07722971734e-05,
                6.13113843428e-06,
                2.66356869361e-06,
                5.28136024514e-06,
                2.89639956463e-06,
                5.4550941968e-06,
                2.98754412142e-06,
                3.09143524646e-06,
                1.22076244224e-06,
                2.35872812482e-06,
                8.95830964964e-07,
                9.47774708493e-07,
                2.2923893539e-06,
                8.16958504402e-07,
                5.20182652508e-07,
                5.38764084013e-07,
                3.91312511283e-07,
                3.72585446939e-08,
                2.42627973268e-10
            ],
            "max": [
                0.0548650994897,
                0.319001495838,
                0.0826452374458,
                0.0419927760959,
                0.0410988554358,
                0.0378376580775,
                0.0458268150687,
                0.0349180623889,
                0.0357682369649,
                0.0260255951434,
                0.0211573950946,
                0.0275768786669,
                0.0159866642207,
                0.026753289625,
                0.0265967976302,
                0.0318860411644,
                0.0111960172653,
                0.0123650329188,
                0.00772678432986,
                0.00704504270107,
                0.00928400270641,
                0.00595222599804,
                0.0113531621173,
                0.011051367037,
                0.0163028798997,
                0.00438446830958,
                0.000157421571203
            ],
            "mean": [
                0.00908365380019,
                0.028416832909,
                0.00110737292562,
                0.000836942868773,
                0.00189031066839,
                0.00126729754265,
                0.00167999102268,
                0.000933946343139,
                0.00163497985341,
                0.00107375252992,
                0.000773702515289,
                0.000806209165603,
                0.000705655722413,
                0.00118235405535,
                0.000770067097619,
                0.000728390645236,
                0.000509978097398,
                0.000376420008251,
                0.000344442756614,
                0.000339935853845,
                0.000346086890204,
                0.000273978948826,
                0.000385005900171,
                0.000309976545395,
                0.000214587053051,
                7.03941041138e-05,
                4.09236872656e-06
            ],
            "median": [
                0.00544020114467,
                0.0199500415474,
                0.000313248718157,
                0.000307289417833,
                0.000910860137083,
                0.000507519580424,
                0.000500489142723,
                0.000265815702733,
                0.00051295128651,
                0.000269635987934,
                0.000175435241545,
                0.000198117995751,
                0.000185755168786,
                0.000297243124805,
                0.000221896334551,
                0.000207313642022,
                0.000186428325833,
                9.01480161701e-05,
                0.000126005907077,
                0.000131917418912,
                8.92184252734e-05,
                8.49157586345e-05,
                0.000126742292196,
                9.63148777373e-05,
                5.6651293562e-05,
                2.3877937565e-05,
                1.0595083495e-06
            ],
            "min": [
                3.77600184084e-24,
                8.45202376591e-24,
                6.17090939616e-24,
                2.58635048917e-24,
                1.95690137294e-23,
                7.35874695939e-24,
                1.99261925924e-23,
                3.05382950105e-23,
                3.16889085942e-23,
                4.72767432834e-23,
                3.56023686589e-23,
                5.12356732907e-23,
                6.06964158627e-23,
                4.8799355271e-23,
                9.85639481238e-23,
                1.02320383848e-22,
                1.08558090041e-22,
                2.06502353214e-22,
                2.16352083098e-22,
                2.13002213663e-22,
                3.26634433751e-22,
                3.72217517915e-22,
                4.8114921248e-22,
                8.21967163359e-22,
                1.07129885771e-21,
                1.39745924286e-21,
                2.14208032364e-21
            ],
            "var": [
                9.41233593039e-05,
                0.00114637985826,
                1.8091961465e-05,
                5.05503521708e-06,
                8.23556547402e-06,
                6.13999236521e-06,
                1.11464996735e-05,
                3.93299524148e-06,
                7.94275001681e-06,
                4.62363050246e-06,
                2.72771171694e-06,
                3.93179152525e-06,
                1.84814484783e-06,
                5.13573559147e-06,
                2.49446884482e-06,
                2.61282411884e-06,
                8.53667700085e-07,
                1.08025642476e-06,
                5.31732041509e-07,
                4.32412065265e-07,
                8.07243623058e-07,
                3.84775347584e-07,
                6.55609596834e-07,
                5.42817474525e-07,
                5.25919006122e-07,
                2.43869795469e-08,
                8.11922126753e-11
            ]
        },
        "barkbands_crest": {
            "dmean": 2.39467835426,
            "dmean2": 3.69893074036,
            "dvar": 7.42414951324,
            "dvar2": 17.6249198914,
            "max": 26.4551334381,
            "mean": 12.8952455521,
            "median": 12.5128641129,
            "min": 2.4413766861,
            "var": 25.0200653076
        },
        "barkbands_flatness_db": {
            "dmean": 0.0272782612592,
            "dmean2": 0.0387307554483,
            "dvar": 0.000910240807571,
            "dvar2": 0.00192328169942,
            "max": 0.926221013069,
            "mean": 0.173181071877,
            "median": 0.152494370937,
            "min": 0.0228903368115,
            "var": 0.00995479337871
        },
        "barkbands_kurtosis": {
            "dmean": 7.82387447357,
            "dmean2": 11.8567228317,
            "dvar": 458.685943604,
            "dvar2": 1245.9786377,
            "max": 880.139648438,
            "mean": 11.7773561478,
            "median": 2.99361538887,
            "min": -1.96615457535,
            "var": 808.029541016
        },
        "barkbands_skewness": {
            "dmean": 0.876781523228,
            "dmean2": 1.24490964413,
            "dvar": 1.2519261837,
            "dvar2": 2.70207643509,
            "max": 17.3898296356,
            "mean": 2.38161182404,
            "median": 1.79296267033,
            "min": -3.9947488308,
            "var": 4.48334932327
        },
        "barkbands_spread": {
            "dmean": 7.5482416153,
            "dmean2": 11.1171245575,
            "dvar": 111.623283386,
            "dvar2": 231.260375977,
            "max": 129.04057312,
            "mean": 23.2313156128,
            "median": 20.5411148071,
            "min": 0.0199611056596,
            "var": 301.576873779
        },
        "dissonance": {
            "dmean": 0.0224986933172,
            "dmean2": 0.0374358333647,
            "dvar": 0.000660618941765,
            "dvar2": 0.00178670638707,
            "max": 0.5,
            "mean": 0.459370672703,
            "median": 0.46870175004,
            "min": 0.0628343373537,
            "var": 0.00154133071192
        },
        "dynamic_complexity": 2.75803756714,
        "erbbands": {
            "dmean": [
                0.434700995684,
                1.33522486687,
                1.5805785656,
                2.11459732056,
                3.71299386024,
                4.49726819992,
                5.71437740326,
                9.37138557434,
                18.4100723267,
                15.0247478485,
                19.4102745056,
                25.1450767517,
                26.2363510132,
                21.4821434021,
                20.7714347839,
                23.4851360321,
                23.4988822937,
                34.7046012878,
                29.5254936218,
                29.3029613495,
                26.2958660126,
                19.8637161255,
                17.5342693329,
                14.8984556198,
                13.9244556427,
                13.0935401917,
                11.8736925125,
                12.1785478592,
                9.37411308289,
                6.5913438797,
                5.09532308578,
                4.35651063919,
                3.17222046852,
                1.92375206947,
                0.87302428484,
                0.343034893274,
                0.0818773061037,
                0.0109743475914,
                0.000742550299037,
                2.87869115709e-05
            ],
            "dmean2": [
                0.597609043121,
                1.88126051426,
                2.85396981239,
                3.7166159153,
                6.35413789749,
                7.48659420013,
                9.19876766205,
                14.8022909164,
                28.298368454,
                24.96925354,
                30.7737236023,
                39.9881896973,
                40.4624328613,
                31.7175865173,
                30.4348468781,
                35.5398674011,
                36.2961540222,
                52.2685394287,
                43.0234832764,
                43.678352356,
                40.2685241699,
                29.1599559784,
                27.7052059174,
                22.5535869598,
                21.5678005219,
                20.3203868866,
                18.8422107697,
                19.6817455292,
                15.3089799881,
                9.92108535767,
                8.01343727112,
                6.76121807098,
                4.76782131195,
                2.79433107376,
                1.29046607018,
                0.534354448318,
                0.13168862462,
                0.0182473119348,
                0.00124352250714,
                4.36506925325e-05
            ],
            "dvar": [
                1.20613312721,
                19.9515361786,
                48.4161338806,
                64.2832641602,
                81.8490066528,
                90.0588378906,
                183.442276001,
                493.469329834,
                1648.08068848,
                1263.75109863,
                1484.16296387,
                2357.26513672,
                2560.41259766,
                1939.58532715,
                1884.48803711,
                3961.57495117,
                2457.30664063,
                5173.96337891,
                2545.84277344,
                4158.97753906,
                3265.05053711,
                1603.59130859,
                2582.69091797,
                1603.11206055,
                1048.97814941,
                1010.83294678,
                897.625732422,
                1384.0949707,
                727.833557129,
                285.248046875,
                125.965087891,
                103.601676941,
                98.5953521729,
                47.3242416382,
                7.71362876892,
                0.802038252354,
                0.0304664075375,
                0.000481151073473,
                2.43995350502e-06,
                1.89478122081e-09
            ],
            "dvar2": [
                2.36008119583,
                43.900478363,
                138.70614624,
                179.702423096,
                228.928329468,
                243.352401733,
                481.599945068,
                1201.97058105,
                3670.0847168,
                3252.09277344,
                3492.34887695,
                5692.77587891,
                5800.85205078,
                4130.94335938,
                3832.75561523,
                7715.50244141,
                5437.8125,
                11216.6494141,
                5522.09667969,
                9224.13085938,
                7427.85498047,
                3310.19628906,
                5772.01757813,
                3605.20605469,
                2272.92236328,
                2430.4519043,
                2158.79321289,
                3552.31835938,
                1803.77819824,
                615.033996582,
                288.824310303,
                225.634368896,
                183.84928894,
                80.2172775269,
                13.3586864471,
                1.71277415752,
                0.0703952759504,
                0.00117755774409,
                6.18315289103e-06,
                4.03182642827e-09
            ],
            "max": [
                12.3469696045,
                66.8014831543,
                93.9546127319,
                113.380577087,
                136.316360474,
                137.553359985,
                325.018585205,
                479.559844971,
                788.471496582,
                847.802734375,
                677.84564209,
                726.461975098,
                789.487792969,
                985.416137695,
                751.688293457,
                1009.2076416,
                881.938171387,
                1579.26025391,
                942.401672363,
                1535.65576172,
                1165.63684082,
                671.624328613,
                651.97076416,
                500.915496826,
                342.732269287,
                352.168670654,
                318.775115967,
                413.632385254,
                252.485336304,
                428.375610352,
                203.768463135,
                210.876220703,
                260.857971191,
                207.170852661,
                101.520057678,
                27.7350158691,
                6.32986974716,
                0.428479641676,
                0.0245887860656,
                0.000654217670672
            ],
            "mean": [
                1.67134177685,
                3.03046154976,
                1.57011246681,
                2.25921177864,
                4.46479892731,
                6.00602483749,
                7.64319372177,
                12.6054821014,
                25.954334259,
                17.8753471375,
                25.0273799896,
                33.1407051086,
                37.1393013,
                32.3929290771,
                31.561964035,
                31.1714916229,
                32.6057624817,
                51.0277290344,
                45.4368972778,
                43.3945083618,
                37.9838523865,
                30.2179946899,
                21.7513599396,
                17.4470882416,
                17.6698207855,
                15.9090099335,
                14.7072057724,
                12.5096540451,
                10.9089927673,
                12.1152210236,
                9.12636470795,
                7.09475326538,
                4.69488334656,
                2.85950779915,
                1.24258708954,
                0.455267190933,
                0.0993808880448,
                0.0119974445552,
                0.000766419980209,
                8.46565453685e-05
            ],
            "median": [
                1.32572078705,
                1.23603260517,
                0.558191537857,
                0.848764538765,
                2.10047340393,
                2.50381350517,
                3.14061951637,
                5.14593744278,
                8.24458885193,
                6.07820653915,
                9.04124164581,
                11.5193862915,
                10.4403209686,
                9.58422851563,
                9.29728126526,
                8.68396759033,
                9.71727657318,
                13.70981884,
                16.2682685852,
                13.3531541824,
                12.6156682968,
                11.6233568192,
                5.86700725555,
                5.78032016754,
                6.82157802582,
                5.96195793152,
                4.7644238472,
                2.77224636078,
                3.11275076866,
                3.57224869728,
                3.35184431076,
                2.43326306343,
                1.25345361233,
                0.692088782787,
                0.338283717632,
                0.144829452038,
                0.0327785946429,
                0.00396276032552,
                0.000224086805247,
                7.11925822543e-05
            ],
            "min": [
                4.7337399745e-22,
                7.79438498134e-22,
                3.74152006803e-21,
                1.51182055722e-20,
                6.93216579775e-20,
                4.00274766366e-20,
                1.662834915e-19,
                6.85606647387e-20,
                2.11499678249e-19,
                4.90963333209e-19,
                9.19210349361e-19,
                8.09344582294e-19,
                1.27185667644e-18,
                9.08102140915e-19,
                2.26861913734e-18,
                1.99686238877e-18,
                2.56450412399e-18,
                2.7258485976e-18,
                3.39112473527e-18,
                5.78716649648e-18,
                6.10610996988e-18,
                7.92278967377e-18,
                1.05450539588e-17,
                8.94277285222e-18,
                1.18602926394e-17,
                1.12537723814e-17,
                1.14039685284e-17,
                1.23138556216e-17,
                1.0464833983e-17,
                1.32865993425e-17,
                1.44950978097e-17,
                1.12610780406e-17,
                1.1913874918e-17,
                1.0620247158e-17,
                8.6588927378e-18,
                4.90649749038e-18,
                2.68124701897e-18,
                1.03142453389e-18,
                2.96403241155e-19,
                3.19038263136e-20
            ],
            "var": [
                2.81711196899,
                32.3160018921,
                29.6693153381,
                43.5468101501,
                65.7690734863,
                100.271438599,
                193.241394043,
                638.887573242,
                2971.71679688,
                1420.87036133,
                2131.53417969,
                3292.60424805,
                4504.05322266,
                3762.40380859,
                3809.35742188,
                5531.72851563,
                3738.18359375,
                10294.6474609,
                4998.73046875,
                7527.09423828,
                6150.27050781,
                2842.25805664,
                3115.38305664,
                1807.93786621,
                1251.96362305,
                1041.70080566,
                987.775878906,
                1198.39025879,
                685.638305664,
                919.246276855,
                249.264266968,
                182.464584351,
                192.257247925,
                102.42464447,
                16.1562328339,
                1.29582810402,
                0.0415128059685,
                0.000566185975913,
                2.48468450081e-06,
                4.36204894427e-09
            ]
        },
        "erbbands_crest": {
            "dmean": 3.010160923,
            "dmean2": 4.95079898834,
            "dvar": 8.27458667755,
            "dvar2": 20.8299617767,
            "max": 33.6719245911,
            "mean": 8.8413848877,
            "median": 7.86550712585,
            "min": 2.21051263809,
            "var": 17.8087825775
        },
        "erbbands_flatness_db": {
            "dmean": 0.0211347248405,
            "dmean2": 0.0310523435473,
            "dvar": 0.000415450398577,
            "dvar2": 0.000871914206073,
            "max": 0.549896299839,
            "mean": 0.151184901595,
            "median": 0.138409107924,
            "min": 0.0416874624789,
            "var": 0.00452911527827
        },
        "erbbands_kurtosis": {
            "dmean": 1.35321426392,
            "dmean2": 2.16826534271,
            "dvar": 23.341085434,
            "dvar2": 70.0135574341,
            "max": 254.387619019,
            "mean": 1.03674912453,
            "median": 0.0444411113858,
            "min": -1.76890778542,
            "var": 57.8365325928
        },
        "erbbands_skewness": {
            "dmean": 0.475740998983,
            "dmean2": 0.727677881718,
            "dvar": 0.268135040998,
            "dvar2": 0.654778659344,
            "max": 13.8699417114,
            "mean": 0.188982322812,
            "median": 0.208571255207,
            "min": -5.72896003723,
            "var": 0.913631618023
        },
        "erbbands_spread": {
            "dmean": 11.7974720001,
            "dmean2": 17.2562866211,
            "dvar": 189.154953003,
            "dvar2": 414.754089355,
            "max": 169.801177979,
            "mean": 41.0342521667,
            "median": 35.7607498169,
            "min": 1.18475532532,
            "var": 574.104125977
        },
        "gfcc": {
            "cov": [
                [
                    10186.5595703,
                    -2656.2175293,
                    -1579.35192871,
                    427.471038818,
                    -552.564331055,
                    878.883422852,
                    -308.594543457,
                    698.216308594,
                    -41.7710571289,
                    539.973754883,
                    -94.1909790039,
                    326.415405273,
                    -190.941802979
                ],
                [
                    -2656.2175293,
                    2169.27416992,
                    565.500183105,
                    -188.931930542,
                    481.931060791,
                    -302.671356201,
                    365.992156982,
                    -215.833557129,
                    164.257003784,
                    -189.712265015,
                    174.57460022,
                    -105.960395813,
                    156.338134766
                ],
                [
                    -1579.35192871,
                    565.500183105,
                    2059.34692383,
                    245.021377563,
                    246.229766846,
                    214.161865234,
                    95.2906265259,
                    78.3273849487,
                    125.575363159,
                    15.9034738541,
                    177.122344971,
                    105.022422791,
                    33.5540542603
                ],
                [
                    427.471038818,
                    -188.931930542,
                    245.021377563,
                    562.393432617,
                    183.449035645,
                    176.341110229,
                    87.6663360596,
                    120.475608826,
                    165.751251221,
                    101.523468018,
                    76.9200286865,
                    79.8055953979,
                    48.7858467102
                ],
                [
                    -552.564331055,
                    481.931060791,
                    246.229766846,
                    183.449035645,
                    495.70223999,
                    114.023452759,
                    225.94102478,
                    78.9256820679,
                    173.842803955,
                    44.0308799744,
                    93.7723388672,
                    17.1910457611,
                    104.925109863
                ],
                [
                    878.883422852,
                    -302.671356201,
                    214.161865234,
                    176.341110229,
                    114.023452759,
                    536.635437012,
                    174.304794312,
                    175.146072388,
                    109.342071533,
                    103.261169434,
                    77.3126754761,
                    85.3827209473,
                    31.7098064423
                ],
                [
                    -308.594543457,
                    365.992156982,
                    95.2906265259,
                    87.6663360596,
                    225.94102478,
                    174.304794312,
                    377.733734131,
                    49.4504547119,
                    109.343360901,
                    30.9440422058,
                    79.9800262451,
                    17.9232292175,
                    62.1140174866
                ],
                [
                    698.216308594,
                    -215.833557129,
                    78.3273849487,
                    120.475608826,
                    78.9256820679,
                    175.146072388,
                    49.4504547119,
                    258.9324646,
                    111.238174438,
                    106.072853088,
                    56.7038536072,
                    37.9973678589,
                    25.0840129852
                ],
                [
                    -41.7710571289,
                    164.257003784,
                    125.575363159,
                    165.751251221,
                    173.842803955,
                    109.342071533,
                    109.343360901,
                    111.238174438,
                    243.731948853,
                    81.1876983643,
                    62.5116195679,
                    16.5155563354,
                    50.0875778198
                ],
                [
                    539.973754883,
                    -189.712265015,
                    15.9034738541,
                    101.523468018,
                    44.0308799744,
                    103.261169434,
                    30.9440422058,
                    106.072853088,
                    81.1876983643,
                    165.558029175,
                    48.4528808594,
                    28.1179962158,
                    6.87817239761
                ],
                [
                    -94.1909790039,
                    174.57460022,
                    177.122344971,
                    76.9200286865,
                    93.7723388672,
                    77.3126754761,
                    79.9800262451,
                    56.7038536072,
                    62.5116195679,
                    48.4528808594,
                    148.761245728,
                    42.0110244751,
                    27.9343967438
                ],
                [
                    326.415405273,
                    -105.960395813,
                    105.022422791,
                    79.8055953979,
                    17.1910457611,
                    85.3827209473,
                    17.9232292175,
                    37.9973678589,
                    16.5155563354,
                    28.1179962158,
                    42.0110244751,
                    113.786056519,
                    12.5834140778
                ],
                [
                    -190.941802979,
                    156.338134766,
                    33.5540542603,
                    48.7858467102,
                    104.925109863,
                    31.7098064423,
                    62.1140174866,
                    25.0840129852,
                    50.0875778198,
                    6.87817239761,
                    27.9343967438,
                    12.5834140778,
                    102.500808716
                ]
            ],
            "icov": [
                [
                    0.000317852071021,
                    -0.000284568057396,
                    0.000348791334545,
                    -0.000333634699928,
                    0.000310223869747,
                    -0.000612073519733,
                    0.000440430740127,
                    -0.000787898490671,
                    0.000551863398869,
                    -0.000808932527434,
                    0.000637564400677,
                    -0.000838579493575,
                    0.00058227108093
                ],
                [
                    -0.000284568057396,
                    0.00247277179733,
                    -0.000814328785054,
                    0.00150672916789,
                    -0.00137114792597,
                    0.00205217441544,
                    -0.00188943976536,
                    0.00219183159061,
                    -0.00228595035151,
                    0.00269550364465,
                    -0.00306051573716,
                    0.00204775249586,
                    -0.00185607711319
                ],
                [
                    0.000348791334545,
                    -0.000814328785054,
                    0.00109289214015,
                    -0.000752691179514,
                    0.000349618960172,
                    -0.00118227954954,
                    0.00100533792283,
                    -0.00114137458149,
                    0.00091545691248,
                    -0.000974800495896,
                    0.000674420793075,
                    -0.00145439768676,
                    0.00118304917123
                ],
                [
                    -0.000333634699928,
                    0.00150672916789,
                    -0.000752691179514,
                    0.0036442570854,
                    -0.00141553184949,
                    0.00119747978169,
                    -0.00102650758345,
                    0.00161255651619,
                    -0.00263881962746,
                    0.00129018456209,
                    -0.00190696702339,
                    0.000363169063348,
                    -0.00142373738345
                ],
                [
                    0.000310223869747,
                    -0.00137114792597,
                    0.000349618960172,
                    -0.00141553184949,
                    0.00476005813107,
                    -0.00107640447095,
                    -0.000317546218866,
                    -0.00159330188762,
                    0.000143793775351,
                    -0.00153496977873,
                    0.0013156530913,
                    -0.000848233990837,
                    -0.000950481684413
                ],
                [
                    -0.000612073519733,
                    0.00205217441544,
                    -0.00118227954954,
                    0.00119747978169,
                    -0.00107640447095,
                    0.00531127210706,
                    -0.003172948258,
                    0.00106838834472,
                    -0.00217201979831,
                    0.0023199422285,
                    -0.00260909413919,
                    0.00114908930846,
                    -0.00185742450412
                ],
                [
                    0.000440430740127,
                    -0.00188943976536,
                    0.00100533792283,
                    -0.00102650758345,
                    -0.000317546218866,
                    -0.003172948258,
                    0.00605337368324,
                    -0.00139337172732,
                    0.00131397217046,
                    -0.00204766029492,
                    0.00129667413421,
                    -0.00158389878925,
                    0.0011775289895
                ],
                [
                    -0.000787898490671,
                    0.00219183159061,
                    -0.00114137458149,
                    0.00161255651619,
                    -0.00159330188762,
                    0.00106838834472,
                    -0.00139337172732,
                    0.00954088103026,
                    -0.00414005573839,
                    0.000892523443326,
                    -0.00380821991712,
                    0.00278515531681,
                    -0.00273557356559
                ],
                [
                    0.000551863398869,
                    -0.00228595035151,
                    0.00091545691248,
                    -0.00263881962746,
                    0.000143793775351,
                    -0.00217201979831,
                    0.00131397217046,
                    -0.00414005573839,
                    0.00995490234345,
                    -0.00466282851994,
                    0.00272752717137,
                    -0.00134175887797,
                    0.00108234770596
                ],
                [
                    -0.000808932527434,
                    0.00269550364465,
                    -0.000974800495896,
                    0.00129018456209,
                    -0.00153496977873,
                    0.0023199422285,
                    -0.00204766029492,
                    0.000892523443326,
                    -0.00466282851994,
                    0.0133259529248,
                    -0.00559499626979,
                    0.00295546348207,
                    -0.00149087992031
                ],
                [
                    0.000637564400677,
                    -0.00306051573716,
                    0.000674420793075,
                    -0.00190696702339,
                    0.0013156530913,
                    -0.00260909413919,
                    0.00129667413421,
                    -0.00380821991712,
                    0.00272752717137,
                    -0.00559499626979,
                    0.0140442298725,
                    -0.00556245958433,
                    0.00204715318978
                ],
                [
                    -0.000838579493575,
                    0.00204775249586,
                    -0.00145439768676,
                    0.000363169063348,
                    -0.000848233990837,
                    0.00114908930846,
                    -0.00158389878925,
                    0.00278515531681,
                    -0.00134175887797,
                    0.00295546348207,
                    -0.00556245958433,
                    0.014670168981,
                    -0.003418848617
                ],
                [
                    0.00058227108093,
                    -0.00185607711319,
                    0.00118304917123,
                    -0.00142373738345,
                    -0.000950481684413,
                    -0.00185742450412,
                    0.0011775289895,
                    -0.00273557356559,
                    0.00108234770596,
                    -0.00149087992031,
                    0.00204715318978,
                    -0.003418848617,
                    0.0148984277621
                ]
            ],
            "mean": [
                5.55512857437,
                78.8798370361,
                -106.829902649,
                31.1477432251,
                -52.3945045471,
                25.1429252625,
                -32.0544586182,
                14.8610210419,
                -11.4192857742,
                10.2012653351,
                -10.3835678101,
                5.32586240768,
                -4.43624591827
            ]
        },
        "hfc": {
            "dmean": 13.4884319305,
            "dmean2": 19.5656356812,
            "dvar": 655.364196777,
            "dvar2": 1415.62841797,
            "max": 293.563201904,
            "mean": 30.3077850342,
            "median": 22.5073757172,
            "min": 1.08936100018e-16,
            "var": 1111.36572266
        },
        "melbands": {
            "dmean": [
                0.00294949393719,
                0.00108346622437,
                0.000404256221373,
                0.000292665703455,
                0.000204029856832,
                0.000214877683902,
                0.000264718517428,
                0.000163917648024,
                0.000169791223016,
                0.000163295058883,
                0.00013744046737,
                9.52630871325e-05,
                7.43398850318e-05,
                6.65712213959e-05,
                6.95892085787e-05,
                4.86736280436e-05,
                7.1578702773e-05,
                5.58807878406e-05,
                5.01076356159e-05,
                3.76501629944e-05,
                3.21236439049e-05,
                2.10970847547e-05,
                2.04063071578e-05,
                1.41547434396e-05,
                1.21273405966e-05,
                1.20003769553e-05,
                9.16287172004e-06,
                8.95845187188e-06,
                7.77308105171e-06,
