{
    "lowlevel": {
        "average_loudness": 0.855312228203,
        "barkbands": {
            "dmean": [
                0.000155293673743,
                0.00860776286572,
                0.00206163781695,
                0.00172714784276,
                0.00231627351604,
                0.000963360536844,
                0.00109330913983,
                0.00060809176648,
                0.000796617823653,
                0.000336764554959,
                0.000324412802001,
                0.000618421589024,
                0.000437470967881,
                0.000371989008272,
                0.000308762391796,
                0.000250089622568,
                0.000246081181103,
                0.000150801948621,
                0.000106130886707,
                8.96428027772e-05,
                0.000102794539998,
                8.69708965183e-05,
                8.85900226422e-05,
                6.01161336817e-05,
                6.10919014434e-05,
                6.10966599197e-05,
                4.16141665482e-06
            ],
            "dmean2": [
                0.00022414632258,
                0.0144868073985,
                0.00352051109076,
                0.00289429957047,
                0.0036802876275,
                0.00148166168947,
                0.00165556825232,
                0.000930398120545,
                0.0012250863947,
                0.00051171152154,
                0.000484054122353,
                0.000940962461755,
                0.000663447834086,
                0.000580791500397,
                0.00048644078197,
                0.000398143602069,
                0.000382164987968,
                0.000243707923801,
                0.000171620718902,
                0.000142659104313,
                0.000167198159033,
                0.000139301206218,
                0.000131162378239,
                9.03097970877e-05,
                9.15878699743e-05,
                9.86707527773e-05,
                6.64456592858e-06
            ],
            "dvar": [
                1.53018916649e-07,
                0.000565676542465,
                1.74215620063e-05,
                1.11552708404e-05,
                1.89014408534e-05,
                3.82214739147e-06,
                5.0042640396e-06,
                2.47160824074e-06,
                5.88562215853e-06,
                8.47411399718e-07,
                9.94199467641e-07,
                2.96406710731e-06,
                1.37210622597e-06,
                1.42914188928e-06,
                6.97618816048e-07,
                2.81513678146e-07,
                2.59797388935e-07,
                1.12722339907e-07,
                5.73787346525e-08,
                3.59995127042e-08,
                6.50933316138e-08,
                5.82238186553e-08,
                5.17362401808e-08,
                2.95224271696e-08,
                2.31193357791e-08,
                4.85411852935e-08,
                1.67110714155e-10
            ],
            "dvar2": [
                3.03552496916e-07,
                0.00145742308814,
                4.84880074509e-05,
                3.00427964248e-05,
                5.11172365805e-05,
                9.06320929062e-06,
                1.09432148747e-05,
                5.57653038413e-06,
                1.53473774844e-05,
                1.82253916137e-06,
                2.26485417443e-06,
                6.726033007e-06,
                3.10654718305e-06,
                3.29968406731e-06,
                1.66037591498e-06,
                6.75853641496e-07,
                6.08030120475e-07,
                2.78704590073e-07,
                1.45410410823e-07,
                9.01231587136e-08,
                1.70826311319e-07,
                1.48654876853e-07,
                1.07865226084e-07,
                6.71703617172e-08,
                5.21098399986e-08,
                1.27626549329e-07,
                4.09166062143e-10
            ],
            "max": [
                0.00479524303228,
                0.203888759017,
                0.0556650608778,
                0.0693105757236,
                0.082955725491,
                0.0329312831163,
                0.0352582298219,
                0.0451045185328,
                0.0714774951339,
                0.027330653742,
                0.0281945671886,
                0.0450065284967,
                0.0252617131919,
                0.045280687511,
                0.0234208926558,
                0.0133131314069,
                0.0104529159144,
                0.00745945470408,
                0.00481821782887,
                0.00430437596515,
                0.00522428844124,
                0.00567566556856,
                0.00666256854311,
                0.00874185748398,
                0.0037115260493,
                0.00387703208253,
                0.000263570080278
            ],
            "mean": [
                0.000243634625804,
                0.00935265515,
                0.00326306116767,
                0.00259605469182,
                0.00470559578389,
                0.00187112402637,
                0.00186241290066,
                0.000979413860478,
                0.00137761037331,
                0.000529359967913,
                0.000514347862918,
                0.001054744469,
                0.000678620417602,
                0.000571476586629,
                0.000472841027658,
                0.000457720598206,
                0.000424695230322,
                0.000292412325507,
                0.000198869296582,
                0.000177149137016,
                0.000171604944626,
                0.000144706093124,
                0.000155363726662,
                0.000109686610813,
                9.20068196137e-05,
                6.00079292781e-05,
                3.82495545637e-06
            ],
            "median": [
                2.21552199946e-05,
                0.00274972477928,
                0.00136734242551,
                0.00125370104797,
                0.00271906564012,
                0.000797784072347,
                0.000450305320555,
                0.000219091642066,
                0.000313547876431,
                0.000115716073196,
                9.1718553449e-05,
                0.000210328915273,
                0.000135368303745,
                0.000149855492054,
                0.00011308905232,
                0.000153613626026,
                0.000147820741404,
                9.82979981927e-05,
                8.11586942291e-05,
                6.42117374809e-05,
                4.84764386783e-05,
                4.02523728553e-05,
                4.36329210061e-05,
                3.68886612705e-05,
                2.81664706563e-05,
                9.62056856224e-06,
                2.87004354504e-07
            ],
            "min": [
                1.14475717894e-24,
                6.70598970526e-25,
                8.36605133788e-25,
                6.19375914671e-25,
                4.38238344146e-24,
                1.00855843067e-23,
                5.06702438262e-24,
                5.33564493148e-24,
                1.83989215923e-23,
                1.04488784193e-23,
                1.94318292403e-23,
                1.9009720814e-23,
                2.97987631554e-23,
                3.39366320595e-23,
                3.39560064834e-23,
                6.30550468604e-23,
                5.91874764123e-23,
                9.38003200398e-23,
                1.24037610972e-22,
                1.6192673909e-22,
                2.71043923253e-22,
                3.53987459888e-22,
                4.52522422106e-22,
                6.30474296195e-22,
                8.11513910706e-22,
                1.34949700469e-21,
                1.91995304665e-21
            ],
            "var": [
                2.63285130586e-07,
                0.000503347953781,
                2.72021461569e-05,
                1.49978923218e-05,
                3.43131323461e-05,
                8.82176118466e-06,
                1.05035014712e-05,
                5.13115946887e-06,
                1.32716677399e-05,
                1.84895088751e-06,
                2.08710048355e-06,
                7.31175305191e-06,
                2.70844429906e-06,
                2.22099470193e-06,
                1.39390522236e-06,
                7.88178454059e-07,
                5.6486669564e-07,
                3.02335138258e-07,
                1.13284365e-07,
                8.93255176493e-08,
                1.05901293068e-07,
                9.61969064406e-08,
                1.18683495032e-07,
                6.62128556428e-08,
                4.07314182382e-08,
                3.96246413459e-08,
                1.56883811497e-10
            ]
        },
        "barkbands_crest": {
            "dmean": 2.84474229813,
            "dmean2": 4.60271072388,
            "dvar": 7.64476919174,
            "dvar2": 19.2844085693,
            "max": 26.1179027557,
            "mean": 11.0851364136,
            "median": 10.1624994278,
            "min": 2.24463129044,
            "var": 20.1871395111
        },
        "barkbands_flatness_db": {
            "dmean": 0.0236042123288,
            "dmean2": 0.0356690399349,
            "dvar": 0.000548280426301,
            "dvar2": 0.0012459208956,
            "max": 0.426225960255,
            "mean": 0.153872609138,
            "median": 0.142656311393,
            "min": 0.0166640840471,
            "var": 0.00407647108659
        },
        "barkbands_kurtosis": {
            "dmean": 4.61470651627,
            "dmean2": 7.17795991898,
            "dvar": 72.1612472534,
            "dvar2": 172.27494812,
            "max": 155.114395142,
            "mean": 8.14978981018,
            "median": 3.50278615952,
            "min": -1.93417704105,
            "var": 199.244125366
        },
        "barkbands_skewness": {
            "dmean": 0.670443594456,
            "dmean2": 0.99922811985,
            "dvar": 0.587929010391,
            "dvar2": 1.31072640419,
            "max": 11.9792060852,
            "mean": 2.02073574066,
            "median": 1.80871617794,
            "min": -5.24489021301,
            "var": 2.54020762444
        },
        "barkbands_spread": {
            "dmean": 5.50732278824,
            "dmean2": 8.41110420227,
            "dvar": 55.895690918,
            "dvar2": 124.613571167,
            "max": 104.535270691,
            "mean": 19.300983429,
            "median": 16.8524303436,
            "min": 0.589698910713,
            "var": 181.359710693
        },
        "dissonance": {
            "dmean": 0.0214041098952,
            "dmean2": 0.0351317375898,
            "dvar": 0.000533143756911,
            "dvar2": 0.00136047089472,
            "max": 0.499999940395,
            "mean": 0.447566360235,
            "median": 0.461457431316,
            "min": 0.140645757318,
            "var": 0.00222169817425
        },
        "dynamic_complexity": 3.39951491356,
        "erbbands": {
            "dmean": [
                0.250443547964,
                1.94696342945,
                2.51672339439,
                3.8898255825,
                8.1513633728,
                7.14656257629,
                6.74397039413,
                8.86855602264,
                14.9505977631,
                13.1039934158,
                13.5894603729,
                16.5668258667,
                14.3510313034,
                10.8767986298,
                16.6087379456,
                19.6220684052,
                17.9730243683,
                18.4557304382,
                14.4086532593,
                12.8226594925,
                15.029463768,
                13.8375797272,
                8.65267467499,
                5.37434196472,
                5.26883411407,
                4.0195684433,
                3.9604139328,
                4.01624774933,
                3.34740209579,
                2.5395731926,
                2.70008111,
                1.46175312996,
                0.973680913448,
                0.643155813217,
                0.477880328894,
                0.4022757411,
                0.0727956742048,
                0.0118373055011,
                0.000559830281418,
                2.46474737651e-05
            ],
            "dmean2": [
                0.404180258512,
                3.37682890892,
                4.32539415359,
                6.48328304291,
                13.6329364777,
                11.0619840622,
                10.0612230301,
                13.7830724716,
                22.5371112823,
                20.0115833282,
                20.6213855743,
                25.5780754089,
                21.9119434357,
                16.3318767548,
                24.928276062,
                29.4169883728,
                26.8155727386,
                28.3359661102,
                22.4721488953,
                19.9904403687,
                23.6880493164,
                21.2782287598,
                13.7708435059,
                8.74962997437,
                8.41598987579,
                6.39142036438,
                6.38100719452,
                6.54267930984,
                5.35661363602,
                3.92611503601,
                4.01978731155,
                2.20909929276,
                1.45644319057,
                0.966049075127,
                0.729314625263,
                0.650757849216,
                0.114821538329,
                0.0185433477163,
                0.000884740788024,
                3.78751465178e-05
            ],
            "dvar": [
                0.484114438295,
                29.3883342743,
                29.1207103729,
                53.2879104614,
                324.878692627,
                175.321762085,
                237.558578491,
                357.173797607,
                937.506530762,
                874.112915039,
                1257.94482422,
                2486.87597656,
                1637.53625488,
                844.0078125,
                2271.23510742,
                3017.34912109,
                2363.17138672,
                3542.39160156,
                1419.59533691,
                1012.5302124,
                997.193847656,
                876.54864502,
                371.816864014,
                159.585296631,
                124.890342712,
                78.4314193726,
                91.2724227905,
                109.255104065,
                79.9415740967,
                45.4359321594,
                51.7283172607,
                21.5284843445,
                6.23010635376,
                2.86884355545,
                1.5817732811,
                2.33607816696,
                0.0511966906488,
                0.00121604744345,
                2.93014522867e-06,
                2.91903345939e-09
            ],
            "dvar2": [
                1.16683292389,
                78.5174255371,
                81.5868377686,
                142.322753906,
                918.550537109,
                426.455657959,
                492.430633545,
                837.644165039,
                2080.57446289,
                1900.79150391,
                2923.10522461,
                6381.22314453,
                3944.2980957,
                1939.98400879,
                5341.58544922,
                6804.13574219,
                5344.10888672,
                7890.546875,
                3326.92016602,
                2454.53466797,
                2409.86669922,
                1986.71765137,
                896.423706055,
                420.457336426,
                302.334014893,
                198.221481323,
                233.380661011,
                286.365203857,
                202.470062256,
                107.16734314,
                112.053977966,
                52.2379760742,
                13.3813343048,
                6.16768121719,
                3.79788088799,
                6.2091217041,
                0.128114029765,
                0.00296289846301,
                7.13762483429e-06,
                6.8376850848e-09
            ],
            "max": [
                6.75479030609,
                43.6948127747,
                64.8566665649,
                159.460159302,
                418.373352051,
                343.404296875,
                520.303771973,
                368.478424072,
                575.294006348,
                627.843688965,
                987.75012207,
                1333.35522461,
                1250.62011719,
                1052.74194336,
                1129.67321777,
                1357.76721191,
                1113.25720215,
                2497.69165039,
                1000.20550537,
                699.249145508,
                759.831604004,
                661.783325195,
                451.553527832,
                226.573944092,
                280.741424561,
                222.146713257,
                165.867919922,
                245.349227905,
                188.238739014,
                164.321746826,
                210.364440918,
                249.290039062,
                89.2181625366,
                63.2694664001,
                25.5250263214,
                29.3912830353,
                3.85759806633,
                0.604925692081,
                0.0373092405498,
                0.000996696180664
            ],
            "mean": [
                0.279048919678,
                2.03587555885,
                3.77420282364,
                6.71411275864,
                14.1403627396,
                13.8159990311,
                14.383813858,
                17.2264919281,
                26.672088623,
                21.9753131866,
                22.5003185272,
                28.4853019714,
                25.4769153595,
                19.3306369781,
                30.4525356293,
                34.5877342224,
                30.0440502167,
                31.3210468292,
                23.9452934265,
                22.4446315765,
                29.0535449982,
                25.6366939545,
                17.6065292358,
                10.9711494446,
                10.3974161148,
                8.16231536865,
                7.19490146637,
                6.21287727356,
                5.48916721344,
                4.55924367905,
                4.51947021484,
                2.59590148926,
                1.7122579813,
                1.03954005241,
                0.639941930771,
                0.399239271879,
                0.0754892155528,
                0.0119074583054,
                0.000543014612049,
                5.12366459589e-05
            ],
            "median": [
                0.0614074654877,
                0.60155916214,
                1.82551467419,
                3.57851147652,
                7.71616220474,
                6.97448682785,
                4.87339687347,
                7.92485380173,
                10.1120634079,
                7.73516368866,
                6.42981433868,
                6.54429292679,
                7.66001033783,
                5.27415990829,
                7.13561248779,
                7.59279203415,
                6.99319458008,
                9.06748771667,
                7.20172691345,
                6.72432518005,
                10.5056285858,
                9.64026069641,
                6.42960071564,
                4.42255067825,
                4.38784885406,
                2.89817142487,
                2.10946393013,
                1.69086289406,
                1.56284558773,
                1.23437261581,
                1.2629493475,
                0.806979000568,
                0.570782363415,
                0.316060036421,
                0.168284386396,
                0.0671658590436,
                0.013532768935,
                0.00161677505821,
                6.72617388773e-05,
                3.31100018229e-05
            ],
            "min": [
                9.771691346e-23,
                1.83478747186e-22,
                1.248392956e-21,
                7.36521375079e-21,
                9.02521660617e-21,
                1.50065168025e-20,
                3.30381655832e-20,
                7.55812826395e-20,
                1.68398928368e-19,
                2.27109468212e-19,
                2.00021371102e-19,
                4.20679218277e-19,
                2.48272393045e-19,
                6.20437468396e-19,
                1.16413904573e-18,
                1.09284910502e-18,
                1.68271925125e-18,
                2.731361136e-18,
                2.46659137527e-18,
                3.35204003774e-18,
                4.37781823676e-18,
                3.96167318316e-18,
                4.11729853002e-18,
                7.80239518998e-18,
                7.78863834921e-18,
                8.81731354154e-18,
                8.45603661874e-18,
                1.20415510727e-17,
                1.25088981926e-17,
                1.28772433738e-17,
                1.23387049544e-17,
                1.04171122791e-17,
                9.92811784252e-18,
                7.98818574582e-18,
                5.99102929434e-18,
                4.30108937673e-18,
                2.33470176929e-18,
                1.04740132062e-18,
                2.56091395334e-19,
                2.63274722246e-20
            ],
            "var": [
                0.496678650379,
                23.7307453156,
                33.9332466125,
                83.8158035278,
                417.211486816,
                411.477905273,
                824.426086426,
                743.122070312,
                1948.37426758,
                1691.13195801,
                2321.49975586,
                5342.05175781,
                3883.75927734,
                2094.52099609,
                5647.85058594,
                7333.07226562,
                4896.47070312,
                6340.63330078,
                2546.45751953,
                2162.64013672,
                2985.08300781,
                2047.97387695,
                1023.73736572,
                324.985687256,
                293.331451416,
                191.545089722,
                180.528610229,
                155.149398804,
                135.320709229,
                91.3751525879,
                107.09828186,
                42.1207237244,
                15.2021198273,
                6.59789323807,
                2.02473592758,
                1.86541688442,
                0.0482077933848,
                0.00120049295947,
                2.80454150925e-06,
                4.14764578238e-09
            ]
        },
        "erbbands_crest": {
            "dmean": 2.72173810005,
            "dmean2": 4.28937244415,
            "dvar": 6.79207324982,
            "dvar2": 15.5634098053,
            "max": 31.1216907501,
            "mean": 10.1714925766,
            "median": 9.1126537323,
            "min": 2.16682386398,
            "var": 25.4423656464
        },
        "erbbands_flatness_db": {
            "dmean": 0.0190647318959,
            "dmean2": 0.0266356971115,
            "dvar": 0.000353643263225,
            "dvar2": 0.000673018512316,
            "max": 0.370634675026,
            "mean": 0.155879467726,
            "median": 0.145324498415,
            "min": 0.0502131022513,
            "var": 0.00319242151454
        },
        "erbbands_kurtosis": {
            "dmean": 1.2118537426,
            "dmean2": 1.8411501646,
            "dvar": 4.68333625793,
            "dvar2": 10.3365764618,
            "max": 71.2676391602,
            "mean": 1.24248087406,
            "median": 0.0190358161926,
            "min": -1.90252709389,
            "var": 15.57371521
        },
        "erbbands_skewness": {
            "dmean": 0.392873972654,
            "dmean2": 0.577765524387,
            "dvar": 0.154443368316,
            "dvar2": 0.307543843985,
            "max": 6.91804838181,
            "mean": 0.473765909672,
            "median": 0.364141106606,
            "min": -2.72143721581,
            "var": 0.938874542713
        },
        "erbbands_spread": {
            "dmean": 9.41636753082,
            "dmean2": 13.8553886414,
            "dvar": 123.594451904,
            "dvar2": 267.002624512,
            "max": 169.736907959,
            "mean": 41.0617790222,
            "median": 38.578250885,
            "min": 2.68960165977,
            "var": 525.549072266
        },
        "gfcc": {
            "cov": [
                [
                    19895.953125,
                    -19.220293045,
                    -1054.85083008,
                    889.674560547,
                    -88.2247009277,
                    885.242614746,
                    225.40145874,
                    706.976745605,
                    -0.987244784832,
                    491.344909668,
                    -210.400558472,
                    255.506774902,
                    -260.532684326
                ],
                [
                    -19.220293045,
                    1099.39709473,
                    -161.327972412,
                    -232.875076294,
                    7.50520706177,
                    -79.1345367432,
                    35.9024810791,
                    -78.6143417358,
                    16.3631210327,
                    -123.899765015,
                    72.7368469238,
                    -94.2038650513,
                    18.0642166138
                ],
                [
                    -1054.85083008,
                    -161.327972412,
                    859.817993164,
                    267.009490967,
                    112.310218811,
                    20.3386096954,
                    -5.16531276703,
                    1.29206156731,
                    17.1809558868,
                    69.8759536743,
                    -22.2524967194,
                    99.8199920654,
                    1.1079095602
                ],
                [
                    889.674560547,
                    -232.875076294,
                    267.009490967,
                    702.543579102,
                    249.438064575,
                    38.1008987427,
                    6.53734493256,
                    30.2655067444,
                    38.9632530212,
                    102.6772995,
                    -45.7381706238,
                    53.6110992432,
                    54.7627449036
                ],
                [
                    -88.2247009277,
                    7.50520706177,
                    112.310218811,
                    249.438064575,
                    349.072418213,
                    75.9076538086,
                    100.392471313,
                    35.8901138306,
                    49.2101745605,
                    75.1946182251,
                    -2.68793106079,
                    29.4432525635,
                    24.0314445496
                ],
                [
                    885.242614746,
                    -79.1345367432,
                    20.3386096954,
                    38.1008987427,
                    75.9076538086,
                    304.884765625,
                    203.963378906,
                    98.9795227051,
                    21.2065868378,
                    84.8078231812,
                    16.5162639618,
                    43.7457237244,
                    -17.5427284241
                ],
                [
                    225.40145874,
                    35.9024810791,
                    -5.16531276703,
                    6.53734493256,
                    100.392471313,
                    203.963378906,
                    381.940643311,
                    115.547294617,
                    18.0027599335,
                    67.4759521484,
                    35.6220245361,
                    41.8413543701,
                    -6.310754776
                ],
                [
                    706.976745605,
                    -78.6143417358,
                    1.29206156731,
                    30.2655067444,
                    35.8901138306,
                    98.9795227051,
                    115.547294617,
                    206.556655884,
                    73.5878982544,
                    61.4390411377,
                    21.4348373413,
                    49.1680870056,
                    -8.89318466187
                ],
                [
                    -0.987244784832,
                    16.3631210327,
                    17.1809558868,
                    38.9632530212,
                    49.2101745605,
                    21.2065868378,
                    18.0027599335,
                    73.5878982544,
                    156.432876587,
                    64.7947616577,
                    8.86950016022,
                    11.5370597839,
                    12.5508775711
                ],
                [
                    491.344909668,
                    -123.899765015,
                    69.8759536743,
                    102.6772995,
                    75.1946182251,
                    84.8078231812,
                    67.4759521484,
                    61.4390411377,
                    64.7947616577,
                    167.702423096,
                    14.259812355,
                    41.5733222961,
                    -4.7264084816
                ],
                [
                    -210.400558472,
                    72.7368469238,
                    -22.2524967194,
                    -45.7381706238,
                    -2.68793106079,
                    16.5162639618,
                    35.6220245361,
                    21.4348373413,
                    8.86950016022,
                    14.259812355,
                    107.641960144,
                    20.6507644653,
                    -1.94004619122
                ],
                [
                    255.506774902,
                    -94.2038650513,
                    99.8199920654,
                    53.6110992432,
                    29.4432525635,
                    43.7457237244,
                    41.8413543701,
                    49.1680870056,
                    11.5370597839,
                    41.5733222961,
                    20.6507644653,
                    127.225387573,
                    12.3228130341
                ],
                [
                    -260.532684326,
                    18.0642166138,
                    1.1079095602,
                    54.7627449036,
                    24.0314445496,
                    -17.5427284241,
                    -6.310754776,
                    -8.89318466187,
                    12.5508775711,
                    -4.7264084816,
                    -1.94004619122,
                    12.3228130341,
                    84.6604766846
                ]
            ],
            "icov": [
                [
                    0.000152431442984,
                    -0.000261185050476,
                    0.000329409609549,
                    -0.000405551487347,
                    0.000332902098307,
                    -0.000441840500571,
                    0.000322244188283,
                    -0.000524853705429,
                    0.000409750762628,
                    -0.000472562591312,
                    0.000568276271224,
                    -0.000444192846771,
                    0.000556225772016
                ],
                [
                    -0.000261185050476,
                    0.00174986780621,
                    -0.000551244651433,
                    0.00104380084667,
                    -0.000987978070043,
                    0.000987243256532,
                    -0.00098405953031,
                    0.00143210787792,
                    -0.00140187144279,
                    0.00177425076254,
                    -0.00191903067753,
                    0.0014503414277,
                    -0.00123121589422
                ],
                [
                    0.000329409609549,
                    -0.000551244651433,
                    0.00218208809383,
                    -0.00131988641806,
                    0.000606905377936,
                    -0.000890917493962,
                    0.000745487981476,
                    -0.000754967099056,
                    0.000763400632422,
                    -0.00116775021888,
                    0.00149025826249,
                    -0.00211108080111,
                    0.00173899822403
                ],
                [
                    -0.000405551487347,
                    0.00104380084667,
                    -0.00131988641806,
                    0.00355914793909,
                    -0.0024243562948,
                    0.00125075341202,
                    -0.000478041154565,
                    0.00115089991596,
                    -0.000791943923105,
                    0.000542332534678,
                    -0.000883106258698,
                    0.00127388467081,
                    -0.00278109358624
                ],
                [
                    0.000332902098307,
                    -0.000987978070043,
                    0.000606905377936,
                    -0.0024243562948,
                    0.00531480368227,
                    -0.00127745431382,
                    -0.000249219243415,
                    -0.000726099999156,
                    0.000150083287735,
                    -0.00173266162165,
                    0.00140689732507,
                    -0.00105494260788,
                    0.000994144473225
                ],
                [
                    -0.000441840500571,
                    0.000987243256532,
                    -0.000890917493962,
                    0.00125075341202,
                    -0.00127745431382,
                    0.00712713319808,
                    -0.00345039530657,
                    0.000600208295509,
                    -0.000644132844172,
                    -0.00012116193102,
                    -0.00141292565968,
                    0.000943272025324,
                    -0.00080340722343
                ],
                [
                    0.000322244188283,
                    -0.00098405953031,
                    0.000745487981476,
                    -0.000478041154565,
                    -0.000249219243415,
                    -0.00345039530657,
                    0.00555669050664,
                    -0.0028605517,
                    0.00202223472297,
                    -0.00157132232562,
                    0.000767069985159,
                    -0.00110534857959,
                    0.000761550094467
                ],
                [
                    -0.000524853705429,
                    0.00143210787792,
                    -0.000754967099056,
                    0.00115089991596,
                    -0.000726099999156,
                    0.000600208295509,
                    -0.0028605517,
                    0.0100760329515,
                    -0.0052337567322,
                    0.00203291629441,
                    -0.00258641666733,
                    -0.000483543699374,
                    -0.000579132931307
                ],
                [
                    0.000409750762628,
                    -0.00140187144279,
                    0.000763400632422,
                    -0.000791943923105,
                    0.000150083287735,
                    -0.000644132844172,
                    0.00202223472297,
                    -0.0052337567322,
                    0.0109584620222,
                    -0.0050614499487,
                    0.00184212578461,
                    -0.000186681078048,
                    -0.000350525253452
                ],
                [
                    -0.000472562591312,
                    0.00177425076254,
                    -0.00116775021888,
                    0.000542332534678,
                    -0.00173266162165,
                    -0.00012116193102,
                    -0.00157132232562,
                    0.00203291629441,
                    -0.0050614499487,
                    0.0116801811382,
                    -0.00324133248068,
                    0.000324013672071,
                    -0.000324221269693
                ],
                [
                    0.000568276271224,
                    -0.00191903067753,
                    0.00149025826249,
                    -0.000883106258698,
                    0.00140689732507,
                    -0.00141292565968,
                    0.000767069985159,
                    -0.00258641666733,
                    0.00184212578461,
                    -0.00324133248068,
                    0.0132131688297,
                    -0.00391968106851,
                    0.0022226315923
                ],
                [
                    -0.000444192846771,
                    0.0014503414277,
                    -0.00211108080111,
                    0.00127388467081,
                    -0.00105494260788,
                    0.000943272025324,
                    -0.00110534857959,
                    -0.000483543699374,
                    -0.000186681078048,
                    0.000324013672071,
                    -0.00391968106851,
                    0.0123458551243,
                    -0.00395214697346
                ],
                [
                    0.000556225772016,
                    -0.00123121589422,
                    0.00173899822403,
                    -0.00278109358624,
                    0.000994144473225,
                    -0.00080340722343,
                    0.000761550094467,
                    -0.000579132931307,
                    -0.000350525253452,
                    -0.000324221269693,
                    0.0022226315923,
                    -0.00395214697346,
                    0.0157698281109
                ]
            ],
            "mean": [
                -20.2847442627,
                89.6091537476,
                -102.788909912,
                31.8707256317,
                -56.1187133789,
                14.2190494537,
                -48.0923805237,
                6.64539527893,
                -26.0549316406,
                0.289448112249,
                -18.0246944427,
                0.913722038269,
                -12.5952882767
            ]
        },
        "hfc": {
            "dmean": 6.22401809692,
            "dmean2": 9.15685939789,
            "dvar": 123.872077942,
            "dvar2": 282.786590576,
            "max": 213.144622803,
            "mean": 20.15558815,
            "median": 14.6351108551,
            "min": 1.08204660598e-16,
            "var": 411.63760376
        },
        "melbands": {
            "dmean": [
                0.00235960073769,
                0.00169953866862,
                0.000767086283304,
                0.000547061965335,
                0.000241241941694,
                0.000197114903131,
                0.000226909833145,
                0.000142607226735,
                0.000106145678728,
                0.000115166112664,
                7.43732234696e-05,
                4.61717427243e-05,
                4.59471775685e-05,
                7.9722420196e-05,
                3.11560506816e-05,
                5.200205851e-05,
                3.35327349603e-05,
                2.49397598964e-05,
                2.68712446996e-05,
                1.4537907191e-05,
                1.84598393389e-05,
                1.58841303346e-05,
                1.05307626654e-05,
                7.37781419957e-06,
                4.46999365522e-06,
                4.14606120103e-06,
                3.86984038414e-06,
                2.70111581813e-06,
