{
    "lowlevel": {
        "average_loudness": 0.928096592426,
        "barkbands": {
            "dmean": [
                9.89642212517e-05,
                0.00501545378938,
                0.00367380003445,
                0.00218816637062,
                0.00132873945404,
                0.000574172649067,
                0.00189111288637,
                0.000664438935928,
                0.00111575925257,
                0.000454199500382,
                0.000647281296551,
                0.000369475164916,
                0.000337916280841,
                0.000724150391761,
                0.000411679851823,
                0.000312068965286,
                0.000319133861922,
                0.000190455306438,
                0.000128493367811,
                0.000210239231819,
                0.000161655363627,
                0.000107072664832,
                9.36968208407e-05,
                5.10421596118e-05,
                3.20372600982e-05,
                1.73842945514e-05,
                4.68760617878e-06
            ],
            "dmean2": [
                0.000134049070766,
                0.00561607256532,
                0.00608343351632,
                0.00377848581411,
                0.0024024695158,
                0.000975676812232,
                0.00299637299031,
                0.00105135375634,
                0.00171290093567,
                0.000774139887653,
                0.00104808341712,
                0.000626164546702,
                0.000527881842572,
                0.00117001589388,
                0.000654878036585,
                0.000507902528625,
                0.000526992778759,
                0.000315093813697,
                0.000200990281883,
                0.000330985581968,
                0.000250822369708,
                0.000166609563166,
                0.000149248720845,
                7.61338451412e-05,
                4.8918871471e-05,
                2.67514315055e-05,
                7.36888478059e-06
            ],
            "dvar": [
                1.01091423232e-07,
                0.000208076933632,
                0.000197294750251,
                8.61956650624e-05,
                2.12036047742e-05,
                2.05360242944e-06,
                1.11933113658e-05,
                2.8401129839e-06,
                7.47040166971e-06,
                2.60881120084e-06,
                3.55027600563e-06,
                1.50476307681e-06,
                9.58220994107e-07,
                5.9646677073e-06,
                1.47812011164e-06,
                1.33966500471e-06,
                1.36721132549e-06,
                4.68844717716e-07,
                1.81272312716e-07,
                7.62205786486e-07,
                4.7628228117e-07,
                1.91336965827e-07,
                1.08265780341e-07,
                2.26968488448e-08,
                1.01685220244e-08,
                3.59505891723e-09,
                3.44793943396e-10
            ],
            "dvar2": [
                1.78751790259e-07,
                0.000363406375982,
                0.000557345512789,
                0.00024631654378,
                6.1612452555e-05,
                5.44316344531e-06,
                2.609972762e-05,
                6.30381600786e-06,
                1.58876482601e-05,
                6.98127860232e-06,
                8.15069142845e-06,
                3.87676482205e-06,
                2.23794609155e-06,
                1.52669836098e-05,
                3.38637596542e-06,
                3.30912234858e-06,
                3.48859771293e-06,
                1.19707476642e-06,
                3.69827404256e-07,
                1.84889631782e-06,
                1.05872129552e-06,
                4.65943855943e-07,
                2.54933041788e-07,
                4.83752380376e-08,
                2.41224089592e-08,
                8.13983813686e-09,
                7.84978027024e-10
            ],
            "max": [
                0.00715302396566,
                0.172084003687,
                0.154721200466,
                0.123427554965,
                0.0678946748376,
                0.0271828956902,
                0.0443373173475,
                0.0347088500857,
                0.0457479171455,
                0.025369355455,
                0.0409216023982,
                0.0221522040665,
                0.0149017609656,
                0.0304957814515,
                0.014415409416,
                0.0121254920959,
                0.0119159333408,
                0.00778634799644,
                0.00467975018546,
                0.0120194843039,
                0.00903772842139,
                0.00628306996077,
                0.003004392609,
                0.00226170010865,
                0.00143958476838,
                0.000611633411609,
                0.000229522134759
            ],
            "mean": [
                0.000411463755881,
                0.0282008964568,
                0.0071211126633,
                0.00197209534235,
                0.00118991732597,
                0.000568414689042,
                0.00242232787423,
                0.000724675541278,
                0.00144976389129,
                0.000400247954531,
                0.000632708251942,
                0.000368839886505,
                0.000387247389881,
                0.000684600847308,
                0.000457227259176,
                0.000313221331453,
                0.000306415604427,
                0.00019780981529,
                0.000149131330545,
                0.000200385096832,
                0.000153143060743,
                0.000100515826489,
                9.11173483473e-05,
                5.84591834922e-05,
                3.37128403771e-05,
                1.72634845512e-05,
                4.45776231572e-06
            ],
            "median": [
                1.82418752956e-05,
                0.0141281988472,
                0.00171536009293,
                8.60186410137e-05,
                0.000326194101945,
                5.86805508647e-05,
                0.000484006421175,
                5.31529331056e-05,
                0.000107654843305,
                1.94376934814e-05,
                3.06599213218e-05,
                2.05587839446e-05,
                2.6046513085e-05,
                3.83294100175e-05,
                3.77276955987e-05,
                3.01817854051e-05,
                3.44619256794e-05,
                2.97139031318e-05,
                1.97774625121e-05,
                1.82700441655e-05,
                8.32551177155e-06,
                7.4298477557e-06,
                6.95914695825e-06,
                8.19070464786e-06,
                3.28996452481e-06,
                1.17859985949e-06,
                2.59111089917e-07
            ],
            "min": [
                1.42441576541e-24,
                3.60241457636e-24,
                2.11156055108e-24,
                6.997101566e-24,
                1.10505915411e-23,
                4.23034233489e-23,
                1.53603745358e-23,
                1.40093618832e-23,
                3.48741017375e-23,
                2.01466445055e-23,
                2.40998647376e-23,
                2.81857540189e-23,
                4.32309502241e-23,
                4.7464763547e-23,
                4.86451014096e-23,
                9.12964061068e-23,
                1.02569588163e-22,
                1.73761533312e-22,
                1.49864980118e-22,
                2.02236231304e-22,
                2.29040399577e-22,
                3.14032248262e-22,
                5.05616219394e-22,
                6.68050782958e-22,
                8.91164123455e-22,
                1.3222500267e-21,
                2.21057515967e-21
            ],
            "var": [
                7.72660087023e-07,
                0.00122255121823,
                0.000176086163265,
                5.74433979637e-05,
                1.27276325657e-05,
                2.1267755983e-06,
                1.81782252184e-05,
                4.37588641944e-06,
                1.3734964341e-05,
                2.24230780077e-06,
                4.6320869842e-06,
                1.56054420586e-06,
                1.28066790239e-06,
                5.11486223331e-06,
                1.6741877289e-06,
                1.18072262012e-06,
                1.12040470412e-06,
                3.95791659002e-07,
                2.18130367102e-07,
                6.75327896715e-07,
                4.69860196972e-07,
                1.73256808012e-07,
                1.06359308916e-07,
                2.9606065155e-08,
                1.09256914627e-08,
                3.71087782725e-09,
                3.26861204769e-10
            ]
        },
        "barkbands_crest": {
            "dmean": 2.57735490799,
            "dmean2": 3.91383266449,
            "dvar": 11.2054862976,
            "dvar2": 23.250617981,
            "max": 26.9189929962,
            "mean": 18.0014514923,
            "median": 19.3171157837,
            "min": 2.34560418129,
            "var": 37.2789115906
        },
        "barkbands_flatness_db": {
            "dmean": 0.0414196737111,
            "dmean2": 0.0564910583198,
            "dvar": 0.00314388563856,
            "dvar2": 0.00598030677065,
            "max": 1,
            "mean": 0.272618442774,
            "median": 0.258301973343,
            "min": 0.0321211069822,
            "var": 0.0173478256911
        },
        "barkbands_kurtosis": {
            "dmean": 50.3460121155,
            "dmean2": 74.3639068604,
            "dvar": 30562.9648438,
            "dvar2": 77490.3828125,
            "max": 9293.4375,
            "mean": 86.4889526367,
            "median": 10.9206829071,
            "min": -1.96993422508,
            "var": 52636.8007813
        },
        "barkbands_skewness": {
            "dmean": 1.81718349457,
            "dmean2": 2.57399702072,
            "dvar": 7.26284360886,
            "dvar2": 14.545592308,
            "max": 45.311920166,
            "mean": 4.80066251755,
            "median": 2.99963927269,
            "min": -3.62142109871,
            "var": 27.6675662994
        },
        "barkbands_spread": {
            "dmean": 5.1899600029,
            "dmean2": 7.87775564194,
            "dvar": 79.57472229,
            "dvar2": 173.70652771,
            "max": 120.470291138,
            "mean": 12.4576635361,
            "median": 7.70353889465,
            "min": 0.00306499446742,
            "var": 198.117675781
        },
        "dissonance": {
            "dmean": 0.0320068672299,
            "dmean2": 0.0518485046923,
            "dvar": 0.00105527543928,
            "dvar2": 0.00262729381211,
            "max": 0.500000119209,
            "mean": 0.433598130941,
            "median": 0.445542037487,
            "min": 0.145587101579,
            "var": 0.00274069863372
        },
        "dynamic_complexity": 4.16160345078,
        "erbbands": {
            "dmean": [
                0.147520810366,
                1.24215185642,
                3.66987371445,
                6.70085144043,
                4.89528131485,
                4.40498542786,
                4.92177009583,
                5.11187648773,
                18.7959976196,
                28.3421287537,
                14.772860527,
                26.3902797699,
                13.1357116699,
                19.7570495605,
                23.5564556122,
                14.8829364777,
                15.759472847,
                28.7145709991,
                32.8542289734,
                16.0223960876,
                18.6542835236,
                18.3373565674,
                11.4744157791,
                7.35961961746,
                6.87978458405,
                9.64677906036,
                7.89020729065,
                5.70851612091,
                3.91609764099,
                2.41749548912,
                2.84826016426,
                1.41629159451,
                0.76880812645,
                0.444925129414,
                0.184426963329,
                0.0796570032835,
                0.0295750256628,
                0.00754528027028,
                0.000752138439566,
                5.29874996573e-05
            ],
            "dmean2": [
                0.131252765656,
                1.54786038399,
                6.00176811218,
                10.9909029007,
                9.10918617249,
                7.73668622971,
                8.7118844986,
                8.54483699799,
                30.1883888245,
                43.6580276489,
                22.957326889,
                39.601978302,
                20.7591457367,
                33.6040039063,
                38.3419342041,
                24.471326828,
                24.3004169464,
                45.9099655151,
                52.7480430603,
                25.0331249237,
                30.3157196045,
                30.5862007141,
                19.0465068817,
                11.4260282516,
                10.7940683365,
                15.4323921204,
                12.3559703827,
                9.03472328186,
                6.06673145294,
                3.75845217705,
                4.5485906601,
                2.15857553482,
                1.15334010124,
                0.682819068432,
                0.283419042826,
                0.121706277132,
                0.0458685457706,
                0.0119103947654,
                0.00117854133714,
                8.16754181869e-05
            ],
            "dvar": [
                0.163299411535,
                13.4685544968,
                176.362319946,
                712.409729004,
                497.265533447,
                173.94039917,
                196.410598755,
                155.859970093,
                1242.0345459,
                3535.15893555,
                1166.03198242,
                4382.42578125,
                1406.41931152,
                4583.31298828,
                4865.69677734,
                2398.12939453,
                1951.91906738,
                7500.36376953,
                13142.0400391,
                2076.01953125,
                4928.81738281,
                4968.69677734,
                1900.10595703,
                557.260009766,
                598.909729004,
                1533.53417969,
                1161.85754395,
                677.692138672,
                246.054595947,
                72.8098754883,
                100.751113892,
                20.4287891388,
                5.18400287628,
                1.99883437157,
                0.339585900307,
                0.0653537511826,
                0.0109463920817,
                0.000901376770344,
                8.6306281446e-06,
                3.22747553128e-08
            ],
            "dvar2": [
                0.209756582975,
                26.7773971558,
                482.373901367,
                2007.87609863,
                1452.12841797,
                496.755004883,
                544.903930664,
                396.731811523,
                2852.92333984,
                8033.10742188,
                2584.23071289,
                9108.98925781,
                3207.20068359,
                12648.4521484,
                11034.0361328,
                6058.25683594,
                4416.13964844,
                18640.0527344,
                33789.3671875,
                4584.42724609,
                12246.5976563,
                13014.5644531,
                4927.15283203,
                1207.92590332,
                1185.07751465,
                3805.80541992,
                2575.61572266,
                1667.53186035,
                579.806274414,
                154.028259277,
                243.930099487,
                45.7883796692,
                11.3860216141,
                4.77605485916,
                0.808739602566,
                0.145619243383,
                0.0250746104866,
                0.0021543034818,
                1.9466091544e-05,
                7.40391712384e-08
            ],
            "max": [
                5.83410167694,
                41.0835533142,
                150.232116699,
                335.342407227,
                316.012023926,
                183.957305908,
                219.492828369,
                315.134216309,
                614.794006348,
                870.564575195,
                639.496948242,
                1259.3984375,
                986.43927002,
                832.770446777,
                1613.77392578,
                769.683410645,
                573.385498047,
                921.578308105,
                1216.10180664,
                453.726104736,
                695.151184082,
                704.354370117,
                477.377593994,
                271.901641846,
                242.442718506,
                508.968414307,
                463.217498779,
                381.141479492,
                210.823257446,
                99.2888031006,
                91.4962921143,
                52.9314460754,
                52.1277809143,
                18.3744335175,
                9.72015666962,
                3.63915991783,
                1.14834225178,
                0.370090991259,
                0.0366716235876,
                0.00210600346327
            ],
            "mean": [
                0.869722783566,
                6.08828496933,
                7.92029809952,
                9.47494411469,
                3.79219675064,
                4.43550491333,
                4.31984758377,
                5.43312072754,
                23.6652336121,
                36.2301292419,
                17.7889633179,
                34.7987632751,
                15.2038125992,
                18.4048194885,
                23.7523040771,
                15.4585981369,
                18.5619754791,
                29.0136680603,
                33.5982322693,
                17.9837665558,
                18.9511432648,
                17.4736747742,
                11.7471857071,
                8.6755437851,
                7.77952098846,
                8.98496341705,
                7.70295000076,
                5.11942434311,
                3.78952765465,
                2.52406287193,
                2.70956039429,
                1.50613021851,
                0.880949497223,
                0.471710652113,
                0.188764452934,
                0.0822140723467,
                0.0288642626256,
                0.00700520258397,
                0.000738402479328,
                9.06013301574e-05
            ],
            "median": [
                0.369705587626,
                2.56149506569,
                3.78715395927,
                1.14464890957,
                0.743461251259,
                1.18235850334,
                0.583567798138,
                1.00719964504,
                5.31071472168,
                6.50414037704,
                2.95857191086,
                2.93881320953,
                1.19022345543,
                1.31495809555,
                1.32215297222,
                1.08208692074,
                1.3092969656,
                1.83507907391,
                2.30380582809,
                2.2000169754,
                1.93172311783,
                2.08062052727,
                1.77853035927,
                1.28151524067,
                0.934499204159,
                0.823888659477,
                0.531794250011,
                0.259234368801,
                0.27569848299,
                0.234153077006,
                0.194795191288,
                0.168201252818,
                0.126691415906,
                0.0510059781373,
                0.0148167163134,
                0.00563713395968,
                0.00201978953555,
                0.000465521414299,
                6.64994004183e-05,
                5.02181319462e-05
            ],
            "min": [
                1.28094564836e-22,
                7.98694984105e-22,
                1.71564912888e-21,
                1.59032791373e-20,
                2.17152682254e-20,
                4.45421250223e-20,
                1.07349373784e-19,
                3.06392248383e-19,
                3.04489319384e-19,
                1.89008533996e-19,
                4.34069385388e-19,
                7.11114247915e-19,
                8.20319201071e-19,
                1.00211979953e-18,
                1.56795321454e-18,
                1.09079149325e-18,
                2.14003742663e-18,
                2.99308273617e-18,
                3.60208288163e-18,
                3.65065699516e-18,
                7.36684820152e-18,
                6.58599011686e-18,
                8.11277651686e-18,
                7.41222732993e-18,
                8.35868159654e-18,
                8.14776791114e-18,
                9.64833144495e-18,
                9.54721357815e-18,
                1.0682940831e-17,
                1.24009445052e-17,
                1.49252615067e-17,
                1.46349525446e-17,
                1.1706869661e-17,
                8.35723651201e-18,
                7.26445068631e-18,
                3.35228529679e-18,
                2.48514937911e-18,
                1.19566476003e-18,
                2.66404502265e-19,
                2.98753500382e-20
            ],
            "var": [
                1.41839337349,
                59.7381973267,
                163.793121338,
                582.08605957,
                276.414733887,
                124.795928955,
                143.844192505,
                178.087509155,
                2018.38549805,
                5883.86083984,
                1926.0447998,
                8623.44042969,
                2158.84570313,
                3609.26904297,
                6586.69238281,
                2474.01220703,
                2739.41601563,
                7300.57421875,
                11943.7089844,
                2356.25488281,
                4265.03662109,
                3853.890625,
                1528.79833984,
                641.213867188,
                715.296264648,
                1306.92199707,
                1146.81530762,
                580.268493652,
                234.935653687,
                81.4167022705,
                94.9152526855,
                22.9138336182,
                6.82458353043,
                2.1324095726,
                0.360583662987,
                0.0722307115793,
                0.0110098831356,
                0.000808313721791,
                8.29643249745e-06,
                3.11138244058e-08
            ]
        },
        "erbbands_crest": {
            "dmean": 3.68991470337,
            "dmean2": 5.93733596802,
            "dvar": 12.6262340546,
            "dvar2": 30.4783096313,
            "max": 35.77135849,
            "mean": 12.5916595459,
            "median": 11.7428798676,
            "min": 2.42789363861,
            "var": 31.975353241
        },
        "erbbands_flatness_db": {
            "dmean": 0.0264108423144,
            "dmean2": 0.0391168370843,
            "dvar": 0.000803891860414,
            "dvar2": 0.00176171085332,
            "max": 0.512046456337,
            "mean": 0.193319559097,
            "median": 0.185229152441,
            "min": 0.0539446100593,
            "var": 0.00382645707577
        },
        "erbbands_kurtosis": {
            "dmean": 4.42203521729,
            "dmean2": 6.884557724,
            "dvar": 193.457275391,
            "dvar2": 438.971832275,
            "max": 319.849029541,
            "mean": 6.56804227829,
            "median": 0.748847901821,
            "min": -1.95064556599,
            "var": 484.553131104
        },
        "erbbands_skewness": {
            "dmean": 0.744365692139,
            "dmean2": 1.09321737289,
            "dvar": 0.893809735775,
            "dvar2": 1.82999205589,
            "max": 16.635427475,
            "mean": 1.02868747711,
            "median": 0.599305152893,
            "min": -4.95919704437,
            "var": 3.63170790672
        },
        "erbbands_spread": {
            "dmean": 12.9424152374,
            "dmean2": 19.9455738068,
            "dvar": 361.094940186,
            "dvar2": 773.012329102,
            "max": 223.709701538,
            "mean": 36.8749923706,
            "median": 29.6499576569,
            "min": 0.560997545719,
            "var": 903.950744629
        },
        "gfcc": {
            "cov": [
                [
                    21650.8125,
                    -1465.85412598,
                    -4004.29174805,
                    -623.68951416,
                    -1903.98339844,
                    -105.504325867,
                    -1027.9354248,
                    517.862670898,
                    -293.057495117,
                    351.489105225,
                    -230.034973145,
                    136.104537964,
                    -171.797409058
                ],
                [
                    -1465.85412598,
                    2362.96801758,
                    199.445129395,
                    -374.238616943,
                    354.30770874,
                    -240.699188232,
                    279.91784668,
                    -20.9198875427,
                    361.70211792,
                    -146.867370605,
                    323.78515625,
                    -173.230255127,
                    114.235725403
                ],
                [
                    -4004.29174805,
                    199.445129395,
                    2529.13867188,
                    643.042236328,
                    279.197509766,
                    63.4179573059,
                    177.273651123,
                    -115.785102844,
                    -14.5263605118,
                    -94.3610687256,
                    -37.2280502319,
                    3.27161765099,
                    -6.33205270767
                ],
                [
                    -623.68951416,
                    -374.238616943,
                    643.042236328,
                    766.187072754,
                    60.1288375854,
                    -30.3034553528,
                    -24.617225647,
                    -16.243303299,
                    22.1565952301,
                    -7.59379577637,
                    14.2690448761,
                    30.709690094,
                    57.680606842
                ],
                [
                    -1903.98339844,
                    354.30770874,
                    279.197509766,
                    60.1288375854,
                    644.139465332,
                    163.981201172,
                    246.098907471,
                    -0.306415915489,
                    119.072433472,
                    -0.484150439501,
                    56.4187927246,
                    -13.4629735947,
                    48.0148849487
                ],
                [
                    -105.504325867,
                    -240.699188232,
                    63.4179573059,
                    -30.3034553528,
                    163.981201172,
                    455.320678711,
                    164.129623413,
                    -13.9791555405,
                    -1.77368879318,
                    24.9842472076,
                    -37.5940742493,
                    40.1173019409,
                    -3.5207016468
                ],
                [
                    -1027.9354248,
                    279.91784668,
                    177.273651123,
                    -24.617225647,
                    246.098907471,
                    164.129623413,
                    377.103607178,
                    28.6518573761,
                    54.1394348145,
                    1.56716430187,
                    57.1367073059,
                    13.6339063644,
                    45.2272644043
                ],
                [
                    517.862670898,
                    -20.9198875427,
                    -115.785102844,
                    -16.243303299,
                    -0.306415915489,
                    -13.9791555405,
                    28.6518573761,
                    293.820861816,
                    103.078445435,
                    63.8356132507,
                    67.9954223633,
                    6.0593585968,
                    53.3943595886
                ],
                [
                    -293.057495117,
                    361.70211792,
                    -14.5263605118,
                    22.1565952301,
                    119.072433472,
                    -1.77368879318,
                    54.1394348145,
                    103.078445435,
                    311.856658936,
                    61.0684394836,
                    108.143997192,
                    -23.9309558868,
                    63.555103302
                ],
                [
                    351.489105225,
                    -146.867370605,
                    -94.3610687256,
                    -7.59379577637,
                    -0.484150439501,
                    24.9842472076,
                    1.56716430187,
                    63.8356132507,
                    61.0684394836,
                    181.57069397,
                    66.6020584106,
                    37.329208374,
                    28.1062679291
                ],
                [
                    -230.034973145,
                    323.78515625,
                    -37.2280502319,
                    14.2690448761,
                    56.4187927246,
                    -37.5940742493,
                    57.1367073059,
                    67.9954223633,
                    108.143997192,
                    66.6020584106,
                    252.578323364,
                    60.6506652832,
                    90.6252670288
                ],
                [
                    136.104537964,
                    -173.230255127,
                    3.27161765099,
                    30.709690094,
                    -13.4629735947,
                    40.1173019409,
                    13.6339063644,
                    6.0593585968,
                    -23.9309558868,
                    37.329208374,
                    60.6506652832,
                    176.622650146,
                    53.370388031
                ],
                [
                    -171.797409058,
                    114.235725403,
                    -6.33205270767,
                    57.680606842,
                    48.0148849487,
                    -3.5207016468,
                    45.2272644043,
                    53.3943595886,
                    63.555103302,
                    28.1062679291,
                    90.6252670288,
                    53.370388031,
                    151.728118896
                ]
            ],
            "icov": [
                [
                    0.000119683107187,
                    -0.000196640874492,
                    0.000200876660529,
                    -0.00021814716456,
                    0.000289080722723,
                    -0.000238395281485,
                    0.000209927049582,
                    -0.000295651843771,
                    0.000208763391129,
                    -0.000326438166667,
                    0.000325201544911,
                    -0.000251538207522,
                    0.000186596225831
                ],
                [
                    -0.000196640874492,
                    0.00196182425134,
                    -0.00063926319126,
                    0.001566795283,
                    -0.000796308100689,
                    0.00137747533154,
                    -0.00108614668716,
                    0.00134023674764,
                    -0.00175030273385,
                    0.00234007346444,
                    -0.00257244287059,
                    0.00194324774202,
                    -0.00103330425918
                ],
                [
                    0.000200876660529,
                    -0.00063926319126,
                    0.000960539211519,
                    -0.00107809575275,
                    0.000416369759478,
                    -0.000545870687347,
                    0.000215681779082,
                    -0.000528859964106,
                    0.000627486850135,
                    -0.000711436092388,
                    0.000979523407295,
                    -0.000763984629884,
                    0.000688693951815
                ],
                [
                    -0.00021814716456,
                    0.001566795283,
                    -0.00107809575275,
                    0.00309201399796,
                    -0.000859754625708,
                    0.00123774283566,
                    -0.000461885298137,
                    0.00119805219583,
                    -0.0015056693228,
                    0.00186517543625,
                    -0.001972472528,
                    0.00141742371488,
                    -0.00166548136622
                ],
                [
                    0.000289080722723,
                    -0.000796308100689,
                    0.000416369759478,
                    -0.000859754625708,
                    0.00311225350015,
                    -0.00124077266082,
                    -0.000503626652062,
                    -0.00055443571182,
                    9.1438407253e-05,
                    -0.000990333384834,
                    0.00100388971623,
                    -0.000506714335643,
                    0.000326408015098
                ],
                [
                    -0.000238395281485,
                    0.00137747533154,
                    -0.000545870687347,
                    0.00123774283566,
                    -0.00124077266082,
                    0.00408474495634,
                    -0.00205600471236,
                    0.00124831532594,
                    -0.00130281213205,
                    0.00106465595309,
                    -0.000773299834691,
                    0.000432528322563,
                    -0.000481113733258
                ],
                [
                    0.000209927049582,
                    -0.00108614668716,
                    0.000215681779082,
                    -0.000461885298137,
                    -0.000503626652062,
                    -0.00205600471236,
                    0.00500146858394,
                    -0.00129447621293,
                    0.00113008334301,
                    -0.000924274150748,
                    0.000668642809615,
                    -0.000927115674131,
                    -5.90061572439e-05
                ],
                [
                    -0.000295651843771,
                    0.00134023674764,
                    -0.000528859964106,
                    0.00119805219583,
                    -0.00055443571182,
                    0.00124831532594,
                    -0.00129447621293,
                    0.00543324416503,
                    -0.00227177655324,
                    0.000784326752182,
                    -0.00200964999385,
                    0.00166883459315,
                    -0.00172343768645
                ],
                [
                    0.000208763391129,
                    -0.00175030273385,
                    0.000627486850135,
                    -0.0015056693228,
                    9.1438407253e-05,
                    -0.00130281213205,
                    0.00113008334301,
                    -0.00227177655324,
                    0.00637003779411,
                    -0.00301728211343,
                    0.000858695013449,
                    -0.000120758697449,
                    -2.35475872614e-05
                ],
                [
                    -0.000326438166667,
                    0.00234007346444,
                    -0.000711436092388,
                    0.00186517543625,
                    -0.000990333384834,
                    0.00106465595309,
                    -0.000924274150748,
                    0.000784326752182,
                    -0.00301728211343,
                    0.00983658339828,
                    -0.00441182637587,
                    0.00126171018928,
                    -0.000899560691323
                ],
                [
                    0.000325201544911,
                    -0.00257244287059,
                    0.000979523407295,
                    -0.001972472528,
                    0.00100388971623,
                    -0.000773299834691,
                    0.000668642809615,
                    -0.00200964999385,
                    0.000858695013449,
                    -0.00441182637587,
                    0.00994313973933,
                    -0.0043371017091,
                    -0.000687763444148
                ],
                [
                    -0.000251538207522,
                    0.00194324774202,
                    -0.000763984629884,
                    0.00141742371488,
                    -0.000506714335643,
                    0.000432528322563,
                    -0.000927115674131,
                    0.00166883459315,
                    -0.000120758697449,
                    0.00126171018928,
                    -0.0043371017091,
                    0.0096548423171,
                    -0.00344787118956
                ],
                [
                    0.000186596225831,
                    -0.00103330425918,
                    0.000688693951815,
                    -0.00166548136622,
                    0.000326408015098,
                    -0.000481113733258,
                    -5.90061572439e-05,
                    -0.00172343768645,
                    -2.35475872614e-05,
                    -0.000899560691323,
                    -0.000687763444148,
                    -0.00344787118956,
                    0.0105515765026
                ]
            ],
            "mean": [
                -87.4142608643,
                107.735801697,
                -81.2713623047,
                40.1362495422,
                -32.9168052673,
                18.1183605194,
                -22.0541744232,
                15.8506727219,
                -2.11953091621,
                5.08961296082,
                -6.34514713287,
                -7.41691589355,
                -12.6060914993
            ]
        },
        "hfc": {
            "dmean": 10.3940992355,
            "dmean2": 16.0997676849,
            "dvar": 916.051818848,
            "dvar2": 2068.71142578,
            "max": 281.533996582,
            "mean": 16.2354831696,
            "median": 8.70147514343,
            "min": 1.0985975636e-16,
            "var": 977.577636719
        },
        "melbands": {
            "dmean": [
                0.00136925722472,
                0.00168291619048,
                0.00108773412649,
                0.000315134384437,
                0.000175954366568,
                0.000116006718599,
                0.000320685707266,
                0.000273125508102,
                0.000136306538479,
                0.000163193748449,
                6.69431683491e-05,
                7.970011211e-05,
                9.11229872145e-05,
                4.62289935967e-05,
                2.90854259219e-05,
                4.06186700275e-05,
                5.80515079491e-05,
                6.08384034422e-05,
                2.63277706836e-05,
                1.66644404089e-05,
                2.51505152846e-05,
                2.1140293029e-05,
                1.3227787349e-05,
                8.18899206934e-06,
                5.88646571487e-06,
                4.95458698424e-06,
                6.67030826662e-06,
