{
    "lowlevel": {
        "average_loudness": 0.954348266125,
        "barkbands": {
            "dmean": [
                0.000416403083364,
                0.00609974097461,
                0.00548105733469,
                0.00197316962294,
                0.00272877910174,
                0.00165700912476,
                0.00107923906762,
                0.000862187647726,
                0.000504942203406,
                0.000329588307068,
                0.000211894905078,
                0.000168865735759,
                0.000198793932213,
                0.000207019373192,
                0.000259179010754,
                0.000239777000388,
                0.000133796347654,
                8.53316741996e-05,
                0.000101341516711,
                8.44830210553e-05,
                0.000119715004985,
                0.000215993146412,
                0.000115560498671,
                8.13980659586e-05,
                0.000137911934871,
                2.90434290946e-05,
                1.27133080241e-05
            ],
            "dmean2": [
                0.000644192507025,
                0.00958017073572,
                0.00973988696933,
                0.00335728493519,
                0.00443035457283,
                0.00248604407534,
                0.0016401350731,
                0.00123872701079,
                0.000723503762856,
                0.000472720450489,
                0.000322426873026,
                0.000250605167821,
                0.000296415644698,
                0.000309507187922,
                0.00038353324635,
                0.000360577367246,
                0.000200328053324,
                0.000134915389935,
                0.000154942827066,
                0.000131286855321,
                0.000183837735676,
                0.000322799023706,
                0.000170674946276,
                0.000116287228593,
                0.000200232840143,
                4.54952096334e-05,
                2.03583349503e-05
            ],
            "dvar": [
                2.77079175248e-06,
                0.000222443719395,
                0.00025840071612,
                9.48924571276e-06,
                1.75143704837e-05,
                1.07567821033e-05,
                7.92899027147e-06,
                5.73510851609e-06,
                2.55079430644e-06,
                1.69992028987e-06,
                5.28850250703e-07,
                4.46034732704e-07,
                4.37855817381e-07,
                4.64249694687e-07,
                6.21720971594e-07,
                3.8205686792e-07,
                1.62718649221e-07,
                4.36932232617e-08,
                1.04091462561e-07,
                6.43739568318e-08,
                1.08370166174e-07,
                4.59749742276e-07,
                1.32724920832e-07,
                2.27585331913e-07,
                2.86893737211e-07,
                1.01926929119e-08,
                2.35090347189e-09
            ],
            "dvar2": [
                6.34724483461e-06,
                0.000531694793608,
                0.000730515283067,
                2.58054551523e-05,
                4.78744477732e-05,
                2.25042640523e-05,
                1.69699451362e-05,
                1.0306907825e-05,
                4.36033997175e-06,
                3.08858898279e-06,
                1.17968897939e-06,
                9.19942579003e-07,
                8.72156078913e-07,
                9.52865548243e-07,
                1.25886901969e-06,
                7.97186885393e-07,
                3.09450570057e-07,
                1.02358136189e-07,
                2.10954283375e-07,
                1.49714836084e-07,
                2.36408396859e-07,
                9.55498194344e-07,
                2.67411309096e-07,
                4.25320052955e-07,
                5.67829033571e-07,
                2.19255777978e-08,
                5.78544145924e-09
            ],
            "max": [
                0.0209789481014,
                0.240580648184,
                0.176727369428,
                0.0459250174463,
                0.053809184581,
                0.0644221454859,
                0.0545741729438,
                0.0536402575672,
                0.0393060743809,
                0.0421949140728,
                0.0241095852107,
                0.0189936775714,
                0.0172879081219,
                0.021942216903,
                0.016888294369,
                0.0156774614006,
                0.0139621747658,
                0.00758070126176,
                0.010407326743,
                0.00735854310915,
                0.00745109468699,
                0.0201740674675,
                0.0095881363377,
                0.015973797068,
                0.0168168451637,
                0.00382883800194,
                0.000715836766176
            ],
            "mean": [
                0.000471718085464,
                0.0112074166536,
                0.00675604538992,
                0.00325587159023,
                0.00542221963406,
                0.0044068582356,
                0.00200033723377,
                0.00171849806793,
                0.00101730728056,
                0.000604471075349,
                0.000333955831593,
                0.000262827059487,
                0.000309363909764,
                0.000320926395943,
                0.000430171523476,
                0.000427549704909,
                0.000218182816752,
                0.000127498758957,
                0.000125161692267,
                0.000101170749986,
                0.000142452336149,
                0.000260866683675,
                0.000161710748216,
                0.00010180613026,
                0.000180259085028,
                3.61881247954e-05,
                1.34161673486e-05
            ],
            "median": [
                9.44865605561e-05,
                0.00608053570613,
                0.00344140036032,
                0.00205984013155,
                0.00341647583991,
                0.000989273306914,
                0.000380256096832,
                0.000243463480729,
                0.000122601340991,
                9.69666944002e-05,
                5.35798535566e-05,
                2.81887387246e-05,
                4.18822164647e-05,
                3.77674987249e-05,
                9.15644704946e-05,
                9.55172872636e-05,
                4.56610068795e-05,
                5.02476323163e-05,
                2.55404993368e-05,
                1.92248753592e-05,
                2.70746859314e-05,
                3.60681624443e-05,
                2.0404566385e-05,
                9.27963083086e-06,
                1.31401093313e-05,
                4.33052309745e-06,
                4.34791843418e-07
            ],
            "min": [
                1.23154363747e-25,
                1.71303472708e-24,
                5.02551185938e-25,
                1.16608600567e-24,
                6.55337716758e-24,
                6.00709769603e-24,
                5.58072468764e-24,
                5.64987584016e-24,
                1.11488709882e-23,
                1.5072238357e-23,
                1.46540079709e-23,
                1.75771935863e-23,
                2.96019896912e-23,
                3.14958806416e-23,
                5.13116626839e-23,
                6.83354735007e-23,
                6.70953462923e-23,
                8.63967468483e-23,
                6.12152275919e-23,
                9.794666131e-23,
                2.04130570327e-22,
                3.39173232689e-22,
                3.73967577434e-22,
                5.39541075338e-22,
                7.79075495899e-22,
                1.26681297174e-21,
                1.8778377193e-21
            ],
            "var": [
                3.00647366203e-06,
                0.000286223570583,
                0.000185510652955,
                1.61468924489e-05,
                3.65547311958e-05,
                6.32813462289e-05,
                2.45285591518e-05,
                2.22174785449e-05,
                9.13145231607e-06,
                5.38068070455e-06,
                1.30053842895e-06,
                1.13334033358e-06,
                1.02660476387e-06,
                1.24097880416e-06,
                1.48767503561e-06,
                1.27823591356e-06,
                3.76819940584e-07,
                6.25472509341e-08,
                1.6130222491e-07,
                8.88871980465e-08,
                1.42301772144e-07,
                6.56136649013e-07,
                2.23521098519e-07,
                3.91572399394e-07,
                4.17200084257e-07,
                1.36003608375e-08,
                2.27501528727e-09
            ]
        },
        "barkbands_crest": {
            "dmean": 2.44933867455,
            "dmean2": 3.96050071716,
            "dvar": 5.12622785568,
            "dvar2": 12.5409345627,
            "max": 25.7961940765,
            "mean": 11.4649534225,
            "median": 10.8300189972,
            "min": 2.52916836739,
            "var": 15.9304580688
        },
        "barkbands_flatness_db": {
            "dmean": 0.0295063480735,
            "dmean2": 0.0413524359465,
            "dvar": 0.000888801470865,
            "dvar2": 0.00158901547547,
            "max": 0.569381594658,
            "mean": 0.19701051712,
            "median": 0.186940401793,
            "min": 0.0210309401155,
            "var": 0.00697538582608
        },
        "barkbands_kurtosis": {
            "dmean": 6.90962076187,
            "dmean2": 10.7660560608,
            "dvar": 179.300140381,
            "dvar2": 391.073669434,
            "max": 640.904174805,
            "mean": 14.3649940491,
            "median": 8.26862335205,
            "min": -1.9615136385,
            "var": 620.873168945
        },
        "barkbands_skewness": {
            "dmean": 0.739810466766,
            "dmean2": 1.12896895409,
            "dvar": 0.713848650455,
            "dvar2": 1.48530995846,
            "max": 16.9985790253,
            "mean": 2.47508049011,
            "median": 2.38871598244,
            "min": -5.05318641663,
            "var": 3.38050985336
        },
        "barkbands_spread": {
            "dmean": 5.81285142899,
            "dmean2": 8.63374042511,
            "dvar": 102.147392273,
            "dvar2": 197.550857544,
            "max": 114.099708557,
            "mean": 15.8359050751,
            "median": 9.6066904068,
            "min": 0.21146582067,
            "var": 307.004211426
        },
        "dissonance": {
            "dmean": 0.0253636892885,
            "dmean2": 0.0402725860476,
            "dvar": 0.000708248000592,
            "dvar2": 0.00171054282691,
            "max": 0.500000119209,
            "mean": 0.435573488474,
            "median": 0.451851904392,
            "min": 0.133665069938,
            "var": 0.00323324487545
        },
        "dynamic_complexity": 3.79462838173,
        "erbbands": {
            "dmean": [
                0.163521468639,
                1.47129690647,
                5.94173192978,
                5.75244426727,
                8.01466369629,
                10.8017883301,
                9.37014293671,
                16.858133316,
                16.5198097229,
                18.4720153809,
                12.4643478394,
                13.478603363,
                10.4245090485,
                8.55975723267,
                8.13862705231,
                6.65971422195,
                8.63269138336,
                10.1199922562,
                11.405333519,
                13.2546024323,
                10.2438678741,
                6.08078813553,
                4.34182167053,
                5.30438756943,
                4.89098978043,
                3.8264272213,
                3.9107708931,
                6.63278579712,
                8.11074829102,
                4.01819944382,
                3.50076699257,
                1.6928858757,
                1.47499167919,
                1.10867881775,
                0.915994226933,
                0.33871743083,
                0.0434925295413,
                0.0192655976862,
                0.00153058965225,
                7.2714065027e-05
            ],
            "dmean2": [
                0.271858751774,
                2.36591434479,
                10.3835048676,
                9.94751739502,
                13.5877742767,
                17.2542171478,
                14.2694807053,
                25.0431747437,
                24.2463912964,
                27.2039699554,
                17.2777481079,
                18.8352508545,
                14.4517183304,
                12.7481517792,
                12.0772809982,
                9.59457206726,
                12.8360004425,
                14.6442184448,
                16.9821548462,
                19.5176773071,
                15.1650571823,
                9.07693767548,
                6.79982328415,
                8.20765018463,
                7.46215486526,
                5.90004825592,
                6.12647151947,
                10.053694725,
                12.0693206787,
                5.8218793869,
                5.2202129364,
                2.39262413979,
                2.09093379974,
                1.59716904163,
                1.33540630341,
                0.497949808836,
                0.0661410018802,
                0.0301167909056,
                0.00249383458868,
                0.00011759960762
            ],
            "dvar": [
                0.338762313128,
                10.0303602219,
                253.071060181,
                166.539901733,
                150.913146973,
                379.840454102,
                382.582580566,
                1104.16711426,
                1993.04650879,
                2536.16699219,
                1628.79199219,
                1782.29138184,
                2036.84973145,
                1369.08569336,
                578.81237793,
                678.907165527,
                806.413696289,
                1045.34240723,
                1155.1697998,
                1897.06848145,
                650.243530273,
                307.580078125,
                81.7515945435,
                326.247497559,
                234.899719238,
                120.00844574,
                115.273117065,
                362.250793457,
                675.741821289,
                198.331863403,
                116.429534912,
                81.5339584351,
                86.1158752441,
                52.7521705627,
                9.23695659637,
                1.1884957552,
                0.0277119409293,
                0.00475484551862,
                3.88064654544e-05,
                6.85040362214e-08
            ],
            "dvar2": [
                0.908408045769,
                22.5760116577,
                703.735839844,
                461.892028809,
                441.971038818,
                1038.4642334,
                811.308288574,
                2262.81005859,
                4072.19677734,
                5090.32763672,
                2733.42675781,
                2997.1550293,
                3663.68457031,
                2823.73901367,
                1181.39160156,
                1343.49389648,
                1597.36315918,
                1964.68151855,
                2417.85620117,
                3500.39550781,
                1232.86303711,
                603.264465332,
                191.976425171,
                738.56451416,
                485.223144531,
                276.350219727,
                265.50302124,
                777.193603516,
                1440.54406738,
                372.115325928,
                245.554595947,
                142.863632202,
                165.800567627,
                96.5902633667,
                18.995513916,
                2.55347919464,
                0.0574306249619,
                0.0112787019461,
                9.84103171504e-05,
                1.74507306383e-07
            ],
            "max": [
                7.26621484756,
                53.9724960327,
                174.305984497,
                145.193435669,
                187.053619385,
                290.627929688,
                446.995758057,
                569.963562012,
                889.22857666,
                1560.31884766,
                1324.97106934,
                1106.31567383,
                1607.39660645,
                1546.67041016,
                697.742675781,
                736.260437012,
                801.329956055,
                1129.71923828,
                942.053833008,
                1246.46716309,
                991.28692627,
                669.97052002,
                209.644927979,
                788.57409668,
                537.882995605,
                292.010620117,
                207.758117676,
                445.200012207,
                853.845458984,
                390.547363281,
                301.403106689,
                387.409301758,
                307.839080811,
                309.019317627,
                64.2599487305,
                16.0166912079,
                6.95161151886,
                1.0587515831,
                0.0942694991827,
                0.00447825016454
            ],
            "mean": [
                0.221551284194,
                2.81365227699,
                8.29006099701,
                8.61984443665,
                15.1415452957,
                20.2316989899,
                20.213968277,
                45.0011177063,
                33.6332359314,
                34.3400840759,
                26.4684524536,
                28.2113323212,
                19.8581142426,
                15.0968370438,
                14.5209932327,
                12.0387601852,
                14.444560051,
                17.4880619049,
                18.9454689026,
                25.4455165863,
                20.6528110504,
                10.5718173981,
                6.92790794373,
                7.05753707886,
                5.95279741287,
                4.59060811996,
                4.43950605392,
                8.29023170471,
                9.53733062744,
                5.25460767746,
                4.84501504898,
                2.1138689518,
                1.79899656773,
                1.29935240746,
                1.24383997917,
                0.488583624363,
                0.0493348389864,
                0.0221878439188,
                0.001428580028,
                0.000100227138319
            ],
            "median": [
                0.128350406885,
                1.44030666351,
                4.34733581543,
                5.3559885025,
                10.8526496887,
                8.91821193695,
                7.85828399658,
                9.98282146454,
                9.64212226868,
                8.10830116272,
                4.72622394562,
                3.93904495239,
                2.82769060135,
                3.48234415054,
                2.75008487701,
                1.46456933022,
                2.12341117859,
                2.39619255066,
                4.52544116974,
                4.68454456329,
                5.10763216019,
                2.769135952,
                3.00137615204,
                1.79549193382,
                0.991317272186,
                0.915889501572,
                0.824032187462,
                1.33875203133,
                1.28209877014,
                0.870250821114,
                0.529958367348,
                0.221841275692,
                0.165955066681,
                0.134554386139,
                0.0710215270519,
                0.0269758626819,
                0.00617106817663,
                0.00112742383499,
                8.34051315906e-05,
                5.40069377166e-05
            ],
            "min": [
                3.85992543933e-23,
                2.52650665682e-22,
                9.25102762377e-22,
                7.20335292261e-21,
                1.43809970072e-20,
                2.23129805349e-20,
                6.06613096086e-20,
                4.7045768092e-20,
                8.58350910609e-20,
                1.64243147122e-19,
                1.94881593893e-19,
                3.14517462594e-19,
                3.86413545745e-19,
                5.11938720688e-19,
                8.22074219837e-19,
                9.07810146159e-19,
                1.74294172216e-18,
                2.01992707938e-18,
                2.21738294981e-18,
                3.19783826871e-18,
                3.66030771136e-18,
                4.08182613022e-18,
                5.1461887893e-18,
                5.31165510391e-18,
                6.13072272901e-18,
                4.60002335112e-18,
                9.0708692147e-18,
                1.01504069157e-17,
                1.08133392371e-17,
                1.03544963611e-17,
                1.09629795186e-17,
                1.01840235358e-17,
                9.76776557205e-18,
                8.66848637854e-18,
                5.77901256359e-18,
                4.1678454693e-18,
                2.24077665151e-18,
                9.62381008928e-19,
                2.56086897539e-19,
                2.58278955243e-20
            ],
            "var": [
                0.27183765173,
                15.4873323441,
                205.449569702,
                154.145187378,
                250.213241577,
                761.750854492,
                1166.03833008,
                6841.13037109,
                6199.81054688,
                7070.38037109,
                7313.03808594,
                6561.796875,
                5952.16650391,
                3701.15356445,
                1773.83959961,
                2151.51098633,
                2026.70068359,
                3339.8269043,
                2688.82641602,
                6317.03173828,
                2944.25,
                689.221008301,
                131.318740845,
                424.461364746,
                369.363708496,
                161.907745361,
                135.57371521,
                492.229217529,
                906.360961914,
                348.339050293,
                191.674072266,
                160.96282959,
                135.227828979,
                81.3161392212,
                13.4642658234,
                1.79677391052,
                0.0366711243987,
                0.00519213592634,
                3.27824054693e-05,
                5.69051046284e-08
            ]
        },
        "erbbands_crest": {
            "dmean": 2.72756481171,
            "dmean2": 4.26655578613,
            "dvar": 6.97104072571,
            "dvar2": 15.944852829,
            "max": 31.464006424,
            "mean": 11.029967308,
            "median": 9.94031715393,
            "min": 2.4341776371,
            "var": 29.3858718872
        },
        "erbbands_flatness_db": {
            "dmean": 0.0223764348775,
            "dmean2": 0.030354404822,
            "dvar": 0.000494411564432,
            "dvar2": 0.00088501884602,
            "max": 0.404610931873,
            "mean": 0.167344033718,
            "median": 0.160153001547,
            "min": 0.0533589236438,
            "var": 0.00380246154964
        },
        "erbbands_kurtosis": {
            "dmean": 1.95999383926,
            "dmean2": 2.92096376419,
            "dvar": 18.9038314819,
            "dvar2": 37.7862129211,
            "max": 161.652236938,
            "mean": 2.44750881195,
            "median": 0.264144122601,
            "min": -1.85632205009,
            "var": 58.4311027527
        },
        "erbbands_skewness": {
            "dmean": 0.489484101534,
            "dmean2": 0.712069571018,
            "dvar": 0.285016864538,
            "dvar2": 0.558238863945,
            "max": 11.4529123306,
            "mean": 0.852228105068,
            "median": 0.803734660149,
            "min": -4.86476421356,
            "var": 1.54796040058
        },
        "erbbands_spread": {
            "dmean": 11.4794101715,
            "dmean2": 17.0803947449,
            "dvar": 195.080459595,
            "dvar2": 428.365753174,
            "max": 192.34727478,
            "mean": 43.6521453857,
            "median": 38.3147354126,
            "min": 1.53333985806,
            "var": 765.314758301
        },
        "gfcc": {
            "cov": [
                [
                    30867.1640625,
                    619.311462402,
                    -2181.41040039,
                    59.4346618652,
                    -1673.76525879,
                    575.414978027,
                    -958.148132324,
                    322.056427002,
                    -70.837638855,
                    589.711364746,
                    -575.907287598,
                    341.082183838,
                    -288.507965088
                ],
                [
                    619.311462402,
                    2571.91918945,
                    -284.52835083,
                    -253.304733276,
                    344.82019043,
                    -292.831115723,
                    55.896484375,
                    14.9035739899,
                    118.338615417,
                    -212.527832031,
                    262.037506104,
                    -190.695449829,
                    209.480148315
                ],
                [
                    -2181.41040039,
                    -284.52835083,
                    954.88458252,
                    200.293365479,
                    106.449150085,
                    8.21962070465,
                    34.4858398438,
                    3.99627423286,
                    -17.3909034729,
                    -17.0952453613,
                    31.3631038666,
                    75.3450775146,
                    19.0536766052
                ],
                [
                    59.4346618652,
                    -253.304733276,
                    200.293365479,
                    749.79473877,
                    178.430465698,
                    14.6346950531,
                    -34.2649345398,
                    21.0699691772,
                    -12.2052669525,
                    -80.7870788574,
                    5.92684698105,
                    -52.8711433411,
                    -47.0032157898
                ],
                [
                    -1673.76525879,
                    344.82019043,
                    106.449150085,
                    178.430465698,
                    459.143493652,
                    -49.9628143311,
                    49.5726280212,
                    -6.22841501236,
                    49.8187828064,
                    -73.7673950195,
                    60.1291732788,
                    -91.2287521362,
                    15.1098775864
                ],
                [
                    575.414978027,
                    -292.831115723,
                    8.21962070465,
                    14.6346950531,
                    -49.9628143311,
                    253.39151001,
                    43.0832633972,
                    6.17941141129,
                    -6.67876005173,
                    45.6627082825,
                    -40.029083252,
                    29.3753185272,
                    -38.8574790955
                ],
                [
                    -958.148132324,
                    55.896484375,
                    34.4858398438,
                    -34.2649345398,
                    49.5726280212,
                    43.0832633972,
                    325.362640381,
                    24.9984512329,
                    -53.7135276794,
                    -38.5009155273,
                    26.9368133545,
                    -6.10410737991,
                    3.99153447151
                ],
                [
                    322.056427002,
                    14.9035739899,
                    3.99627423286,
                    21.0699691772,
                    -6.22841501236,
                    6.17941141129,
                    24.9984512329,
                    112.683609009,
                    27.9985637665,
                    -0.48527559638,
                    11.0974464417,
                    -4.56363153458,
                    -2.49016714096
                ],
                [
                    -70.837638855,
                    118.338615417,
                    -17.3909034729,
                    -12.2052669525,
                    49.8187828064,
                    -6.67876005173,
                    -53.7135276794,
                    27.9985637665,
                    163.023040771,
                    42.9560585022,
                    0.591663897038,
                    -21.0508766174,
                    24.555109024
                ],
                [
                    589.711364746,
                    -212.527832031,
                    -17.0952453613,
                    -80.7870788574,
                    -73.7673950195,
                    45.6627082825,
                    -38.5009155273,
                    -0.48527559638,
                    42.9560585022,
                    149.99597168,
                    -36.3739738464,
                    22.6141719818,
                    -23.7690048218
                ],
                [
                    -575.907287598,
                    262.037506104,
                    31.3631038666,
                    5.92684698105,
                    60.1291732788,
                    -40.029083252,
                    26.9368133545,
                    11.0974464417,
                    0.591663897038,
                    -36.3739738464,
                    146.151123047,
                    -23.5900535583,
                    39.7819366455
                ],
                [
                    341.082183838,
                    -190.695449829,
                    75.3450775146,
                    -52.8711433411,
                    -91.2287521362,
                    29.3753185272,
                    -6.10410737991,
                    -4.56363153458,
                    -21.0508766174,
                    22.6141719818,
                    -23.5900535583,
                    136.909515381,
                    7.28278207779
                ],
                [
                    -288.507965088,
                    209.480148315,
                    19.0536766052,
                    -47.0032157898,
                    15.1098775864,
                    -38.8574790955,
                    3.99153447151,
                    -2.49016714096,
                    24.555109024,
                    -23.7690048218,
                    39.7819366455,
                    7.28278207779,
                    113.981399536
                ]
            ],
            "icov": [
                [
                    0.000113424619485,
                    -0.00025098703918,
                    0.000206220865948,
                    -0.000268599222181,
                    0.000337964942446,
                    -0.00028327878681,
                    0.000301547668641,
                    -0.000422742043156,
                    0.000359414611012,
                    -0.000524647068232,
                    0.000394870789023,
                    -0.000361554411938,
                    0.000140413816553
                ],
                [
                    -0.00025098703918,
                    0.00135332148056,
                    -0.000259651307715,
                    0.000967527623288,
                    -0.00108317914419,
                    0.00101115962025,
                    -0.000680455123074,
                    0.000916495511774,
                    -0.00125445541926,
                    0.00198919209652,
                    -0.00163894344587,
                    0.00133636884857,
                    -0.00097623950569
                ],
                [
                    0.000206220865948,
                    -0.000259651307715,
                    0.00168668781407,
                    -0.000764958793297,
                    0.000170988409081,
                    -0.000392844463931,
                    0.000424635218224,
                    -0.000806252646726,
                    0.000691245601047,
                    -0.00100187782664,
                    0.000283984467387,
                    -0.00158044730779,
                    -0.000143276280141
                ],
                [
                    -0.000268599222181,
                    0.000967527623288,
                    -0.000764958793297,
                    0.00259870663285,
                    -0.00148898910265,
                    0.000505797856022,
                    -0.000202462702873,
                    0.000522721151356,
                    -0.000874723715242,
                    0.00256334757432,
                    -0.00112691696268,
                    0.00158925761934,
                    0.000144568723044
                ],
                [
                    0.000337964942446,
                    -0.00108317914419,
                    0.000170988409081,
                    -0.00148898910265,
                    0.00449257157743,
                    -0.000710346270353,
                    0.000213530875044,
                    -0.000274174264632,
                    -0.000357088341843,
                    -0.000752622261643,
                    0.000834795820992,
                    0.000288638926577,
                    0.000962549413089
                ],
                [
                    -0.00028327878681,
                    0.00101115962025,
                    -0.000392844463931,
                    0.000505797856022,
                    -0.000710346270353,
                    0.00565880071372,
                    -0.00173240853474,
                    0.00104850251228,
                    -0.0012965737842,
                    0.000467318837764,
                    -0.000712352222763,
                    0.000374926574295,
                    0.00040719404933
                ],
                [
                    0.000301547668641,
                    -0.000680455123074,
                    0.000424635218224,
                    -0.000202462702873,
                    0.000213530875044,
                    -0.00173240853474,
                    0.00464617554098,
                    -0.00241587311029,
                    0.00257570506074,
                    -0.000831339857541,
                    0.000733876368031,
                    -0.000715073023457,
                    8.62823362695e-05
                ],
                [
                    -0.000422742043156,
                    0.000916495511774,
                    -0.000806252646726,
                    0.000522721151356,
                    -0.000274174264632,
                    0.00104850251228,
                    -0.00241587311029,
                    0.0117100486532,
                    -0.00416115671396,
                    0.00259224674664,
                    -0.00247344421223,
                    0.00132705329452,
                    0.000545650837012
                ],
                [
                    0.000359414611012,
                    -0.00125445541926,
                    0.000691245601047,
                    -0.000874723715242,
                    -0.000357088341843,
                    -0.0012965737842,
                    0.00257570506074,
                    -0.00416115671396,
                    0.0105153406039,
                    -0.0054432968609,
                    0.0022833282128,
                    -0.000328078138409,
                    -0.00201322417706
                ],
                [
                    -0.000524647068232,
                    0.00198919209652,
                    -0.00100187782664,
                    0.00256334757432,
                    -0.000752622261643,
                    0.000467318837764,
                    -0.000831339857541,
                    0.00259224674664,
                    -0.0054432968609,
                    0.0131158055738,
                    -0.00185047311243,
                    0.00168948224746,
                    0.00103122007567
                ],
                [
                    0.000394870789023,
                    -0.00163894344587,
                    0.000283984467387,
                    -0.00112691696268,
                    0.000834795820992,
                    -0.000712352222763,
                    0.000733876368031,
                    -0.00247344421223,
                    0.0022833282128,
                    -0.00185047311243,
                    0.0106724565849,
                    -0.000623397645541,
                    -0.00149669020902
                ],
                [
                    -0.000361554411938,
                    0.00133636884857,
                    -0.00158044730779,
                    0.00158925761934,
                    0.000288638926577,
                    0.000374926574295,
                    -0.000715073023457,
                    0.00132705329452,
                    -0.000328078138409,
                    0.00168948224746,
                    -0.000623397645541,
                    0.0113643482327,
                    -0.00239359308034
                ],
                [
                    0.000140413816553,
                    -0.00097623950569,
                    -0.000143276280141,
                    0.000144568723044,
                    0.000962549413089,
                    0.00040719404933,
                    8.62823362695e-05,
                    0.000545650837012,
                    -0.00201322417706,
                    0.00103122007567,
                    -0.00149669020902,
                    -0.00239359308034,
                    0.0123507045209
                ]
            ],
            "mean": [
                -51.0425491333,
                106.238693237,
                -76.2613754272,
                39.6112861633,
                -46.3978271484,
                8.10010623932,
                -41.0604248047,
                2.71976161003,
                -15.8279848099,
                3.15528154373,
                -20.6875267029,
                2.54141259193,
                -8.8861207962
            ]
        },
        "hfc": {
            "dmean": 7.93143224716,
            "dmean2": 11.3779811859,
            "dvar": 282.212219238,
            "dvar2": 543.17578125,
            "max": 273.945922852,
            "mean": 19.8100566864,
            "median": 13.4504165649,
            "min": 1.00141820148e-16,
            "var": 579.17388916
        },
        "melbands": {
            "dmean": [
                0.00155180785805,
                0.00264236796647,
                0.00106688763481,
                0.000656011921819,
                0.000357513403287,
                0.000355649390258,
                0.000239676199271,
                0.000206531956792,
                9.4730858109e-05,
                8.42911977088e-05,
                5.26012991031e-05,
                3.54726289515e-05,
                2.85401274596e-05,
                1.98223169718e-05,
                1.90051432583e-05,
                1.91149392776e-05,
                2.06636941584e-05,
                1.87088353414e-05,
                1.86187171494e-05,
                1.97344979824e-05,
                1.24182097352e-05,
                7.7657705333e-06,
                4.18129502577e-06,
                3.98815654989e-06,
                4.51342793895e-06,
                3.91278445022e-06,
                3.23849030792e-06,
