{
    "lowlevel": {
        "average_loudness": 0.622552931309,
        "barkbands": {
            "dmean": [
                0.000597212754656,
                0.00958363525569,
                0.00163041590713,
                0.0011612996459,
                0.0017439420335,
                0.000706676859409,
                0.000364263425581,
                0.000593338685576,
                0.00076805963181,
                0.000866964110173,
                0.000564362620935,
                0.000533388287295,
                0.000453458633274,
                0.000319860380841,
                0.000297196878819,
                0.000270850665402,
                0.000217074863031,
                0.000172240514075,
                0.000108369822556,
                9.06018394744e-05,
                5.20394096384e-05,
                4.0473179979e-05,
                4.46284757345e-05,
                4.49261133326e-05,
                2.82769869955e-05,
                4.98995086673e-06,
                2.6843056844e-07
            ],
            "dmean2": [
                0.000981953227893,
                0.0138323353603,
                0.00282579963095,
                0.00204587262124,
                0.00302555132657,
                0.00116312201135,
                0.000599948107265,
                0.000931809830945,
                0.00122213503346,
                0.00136367348023,
                0.000890640600119,
                0.000835509737954,
                0.000712253910024,
                0.00049141299678,
                0.000465731194708,
                0.000428451341577,
                0.00034043303458,
                0.000265602080617,
                0.000165137636941,
                0.000136374001158,
                7.75191219873e-05,
                5.7962606661e-05,
                6.7377317464e-05,
                6.65656843921e-05,
                4.4076838094e-05,
                7.95065625425e-06,
                4.37061942193e-07
            ],
            "dvar": [
                1.36340588597e-06,
                0.000326795125147,
                1.88576323126e-05,
                1.1230263226e-05,
                2.08866840694e-05,
                2.51511096394e-06,
                9.35028197091e-07,
                2.52978975368e-06,
                5.51875655219e-06,
                6.03826356382e-06,
                2.22715175369e-06,
                2.21320829041e-06,
                1.66075358266e-06,
                7.44521116758e-07,
                7.63561445183e-07,
                6.72282453706e-07,
                3.06661547711e-07,
                2.10368796161e-07,
                5.53715580054e-08,
                4.01175626052e-08,
                1.60545674532e-08,
                9.74121672215e-09,
                1.30358577266e-08,
                2.3725878151e-08,
                1.63603104397e-08,
                4.05985162155e-10,
                8.63256894353e-13
            ],
            "dvar2": [
                3.5327320802e-06,
                0.000660649850033,
                4.98737354064e-05,
                2.8994094464e-05,
                5.59146246815e-05,
                6.47867955195e-06,
                2.27448572332e-06,
                6.07283527643e-06,
                1.348184378e-05,
                1.48171002365e-05,
                5.45662805962e-06,
                5.23902417626e-06,
                3.78943195756e-06,
                1.6563084273e-06,
                1.81766722562e-06,
                1.552483468e-06,
                7.228911727e-07,
                4.52055815003e-07,
                1.22281448967e-07,
                8.59513846763e-08,
                3.45106876409e-08,
                2.04003693938e-08,
                2.98325382175e-08,
                4.72193875112e-08,
                3.92062631249e-08,
                9.44032740868e-10,
                2.11924661847e-12
            ],
            "max": [
                0.0210760328919,
                0.200740605593,
                0.0529406964779,
                0.0644409954548,
                0.0798768177629,
                0.0370806492865,
                0.0248376615345,
                0.0394577383995,
                0.049463018775,
                0.059249766171,
                0.0439223870635,
                0.0289084911346,
                0.0298941042274,
                0.0281412694603,
                0.0236585065722,
                0.0286645106971,
                0.0162452794611,
                0.0171926114708,
                0.00639069126919,
                0.00536357192323,
                0.00205086730421,
                0.00131808733568,
                0.00251003098674,
                0.00491832988337,
                0.00658281566575,
                0.00092537375167,
                3.2117273804e-05
            ],
            "mean": [
                0.00103061855771,
                0.0159271880984,
                0.00151501898654,
                0.00106958043762,
                0.0019559180364,
                0.00120265653823,
                0.000548664655071,
                0.000908450456336,
                0.00115976319648,
                0.00139398197643,
                0.000849329459015,
                0.000880775449332,
                0.000735612993594,
                0.000546061492059,
                0.00046631396981,
                0.000398028641939,
                0.000359965109965,
                0.000293178367428,
                0.000204896103241,
                0.000162051757798,
                8.12634389149e-05,
                6.05973218626e-05,
                6.33955496596e-05,
                7.16620488674e-05,
                3.78964177798e-05,
                6.57245846014e-06,
                2.4535194143e-07
            ],
            "median": [
                0.000208878831472,
                0.00253614038229,
                0.000168217666214,
                0.000142572156619,
                0.00044067914132,
                0.000419577641878,
                0.000181317416718,
                0.000210237674764,
                0.00018997535517,
                0.000245463685133,
                0.00012220737699,
                0.000144063669723,
                0.000107276937342,
                0.000107331987238,
                8.0134588643e-05,
                4.87956822326e-05,
                6.20388018433e-05,
                5.97523103352e-05,
                5.81144449825e-05,
                4.49548097095e-05,
                1.78189475264e-05,
                1.17583185784e-05,
                9.88679403235e-06,
                8.17414183985e-06,
                3.9971255319e-06,
                1.31899446387e-06,
                3.63149554872e-09
            ],
            "min": [
                2.75243825023e-25,
                4.59765687718e-24,
                7.46175296513e-25,
                1.0193268159e-24,
                1.08543040153e-23,
                8.03272605098e-24,
                9.3710506648e-24,
                5.32941845236e-24,
                1.22729567573e-23,
                1.34552296957e-23,
                1.45470715643e-23,
                3.08070567655e-23,
                3.40722593373e-23,
                2.03922121721e-23,
                5.37061868529e-23,
                5.97768186173e-23,
                6.74709387465e-23,
                8.26671576388e-23,
                1.17010665221e-22,
                1.41193682208e-22,
                2.12311121023e-22,
                3.09846640651e-22,
                3.45831395434e-22,
                5.55020066155e-22,
                8.46350765587e-22,
                1.29554719866e-21,
                1.85628033433e-21
            ],
            "var": [
                3.27011548507e-06,
                0.00079850864131,
                1.58806924446e-05,
                1.03037527879e-05,
                2.07226585189e-05,
                4.3942436605e-06,
                1.25653036775e-06,
                4.1821749619e-06,
                9.43110990193e-06,
                1.0715807548e-05,
                4.22798484578e-06,
                4.61463378088e-06,
                3.67966549675e-06,
                1.54629515237e-06,
                1.47038190335e-06,
                1.19179935609e-06,
                7.27240262677e-07,
                4.83402459395e-07,
                1.25117182392e-07,
                9.13783537726e-08,
                2.58418957344e-08,
                1.64928994906e-08,
                2.3146709438e-08,
                6.42078603619e-08,
                2.3022163731e-08,
                5.36659716666e-10,
                8.81369738477e-13
            ]
        },
        "barkbands_crest": {
            "dmean": 3.3449947834,
            "dmean2": 5.30589962006,
            "dvar": 9.76672267914,
            "dvar2": 21.7346382141,
            "max": 26.663028717,
            "mean": 12.2906455994,
            "median": 11.0184593201,
            "min": 2.43428063393,
            "var": 30.9778652191
        },
        "barkbands_flatness_db": {
            "dmean": 0.0263134483248,
            "dmean2": 0.0392727293074,
            "dvar": 0.000603893306106,
            "dvar2": 0.00118860928342,
            "max": 0.493345379829,
            "mean": 0.167432591319,
            "median": 0.160893842578,
            "min": 0.01611530222,
            "var": 0.00340731139295
        },
        "barkbands_kurtosis": {
            "dmean": 5.0472946167,
            "dmean2": 7.68389701843,
            "dvar": 223.263290405,
            "dvar2": 499.269012451,
            "max": 1163.13842773,
            "mean": 7.66179466248,
            "median": 2.62407445908,
            "min": -1.95736336708,
            "var": 369.252960205
        },
        "barkbands_skewness": {
            "dmean": 0.723841071129,
            "dmean2": 1.06406199932,
            "dvar": 0.668658733368,
            "dvar2": 1.3131570816,
            "max": 30.4878196716,
            "mean": 1.83663368225,
            "median": 1.55571174622,
            "min": -6.56569480896,
            "var": 3.33163046837
        },
        "barkbands_spread": {
            "dmean": 5.13963699341,
            "dmean2": 8.00846099854,
            "dvar": 41.0132637024,
            "dvar2": 89.7011566162,
            "max": 113.070396423,
            "mean": 17.9452915192,
            "median": 16.5005931854,
            "min": 0.237729370594,
            "var": 131.541671753
        },
        "dissonance": {
            "dmean": 0.0202057641,
            "dmean2": 0.0344212315977,
            "dvar": 0.000456295907497,
            "dvar2": 0.00127322925255,
            "max": 0.500000059605,
            "mean": 0.464874744415,
            "median": 0.474000364542,
            "min": 0.11200837791,
            "var": 0.0009951897664
        },
        "dynamic_complexity": 7.69409799576,
        "erbbands": {
            "dmean": [
                0.390837073326,
                1.84866225719,
                1.90282034874,
                2.68919968605,
                4.98846578598,
                6.23742580414,
                5.61302852631,
                6.0926527977,
                5.61887216568,
                8.72837257385,
                12.1643619537,
                18.6523303986,
                24.1935997009,
                21.4207992554,
                24.1181945801,
                24.0319442749,
                21.2595939636,
                16.6460552216,
                14.3998508453,
                14.3987693787,
                13.5723657608,
                10.1362218857,
                9.76919269562,
                5.84941053391,
                5.68914222717,
                4.43520212173,
                2.3873026371,
                1.88299024105,
                1.57711982727,
                1.48209321499,
                1.19228971004,
                0.881246507168,
                0.824170589447,
                0.441011995077,
                0.148492068052,
                0.0328569598496,
                0.00827600061893,
                0.00109828112181,
                3.3236679883e-05,
                1.34591182359e-05
            ],
            "dmean2": [
                0.571171820164,
                2.63681435585,
                3.07848167419,
                4.60548305511,
                8.80301952362,
                10.746591568,
                9.51892375946,
                10.0156478882,
                9.15830612183,
                13.9971380234,
                19.0932312012,
                29.4095077515,
                38.0226249695,
                33.5187454224,
                37.9179458618,
                37.2305488586,
                33.0750923157,
                25.6032600403,
                22.1652812958,
                22.742729187,
                21.3761787415,
                15.5492897034,
                14.8885068893,
                8.9691324234,
                8.64931964874,
                6.67628383636,
                3.61752080917,
                2.7743434906,
                2.30221176147,
                2.22910642624,
                1.82954859734,
                1.33540809155,
                1.25011146069,
                0.692651391029,
                0.238854944706,
                0.0528828576207,
                0.0132842436433,
                0.00170927646104,
                5.09960991621e-05,
                1.94002259377e-05
            ],
            "dvar": [
                0.516146361828,
                13.9797925949,
                22.6815681458,
                48.2667198181,
                208.029922485,
                320.572753906,
                176.732833862,
                234.834350586,
                246.494613647,
                538.528198242,
                1255.70410156,
                3460.05712891,
                5638.02880859,
                4725.17285156,
                4071.74121094,
                4437.08349609,
                3600.42431641,
                2002.87268066,
                1852.54833984,
                1693.7824707,
                2186.65966797,
                650.107971191,
                680.521362305,
                204.454528809,
                148.751663208,
                99.5173797607,
                32.2062454224,
                21.0364208221,
                16.3585987091,
                15.0800571442,
                9.08272838593,
                7.89542007446,
                9.05833721161,
                3.87358689308,
                0.550353467464,
                0.0222401209176,
                0.00114346947521,
                1.79589696927e-05,
                1.27846266906e-08,
                4.129043496e-10
            ],
            "dvar2": [
                1.0716868639,
                29.2311477661,
                56.032749176,
                123.848457336,
                573.000183105,
                814.81048584,
                473.568389893,
                606.891723633,
                605.063171387,
                1285.52270508,
                3022.02392578,
                8395.31054688,
                14032.5205078,
                10807.9599609,
                10078.6699219,
                10472.3466797,
                8209.171875,
                4482.79980469,
                4379.40478516,
                3894.62939453,
                5059.70019531,
                1473.48022461,
                1395.87670898,
                440.250610352,
                335.040985107,
                214.691482544,
                71.4149017334,
                44.1646728516,
                35.7089920044,
                34.8955230713,
                20.9428024292,
                16.986661911,
                18.54621315,
                9.27880954742,
                1.39486312866,
                0.0515578873456,
                0.00281352037564,
                4.49478829978e-05,
                3.10743537568e-08,
                8.26098134343e-10
            ],
            "max": [
                7.90476942062,
                40.8168792725,
                62.2403640747,
                124.689727783,
                260.594665527,
                381.349121094,
                372.949615479,
                348.71005249,
                441.683929443,
                651.10369873,
                912.945556641,
                1506.66333008,
                1639.86669922,
                2514.26513672,
                2021.34411621,
                1497.21887207,
                1331.91040039,
                1664.67712402,
                1341.73168945,
                1229.43066406,
                1889.66015625,
                666.099060059,
                1065.56079102,
                702.217773438,
                288.37890625,
                287.57925415,
                104.787353516,
                61.54920578,
                57.2395706177,
                56.9532012939,
                62.2912368774,
                111.915687561,
                79.4731903076,
                104.967208862,
                30.5836257935,
                7.6242980957,
                1.92361474037,
                0.310683637857,
                0.00620558392256,
                0.000249144883128
            ],
            "mean": [
                0.648476362228,
                2.79979729652,
                2.24914002419,
                2.73672366142,
                5.02510452271,
                6.8091711998,
                7.67177629471,
                10.0781288147,
                8.9477891922,
                13.7922849655,
                19.3722877502,
                29.7865695953,
                38.8639183044,
                34.3938407898,
                39.2775306702,
                43.292098999,
                37.1070899963,
                30.4906215668,
                25.2516670227,
                23.0930175781,
                21.1506538391,
                18.1695404053,
                17.7209777832,
                11.0516834259,
                10.6972751617,
                8.00905799866,
                3.94317865372,
                2.95503854752,
                2.26928973198,
                1.9929318428,
                1.71458816528,
                1.35709059238,
                1.24994540215,
                0.583694458008,
                0.190696418285,
                0.042200949043,
                0.0105640422553,
                0.00136012083385,
                5.36905608897e-05,
                3.83885999327e-05
            ],
            "median": [
                0.104639038444,
                0.387541949749,
                0.346092283726,
                0.469297021627,
                0.801772594452,
                1.38245129585,
                2.55116701126,
                3.28968000412,
                2.8733625412,
                4.33020305634,
                4.59899997711,
                5.63494920731,
                9.19639205933,
                6.00065898895,
                7.91923570633,
                8.28689193726,
                6.91139984131,
                7.53310823441,
                5.96816921234,
                4.18108034134,
                3.05396270752,
                3.43109631538,
                3.60332775116,
                3.09016942978,
                2.89662981033,
                2.30286312103,
                1.0186393261,
                0.586524248123,
                0.425900578499,
                0.354648768902,
                0.257492750883,
                0.168841302395,
                0.127352356911,
                0.0521848127246,
                0.0207031480968,
                0.00666555343196,
                0.00213345279917,
                0.000229831290198,
                2.25315397984e-05,
                2.42962487391e-05
            ],
            "min": [
                1.08149460092e-22,
                5.05859567206e-22,
                1.89628974385e-21,
                5.88635092876e-21,
                1.15995682701e-20,
                3.27644592733e-20,
                6.24095041345e-20,
                6.14122732825e-20,
                6.73968216168e-20,
                2.04040732171e-19,
                2.4552111278e-19,
                2.47843060458e-19,
                5.50677139737e-19,
                4.85753077627e-19,
                5.3873787327e-19,
                1.59014285146e-18,
                1.59865050745e-18,
                1.61888107049e-18,
                2.36632612488e-18,
                3.13606131864e-18,
                3.58897868637e-18,
                4.29668133125e-18,
                4.99607949636e-18,
                5.70329534545e-18,
                7.82958709825e-18,
                7.39815698771e-18,
                9.13947061162e-18,
                1.00393107692e-17,
                9.80292901989e-18,
                1.15506913439e-17,
                1.03788394593e-17,
                1.07722879177e-17,
                8.98165613128e-18,
                8.60963578668e-18,
                6.56915161472e-18,
                4.25613293762e-18,
                2.24940642005e-18,
                9.1071778941e-19,
                2.30077056207e-19,
                2.86254639768e-20
            ],
            "var": [
                1.32757389545,
                28.3950920105,
                25.452249527,
                44.9445228577,
                196.349334717,
                333.95904541,
                210.856170654,
                359.372589111,
                345.74887085,
                933.217102051,
                2029.4654541,
                6242.82373047,
                8176.86083984,
                9172.32421875,
                7747.74023438,
                10359.2880859,
                8409.46484375,
                4262.80126953,
                4174.37939453,
                3006.8840332,
                3760.78833008,
                1685.54272461,
                1792.01879883,
                453.864593506,
                340.126831055,
                224.676742554,
                52.1334266663,
                35.8513870239,
                24.6572418213,
                21.4413661957,
                17.4749469757,
                20.4075069427,
                21.2941741943,
                5.64940357208,
                0.634063243866,
                0.0282666925341,
                0.00134452222846,
                2.00038703042e-05,
                1.61559832179e-08,
                1.8927526213e-09
            ]
        },
        "erbbands_crest": {
            "dmean": 2.70557904243,
            "dmean2": 4.35086870193,
            "dvar": 7.33323717117,
            "dvar2": 18.1403102875,
            "max": 31.8932056427,
            "mean": 9.2676076889,
            "median": 7.95931100845,
            "min": 1.89960801601,
            "var": 25.5316066742
        },
        "erbbands_flatness_db": {
            "dmean": 0.0176026131958,
            "dmean2": 0.0251387916505,
            "dvar": 0.000309829047183,
            "dvar2": 0.000564026704524,
            "max": 0.462326258421,
            "mean": 0.168288260698,
            "median": 0.157672822475,
            "min": 0.0437474660575,
            "var": 0.00360694224946
        },
        "erbbands_kurtosis": {
            "dmean": 1.03278768063,
            "dmean2": 1.61786687374,
            "dvar": 3.12607216835,
            "dvar2": 6.98289012909,
            "max": 66.2937545776,
            "mean": 0.924739658833,
            "median": 0.113711886108,
            "min": -1.83485758305,
            "var": 7.62229156494
        },
        "erbbands_skewness": {
            "dmean": 0.362034261227,
            "dmean2": 0.555546104908,
            "dvar": 0.134951099753,
            "dvar2": 0.287069499493,
            "max": 5.74432420731,
            "mean": 0.249547988176,
            "median": 0.249951049685,
            "min": -4.81360769272,
            "var": 0.580961406231
        },
        "erbbands_spread": {
            "dmean": 7.29523038864,
            "dmean2": 10.8580198288,
            "dvar": 73.4656906128,
            "dvar2": 152.767501831,
            "max": 156.620300293,
            "mean": 34.3035850525,
            "median": 31.8778095245,
            "min": 1.07491958141,
            "var": 402.129577637
        },
        "gfcc": {
            "cov": [
                [
                    26390.6035156,
                    605.705627441,
                    -1936.51733398,
                    777.588623047,
                    -304.627227783,
                    504.097930908,
                    125.802345276,
                    402.668548584,
                    8.53021335602,
                    221.327804565,
                    250.17666626,
                    306.908508301,
                    166.017150879
                ],
                [
                    605.705627441,
                    1566.92834473,
                    -23.3190670013,
                    32.7133979797,
                    502.233398438,
                    -159.597106934,
                    309.266540527,
                    -23.5650444031,
                    169.018371582,
                    62.8684959412,
                    107.997520447,
                    22.9264202118,
                    78.9995880127
                ],
                [
                    -1936.51733398,
                    -23.3190670013,
                    1201.21936035,
                    386.12411499,
                    125.402519226,
                    198.038528442,
                    13.9210805893,
                    21.8491344452,
                    80.9114151001,
                    79.153755188,
                    -59.5115623474,
                    70.7179946899,
                    -2.22852611542
                ],
                [
                    777.588623047,
                    32.7133979797,
                    386.12411499,
                    650.466308594,
                    141.434738159,
                    99.433555603,
                    50.0426216125,
                    28.0107517242,
                    147.424194336,
                    53.6438484192,
                    -47.0959014893,
                    79.8026733398,
                    60.3741760254
                ],
                [
                    -304.627227783,
                    502.233398438,
                    125.402519226,
                    141.434738159,
                    500.815093994,
                    13.9503765106,
                    251.838577271,
                    17.1028366089,
                    145.490982056,
                    104.995925903,
                    44.0004692078,
                    70.5080032349,
                    63.0435142517
                ],
                [
                    504.097930908,
                    -159.597106934,
                    198.038528442,
                    99.433555603,
                    13.9503765106,
                    315.02835083,
                    66.0643081665,
                    48.2766265869,
                    5.54814577103,
                    33.8108901978,
                    19.6477298737,
                    25.91680336,
                    -2.14592432976
                ],
                [
                    125.802345276,
                    309.266540527,
                    13.9210805893,
                    50.0426216125,
                    251.838577271,
                    66.0643081665,
                    348.130401611,
                    30.556388855,
                    105.028366089,
                    74.7246551514,
                    67.1576004028,
                    51.4631080627,
                    32.7782821655
                ],
                [
                    402.668548584,
                    -23.5650444031,
                    21.8491344452,
                    28.0107517242,
                    17.1028366089,
                    48.2766265869,
                    30.556388855,
                    153.242858887,
                    33.8627090454,
                    26.1593952179,
                    29.4192142487,
                    10.6033210754,
                    30.0960235596
                ],
                [
                    8.53021335602,
                    169.018371582,
                    80.9114151001,
                    147.424194336,
                    145.490982056,
                    5.54814577103,
                    105.028366089,
                    33.8627090454,
                    203.236221313,
                    62.8847808838,
                    33.2133369446,
                    35.7409133911,
                    51.0983200073
                ],
                [
                    221.327804565,
                    62.8684959412,
                    79.153755188,
                    53.6438484192,
                    104.995925903,
                    33.8108901978,
                    74.7246551514,
                    26.1593952179,
                    62.8847808838,
                    151.603546143,
                    25.5955657959,
                    40.8586349487,
                    23.1014671326
                ],
                [
                    250.17666626,
                    107.997520447,
                    -59.5115623474,
                    -47.0959014893,
                    44.0004692078,
                    19.6477298737,
                    67.1576004028,
                    29.4192142487,
                    33.2133369446,
                    25.5955657959,
                    135.293991089,
                    11.2746267319,
                    33.6572189331
                ],
                [
                    306.908508301,
                    22.9264202118,
                    70.7179946899,
                    79.8026733398,
                    70.5080032349,
                    25.91680336,
                    51.4631080627,
                    10.6033210754,
                    35.7409133911,
                    40.8586349487,
                    11.2746267319,
                    109.971862793,
                    22.2985992432
                ],
                [
                    166.017150879,
                    78.9995880127,
                    -2.22852611542,
                    60.3741760254,
                    63.0435142517,
                    -2.14592432976,
                    32.7782821655,
                    30.0960235596,
                    51.0983200073,
                    23.1014671326,
                    33.6572189331,
                    22.2985992432,
                    111.594833374
                ]
            ],
            "icov": [
                [
                    7.53493368393e-05,
                    -0.000117385374324,
                    0.000220293746679,
                    -0.00021099341393,
                    0.000180495408131,
                    -0.000210165409953,
                    5.89525443502e-05,
                    -0.000158415510668,
                    0.000119896831166,
                    -0.000169221384567,
                    -3.45725529769e-05,
                    -0.000234836435993,
                    4.64333570562e-05
                ],
                [
                    -0.000117385374324,
                    0.00133227591868,
                    -0.000405848957598,
                    0.000360031874152,
                    -0.00125457509421,
                    0.00100566376932,
                    -0.000524202769157,
                    0.000492907594889,
                    -0.000322431209497,
                    0.00055651681032,
                    -0.000530418299604,
                    0.000805825868156,
                    -0.000190874226973
                ],
                [
                    0.000220293746679,
                    -0.000405848957598,
                    0.00182638899423,
                    -0.00113336811773,
                    0.000309264665702,
                    -0.00126467621885,
                    0.000558149069548,
                    -0.000449757091701,
                    0.000264027243247,
                    -0.00082315900363,
                    0.000267187569989,
                    -0.000912855495699,
                    0.000518866523635
                ],
                [
                    -0.00021099341393,
                    0.000360031874152,
                    -0.00113336811773,
                    0.00316941225901,
                    -0.000727150414605,
                    4.7242083383e-05,
                    0.000101869845821,
                    0.000489549420308,
                    -0.00189973542001,
                    0.000784674601164,
                    0.00139174761716,
                    -0.000294537312584,
                    -0.00108201953117
                ],
                [
                    0.000180495408131,
                    -0.00125457509421,
                    0.000309264665702,
                    -0.000727150414605,
                    0.00512431794778,
                    -0.000452929409221,
                    -0.00183517392725,
                    -0.000157272515935,
                    -0.000424004509114,
                    -0.00160506274551,
                    0.000587327987887,
                    -0.00140785297845,
                    -0.000672373571433
                ],
                [
                    -0.000210165409953,
                    0.00100566376932,
                    -0.00126467621885,
                    4.7242083383e-05,
                    -0.000452929409221,
                    0.00519174383953,
                    -0.00156247825362,
                    -0.000486211472889,
                    0.000594794459175,
                    0.000210326717934,
                    -0.00101150909904,
                    0.000765739183407,
                    0.000331870396622
                ],
                [
                    5.89525443502e-05,
                    -0.000524202769157,
                    0.000558149069548,
                    0.000101869845821,
                    -0.00183517392725,
                    -0.00156247825362,
                    0.00565134827048,
                    -0.000318916339893,
                    -0.00104810029734,
                    -0.000523330294527,
                    -0.00107474869583,
                    -0.00107392505743,
                    0.000799173431005
                ],
                [
                    -0.000158415510668,
                    0.000492907594889,
                    -0.000449757091701,
                    0.000489549420308,
                    -0.000157272515935,
                    -0.000486211472889,
                    -0.000318916339893,
                    0.00796470791101,
                    -0.00109982455615,
                    -0.00024869365734,
                    -0.000906639907043,
                    0.00075430952711,
                    -0.00168412632775
                ],
                [
                    0.000119896831166,
                    -0.000322431209497,
                    0.000264027243247,
                    -0.00189973542001,
                    -0.000424004509114,
                    0.000594794459175,
                    -0.00104810029734,
                    -0.00109982455615,
                    0.00852959509939,
                    -0.0017758787144,
                    -0.00114175258204,
                    -7.41478070267e-05,
                    -0.00124045368284
                ],
                [
                    -0.000169221384567,
                    0.00055651681032,
                    -0.00082315900363,
                    0.000784674601164,
                    -0.00160506274551,
                    0.000210326717934,
                    -0.000523330294527,
                    -0.00024869365734,
                    -0.0017758787144,
                    0.00932208262384,
                    -0.000605236447882,
                    -0.00123141892254,
                    -0.000139617972309
                ],
                [
                    -3.45725529769e-05,
                    -0.000530418299604,
                    0.000267187569989,
                    0.00139174761716,
                    0.000587327987887,
                    -0.00101150909904,
                    -0.00107474869583,
                    -0.000906639907043,
                    -0.00114175258204,
                    -0.000605236447882,
                    0.0102106640115,
                    -0.000477051798953,
                    -0.00244789430872
                ],
                [
                    -0.000234836435993,
                    0.000805825868156,
                    -0.000912855495699,
                    -0.000294537312584,
                    -0.00140785297845,
                    0.000765739183407,
                    -0.00107392505743,
                    0.00075430952711,
                    -7.41478070267e-05,
                    -0.00123141892254,
                    -0.000477051798953,
                    0.0123039186001,
                    -0.00118368829135
                ],
                [
                    4.64333570562e-05,
                    -0.000190874226973,
                    0.000518866523635,
                    -0.00108201953117,
                    -0.000672373571433,
                    0.000331870396622,
                    0.000799173431005,
                    -0.00168412632775,
                    -0.00124045368284,
                    -0.000139617972309,
                    -0.00244789430872,
                    -0.00118368829135,
                    0.0118001690134
                ]
            ],
            "mean": [
                -81.5191268921,
                107.074272156,
                -122.497901917,
                28.0404186249,
                -51.1286506653,
                19.2882671356,
                -30.4408016205,
                13.0126447678,
                -21.1259784698,
                2.6616153717,
                -7.77013635635,
                -0.420969456434,
                -6.25241518021
            ]
        },
        "hfc": {
            "dmean": 4.90670156479,
            "dmean2": 7.00937128067,
            "dvar": 70.3974456787,
            "dvar2": 137.463500977,
            "max": 120.180198669,
            "mean": 15.6958408356,
            "median": 9.94537258148,
            "min": 1.05592291875e-16,
            "var": 317.750274658
        },
        "melbands": {
            "dmean": [
                0.00299329916015,
                0.00128808419686,
                0.000518371525686,
                0.000407285406254,
                0.000210322104977,
                0.000135829061037,
                8.09688062873e-05,
                0.000104207589175,
                0.000104741797259,
                0.000116966737551,
                0.000121471784951,
                9.03148247744e-05,
                8.03985312814e-05,
                6.45223844913e-05,
                6.0082267737e-05,
                3.73192488041e-05,
                3.4315045923e-05,
                2.38483662542e-05,
                1.9467817765e-05,
                2.07400462386e-05,
                1.64637731359e-05,
                1.09091415652e-05,
                1.31997085191e-05,
                7.56977124183e-06,
                4.82305858895e-06,
                4.49483832199e-06,
