{
    "lowlevel": {
        "average_loudness": 0.659538388252,
        "barkbands": {
            "dmean": [
                0.000242274662014,
                0.0142414513975,
                0.00888013001531,
                0.00382009265013,
                0.00311183161102,
                0.00120362488087,
                0.000685148464981,
                0.000384127924917,
                0.000410948268836,
                0.000249736360274,
                0.000409242056776,
                0.000600010738708,
                0.000284994690446,
                0.000136900751386,
                4.43173739768e-05,
                4.18080708187e-05,
                4.09573913203e-05,
                6.00597159064e-05,
                6.29081187071e-05,
                6.53775496176e-05,
                6.95980706951e-05,
                9.19543599593e-05,
                7.99189438112e-05,
                4.71052226203e-05,
                2.48522628681e-05,
                2.17574452108e-05,
                4.43820090368e-06
            ],
            "dmean2": [
                0.000394925329601,
                0.0183487255126,
                0.0144683318213,
                0.00692255003378,
                0.00552598573267,
                0.00190898601431,
                0.0010732174851,
                0.000573154131416,
                0.000605953217018,
                0.000381627993193,
                0.000595674791839,
                0.000828411022667,
                0.000463542470243,
                0.000232940074056,
                7.47044323361e-05,
                6.84254337102e-05,
                6.62314923829e-05,
                0.000101464756881,
                0.000106169645733,
                0.000105060709757,
                0.000109407264972,
                0.000152370543219,
                0.000128192594275,
                7.27477163309e-05,
                3.86717001675e-05,
                3.5343975469e-05,
                7.5405005191e-06
            ],
            "dvar": [
                4.74301657505e-07,
                0.0017318977043,
                0.00102993799374,
                0.000154582536197,
                7.20712778275e-05,
                6.97716996001e-06,
                2.01208263206e-06,
                7.66599612234e-07,
                1.42185592722e-06,
                3.94684064986e-07,
                1.85594421964e-06,
                2.64256323135e-06,
                6.77192076637e-07,
                4.31784087596e-07,
                1.25908226067e-08,
                1.240061831e-08,
                1.12523501627e-08,
                5.73810510218e-08,
                4.5211901778e-08,
                4.5379088931e-08,
                6.26761149647e-08,
                2.03149468803e-07,
                1.21735382663e-07,
                2.07182111467e-08,
                4.24632551344e-09,
                5.54070300751e-09,
                3.04853781108e-10
            ],
            "dvar2": [
                1.39321457482e-06,
                0.00277621950954,
                0.00247917417437,
                0.0004403598723,
                0.00020675448468,
                1.63474142028e-05,
                4.75413571621e-06,
                1.68189717442e-06,
                2.75645834336e-06,
                9.07995570287e-07,
                3.60483795703e-06,
                3.94197559217e-06,
                1.50604182636e-06,
                1.06578352188e-06,
                3.43615589316e-08,
                3.30778782143e-08,
                2.77437077756e-08,
                1.56071294555e-07,
                1.19338949389e-07,
                1.06494702834e-07,
                1.4004933746e-07,
                5.47459592326e-07,
                3.0001029927e-07,
                4.96288699026e-08,
                9.86534676173e-09,
                1.42546827675e-08,
                8.16130829584e-10
            ],
            "max": [
                0.0160944871604,
                0.469458520412,
                0.275377362967,
                0.119523897767,
                0.145123645663,
                0.0376314669847,
                0.0233485270292,
                0.0187377557158,
                0.0335919596255,
                0.0160934310406,
                0.0440782569349,
                0.0362499728799,
                0.0230873394758,
                0.016724543646,
                0.00160027691163,
                0.00202154554427,
                0.00297985249199,
                0.00381834898144,
                0.00266321562231,
                0.00464103603736,
                0.0104367937893,
                0.00761768454686,
                0.0054903998971,
                0.00351655855775,
                0.00188434601296,
                0.000838068197481,
                0.000277324550552
            ],
            "mean": [
                0.000623370928224,
                0.0236577037722,
                0.00794526003301,
                0.00330060813576,
                0.00365048786625,
                0.00170360074844,
                0.00101369281765,
                0.000673098838888,
                0.000563992362004,
                0.000357468990842,
                0.000715698697604,
                0.000950540299527,
                0.000396314513637,
                0.00014448253205,
                5.38160275028e-05,
                5.50004115212e-05,
                5.91778734815e-05,
                6.83629768901e-05,
                8.55963735376e-05,
                0.000100514524092,
                0.000113722475362,
                0.000115313116112,
                9.81900811894e-05,
                6.38600104139e-05,
                3.2603758882e-05,
                1.95283319044e-05,
                3.30849275088e-06
            ],
            "median": [
                8.10482015368e-06,
                0.000185960321687,
                0.000270100019407,
                0.000568124174606,
                0.00157686998136,
                0.000687277992256,
                0.00038412673166,
                0.000173053165781,
                0.000101280704257,
                6.63034588797e-05,
                7.76348315412e-05,
                0.000140563177411,
                6.51055452181e-05,
                1.73294920387e-05,
                1.33857283799e-05,
                1.43968882185e-05,
                1.20987906485e-05,
                1.14543563541e-05,
                1.31601118483e-05,
                1.44386267493e-05,
                1.25449687403e-05,
                7.80816299084e-06,
                6.08330446994e-06,
                3.31506407747e-06,
                1.41780094509e-06,
                3.91179156622e-07,
                1.01265360541e-08
            ],
            "min": [
                3.12139391902e-25,
                3.92654568941e-24,
                4.12809767854e-24,
                8.99876511552e-25,
                2.15984735818e-23,
                8.56062151357e-24,
                1.92626564415e-23,
                1.13512745526e-23,
                2.76904976763e-23,
                2.5532767463e-23,
                1.74270670451e-23,
                5.00645934996e-23,
                5.92119626548e-23,
                4.62211716615e-23,
                5.76233924292e-23,
                4.12111949386e-23,
                7.78267576115e-23,
                9.20642075813e-23,
                1.23375598901e-22,
                1.73936079832e-22,
                2.47644869922e-22,
                3.80553821308e-22,
                4.27328400982e-22,
                5.59128251801e-22,
                1.00633115132e-21,
                1.44620201156e-21,
                2.19720415665e-21
            ],
            "var": [
                1.93597566067e-06,
                0.00345093640499,
                0.000883335131221,
                9.64937862591e-05,
                5.03765368194e-05,
                8.95993434824e-06,
                2.95374115922e-06,
                1.63217396221e-06,
                2.56613907368e-06,
                6.71078566938e-07,
                5.40054224984e-06,
                7.61199135013e-06,
                1.38946768402e-06,
                4.47941744142e-07,
                1.31071891118e-08,
                1.40590108444e-08,
                1.85474409164e-08,
                4.33937437094e-08,
                4.62129499113e-08,
                7.17247559123e-08,
                1.15746210838e-07,
                1.72055976577e-07,
                1.20115515756e-07,
                3.05510106102e-08,
                7.50642126235e-09,
                4.73094452502e-09,
                2.19614298969e-10
            ]
        },
        "barkbands_crest": {
            "dmean": 2.79243040085,
            "dmean2": 4.22401618958,
            "dvar": 6.99142074585,
            "dvar2": 13.3418426514,
            "max": 26.7227745056,
            "mean": 13.2578001022,
            "median": 12.4386978149,
            "min": 2.57562065125,
            "var": 29.261423111
        },
        "barkbands_flatness_db": {
            "dmean": 0.0375346280634,
            "dmean2": 0.0491565726697,
            "dvar": 0.00174528907519,
            "dvar2": 0.00307759735733,
            "max": 0.864770650864,
            "mean": 0.237285837531,
            "median": 0.215454936028,
            "min": 0.0333579704165,
            "var": 0.0121290320531
        },
        "barkbands_kurtosis": {
            "dmean": 17.7838630676,
            "dmean2": 25.1126556396,
            "dvar": 3274.79736328,
            "dvar2": 6823.16894531,
            "max": 2006.63024902,
            "mean": 23.1457901001,
            "median": 6.35092258453,
            "min": -1.91854476929,
            "var": 4629.77929688
        },
        "barkbands_skewness": {
            "dmean": 1.15916109085,
            "dmean2": 1.5714019537,
            "dvar": 2.95679855347,
            "dvar2": 5.17002296448,
            "max": 35.3787117004,
            "mean": 2.76613903046,
            "median": 2.11913847923,
            "min": -9.74549674988,
            "var": 8.6676607132
        },
        "barkbands_spread": {
            "dmean": 4.65792655945,
            "dmean2": 7.07464790344,
            "dvar": 55.4821853638,
            "dvar2": 123.857521057,
            "max": 104.274398804,
            "mean": 12.6198167801,
            "median": 9.32102584839,
            "min": 0.0280960090458,
            "var": 161.00151062
        },
        "dissonance": {
            "dmean": 0.0342129357159,
            "dmean2": 0.057884350419,
            "dvar": 0.00150254485197,
            "dvar2": 0.00411333888769,
            "max": 0.500000119209,
            "mean": 0.439723581076,
            "median": 0.455471277237,
            "min": 0.0557736158371,
            "var": 0.00287675089203
        },
        "dynamic_complexity": 6.26421022415,
        "erbbands": {
            "dmean": [
                0.318139046431,
                3.64077997208,
                9.82305908203,
                11.1261367798,
                12.812338829,
                9.39925289154,
                7.85801553726,
                10.0046758652,
                10.2851696014,
                9.24762153625,
                8.28978729248,
                9.81461429596,
                6.99145698547,
                11.3137044907,
                16.19739151,
                22.2701129913,
                16.7631912231,
                8.68515205383,
                3.09079551697,
                2.19828248024,
                2.16865754128,
                2.19182157516,
                2.87213039398,
                3.51173377037,
                3.02185940742,
                3.00940918922,
                3.36845517159,
                2.56959295273,
                3.40908169746,
                2.7343070507,
                2.19727993011,
                1.21736574173,
                0.684066236019,
                0.340132683516,
                0.158719927073,
                0.0835891440511,
                0.0421953089535,
                0.0115387691185,
                0.000450373423519,
                2.93991033686e-05
            ],
            "dmean2": [
                0.420267373323,
                4.62018823624,
                14.5073204041,
                19.2714118958,
                23.031370163,
                16.4196853638,
                13.1245269775,
                15.7126903534,
                16.3757610321,
                14.0953168869,
                12.4436378479,
                14.2269916534,
                10.6468915939,
                15.9423017502,
                24.9679145813,
                31.19465065,
                24.9905166626,
                14.6421518326,
                5.35310649872,
                3.685754776,
                3.48441815376,
                3.51939821243,
                4.79168605804,
                5.98127746582,
                4.88658285141,
                4.9081864357,
                5.35691070557,
                4.06599187851,
                5.69302749634,
                4.42687225342,
                3.52168941498,
                1.91914725304,
                1.04482126236,
                0.528507292271,
                0.249773472548,
                0.135324686766,
                0.0685495659709,
                0.0190745070577,
                0.000763192365412,
                3.86523533962e-05
            ],
            "dvar": [
                0.680929303169,
                121.343009949,
                1090.47265625,
                1371.99768066,
                1466.18981934,
                563.771118164,
                230.155990601,
                566.816223145,
                588.598999023,
                380.444732666,
                352.865509033,
                1057.68383789,
                288.92276001,
                1726.87353516,
                2545.40649414,
                3475.70483398,
                1925.83630371,
                1412.22790527,
                69.0979385376,
                36.3576965332,
                29.5371685028,
                32.5569953918,
                112.076904297,
                208.100067139,
                81.0045928955,
                117.196846008,
                172.031433105,
                81.2864227295,
                309.31262207,
                151.301223755,
                88.320602417,
                17.4144172668,
                4.2348446846,
                0.825720131397,
                0.206085413694,
                0.0697023123503,
                0.0224340334535,
                0.00177172594704,
                3.26226199832e-06,
                3.01827385307e-09
            ],
            "dvar2": [
                1.29222738743,
                189.542953491,
                2340.08349609,
                3677.51953125,
                4170.72265625,
                1607.10949707,
                615.271911621,
                1289.66748047,
                1395.68603516,
                861.387390137,
                764.603149414,
                2033.13806152,
                655.675048828,
                2786.40087891,
                6011.40917969,
                5402.36669922,
                3805.01538086,
                3535.93237305,
                188.172073364,
                98.2876052856,
                74.9958572388,
                80.4449310303,
                302.918640137,
                565.979797363,
                199.417785645,
                285.62991333,
                393.811828613,
                190.834518433,
                842.800598145,
                376.207794189,
                222.138153076,
                42.9224967957,
                9.62817764282,
                1.8618311882,
                0.506826996803,
                0.178691267967,
                0.0577572025359,
                0.00462013995275,
                8.80989409779e-06,
                5.20060217113e-09
            ],
            "max": [
                9.24109745026,
                119.115623474,
                301.599517822,
                364.183990479,
                685.893005371,
                276.242248535,
                178.740447998,
                397.437805176,
                497.119842529,
                451.027374268,
                455.276397705,
                936.446105957,
                355.947540283,
                1730.85241699,
                1304.10461426,
                1319.36669922,
                1100.59594727,
                968.788391113,
                119.695831299,
                119.411705017,
                123.002357483,
                158.17565918,
                171.858718872,
                216.751602173,
                131.252426147,
                207.488464355,
                517.362854004,
                214.605438232,
                325.933776855,
                200.999206543,
                155.101959229,
                65.3663253784,
                84.8347930908,
                27.7246417999,
                11.5719423294,
                3.5150513649,
                1.71083343029,
                0.585865795612,
                0.026948960498,
                0.000543178466614
            ],
            "mean": [
                0.620321571827,
                5.48215532303,
                10.2607784271,
                9.98500347137,
                12.7074537277,
                11.863702774,
                11.3065309525,
                13.7317562103,
                14.4982872009,
                15.2766313553,
                14.3639526367,
                13.8347291946,
                10.5477151871,
                18.7296981812,
                26.8892440796,
                36.3263702393,
                26.8695144653,
                10.7788677216,
                3.7591047287,
                2.85099720955,
                3.09037494659,
                3.23913526535,
                3.52586960793,
                4.33903646469,
                4.59786272049,
                4.51716136932,
                5.17343044281,
                4.07655954361,
                4.08939123154,
                3.48260831833,
                2.66601848602,
                1.63815844059,
                0.920710027218,
                0.45679667592,
                0.189107656479,
                0.0832369551063,
                0.0364679992199,
                0.00926916021854,
                0.000356219301466,
                5.8965793869e-05
            ],
            "median": [
                0.00455962307751,
                0.0611367598176,
                0.433609127998,
                1.62565112114,
                2.8154759407,
                5.84878158569,
                4.74985790253,
                5.17509555817,
                5.31793212891,
                6.02401447296,
                3.74511623383,
                2.56329298019,
                2.41095638275,
                2.58988380432,
                3.84386777878,
                5.84650993347,
                4.34660053253,
                1.5901620388,
                0.95051920414,
                0.831650018692,
                0.741249203682,
                0.727498173714,
                0.639207720757,
                0.724534630775,
                0.747753977776,
                0.619056105614,
                0.519392251968,
                0.406744718552,
                0.27316391468,
                0.219166561961,
                0.182886242867,
                0.10252982378,
                0.0425869226456,
                0.0187483020127,
                0.00904092751443,
                0.00297067454085,
                0.000501275062561,
                5.94001248828e-05,
                1.66958288901e-05,
                2.26100146392e-05
            ],
            "min": [
                1.77132683059e-22,
                6.40758366583e-22,
                3.0269091241e-21,
                1.00617829658e-20,
                2.01776994098e-20,
                6.46945259532e-20,
                6.09685813568e-20,
                9.28713736946e-20,
                1.58772290872e-19,
                2.9602457338e-19,
                2.35091502629e-19,
                5.57707864751e-19,
                6.21527072058e-19,
                9.88749872495e-19,
                1.03112623188e-18,
                2.23142661546e-18,
                2.80803726326e-18,
                2.45676281523e-18,
                2.58563259158e-18,
                4.40517516757e-18,
                2.91743376043e-18,
                5.00034361242e-18,
                5.26459803963e-18,
                6.97627005989e-18,
                6.87413352016e-18,
                8.56393240348e-18,
                1.03461137127e-17,
                1.00645116537e-17,
                1.29303128003e-17,
                1.2365261588e-17,
                1.13450873308e-17,
                9.51120061582e-18,
                9.65661400442e-18,
                1.03849506697e-17,
                6.51733288525e-18,
                4.1111128734e-18,
                2.70339002358e-18,
                1.03303081524e-18,
                2.78905527766e-19,
                3.06506282985e-20
            ],
            "var": [
                1.53174972534,
                229.221847534,
                1223.86572266,
                973.79107666,
                1005.82287598,
                425.652832031,
                293.95135498,
                700.972229004,
                725.508850098,
                633.345153809,
                785.693786621,
                1856.50366211,
                525.943481445,
                5474.87890625,
                5736.22509766,
                9946.57519531,
                4912.7265625,
                1596.89868164,
                68.5143661499,
                37.8612937927,
                44.2472763062,
                52.3402519226,
                93.0643539429,
                162.558670044,
                112.062385559,
                159.62310791,
                277.883422852,
                135.243911743,
                239.7996521,
                150.977050781,
                85.3973922729,
                21.9329566956,
                6.99159669876,
                1.5656465292,
                0.272404074669,
                0.0663005635142,
                0.0186563003808,
                0.00138828437775,
                2.31696503761e-06,
                8.25138002369e-09
            ]
        },
        "erbbands_crest": {
            "dmean": 3.06495094299,
            "dmean2": 4.7155046463,
            "dvar": 8.12926197052,
            "dvar2": 17.7181148529,
            "max": 33.1558647156,
            "mean": 11.227101326,
            "median": 9.89546012878,
            "min": 2.61376142502,
            "var": 29.6371250153
        },
        "erbbands_flatness_db": {
            "dmean": 0.0258762892336,
            "dmean2": 0.0370864309371,
            "dvar": 0.000898394442629,
            "dvar2": 0.00189828558359,
            "max": 0.583455085754,
            "mean": 0.208648219705,
            "median": 0.196934103966,
            "min": 0.0588910356164,
            "var": 0.00628526695073
        },
        "erbbands_kurtosis": {
            "dmean": 2.88602209091,
            "dmean2": 4.43531227112,
            "dvar": 46.0834159851,
            "dvar2": 109.346153259,
            "max": 197.211395264,
            "mean": 3.57320046425,
            "median": 0.963730096817,
            "min": -1.96641612053,
            "var": 89.6895217896
        },
        "erbbands_skewness": {
            "dmean": 0.601721227169,
            "dmean2": 0.866820037365,
            "dvar": 0.487768948078,
            "dvar2": 1.00424838066,
            "max": 10.7953281403,
            "mean": 0.678742110729,
            "median": 0.606988787651,
            "min": -8.23604679108,
            "var": 1.86551523209
        },
        "erbbands_spread": {
            "dmean": 9.80532646179,
            "dmean2": 14.3521232605,
            "dvar": 165.509536743,
            "dvar2": 345.792388916,
            "max": 176.946578979,
            "mean": 33.5734138489,
            "median": 25.5098342896,
            "min": 0.335160911083,
            "var": 641.58770752
        },
        "gfcc": {
            "cov": [
                [
                    24458.4902344,
                    -2889.31079102,
                    -1521.0682373,
                    715.410949707,
                    -1950.87426758,
                    368.733062744,
                    -627.603027344,
                    1567.26123047,
                    713.719360352,
                    384.692321777,
                    -962.315246582,
                    472.774688721,
                    114.257034302
                ],
                [
                    -2889.31079102,
                    3130.83837891,
                    106.195213318,
                    -450.821990967,
                    720.178222656,
                    -285.673919678,
                    493.029754639,
                    -242.164810181,
                    466.69329834,
                    -124.479576111,
                    482.495025635,
                    -162.81652832,
                    263.665100098
                ],
                [
                    -1521.0682373,
                    106.195213318,
                    1512.05224609,
                    -15.1553564072,
                    350.139678955,
                    154.076797485,
                    86.7847137451,
                    -14.5456399918,
                    -34.9581604004,
                    127.500663757,
                    22.1166553497,
                    78.3919219971,
                    -90.8031539917
                ],
                [
                    715.410949707,
                    -450.821990967,
                    -15.1553564072,
                    869.80682373,
                    148.226165771,
                    152.623123169,
                    110.747154236,
                    115.6848526,
                    112.388938904,
                    18.866558075,
                    60.0541801453,
                    -11.6996440887,
                    34.6468849182
                ],
                [
                    -1950.87426758,
                    720.178222656,
                    350.139678955,
                    148.226165771,
                    935.776428223,
                    304.138397217,
                    465.989807129,
                    -100.656394958,
                    89.1397705078,
                    77.8907394409,
                    328.121002197,
                    28.2891426086,
                    17.6284561157
                ],
                [
                    368.733062744,
                    -285.673919678,
                    154.076797485,
                    152.623123169,
                    304.138397217,
                    579.785461426,
                    323.024200439,
                    79.5502929688,
                    -9.76389694214,
                    144.031051636,
                    150.913604736,
                    120.52999115,
                    -17.9775543213
                ],
                [
                    -627.603027344,
                    493.029754639,
                    86.7847137451,
                    110.747154236,
                    465.989807129,
                    323.024200439,
                    588.66583252,
                    -22.747428894,
                    142.935684204,
                    97.1495742798,
                    309.672607422,
                    103.939193726,
                    48.1966896057
                ],
                [
                    1567.26123047,
                    -242.164810181,
                    -14.5456399918,
                    115.6848526,
                    -100.656394958,
                    79.5502929688,
                    -22.747428894,
                    327.028656006,
                    145.349655151,
                    10.0468397141,
                    -105.125282288,
                    27.0092258453,
                    79.1067199707
                ],
                [
                    713.719360352,
                    466.69329834,
                    -34.9581604004,
                    112.388938904,
                    89.1397705078,
                    -9.76389694214,
                    142.935684204,
                    145.349655151,
                    335.885009766,
                    35.0370750427,
                    70.6879043579,
                    -2.98407721519,
                    136.520935059
                ],
                [
                    384.692321777,
                    -124.479576111,
                    127.500663757,
                    18.866558075,
                    77.8907394409,
                    144.031051636,
                    97.1495742798,
                    10.0468397141,
                    35.0370750427,
                    187.368179321,
                    78.8920288086,
                    98.0326080322,
                    -25.2372894287
                ],
                [
                    -962.315246582,
                    482.495025635,
                    22.1166553497,
                    60.0541801453,
                    328.121002197,
                    150.913604736,
                    309.672607422,
                    -105.125282288,
                    70.6879043579,
                    78.8920288086,
                    315.587585449,
                    65.1137771606,
                    32.9517669678
                ],
                [
                    472.774688721,
                    -162.81652832,
                    78.3919219971,
                    -11.6996440887,
                    28.2891426086,
                    120.52999115,
                    103.939193726,
                    27.0092258453,
                    -2.98407721519,
                    98.0326080322,
                    65.1137771606,
                    185.828140259,
                    -4.23814964294
                ],
                [
                    114.257034302,
                    263.665100098,
                    -90.8031539917,
                    34.6468849182,
                    17.6284561157,
                    -17.9775543213,
                    48.1966896057,
                    79.1067199707,
                    136.520935059,
                    -25.2372894287,
                    32.9517669678,
                    -4.23814964294,
                    144.536483765
                ]
            ],
            "icov": [
                [
                    0.000102318561403,
                    -7.44647695683e-05,
                    0.000122148470837,
                    -0.00010146528075,
                    0.000157118178322,
                    -0.00015546916984,
                    6.57626369502e-05,
                    -0.000264213420451,
                    -0.000209430814721,
                    -0.000184985561646,
                    0.00031944620423,
                    -0.000315261713695,
                    0.000323638640111
                ],
                [
                    -7.44647695683e-05,
                    0.00159616966266,
                    -0.000333698320901,
                    0.00117057852913,
                    -0.000728804443497,
                    0.000918418925721,
                    -0.000376002280973,
                    0.000894701573998,
                    -0.00175987172406,
                    0.00140429416206,
                    -0.00199125800282,
                    0.00130140187684,
                    -0.00110469805077
                ],
                [
                    0.000122148470837,
                    -0.000333698320901,
                    0.00102244934533,
                    -0.000245157396421,
                    -0.000223841547268,
                    -0.000281274173176,
                    0.000235056941165,
                    -0.000459673581645,
                    1.12301609079e-06,
                    -0.000845635659061,
                    0.00112303451169,
                    -0.000823762500659,
                    0.000949901645072
                ],
                [
                    -0.00010146528075,
                    0.00117057852913,
                    -0.000245157396421,
                    0.00221315934323,
                    -0.000722963595763,
                    0.000385722698411,
                    -0.000120040254842,
                    0.00027876032982,
                    -0.00152807403356,
                    0.00128320534714,
                    -0.00192777533084,
                    0.00137405272108,
                    -0.000568916380871
                ],
                [
                    0.000157118178322,
                    -0.000728804443497,
                    -0.000223841547268,
                    -0.000722963595763,
                    0.00290321838111,
                    -0.00110011862125,
                    -0.000742104661185,
                    -0.000324948079651,
                    0.000278219697066,
                    -0.000427355058491,
                    -0.000185403405339,
                    5.94448429183e-05,
                    0.000878950639162
                ],
                [
                    -0.00015546916984,
                    0.000918418925721,
                    -0.000281274173176,
                    0.000385722698411,
                    -0.00110011862125,
                    0.00484736869112,
                    -0.00239486224018,
                    -0.00151889806148,
                    0.00193924619816,
                    -0.0013756522676,
                    -0.00147405208554,
                    0.00117386726197,
                    -0.00115609110799
                ],
                [
                    6.57626369502e-05,
                    -0.000376002280973,
                    0.000235056941165,
                    -0.000120040254842,
                    -0.000742104661185,
                    -0.00239486224018,
                    0.00591654982418,
                    0.000140808348078,
                    -0.0021555875428,
                    0.00129622861277,
                    -0.00262277689762,
                    -0.00203547626734,
                    0.00135366350878
                ],
                [
                    -0.000264213420451,
                    0.000894701573998,
                    -0.000459673581645,
                    0.00027876032982,
                    -0.000324948079651,
                    -0.00151889806148,
                    0.000140808348078,
                    0.00838697142899,
                    -0.00387678761035,
                    0.00175358483102,
                    0.0023862242233,
                    -0.000491003273055,
                    -0.00315584125929
                ],
                [
                    -0.000209430814721,
                    -0.00175987172406,
                    1.12301609079e-06,
                    -0.00152807403356,
                    0.000278219697066,
                    0.00193924619816,
                    -0.0021555875428,
                    -0.00387678761035,
                    0.0112814037129,
                    -0.00486221816391,
                    0.000788773235399,
                    0.00172254128847,
                    -0.00484325410798
                ],
                [
                    -0.000184985561646,
                    0.00140429416206,
                    -0.000845635659061,
                    0.00128320534714,
                    -0.000427355058491,
                    -0.0013756522676,
                    0.00129622861277,
                    0.00175358483102,
                    -0.00486221816391,
                    0.0120568359271,
                    -0.00411658221856,
                    -0.00281658465974,
                    0.00278838630766
                ],
                [
                    0.00031944620423,
                    -0.00199125800282,
                    0.00112303451169,
                    -0.00192777533084,
                    -0.000185403405339,
                    -0.00147405208554,
                    -0.00262277689762,
                    0.0023862242233,
                    0.000788773235399,
                    -0.00411658221856,
                    0.0134012056515,
                    -0.00357469171286,
                    -0.000668446184136
                ],
                [
                    -0.000315261713695,
                    0.00130140187684,
                    -0.000823762500659,
                    0.00137405272108,
                    5.94448429183e-05,
                    0.00117386726197,
                    -0.00203547626734,
                    -0.000491003273055,
                    0.00172254128847,
                    -0.00281658465974,
                    -0.00357469171286,
                    0.0108977351338,
                    -0.00286977598444
                ],
                [
                    0.000323638640111,
                    -0.00110469805077,
                    0.000949901645072,
                    -0.000568916380871,
                    0.000878950639162,
                    -0.00115609110799,
                    0.00135366350878,
                    -0.00315584125929,
                    -0.00484325410798,
                    0.00278838630766,
                    -0.000668446184136,
                    -0.00286977598444,
                    0.0155658023432
                ]
            ],
            "mean": [
                -104.571548462,
                128.592163086,
                -93.3939590454,
                29.6846523285,
                -62.2448348999,
                11.5000486374,
                -27.8392848969,
                -10.3749361038,
                -28.7601413727,
                -3.64287209511,
                -3.1010363102,
                -4.27501344681,
                -12.2767324448
            ]
        },
        "hfc": {
            "dmean": 5.88221788406,
            "dmean2": 8.47057628632,
            "dvar": 120.759277344,
            "dvar2": 263.554321289,
            "max": 141.938278198,
            "mean": 12.9709997177,
            "median": 6.50100755692,
            "min": 1.11128459514e-16,
            "var": 278.132263184
        },
        "melbands": {
            "dmean": [
                0.00341007346287,
                0.00457560364157,
                0.00192728941329,
                0.000804116541985,
                0.000278384628473,
                0.000229552824749,
                0.000154365494382,
                9.57508964348e-05,
                6.78949072608e-05,
                6.26313922112e-05,
                3.4478129237e-05,
                4.44785146101e-05,
                5.07880613441e-05,
                4.21901895606e-05,
                7.81098206062e-05,
                2.83595636574e-05,
                1.6188583686e-05,
                5.11299049322e-06,
                3.1936999676e-06,
                3.14028966386e-06,
                2.53906728176e-06,
                2.46530953518e-06,
                2.03056720238e-06,
                3.44735667568e-06,
                2.90222510557e-06,
                2.36161008615e-06,
