{
    "lowlevel": {
        "average_loudness": 0.833154916763,
        "barkbands": {
            "dmean": [
                0.000728191109374,
                0.0069241435267,
                0.000779435154982,
                0.000327432266204,
                0.000821761845145,
                0.000756732653826,
                0.000590134470258,
                0.000397822703235,
                0.000540318607818,
                0.000327091023792,
                0.000457816990092,
                0.000312571995892,
                0.000287146744085,
                0.000303922366584,
                0.000336363504175,
                0.000375796778826,
                0.000443811732111,
                0.000324762164382,
                0.000106810701254,
                0.000109935179353,
                0.000157792295795,
                0.00021056838159,
                0.000261448614765,
                0.00031076304731,
                0.000342589657521,
                0.000238029373577,
                2.84805610136e-05
            ],
            "dmean2": [
                0.00129351357464,
                0.0116177797318,
                0.00135161541402,
                0.00054928206373,
                0.00128717871848,
                0.00114410324022,
                0.000921338039916,
                0.000606342917308,
                0.000797574524768,
                0.000520616478752,
                0.00068556307815,
                0.000508520228323,
                0.000451358646387,
                0.000490540638566,
                0.000544252223335,
                0.00061280670343,
                0.000689955428243,
                0.000523202528711,
                0.000173519438249,
                0.000173719439772,
                0.00024901580764,
                0.000325495668221,
                0.000413564499468,
                0.000495853484608,
                0.000548651965801,
                0.000371503090719,
                4.7719298891e-05
            ],
            "dvar": [
                2.32259253607e-06,
                0.000321326690027,
                4.0807744881e-06,
                6.05277421073e-07,
                2.46875174525e-06,
                2.59363650912e-06,
                1.54676808961e-06,
                8.60578779793e-07,
                9.94354991235e-07,
                6.20472121682e-07,
                9.08425988655e-07,
                4.92852450407e-07,
                4.56776803048e-07,
                3.87445908245e-07,
                3.96458460727e-07,
                4.73490672448e-07,
                9.11639006063e-07,
                4.79038817502e-07,
                6.01135781153e-08,
                9.11179469654e-08,
                2.11106865322e-07,
                3.66721167211e-07,
                3.71806351041e-07,
                4.27533507263e-07,
                6.64132187467e-07,
                2.73703733455e-07,
                5.9628706417e-09
            ],
            "dvar2": [
                6.88219779477e-06,
                0.000861004227772,
                1.15489447126e-05,
                1.69462600752e-06,
                5.75511057832e-06,
                5.61012438993e-06,
                3.22799974128e-06,
                1.87385251138e-06,
                2.016407052e-06,
                1.37468714456e-06,
                1.84531370451e-06,
                1.0980238585e-06,
                1.08551341782e-06,
                9.11098197776e-07,
                9.70545670498e-07,
                1.19912238006e-06,
                2.15106751966e-06,
                1.24021505599e-06,
                1.47015157381e-07,
                2.08174512295e-07,
                4.87842839902e-07,
                8.02812678558e-07,
                8.21847891075e-07,
                9.74409545051e-07,
                1.57843453508e-06,
                6.05043169344e-07,
                1.53101691325e-08
            ],
            "max": [
                0.015017603524,
                0.164631992579,
                0.0285263732076,
                0.0155192920938,
                0.0249974112958,
                0.0336987860501,
                0.0351252146065,
                0.0258698854595,
                0.0221231877804,
                0.0194552335888,
                0.0196893922985,
                0.0153313986957,
                0.015825053677,
                0.0107086692005,
                0.0136773791164,
                0.0100371595472,
                0.0203933436424,
                0.0128915365785,
                0.00592856900766,
                0.00898616015911,
                0.0104831671342,
                0.0123224370182,
                0.0137655548751,
                0.00929900724441,
                0.0118907587603,
                0.00787466485053,
                0.000939285149798
            ],
            "mean": [
                0.000841856526677,
                0.0111165177077,
                0.00136594905052,
                0.000596997037064,
                0.00165031908546,
                0.00158872746397,
                0.00144164729863,
                0.00105725892354,
                0.00116643600632,
                0.000560359447263,
                0.000939769030083,
                0.000477081397548,
                0.000492137041874,
                0.000532079604454,
                0.000491703802254,
                0.000650065951049,
                0.00111719674896,
                0.00061291444581,
                0.000186203658814,
                0.000169765509781,
                0.000224258736125,
                0.000308552058414,
                0.00035699410364,
                0.000413349305745,
                0.000453686196124,
                0.000345403415849,
                3.00635892927e-05
            ],
            "median": [
                0.000110171924462,
                0.00376774603501,
                0.000608352245763,
                0.000213141422137,
                0.000760159746278,
                0.00057612726232,
                0.000520349072758,
                0.000256455066847,
                0.000546007242519,
                0.000162039592396,
                0.000341986829881,
                0.000170877829078,
                0.00015559901658,
                0.000151455926243,
                0.000205782736884,
                0.000220801972318,
                0.000215952211875,
                0.000177528490894,
                7.2579132393e-05,
                6.65459156153e-05,
                5.50192271476e-05,
                5.68245195609e-05,
                7.09992891643e-05,
                8.99397709873e-05,
                0.000101277830254,
                6.08887203271e-05,
                3.05910998577e-06
            ],
            "min": [
                1.28288520489e-23,
                1.70011925969e-23,
                1.88009661303e-23,
                9.23286195573e-24,
                1.84919866687e-23,
                4.2308822313e-23,
                3.11848801183e-23,
                3.16198327779e-23,
                1.67313106594e-23,
                3.47888700499e-23,
                7.29871906213e-23,
                6.62311207717e-23,
                6.26751756247e-23,
                6.7087306222e-23,
                7.63993863787e-23,
                1.29527123618e-22,
                2.11014145342e-22,
                1.69752415974e-22,
                1.81366834015e-22,
                1.75796491525e-22,
                3.90015936498e-22,
                4.56415532715e-22,
                6.5698663642e-22,
                7.15530566417e-22,
                1.13335820434e-21,
                1.63042781633e-21,
                2.57099972454e-21
            ],
            "var": [
                2.54894189311e-06,
                0.000410603213822,
                4.31248463428e-06,
                1.05217407054e-06,
                5.93629511059e-06,
                7.50163098928e-06,
                6.01983128945e-06,
                6.42435225018e-06,
                3.25996688844e-06,
                1.58952946094e-06,
                2.8735955766e-06,
                9.03532850316e-07,
                9.08081176476e-07,
                1.28145291001e-06,
                6.59891554733e-07,
                1.07038181341e-06,
                5.28643113284e-06,
                1.2630709989e-06,
                1.01686801202e-07,
                1.2526710691e-07,
                3.26982359411e-07,
                6.38883818738e-07,
                6.8410605536e-07,
                7.87649071299e-07,
                9.01741600501e-07,
                4.83384667405e-07,
                6.47437836676e-09
            ]
        },
        "barkbands_crest": {
            "dmean": 2.62851119041,
            "dmean2": 4.26370763779,
            "dvar": 9.07181453705,
            "dvar2": 21.1756229401,
            "max": 26.4381637573,
            "mean": 10.8325920105,
            "median": 9.37224197388,
            "min": 2.54849982262,
            "var": 31.6938972473
        },
        "barkbands_flatness_db": {
            "dmean": 0.0298455096781,
            "dmean2": 0.0465860366821,
            "dvar": 0.00166478846222,
            "dvar2": 0.00381744047627,
            "max": 0.523666918278,
            "mean": 0.145075067878,
            "median": 0.122111342847,
            "min": 0.0166760664433,
            "var": 0.0077260765247
        },
        "barkbands_kurtosis": {
            "dmean": 5.05960464478,
            "dmean2": 8.62748241425,
            "dvar": 310.227966309,
            "dvar2": 820.155334473,
            "max": 487.43939209,
            "mean": 6.39732885361,
            "median": 0.637983322144,
            "min": -1.92254781723,
            "var": 445.686248779
        },
        "barkbands_skewness": {
            "dmean": 0.707475662231,
            "dmean2": 1.12331902981,
            "dvar": 1.11291241646,
            "dvar2": 2.65901041031,
            "max": 18.8596954346,
            "mean": 1.40021073818,
            "median": 0.972260594368,
            "min": -3.36382675171,
            "var": 3.34374666214
        },
        "barkbands_spread": {
            "dmean": 9.1370267868,
            "dmean2": 14.3343343735,
            "dvar": 164.838775635,
            "dvar2": 359.343658447,
            "max": 118.392066956,
            "mean": 29.3771533966,
            "median": 25.1103057861,
            "min": 0.217847540975,
            "var": 453.058837891
        },
        "dissonance": {
            "dmean": 0.0224615279585,
            "dmean2": 0.0368467457592,
            "dvar": 0.000670889858156,
            "dvar2": 0.00173922104295,
            "max": 0.499997347593,
            "mean": 0.451747268438,
            "median": 0.467961698771,
            "min": 0.192795291543,
            "var": 0.00239621684887
        },
        "dynamic_complexity": 4.2140378952,
        "erbbands": {
            "dmean": [
                0.236043646932,
                1.49567961693,
                1.17105126381,
                0.942492902279,
                1.47061645985,
                3.49615931511,
                6.29985809326,
                4.99886369705,
                5.71272802353,
                9.6496887207,
                9.57902431488,
                12.2696361542,
                10.7272386551,
                12.9816303253,
                16.6558742523,
                12.3674812317,
                12.7825908661,
                14.6241188049,
                13.5983390808,
                17.3969707489,
                20.7611217499,
                21.3199958801,
                20.8604507446,
                6.92687129974,
                4.77229166031,
                5.07596588135,
                5.23123836517,
                7.49229621887,
                8.11206245422,
                6.83277845383,
                7.3143491745,
                6.08043432236,
                5.69796895981,
                3.94931793213,
                2.4996972084,
                1.14757025242,
                0.436560630798,
                0.0870083793998,
                0.00358972279355,
                8.06794123491e-05
            ],
            "dmean2": [
                0.408987313509,
                2.46835851669,
                2.01634883881,
                1.56303608418,
                2.40003156662,
                5.51964855194,
                9.63158512115,
                7.59224081039,
                9.02904510498,
                14.7371377945,
                14.5035572052,
                18.0352458954,
                16.9867477417,
                19.7208251953,
                25.1997871399,
                19.9368648529,
                19.8088779449,
                23.0231018066,
                22.3193798065,
                28.5062103271,
                33.0664749146,
                33.3180351257,
                33.2916717529,
                11.098241806,
                7.63492584229,
                7.99150085449,
                8.20520496368,
                11.8687467575,
                12.5398082733,
                10.5384531021,
                11.6014528275,
                9.76884555817,
                9.17049407959,
                6.34435939789,
                3.96962666512,
                1.78110301495,
                0.687413454056,
                0.137378081679,
                0.00595506606624,
                0.000127935723867
            ],
            "dvar": [
                0.350672066212,
                15.1811418533,
                9.82915878296,
                5.24301958084,
                8.77886009216,
                55.1920051575,
                199.098403931,
                130.918197632,
                137.412078857,
                426.158630371,
                400.54776001,
                624.011901855,
                608.933837891,
                771.964477539,
                1642.27868652,
                734.285461426,
                806.863464355,
                875.386535645,
                663.095703125,
                1022.96813965,
                1551.60058594,
                1832.7578125,
                1877.32336426,
                234.749893188,
                126.610450745,
                196.882003784,
                219.48526001,
                476.719848633,
                641.293273926,
                314.835968018,
                284.197387695,
                166.963897705,
                153.77243042,
                87.9933166504,
                42.6269035339,
                6.65844583511,
                0.934528172016,
                0.0412869006395,
                0.000100601966551,
                3.30318457031e-08
            ],
            "dvar2": [
                0.974136352539,
                39.8932723999,
                26.4130439758,
                14.6517353058,
                22.5330753326,
                126.586227417,
                439.718780518,
                290.737792969,
                320.516113281,
                912.561279297,
                907.505432129,
                1271.70080566,
                1327.65759277,
                1763.19519043,
                3281.49291992,
                1625.56518555,
                1874.71508789,
                1921.50964355,
                1661.41564941,
                2547.49682617,
                3860.55883789,
                4299.4765625,
                4740.65136719,
                572.176757812,
                296.457061768,
                447.491027832,
                502.859710693,
                1089.01342773,
                1447.89733887,
                647.272399902,
                623.280029297,
                379.886383057,
                362.720062256,
                208.662124634,
                102.83782959,
                14.5247888565,
                2.15135407448,
                0.0981422066689,
                0.000259004271356,
                8.02789088539e-08
            ],
            "max": [
                5.99901866913,
                35.9622688293,
                38.2138023376,
                37.6665153503,
                54.6524620056,
                124.391342163,
                273.675933838,
                265.217407227,
                283.452850342,
                471.870178223,
                625.366027832,
                610.852111816,
                737.504150391,
                758.39654541,
                868.543212891,
                618.808898926,
                679.16809082,
                608.707397461,
                454.537384033,
                918.345092773,
                732.216552734,
                790.47857666,
                798.309936523,
                425.685852051,
                318.73916626,
                384.688842773,
                311.664855957,
                472.4949646,
                588.204528809,
                471.707092285,
                389.082458496,
                202.422393799,
                177.875717163,
                188.218826294,
                98.8802032471,
                48.2802085876,
                13.4125423431,
                2.55644416809,
                0.138416662812,
                0.00202303682454
            ],
            "mean": [
                0.399107635021,
                2.18059515953,
                2.05083084106,
                1.87048637867,
                2.72094988823,
                6.69405031204,
                12.4147109985,
                10.7543210983,
                13.7268486023,
                26.6109447479,
                25.5539226532,
                27.109128952,
                20.0505313873,
                27.6117458344,
                28.5744152069,
                20.6120166779,
                24.2294921875,
                28.3002853394,
                22.7894897461,
                30.341211319,
                45.1694984436,
                56.9474449158,
                42.0563774109,
                13.2135124207,
                8.49793338776,
                7.69952201843,
                7.43277645111,
                10.6404132843,
                11.5623569489,
                9.82737255096,
                10.0605354309,
                8.3039226532,
                7.24228477478,
                5.08172893524,
                3.26801109314,
                1.62864053249,
                0.62199306488,
                0.111503668129,
                0.00379977584817,
                0.000127273218823
            ],
            "median": [
                0.0851132273674,
                0.795723736286,
                1.05126988888,
                1.05949008465,
                1.35577964783,
                2.75895571709,
                4.90053796768,
                3.6842455864,
                5.71498060226,
                9.2724237442,
                9.30327415466,
                11.3493614197,
                7.28766822815,
                11.4200849533,
                7.90874004364,
                8.12235069275,
                9.03265285492,
                10.0151119232,
                9.71288967133,
                13.1629276276,
                13.2122163773,
                13.0274782181,
                12.084939003,
                5.66337060928,
                3.54672384262,
                2.84688067436,
                2.28575539589,
                2.26279497147,
                1.93192911148,
                1.9449403286,
                2.03335142136,
                1.71510124207,
                1.57081437111,
                1.03735589981,
                0.72340208292,
                0.3035364151,
                0.109738372266,
                0.0171394050121,
                0.000439930416178,
                5.70500742469e-05
            ],
            "min": [
                7.18506074021e-22,
                2.92880017201e-21,
                1.50221508392e-20,
                4.04126196846e-20,
                3.72723221931e-20,
                8.05872892338e-20,
                2.38706049261e-19,
                3.56498041904e-19,
                5.57498794851e-19,
                5.35825111839e-19,
                5.18530316194e-19,
                4.84956967986e-19,
                7.54228710899e-19,
                1.36248289455e-18,
                3.55544892024e-18,
                2.2992035201e-18,
                3.00858099892e-18,
                3.63410180238e-18,
                3.37298445764e-18,
                6.01732536602e-18,
                7.91757760873e-18,
                1.06097386555e-17,
                1.08706595448e-17,
                1.04819334606e-17,
                9.12351512479e-18,
                8.44657201817e-18,
                1.39362165376e-17,
                1.80136081525e-17,
                1.5449546777e-17,
                2.31089447729e-17,
                1.8302768988e-17,
                1.5797584674e-17,
                1.09981214598e-17,
                9.23596371162e-18,
                8.66938552387e-18,
                5.78176128476e-18,
                2.84347140596e-18,
                1.2840180926e-18,
                3.63246543233e-19,
                3.78694141172e-20
            ],
            "var": [
                0.512359797955,
                17.5978813171,
                10.2817363739,
                7.09805822372,
                15.9783306122,
                118.617370605,
                489.591491699,
                378.080932617,
                432.382537842,
                2126.75512695,
                3306.35253906,
                1986.02612305,
                1887.76806641,
                2178.7734375,
                4590.52880859,
                1424.53173828,
                1810.08764648,
                2702.30566406,
                1329.97387695,
                2014.63916016,
                5414.31396484,
                12711.2958984,
                5773.39941406,
                445.452819824,
                218.201400757,
                269.402862549,
                313.542205811,
                770.811279297,
                1032.19921875,
                624.330200195,
                521.544433594,
                307.002929688,
                257.053283691,
                121.080177307,
                53.1254730225,
                11.9299077988,
                1.49385142326,
                0.0581966266036,
                0.000103971426142,
                4.60287488124e-08
            ]
        },
        "erbbands_crest": {
            "dmean": 2.57979345322,
            "dmean2": 4.1376953125,
            "dvar": 7.14919900894,
            "dvar2": 16.8780384064,
            "max": 33.7178878784,
            "mean": 10.2184724808,
            "median": 9.05914211273,
            "min": 2.24642276764,
            "var": 27.2883033752
        },
        "erbbands_flatness_db": {
            "dmean": 0.0227344054729,
            "dmean2": 0.0338133387268,
            "dvar": 0.000941723701544,
            "dvar2": 0.0019958736375,
            "max": 0.428784579039,
            "mean": 0.167049795389,
            "median": 0.142658308148,
            "min": 0.0329531282187,
            "var": 0.00693286303431
        },
        "erbbands_kurtosis": {
            "dmean": 1.30356454849,
            "dmean2": 2.09186291695,
            "dvar": 4.90678882599,
            "dvar2": 11.8378763199,
            "max": 38.2943115234,
            "mean": 1.61066579819,
            "median": 0.280164241791,
            "min": -1.91068327427,
            "var": 16.8819274902
        },
        "erbbands_skewness": {
            "dmean": 0.439237505198,
            "dmean2": 0.674542963505,
            "dvar": 0.237322941422,
            "dvar2": 0.515040040016,
            "max": 5.45586252213,
            "mean": 0.2179890275,
            "median": 0.132204324007,
            "min": -3.7175180912,
            "var": 1.34913337231
        },
        "erbbands_spread": {
            "dmean": 10.4099111557,
            "dmean2": 16.1074104309,
            "dvar": 199.269042969,
            "dvar2": 453.578491211,
            "max": 191.261459351,
            "mean": 37.5835456848,
            "median": 32.7790260315,
            "min": 2.14257359505,
            "var": 573.78918457
        },
        "gfcc": {
            "cov": [
                [
                    15846.1494141,
                    -3220.1965332,
                    2353.06005859,
                    1967.62878418,
                    924.213806152,
                    1747.16333008,
                    -402.950775146,
                    1257.18286133,
                    95.1280288696,
                    797.80670166,
                    -189.848358154,
                    908.090148926,
                    -247.436050415
                ],
                [
                    -3220.1965332,
                    3255.75952148,
                    -617.52166748,
                    -205.316894531,
                    704.864379883,
                    -355.950378418,
                    523.447509766,
                    -217.713912964,
                    287.108734131,
                    -266.714569092,
                    134.656509399,
                    -337.731933594,
                    80.8279037476
                ],
                [
                    2353.06005859,
                    -617.52166748,
                    2024.05224609,
                    858.655456543,
                    328.505401611,
                    700.213256836,
                    21.7687549591,
                    345.722808838,
                    64.9362792969,
                    308.335906982,
                    17.7279758453,
                    142.133529663,
                    -89.4273834229
                ],
                [
                    1967.62878418,
                    -205.316894531,
                    858.655456543,
                    1061.79724121,
                    396.185638428,
                    329.12588501,
                    92.3353805542,
                    227.583694458,
                    128.445999146,
                    123.626976013,
                    -34.3362770081,
                    72.721786499,
                    -19.559299469
                ],
                [
                    924.213806152,
                    704.864379883,
                    328.505401611,
                    396.185638428,
                    683.417419434,
                    193.744613647,
                    182.696502686,
                    187.284896851,
                    176.457992554,
                    38.5681190491,
                    18.478635788,
                    10.6541872025,
                    2.32186126709
                ],
                [
                    1747.16333008,
                    -355.950378418,
                    700.213256836,
                    329.12588501,
                    193.744613647,
                    571.361633301,
                    91.1201248169,
                    202.444351196,
                    15.6434965134,
                    158.314498901,
                    29.216917038,
                    93.9620437622,
                    -39.5852394104
                ],
                [
                    -402.950775146,
                    523.447509766,
                    21.7687549591,
                    92.3353805542,
                    182.696502686,
                    91.1201248169,
                    363.102142334,
                    13.6727199554,
                    80.0725479126,
                    -8.79856681824,
                    27.6794204712,
                    -69.6266021729,
                    1.80366933346
                ],
                [
                    1257.18286133,
                    -217.713912964,
                    345.722808838,
                    227.583694458,
                    187.284896851,
                    202.444351196,
                    13.6727199554,
                    328.749420166,
                    110.531944275,
                    101.974594116,
                    10.2108888626,
                    94.826385498,
                    -17.7767734528
                ],
                [
                    95.1280288696,
                    287.108734131,
                    64.9362792969,
                    128.445999146,
                    176.457992554,
                    15.6434965134,
                    80.0725479126,
                    110.531944275,
                    232.070083618,
                    60.2655220032,
                    8.90823936462,
                    -10.0443077087,
                    6.35997056961
                ],
                [
                    797.80670166,
                    -266.714569092,
                    308.335906982,
                    123.626976013,
                    38.5681190491,
                    158.314498901,
                    -8.79856681824,
                    101.974594116,
                    60.2655220032,
                    194.670150757,
                    36.6580505371,
                    54.0827789307,
                    -29.6037845612
                ],
                [
                    -189.848358154,
                    134.656509399,
                    17.7279758453,
                    -34.3362770081,
                    18.478635788,
                    29.216917038,
                    27.6794204712,
                    10.2108888626,
                    8.90823936462,
                    36.6580505371,
                    130.967224121,
                    44.2110176086,
                    -0.0610882714391
                ],
                [
                    908.090148926,
                    -337.731933594,
                    142.133529663,
                    72.721786499,
                    10.6541872025,
                    93.9620437622,
                    -69.6266021729,
                    94.826385498,
                    -10.0443077087,
                    54.0827789307,
                    44.2110176086,
                    189.205474854,
                    20.1818161011
                ],
                [
                    -247.436050415,
                    80.8279037476,
                    -89.4273834229,
                    -19.559299469,
                    2.32186126709,
                    -39.5852394104,
                    1.80366933346,
                    -17.7767734528,
                    6.35997056961,
                    -29.6037845612,
                    -0.0610882714391,
                    20.1818161011,
                    100.539741516
                ]
            ],
            "icov": [
                [
                    0.000238706095843,
                    7.11728762326e-06,
                    0.000190052232938,
                    -0.000231494064792,
                    -0.000197163244593,
                    -0.00044768259977,
                    0.000246312090894,
                    -0.000264691829216,
                    0.000239155560848,
                    -0.000485838827444,
                    0.000739632698242,
                    -0.000803162285592,
                    0.000486320408527
                ],
                [
                    7.11728762326e-06,
                    0.00128870503977,
                    -0.000141269818414,
                    0.000445002457127,
                    -0.00148517568596,
                    0.000533009937499,
                    -0.000703960366081,
                    0.000782847520895,
                    -0.0010294407839,
                    0.00127746316139,
                    -0.00176619773265,
                    0.00141570775304,
                    -0.000506389595103
                ],
                [
                    0.000190052232938,
                    -0.000141269818414,
                    0.00138061004691,
                    -0.0008705087821,
                    -5.93892309553e-06,
                    -0.00132573978044,
                    0.000570039555896,
                    -0.000472608808195,
                    0.000574271834921,
                    -0.00129018817097,
                    0.000748711579945,
                    -0.000615281169303,
                    0.000732078449801
                ],
                [
                    -0.000231494064792,
                    0.000445002457127,
                    -0.0008705087821,
                    0.00217728083953,
                    -0.000941660779063,
                    0.000644425104838,
                    -0.00068106764229,
                    0.000510306213982,
                    -0.000928448163904,
                    0.000962384045124,
                    -0.000493584084325,
                    0.000817106571048,
                    -0.000722494500224
                ],
                [
                    -0.000197163244593,
                    -0.00148517568596,
                    -5.93892309553e-06,
                    -0.000941660779063,
                    0.00444428715855,
                    -0.000673518981785,
                    -1.77789170266e-05,
                    -0.00135724630672,
                    -0.000286168185994,
                    -0.00010131316958,
                    0.000943682563957,
                    -0.000793701969087,
                    6.0970447521e-05
                ],
                [
                    -0.00044768259977,
                    0.000533009937499,
                    -0.00132573978044,
                    0.000644425104838,
                    -0.000673518981785,
                    0.0052156150341,
                    -0.0020789236296,
                    -0.000296886573778,
                    0.00075428315904,
                    -0.000164703407791,
                    -0.0019010733813,
                    0.00130608805921,
                    -0.000889787974302
                ],
                [
                    0.000246312090894,
                    -0.000703960366081,
                    0.000570039555896,
                    -0.00068106764229,
                    -1.77789170266e-05,
                    -0.0020789236296,
                    0.00481568323448,
                    -0.00032068695873,
                    -0.000283213390503,
                    -0.000361283076927,
                    0.000307283859001,
                    0.000331598770572,
                    0.000430619547842
                ],
                [
                    -0.000264691829216,
                    0.000782847520895,
                    -0.000472608808195,
                    0.000510306213982,
                    -0.00135724630672,
                    -0.000296886573778,
                    -0.00032068695873,
                    0.0067236777395,
                    -0.00329642323777,
                    0.000972983776592,
                    -0.0010119616054,
                    -0.000668403343298,
                    0.000135732319904
                ],
                [
                    0.000239155560848,
                    -0.0010294407839,
                    0.000574271834921,
                    -0.000928448163904,
                    -0.000286168185994,
                    0.00075428315904,
                    -0.000283213390503,
                    -0.00329642323777,
                    0.00875672604889,
                    -0.00455596251413,
                    0.00214546127245,
                    -0.000571923912503,
                    -0.00030713895103
                ],
                [
                    -0.000485838827444,
                    0.00127746316139,
                    -0.00129018817097,
                    0.000962384045124,
                    -0.00010131316958,
                    -0.000164703407791,
                    -0.000361283076927,
                    0.000972983776592,
                    -0.00455596251413,
                    0.0117404945195,
                    -0.00528969522566,
                    0.00229363213293,
                    0.000214505242184
                ],
                [
                    0.000739632698242,
                    -0.00176619773265,
                    0.000748711579945,
                    -0.000493584084325,
                    0.000943682563957,
                    -0.0019010733813,
                    0.000307283859001,
                    -0.0010119616054,
                    0.00214546127245,
                    -0.00528969522566,
                    0.0145044093952,
                    -0.00761528452858,
                    0.00269960984588
                ],
                [
                    -0.000803162285592,
                    0.00141570775304,
                    -0.000615281169303,
                    0.000817106571048,
                    -0.000793701969087,
                    0.00130608805921,
                    0.000331598770572,
                    -0.000668403343298,
                    -0.000571923912503,
                    0.00229363213293,
                    -0.00761528452858,
                    0.0133012644947,
                    -0.00505777774379
                ],
                [
                    0.000486320408527,
                    -0.000506389595103,
                    0.000732078449801,
                    -0.000722494500224,
                    6.0970447521e-05,
                    -0.000889787974302,
                    0.000430619547842,
                    0.000135732319904,
                    -0.00030713895103,
                    0.000214505242184,
                    0.00269960984588,
                    -0.00505777774379,
                    0.0128249358386
                ]
            ],
            "mean": [
                -16.4017105103,
                64.056350708,
                -111.404174805,
                9.84598827362,
                -56.5845527649,
                11.1980075836,
                -45.580783844,
                14.9621534348,
                -20.1786499023,
                4.79410600662,
                -18.396982193,
                7.302942276,
                -11.4455471039
            ]
        },
        "hfc": {
            "dmean": 14.7769317627,
            "dmean2": 22.8248329163,
            "dvar": 764.248413086,
            "dvar2": 1723.73840332,
            "max": 313.530517578,
            "mean": 34.4015693665,
            "median": 19.925983429,
            "min": 1.20571685735e-16,
            "var": 1766.03894043
        },
        "melbands": {
            "dmean": [
                0.00204691360705,
                0.00104345940053,
                0.000163226824952,
                0.000171235689777,
                0.000198150693905,
                0.000118003692478,
                0.000102343328763,
                9.89790205495e-05,
                8.67367780302e-05,
                7.89120385889e-05,
                5.32011908945e-05,
                5.00586538692e-05,
                5.63848007005e-05,
                3.80460915039e-05,
                2.9947321309e-05,
                3.20956969517e-05,
                3.06253241433e-05,
                2.16502667172e-05,
                2.89831223199e-05,
                2.90299594781e-05,
                2.62953526544e-05,
                2.65140988631e-05,
                2.21266127483e-05,
                1.30709067889e-05,
                5.71446025788e-06,
                3.85221028409e-06,
                3.68567657461e-06,
