{
    "lowlevel": {
        "average_loudness": 0.911977350712,
        "barkbands": {
            "dmean": [
                0.000432957225712,
                0.00873383414,
                0.0060647460632,
                0.00576245971024,
                0.00184979115147,
                0.00152784597594,
                0.000721969059668,
                0.000556770828553,
                0.000486395641929,
                0.000235822561081,
                0.000319391809171,
                0.000302627449855,
                0.000217045875615,
                0.000161530915648,
                0.000218944856897,
                0.000191016704775,
                0.000210906058783,
                0.000219241206651,
                0.000168757585925,
                0.00015067307686,
                0.000251795718214,
                0.000282029417576,
                0.000407769257436,
                0.000311892363243,
                0.000198747758986,
                5.18711312907e-05,
                2.65418225354e-06
            ],
            "dmean2": [
                0.000664272520225,
                0.012609841302,
                0.00952349975705,
                0.010518854484,
                0.00308292778209,
                0.00220174016431,
                0.00110277638305,
                0.000859623658471,
                0.000757566769607,
                0.00036950581125,
                0.000429987732787,
                0.000470419880003,
                0.000330828130245,
                0.000247785879765,
                0.000344997242792,
                0.000283864326775,
                0.000319286453305,
                0.000335918593919,
                0.000252274825471,
                0.000235120023717,
                0.000374439376174,
                0.000417441653553,
                0.000575594080146,
                0.000432681641541,
                0.000282011402305,
                7.12968976586e-05,
                4.47668980996e-06
            ],
            "dvar": [
                1.01884290871e-06,
                0.000296042097034,
                0.000265103095444,
                0.00033541227458,
                1.74763990799e-05,
                1.04499840745e-05,
                3.70564043806e-06,
                2.24626637646e-06,
                1.81024199719e-06,
                3.75486820303e-07,
                7.71063128013e-07,
                6.97037137343e-07,
                5.28437340108e-07,
                2.00038996923e-07,
                2.67936655973e-07,
                1.9313898747e-07,
                2.5826236083e-07,
                2.53063859645e-07,
                8.82037980432e-08,
                5.60513022663e-08,
                2.317127894e-07,
                5.02840919125e-07,
                8.87079522727e-07,
                4.55931342458e-07,
                1.63632293493e-07,
                9.76719505275e-09,
                3.43013360771e-11
            ],
            "dvar2": [
                2.30783098232e-06,
                0.000733064080123,
                0.000623313477263,
                0.000930202717427,
                4.71615130664e-05,
                1.88778449228e-05,
                6.98288204148e-06,
                4.68177358925e-06,
                4.3137956709e-06,
                7.61055900966e-07,
                1.24790869904e-06,
                1.50735240823e-06,
                1.17570561997e-06,
                4.62625905584e-07,
                5.86828207361e-07,
                4.13954410305e-07,
                5.78971594223e-07,
                5.60040746223e-07,
                1.92921135067e-07,
                1.41867033676e-07,
                5.32596232006e-07,
                1.13680823688e-06,
                1.79742301043e-06,
                8.1169821442e-07,
                3.54413288051e-07,
                1.73702119355e-08,
                9.00840513296e-11
            ],
            "max": [
                0.0122156413272,
                0.193437695503,
                0.139810949564,
                0.139960974455,
                0.0440302304924,
                0.0593958683312,
                0.0343905240297,
                0.0316520668566,
                0.0243537705392,
                0.0282992850989,
                0.0208907388151,
                0.0207808259875,
                0.0202673133463,
                0.0136646497995,
                0.00940220896155,
                0.00934373680502,
                0.00889438949525,
                0.0108546381816,
                0.00475741317496,
                0.00291962060146,
                0.00457685161382,
                0.00592928286642,
                0.00872991979122,
                0.00671480270103,
                0.00334629323334,
                0.00101278093643,
                0.000103678685264
            ],
            "mean": [
                0.000940252328292,
                0.020746063441,
                0.00503972824663,
                0.00403740303591,
                0.00246188929304,
                0.0024744910188,
                0.000900403014384,
                0.000790643680375,
                0.000676311727148,
                0.000309523777105,
                0.000560296582989,
                0.000393964728573,
                0.000274289108347,
                0.000208353550988,
                0.000267239636742,
                0.000249658914981,
                0.000245178584009,
                0.000275461468846,
                0.000203778385185,
                0.000214026047615,
                0.000306489208015,
                0.000306910136715,
                0.000562379078474,
                0.00050408905372,
                0.000281352637103,
                8.10426790849e-05,
                2.96337202599e-06
            ],
            "median": [
                8.57187988004e-05,
                0.0134583413601,
                0.000220853107749,
                9.76197916316e-05,
                0.00056062679505,
                0.000553808989935,
                0.000100955323433,
                0.000121365694213,
                7.65387230786e-05,
                3.61364509445e-05,
                3.30160255544e-05,
                3.85909952456e-05,
                3.61749480362e-05,
                1.89947932085e-05,
                3.01880882034e-05,
                3.18809870805e-05,
                2.61324930761e-05,
                4.58809154225e-05,
                5.57711464353e-05,
                9.23002735362e-05,
                6.54460818623e-05,
                2.30531531997e-05,
                3.02621774608e-05,
                6.17723853793e-05,
                7.95789746917e-05,
                1.18334573926e-05,
                9.69506857018e-08
            ],
            "min": [
                8.17262185506e-24,
                2.72139972906e-24,
                6.69909910386e-24,
                8.27461131491e-24,
                2.95555415611e-23,
                8.61685199221e-23,
                3.29441409111e-23,
                2.87005299358e-23,
                4.54554022927e-23,
                3.78975026647e-23,
                3.53920993623e-23,
                6.54342134852e-23,
                8.39040978491e-23,
                6.59001589121e-23,
                1.11197719604e-22,
                8.56269258899e-23,
                2.08578748712e-22,
                2.40918953492e-22,
                3.40040323353e-22,
                2.9116075986e-22,
                3.63235080642e-22,
                4.45662689623e-22,
                6.57430670447e-22,
                7.50388070521e-22,
                9.68392015733e-22,
                1.78028049022e-21,
                2.66221254295e-21
            ],
            "var": [
                2.58030604527e-06,
                0.000640169077087,
                0.000243449758273,
                0.000208106677746,
                2.04928965104e-05,
                2.59460266534e-05,
                7.28610484657e-06,
                4.30759473602e-06,
                3.01571503769e-06,
                8.16285023575e-07,
                2.83318104266e-06,
                1.42901421896e-06,
                8.97229426755e-07,
                4.04012837407e-07,
                4.50170432487e-07,
                3.1639081044e-07,
                3.48403460748e-07,
                3.82527076681e-07,
                1.23055855283e-07,
                8.48931449582e-08,
                3.25329580164e-07,
                5.96133133968e-07,
                1.47068737988e-06,
                9.33940498271e-07,
                2.49907259331e-07,
                2.03913579355e-08,
                5.12365844196e-11
            ]
        },
        "barkbands_crest": {
            "dmean": 3.13142085075,
            "dmean2": 4.64851617813,
            "dvar": 10.2066364288,
            "dvar2": 21.2895812988,
            "max": 26.8163280487,
            "mean": 14.6170301437,
            "median": 14.3587274551,
            "min": 2.44093203545,
            "var": 38.2307624817
        },
        "barkbands_flatness_db": {
            "dmean": 0.0508156456053,
            "dmean2": 0.0677114054561,
            "dvar": 0.00382952601649,
            "dvar2": 0.00610864488408,
            "max": 0.789677321911,
            "mean": 0.220534831285,
            "median": 0.191762268543,
            "min": 0.0299271922559,
            "var": 0.0157916042954
        },
        "barkbands_kurtosis": {
            "dmean": 26.7311496735,
            "dmean2": 39.1631202698,
            "dvar": 10052.8144531,
            "dvar2": 21494.4199219,
            "max": 3313.67407227,
            "mean": 32.7893714905,
            "median": 4.20689487457,
            "min": -1.97648525238,
            "var": 14672.9824219
        },
        "barkbands_skewness": {
            "dmean": 1.44508314133,
            "dmean2": 2.03376364708,
            "dvar": 5.81378030777,
            "dvar2": 10.6899452209,
            "max": 47.5579071045,
            "mean": 2.80596709251,
            "median": 1.98707509041,
            "min": -7.5647149086,
            "var": 15.3722133636
        },
        "barkbands_spread": {
            "dmean": 9.45191287994,
            "dmean2": 13.9126768112,
            "dvar": 196.702423096,
            "dvar2": 356.258331299,
            "max": 125.77469635,
            "mean": 24.0766277313,
            "median": 19.0312156677,
            "min": 0.0377471260726,
            "var": 515.902648926
        },
        "dissonance": {
            "dmean": 0.030091509223,
            "dmean2": 0.0461080372334,
            "dvar": 0.00117065710947,
            "dvar2": 0.00250931805931,
            "max": 0.5,
            "mean": 0.43831166625,
            "median": 0.456047415733,
            "min": 0.143123015761,
            "var": 0.00335150631145
        },
        "dynamic_complexity": 3.65949583054,
        "erbbands": {
            "dmean": [
                0.3004732728,
                1.88759791851,
                5.57282733917,
                14.6279907227,
                10.1071147919,
                5.01309537888,
                13.1506261826,
                10.4839191437,
                10.9833211899,
                8.79266929626,
                11.9096565247,
                11.038526535,
                7.2222495079,
                10.984331131,
                10.6387481689,
                10.5687561035,
                10.192360878,
                8.26437854767,
                9.78938961029,
                9.75613212585,
                11.1721153259,
                12.251868248,
                12.5762424469,
                8.25319290161,
                7.86104106903,
                7.92463445663,
                9.97966194153,
                9.21461963654,
                8.12276744843,
                14.3552513123,
                11.0741930008,
                7.94788885117,
                4.51918745041,
                2.74679470062,
                1.14712536335,
                0.341458201408,
                0.073070526123,
                0.0109860049561,
                0.000315827113809,
                3.13861964969e-05
            ],
            "dmean2": [
                0.441150188446,
                2.66484880447,
                8.00121307373,
                25.0425415039,
                18.1146640778,
                8.22438240051,
                19.0207023621,
                15.3548183441,
                16.3045330048,
                14.2079792023,
                18.1706905365,
                17.1094646454,
                11.3020744324,
                14.937587738,
                15.0964651108,
                16.4336242676,
                15.5066270828,
                12.4115943909,
                15.4155044556,
                14.00552845,
                16.6718254089,
                18.4424171448,
                19.0364322662,
                12.4312705994,
                11.6119318008,
                12.2809486389,
                15.3510541916,
                13.5231847763,
                12.2813301086,
                20.4430942535,
                15.7325735092,
                10.8618583679,
                6.39160728455,
                3.84668302536,
                1.68184220791,
                0.484032154083,
                0.101006872952,
                0.0168467573822,
                0.000489601981826,
                4.44563738711e-05
            ],
            "dvar": [
                0.361811429262,
                14.1280250549,
                183.849594116,
                1865.05541992,
                924.855712891,
                119.751968384,
                753.196533203,
                557.108947754,
                1073.48937988,
                325.806610107,
                906.101318359,
                1030.10656738,
                286.090454102,
                928.946716309,
                773.981628418,
                795.241210938,
                1067.609375,
                498.110107422,
                528.303710938,
                402.747650146,
                566.708068848,
                846.819702148,
                920.557495117,
                201.191726685,
                221.744003296,
                165.20375061,
                372.234985352,
                403.892089844,
                391.742828369,
                1270.00317383,
                677.481140137,
                318.784057617,
                90.1146087646,
                31.8349514008,
                5.48494434357,
                0.44446927309,
                0.0191581957042,
                0.000526421645191,
                4.12550349438e-07,
                2.07507655503e-09
            ],
            "dvar2": [
                0.880603671074,
                33.7735023499,
                401.701873779,
                4807.35839844,
                2568.51611328,
                313.608551025,
                1428.54846191,
                1011.09619141,
                1962.60424805,
                773.893188477,
                1921.70239258,
                2475.39624023,
                627.09185791,
                1470.54272461,
                1547.86096191,
                1750.64428711,
                2385.12255859,
                1107.72497559,
                1151.57983398,
                851.715820313,
                1217.14306641,
                1925.34716797,
                2079.1796875,
                458.00378418,
                502.050048828,
                415.228912354,
                902.299377441,
                902.218566895,
                906.007507324,
                2673.51953125,
                1412.50415039,
                569.715637207,
                178.145278931,
                68.4329223633,
                12.5268907547,
                0.866568088531,
                0.0339562557638,
                0.00121595850214,
                9.64378955359e-07,
                4.43523173743e-09
            ],
            "max": [
                7.03126859665,
                44.1751708984,
                121.13319397,
                316.356658936,
                249.125335693,
                223.354110718,
                578.062194824,
                717.161193848,
                613.082397461,
                432.946563721,
                585.489807129,
                695.921875,
                633.856872559,
                836.902954102,
                858.341674805,
                603.678527832,
                842.881652832,
                612.957336426,
                521.868896484,
                424.919403076,
                414.183013916,
                633.703735352,
                700.688110352,
                210.999664307,
                170.931640625,
                183.705383301,
                214.187011719,
                192.625305176,
                173.124206543,
                324.339019775,
                267.03503418,
                193.10357666,
                89.5635681152,
                46.1310997009,
                26.7824821472,
                7.25419950485,
                1.3830769062,
                0.288887530565,
                0.0122302360833,
                0.000404415564844
            ],
            "mean": [
                0.763657450676,
                3.95983171463,
                5.91648864746,
                11.3052444458,
                8.37189388275,
                7.14024448395,
                21.9688568115,
                16.9353694916,
                14.4765625,
                11.4593153,
                18.0045375824,
                15.665353775,
                9.87526321411,
                19.3271198273,
                17.1025753021,
                13.7635002136,
                13.712351799,
                11.3939361572,
                13.3068580627,
                12.967209816,
                14.2454566956,
                14.6812152863,
                15.1630582809,
                10.9919595718,
                9.7718296051,
                11.13651371,
                13.0361204147,
                10.7077989578,
                9.36297512054,
                16.4697875977,
                15.3480491638,
                12.4621562958,
                7.16730546951,
                3.93753504753,
                1.55743849277,
                0.499371021986,
                0.117466956377,
                0.0161907989532,
                0.000470335624414,
                6.96156566846e-05
            ],
            "median": [
                0.382577449083,
                2.52474832535,
                0.720699667931,
                0.466360032558,
                0.796522736549,
                1.80614686012,
                3.98280072212,
                4.1036400795,
                2.58462095261,
                2.42346096039,
                3.10379505157,
                2.35135555267,
                1.90918517113,
                1.68375897408,
                2.04894566536,
                1.71227502823,
                2.08907985687,
                1.40257501602,
                1.62807035446,
                2.17241501808,
                1.87818908691,
                1.7069196701,
                2.26245117188,
                3.40767192841,
                2.97548627853,
                4.50615119934,
                3.92878437042,
                1.8813791275,
                0.86612957716,
                0.783935427666,
                0.923664569855,
                0.970808327198,
                1.22930526733,
                1.06582260132,
                0.391914397478,
                0.086167037487,
                0.0155792944133,
                0.00175181520171,
                6.94261761964e-05,
                4.98519730172e-05
            ],
            "min": [
                9.5516799328e-23,
                1.3374058496e-21,
                8.99647773444e-21,
                2.17492278669e-20,
                1.55157240177e-20,
                1.43192705926e-19,
                1.82149474808e-19,
                9.33137692733e-19,
                6.66740299051e-19,
                5.73258498376e-19,
                4.1899463911e-19,
                9.87178849717e-19,
                1.11926542807e-18,
                1.30124692059e-18,
                1.67793246044e-18,
                2.57605921676e-18,
                4.31327457433e-18,
                3.5399033014e-18,
                5.28511046446e-18,
                4.87209091281e-18,
                5.42214782218e-18,
                1.34043509842e-17,
                1.34043782812e-17,
                1.35876260838e-17,
                1.57303894842e-17,
                1.28018144281e-17,
                1.52514783793e-17,
                1.39880096244e-17,
                1.53628532857e-17,
                1.8854129534e-17,
                1.83338147307e-17,
                1.51700573372e-17,
                1.25557588015e-17,
                8.75395564252e-18,
                8.46523403997e-18,
                6.57900664454e-18,
                3.36224682611e-18,
                1.26918240152e-18,
                3.56144241247e-19,
                3.46132725659e-20
            ],
            "var": [
                0.950961053371,
                28.0462589264,
                213.407608032,
                1385.74438477,
                599.851745605,
                171.834533691,
                1889.23376465,
                1343.18237305,
                2033.30493164,
                584.914794922,
                1783.11218262,
                1756.75830078,
                549.13671875,
                3707.02905273,
                2126.78833008,
                1376.70275879,
                1816.0189209,
                989.607055664,
                1001.1907959,
                713.375915527,
                953.88671875,
                1191.59057617,
                1281.58422852,
                305.555114746,
                285.756469727,
                242.39793396,
                535.342651367,
                540.534484863,
                475.172637939,
                1681.8782959,
                1081.36694336,
                642.810546875,
                169.725723267,
                50.1076316833,
                7.67788887024,
                0.790489494801,
                0.043006464839,
                0.000917731726076,
                8.04956926004e-07,
                4.54469573086e-09
            ]
        },
        "erbbands_crest": {
            "dmean": 3.32923364639,
            "dmean2": 5.09891986847,
            "dvar": 11.0741081238,
            "dvar2": 23.9101524353,
            "max": 31.7632637024,
            "mean": 10.7293024063,
            "median": 9.58649730682,
            "min": 2.28730511665,
            "var": 28.3153095245
        },
        "erbbands_flatness_db": {
            "dmean": 0.0297397114336,
            "dmean2": 0.0432947054505,
            "dvar": 0.00119379232638,
            "dvar2": 0.00231211376376,
            "max": 0.502633154392,
            "mean": 0.175433680415,
            "median": 0.162236332893,
            "min": 0.0550264380872,
            "var": 0.00441258354113
        },
        "erbbands_kurtosis": {
            "dmean": 3.23559069633,
            "dmean2": 5.16635751724,
            "dvar": 61.7768554688,
            "dvar2": 163.990921021,
            "max": 292.834899902,
            "mean": 2.83998203278,
            "median": 0.366535782814,
            "min": -1.94684755802,
            "var": 70.9028015137
        },
        "erbbands_skewness": {
            "dmean": 0.754092216492,
            "dmean2": 1.0960944891,
            "dvar": 0.926184415817,
            "dvar2": 1.984785676,
            "max": 13.0893087387,
            "mean": 0.334919422865,
            "median": 0.253492891788,
            "min": -6.28792381287,
            "var": 2.23833060265
        },
        "erbbands_spread": {
            "dmean": 16.6771507263,
            "dmean2": 25.369600296,
            "dvar": 421.19317627,
            "dvar2": 888.411987305,
            "max": 227.845001221,
            "mean": 48.5049095154,
            "median": 39.4741897583,
            "min": 0.943383514881,
            "var": 1180.33203125
        },
        "gfcc": {
            "cov": [
                [
                    38582.2929688,
                    1371.9173584,
                    -759.18560791,
                    2115.15991211,
                    -1150.76855469,
                    853.296020508,
                    -1295.35241699,
                    384.130004883,
                    -1053.88342285,
                    307.12689209,
                    -24.9495601654,
                    334.114227295,
                    -277.723175049
                ],
                [
                    1371.9173584,
                    4680.20605469,
                    941.262695313,
                    4.80004835129,
                    882.367614746,
                    -387.671081543,
                    411.252624512,
                    -48.6598815918,
                    75.6480484009,
                    -201.224853516,
                    269.345672607,
                    -394.090911865,
                    396.566619873
                ],
                [
                    -759.18560791,
                    941.262695313,
                    3136.84301758,
                    1191.46557617,
                    301.99520874,
                    318.002563477,
                    378.685150146,
                    -18.4876213074,
                    383.379547119,
                    -29.3686752319,
                    144.698577881,
                    42.3977012634,
                    -118.797286987
                ],
                [
                    2115.15991211,
                    4.80004835129,
                    1191.46557617,
                    1288.94348145,
                    350.481170654,
                    270.902832031,
                    94.9517822266,
                    147.307739258,
                    266.214660645,
                    80.0637054443,
                    65.8061218262,
                    98.5205001831,
                    -51.2286338806
                ],
                [
                    -1150.76855469,
                    882.367614746,
                    301.99520874,
                    350.481170654,
                    894.953491211,
                    145.192672729,
                    292.33102417,
                    147.428543091,
                    240.313354492,
                    33.3854103088,
                    103.644927979,
                    -46.1709594727,
                    158.206604004
                ],
                [
                    853.296020508,
                    -387.671081543,
                    318.002563477,
                    270.902832031,
                    145.192672729,
                    547.234924316,
                    215.130584717,
                    95.0034713745,
                    42.8375701904,
                    87.7117156982,
                    24.8135929108,
                    63.0444450378,
                    -85.0459899902
                ],
                [
                    -1295.35241699,
                    411.252624512,
                    378.685150146,
                    94.9517822266,
                    292.33102417,
                    215.130584717,
                    472.799407959,
                    112.914237976,
                    151.929031372,
                    19.0208930969,
                    99.5270690918,
                    -56.1204872131,
                    27.8642463684
                ],
                [
                    384.130004883,
                    -48.6598815918,
                    -18.4876213074,
                    147.307739258,
                    147.428543091,
                    95.0034713745,
                    112.914237976,
                    288.514099121,
                    124.887878418,
                    49.4237174988,
                    10.4836616516,
                    -6.61835622787,
                    24.0643768311
                ],
                [
                    -1053.88342285,
                    75.6480484009,
                    383.379547119,
                    266.214660645,
                    240.313354492,
                    42.8375701904,
                    151.929031372,
                    124.887878418,
                    398.523986816,
                    70.5138244629,
                    14.3751478195,
                    24.5414047241,
                    -18.1491985321
                ],
                [
                    307.12689209,
                    -201.224853516,
                    -29.3686752319,
                    80.0637054443,
                    33.3854103088,
                    87.7117156982,
                    19.0208930969,
                    49.4237174988,
                    70.5138244629,
                    181.705718994,
                    88.326965332,
                    33.3928031921,
                    -11.7462940216
                ],
                [
                    -24.9495601654,
                    269.345672607,
                    144.698577881,
                    65.8061218262,
                    103.644927979,
                    24.8135929108,
                    99.5270690918,
                    10.4836616516,
                    14.3751478195,
                    88.326965332,
                    224.378311157,
                    55.4786834717,
                    74.2237014771
                ],
                [
                    334.114227295,
                    -394.090911865,
                    42.3977012634,
                    98.5205001831,
                    -46.1709594727,
                    63.0444450378,
                    -56.1204872131,
                    -6.61835622787,
                    24.5414047241,
                    33.3928031921,
                    55.4786834717,
                    227.62461853,
                    22.2511444092
                ],
                [
                    -277.723175049,
                    396.566619873,
                    -118.797286987,
                    -51.2286338806,
                    158.206604004,
                    -85.0459899902,
                    27.8642463684,
                    24.0643768311,
                    -18.1491985321,
                    -11.7462940216,
                    74.2237014771,
                    22.2511444092,
                    231.549606323
                ]
            ],
            "icov": [
                [
                    9.20707898331e-05,
                    -0.000217882770812,
                    0.000149931351189,
                    -0.000313983793603,
                    0.00030014582444,
                    -0.000316515535815,
                    0.000270493561402,
                    -0.000230253470363,
                    0.000224254341447,
                    -0.0001975629566,
                    0.000126301616547,
                    -0.000236586492974,
                    0.000150901731104
                ],
                [
                    -0.000217882770812,
                    0.0010325901676,
                    -0.000541846966371,
                    0.000860661908519,
                    -0.00109321007039,
                    0.00102783693001,
                    -0.000640814716462,
                    0.000640077632852,
                    -0.000497739412822,
                    0.00099456415046,
                    -0.000966071092989,
                    0.0014112838544,
                    -0.000796850887127
                ],
                [
                    0.000149931351189,
                    -0.000541846966371,
                    0.00101785035804,
                    -0.00118668330833,
                    0.000863930035848,
                    -0.00080927927047,
                    0.000113525951747,
                    0.000149225452333,
                    -0.000205661868677,
                    0.000300074258121,
                    -0.000188824837096,
                    -0.000432222848758,
                    0.000551971024834
                ],
                [
                    -0.000313983793603,
                    0.000860661908519,
                    -0.00118668330833,
                    0.00281110662036,
                    -0.00168574950658,
                    0.000754352426156,
                    -5.06559190399e-05,
                    5.53122190468e-05,
                    -0.000910904316697,
                    0.000499991758261,
                    -0.000590871844906,
                    0.000593889970332,
                    -0.000322010309901
                ],
                [
                    0.00030014582444,
                    -0.00109321007039,
                    0.000863930035848,
                    -0.00168574950658,
                    0.00349234603345,
                    -0.00191115122288,
                    0.000431784428656,
                    -0.000643878942356,
                    -0.000537187443115,
                    -0.000341538747307,
                    0.000256496219663,
                    -0.000307317939587,
                    -0.00088267918909
                ],
                [
                    -0.000316515535815,
                    0.00102783693001,
                    -0.00080927927047,
                    0.000754352426156,
                    -0.00191115122288,
                    0.00526764523238,
                    -0.00334128784016,
                    0.000249894917943,
                    0.0013629902387,
                    -0.00161772139836,
                    0.00126642419491,
                    -0.000904402695596,
                    0.000934109732043
                ],
                [
                    0.000270493561402,
                    -0.000640814716462,
                    0.000113525951747,
                    -5.06559190399e-05,
                    0.000431784428656,
                    -0.00334128784016,
                    0.00601787818596,
                    -0.0015423578443,
                    -0.00124410912395,
                    0.00171520956792,
                    -0.00267492234707,
                    0.00147197779734,
                    8.83385800989e-05
                ],
                [
                    -0.000230253470363,
                    0.000640077632852,
                    0.000149225452333,
                    5.53122190468e-05,
                    -0.000643878942356,
                    0.000249894917943,
                    -0.0015423578443,
                    0.00566412135959,
                    -0.00190316932276,
                    0.000119675045426,
                    6.74521470501e-06,
                    0.00130436697509,
                    -0.00142555637285
                ],
                [
                    0.000224254341447,
                    -0.000497739412822,
                    -0.000205661868677,
                    -0.000910904316697,
                    -0.000537187443115,
                    0.0013629902387,
                    -0.00124410912395,
                    -0.00190316932276,
                    0.00602496229112,
                    -0.00364397396334,
                    0.00290906243026,
                    -0.00259058061056,
                    0.00163337029517
                ],
                [
                    -0.0001975629566,
                    0.00099456415046,
                    0.000300074258121,
                    0.000499991758261,
                    -0.000341538747307,
                    -0.00161772139836,
                    0.00171520956792,
                    0.000119675045426,
                    -0.00364397396334,
                    0.0117343431339,
                    -0.00711729051545,
                    0.00294571486302,
                    5.26415642526e-05
                ],
                [
                    0.000126301616547,
                    -0.000966071092989,
                    -0.000188824837096,
                    -0.000590871844906,
                    0.000256496219663,
                    0.00126642419491,
                    -0.00267492234707,
                    6.74521470501e-06,
                    0.00290906243026,
                    -0.00711729051545,
                    0.0108784455806,
                    -0.00434699049219,
                    -0.00101288582664
                ],
                [
                    -0.000236586492974,
                    0.0014112838544,
                    -0.000432222848758,
                    0.000593889970332,
                    -0.000307317939587,
                    -0.000904402695596,
                    0.00147197779734,
                    0.00130436697509,
                    -0.00259058061056,
                    0.00294571486302,
                    -0.00434699049219,
                    0.00876972265542,
                    -0.00272900098935
                ],
                [
                    0.000150901731104,
                    -0.000796850887127,
                    0.000551971024834,
                    -0.000322010309901,
                    -0.00088267918909,
                    0.000934109732043,
                    8.83385800989e-05,
                    -0.00142555637285,
                    0.00163337029517,
                    5.26415642526e-05,
                    -0.00101288582664,
                    -0.00272900098935,
                    0.007877741009
                ]
            ],
            "mean": [
                -76.0511474609,
                60.1606941223,
                -81.835319519,
                41.342666626,
                -60.6128692627,
                19.1381797791,
                -36.3171653748,
                19.6881160736,
                -21.5376777649,
                11.2063989639,
                -6.58224964142,
                1.21070075035,
                -1.52655982971
            ]
        },
        "hfc": {
            "dmean": 15.0583906174,
            "dmean2": 20.3775367737,
            "dvar": 686.395690918,
            "dvar2": 1433.51660156,
            "max": 210.8853302,
            "mean": 26.7352523804,
            "median": 15.1771392822,
            "min": 1.2223692604e-16,
            "var": 1181.17114258
        },
        "melbands": {
            "dmean": [
                0.00254063820466,
                0.00245170271955,
                0.00231957458891,
                0.000457555608591,
                0.000404143007472,
                0.00024932299857,
                0.000157799440785,
                0.000105188177258,
                9.64912178461e-05,
                6.84385668137e-05,
                3.64921543223e-05,
                4.39363029727e-05,
                3.54458315996e-05,
                3.25626715494e-05,
                2.60943761532e-05,
                2.31823451031e-05,
                1.56881451403e-05,
                1.57576341735e-05,
                1.67724247149e-05,
                1.35123091241e-05,
                1.36814587677e-05,
                1.35756672535e-05,
                1.31092674565e-05,
                8.69905306899e-06,
                6.70604140396e-06,
                6.97664427207e-06,
                4.11001110479e-06,
                5.72741191718e-06,
