{
    "lowlevel": {
        "average_loudness": 0.836249411106,
        "barkbands": {
            "dmean": [
                0.00144212832674,
                0.00779931759462,
                0.00178495747969,
                0.000592174881604,
                0.00093979795929,
                0.00114916171879,
                0.000979489646852,
                0.000256074999925,
                0.000361551821698,
                0.000673511705827,
                0.000513384002261,
                0.000429987703683,
                0.000453910499346,
                0.000310310046189,
                0.000451112195151,
                0.000245852424996,
                0.000254833517829,
                0.000249307922786,
                0.000253150268691,
                0.00018864935555,
                0.000146621256135,
                8.24523303891e-05,
                8.87650312507e-05,
                0.000103396552731,
                9.89705004031e-05,
                6.09327580605e-05,
                1.36002290674e-05
            ],
            "dmean2": [
                0.00218279566616,
                0.0115801068023,
                0.00320152612403,
                0.00106617854908,
                0.00167938170489,
                0.00190193299204,
                0.00163114746101,
                0.000433587061707,
                0.000569678493775,
                0.00101749820169,
                0.00082256674068,
                0.000694103306159,
                0.000705714395735,
                0.00048568166676,
                0.000693822919857,
                0.000374125724193,
                0.000409639440477,
                0.000389199965866,
                0.000399723299779,
                0.000299073319184,
                0.000226097326959,
                0.000121323515486,
                0.000126433107653,
                0.000146667211084,
                0.00014726286463,
                8.65498586791e-05,
                1.94244021259e-05
            ],
            "dvar": [
                9.94551282929e-06,
                0.000411215209169,
                6.07977890468e-05,
                3.21335141962e-06,
                1.06644029074e-05,
                8.39647327666e-06,
                3.48186927113e-06,
                4.47771697054e-07,
                4.29208512287e-07,
                2.64039817921e-06,
                2.51917026617e-06,
                2.17324304685e-06,
                1.67787572991e-06,
                7.08418497197e-07,
                1.44117768741e-06,
                4.33507182152e-07,
                5.03824765019e-07,
                4.44298819957e-07,
                2.59711384842e-07,
                1.56697595344e-07,
                1.16230943092e-07,
                4.58242865875e-08,
                5.15637808007e-08,
                1.01726307378e-07,
                1.78179490717e-07,
                5.11945827952e-08,
                1.78568104747e-09
            ],
            "dvar2": [
                2.33261562244e-05,
                0.000799755158368,
                0.000170894199982,
                9.33416686166e-06,
                3.06954825646e-05,
                2.20710935537e-05,
                9.12237828743e-06,
                1.20761967537e-06,
                9.96548124022e-07,
                5.75608009967e-06,
                6.2446379161e-06,
                5.10233076056e-06,
                3.99501141146e-06,
                1.53225050781e-06,
                3.23699077853e-06,
                1.00656529867e-06,
                1.24377970678e-06,
                1.08456117687e-06,
                6.32665944522e-07,
                3.80535851718e-07,
                2.8486712722e-07,
                8.75046382021e-08,
                1.0849704779e-07,
                2.10432702374e-07,
                3.45171116578e-07,
                9.76885203841e-08,
                3.92796550841e-09
            ],
            "max": [
                0.0425098016858,
                0.221511870623,
                0.0941688790917,
                0.0222888328135,
                0.0412900410593,
                0.0609223097563,
                0.0300083961338,
                0.0169719047844,
                0.0116373924538,
                0.0469491817057,
                0.0293841976672,
                0.0476237311959,
                0.0313309431076,
                0.0214884802699,
                0.0510848201811,
                0.0210909415036,
                0.0176279842854,
                0.0184759628028,
                0.0115721439943,
                0.00617832271382,
                0.00490580685437,
                0.00285311299376,
                0.0027271010913,
                0.0127906948328,
                0.0110975494608,
                0.00661946088076,
                0.000631103117485
            ],
            "mean": [
                0.00435261614621,
                0.0170623585582,
                0.00137967348564,
                0.000635772186797,
                0.000992797315121,
                0.00161601335276,
                0.00133651436772,
                0.000337877980201,
                0.000622780818958,
                0.0011251764372,
                0.000715284666512,
                0.000629168644082,
                0.000678614538629,
                0.000461049261503,
                0.000709076412022,
                0.000343404215528,
                0.000372500129743,
                0.000385164254112,
                0.000425910926424,
                0.000309299473884,
                0.000240177119849,
                0.000147026294144,
                0.000140848438605,
                0.000172623345861,
                0.000162130469107,
                8.41662767925e-05,
                2.41762481892e-05
            ],
            "median": [
                0.00192697858438,
                0.00848455540836,
                0.000183887896128,
                0.000246226845775,
                0.000362220976967,
                0.000471814302728,
                0.000557693187147,
                0.000159304399858,
                0.000207568242331,
                0.000258730433416,
                0.00014012385509,
                0.000112980451377,
                0.000132378423586,
                0.000115388276754,
                0.000119804608403,
                6.59252254991e-05,
                6.71767920721e-05,
                6.77989301039e-05,
                0.000131884618895,
                0.000102005738881,
                7.70143378759e-05,
                2.87650109385e-05,
                3.12415322696e-05,
                4.61575255031e-05,
                3.27430971083e-05,
                1.36309608934e-05,
                4.27032318839e-06
            ],
            "min": [
                5.57676507922e-23,
                1.2960291264e-23,
                8.37275665557e-24,
                2.9356158545e-23,
                3.05998135393e-23,
                9.28397525145e-23,
                4.59482762754e-23,
                6.3841762064e-23,
                8.44390338952e-23,
                3.96903152895e-23,
                4.09206890216e-23,
                2.5472364068e-22,
                6.2700507526e-23,
                1.36263061737e-22,
                1.52958311987e-22,
                1.66857132369e-22,
                1.03544872677e-22,
                1.62242409669e-22,
                3.59256924517e-22,
                2.59301886451e-22,
                3.49041137929e-22,
                5.34624237844e-22,
                8.31407644828e-22,
                8.31195851452e-22,
                1.0555228513e-21,
                1.91217116733e-21,
                2.45005666975e-21
            ],
            "var": [
                3.44357613358e-05,
                0.000848023220897,
                3.71998212358e-05,
                2.06538993552e-06,
                7.10340464138e-06,
                1.19482929222e-05,
                4.67312702312e-06,
                4.1463650291e-07,
                1.01943692243e-06,
                6.65888910589e-06,
                4.01537317885e-06,
                4.86338512928e-06,
                3.38260997523e-06,
                1.19272544907e-06,
                3.50300297214e-06,
                7.17964155683e-07,
                8.35937271404e-07,
                9.99240455712e-07,
                5.41806912224e-07,
                2.86657837023e-07,
                2.00702643838e-07,
                9.98404843244e-08,
                9.01510617268e-08,
                1.72238245e-07,
                3.55659949491e-07,
                8.12175358078e-08,
                2.92248758527e-09
            ]
        },
        "barkbands_crest": {
            "dmean": 2.51340508461,
            "dmean2": 3.93595767021,
            "dvar": 6.94014692307,
            "dvar2": 15.5028934479,
            "max": 25.6797122955,
            "mean": 11.9493427277,
            "median": 11.1349592209,
            "min": 2.39867186546,
            "var": 24.2925720215
        },
        "barkbands_flatness_db": {
            "dmean": 0.0255329441279,
            "dmean2": 0.036791484803,
            "dvar": 0.000827061652672,
            "dvar2": 0.00162918167189,
            "max": 0.570165514946,
            "mean": 0.159577384591,
            "median": 0.142332732677,
            "min": 0.0117789171636,
            "var": 0.00796179194003
        },
        "barkbands_kurtosis": {
            "dmean": 5.74777126312,
            "dmean2": 8.87580013275,
            "dvar": 174.006668091,
            "dvar2": 373.277862549,
            "max": 529.160766602,
            "mean": 9.38837051392,
            "median": 3.00077700615,
            "min": -1.94085013866,
            "var": 425.928405762
        },
        "barkbands_skewness": {
            "dmean": 0.706459581852,
            "dmean2": 1.03831529617,
            "dvar": 0.741019248962,
            "dvar2": 1.54842841625,
            "max": 16.4102592468,
            "mean": 1.90777075291,
            "median": 1.5323754549,
            "min": -5.84588766098,
            "var": 3.72753119469
        },
        "barkbands_spread": {
            "dmean": 6.36010217667,
            "dmean2": 9.29708766937,
            "dvar": 78.3758239746,
            "dvar2": 141.016098022,
            "max": 130.229064941,
            "mean": 23.0348300934,
            "median": 18.9087905884,
            "min": 0.100243255496,
            "var": 335.857635498
        },
        "dissonance": {
            "dmean": 0.0224436707795,
            "dmean2": 0.03794535622,
            "dvar": 0.000614182616118,
            "dvar2": 0.00168857758399,
            "max": 0.500000119209,
            "mean": 0.461067736149,
            "median": 0.472169280052,
            "min": 0.118674404919,
            "var": 0.00132633699104
        },
        "dynamic_complexity": 4.59851408005,
        "erbbands": {
            "dmean": [
                0.397546708584,
                1.4972743988,
                2.18661046028,
                1.94450378418,
                2.28937029839,
                3.26137757301,
                6.89937591553,
                9.17175960541,
                12.7284612656,
                12.3144388199,
                5.81327676773,
                8.72131443024,
                13.3085670471,
                22.8099632263,
                16.5280704498,
                19.6874866486,
                21.7018909454,
                16.6792736053,
                19.8399581909,
                17.9199314117,
                13.9135494232,
                12.327545166,
                11.903096199,
                11.6419630051,
                13.601852417,
                9.42264175415,
                6.98558616638,
                4.50572109222,
                3.11845421791,
                2.85603475571,
                2.46974730492,
                2.12060642242,
                1.76317322254,
                1.34553027153,
                0.629329800606,
                0.375001519918,
                0.0841477662325,
                0.0149130541831,
                0.00215028133243,
                0.000170694402186
            ],
            "dmean2": [
                0.572543025017,
                2.26156353951,
                3.77097702026,
                3.47383618355,
                4.03883743286,
                5.86480855942,
                11.9277963638,
                15.1042413712,
                20.7494068146,
                21.0273990631,
                9.68051147461,
                13.6638631821,
                20.9197273254,
                34.0141181946,
                25.8331794739,
                31.6608848572,
                33.4868202209,
                25.8708400726,
                29.4291172028,
                28.2241783142,
                21.2862453461,
                19.4422492981,
                18.5579071045,
                17.7416648865,
                21.4473190308,
                15.0350265503,
                10.8092546463,
                6.99195861816,
                4.50484991074,
                4.28382635117,
                3.55146694183,
                3.05313301086,
                2.5148229599,
                2.08077549934,
                0.898165047169,
                0.539517760277,
                0.11873242259,
                0.0212595518678,
                0.0031319744885,
                0.000251728517469
            ],
            "dvar": [
                0.927291870117,
                22.2515106201,
                86.3703536987,
                47.3120803833,
                42.9298667908,
                158.648788452,
                481.097839355,
                537.524841309,
                691.543884277,
                724.899230957,
                155.361740112,
                254.946838379,
                949.309204102,
                3711.28662109,
                2251.49633789,
                4212.55126953,
                4250.56445312,
                2183.68188477,
                3327.66870117,
                2596.48535156,
                1479.15490723,
                1106.1986084,
                1091.16772461,
                600.08203125,
                878.448669434,
                402.45123291,
                221.323684692,
                141.362075806,
                68.0222091675,
                61.0469207764,
                36.0381011963,
                24.2749042511,
                51.8988342285,
                38.9860725403,
                6.93563938141,
                2.53789973259,
                0.0685136020184,
                0.00158275116701,
                4.16372313339e-05,
                3.65152743598e-07
            ],
            "dvar2": [
                2.03612947464,
                50.7418441772,
                228.318649292,
                135.544296265,
                121.823768616,
                457.081298828,
                1328.37609863,
                1377.75683594,
                1732.11523438,
                1907.55419922,
                412.711212158,
                580.918823242,
                2285.33618164,
                7877.61621094,
                4783.95898438,
                10293.7958984,
                10097.6660156,
                4689.57470703,
                6797.23242188,
                6521.16845703,
                3480.21972656,
                2679.96582031,
                2567.16381836,
                1360.58398438,
                2157.89599609,
                999.298339844,
                523.703674316,
                345.601806641,
                122.814689636,
                134.608963013,
                71.6478424072,
                46.5788917542,
                115.390991211,
                82.0743179321,
                13.5148563385,
                4.84050750732,
                0.138311386108,
                0.00325999245979,
                9.30444730329e-05,
                8.04402361609e-07
            ],
            "max": [
                11.3678321838,
                51.6268692017,
                117.255622864,
                82.4676361084,
                76.7053833008,
                160.138198853,
                354.966247559,
                492.710693359,
                433.738952637,
                542.842895508,
                389.785339355,
                304.433197021,
                491.216766357,
                1766.42626953,
                1193.86645508,
                2401.31689453,
                1624.08032227,
                1180.34777832,
                2619.14111328,
                1093.05505371,
                1370.16918945,
                881.005554199,
                1103.54919434,
                635.961364746,
                801.952270508,
                314.790649414,
                248.57359314,
                222.650741577,
                116.463897705,
                88.9011077881,
                76.5210418701,
                78.0906600952,
                349.344604492,
                177.132904053,
                78.7950973511,
                49.1630477905,
                6.50780677795,
                0.775980830193,
                0.0928759947419,
                0.00839274656028
            ],
            "mean": [
                0.881639361382,
                2.25786519051,
                2.0382399559,
                1.93020510674,
                2.51009440422,
                3.19130587578,
                8.4414434433,
                13.0036144257,
                17.9780979156,
                15.7634954453,
                9.43493366241,
                15.7149868011,
                22.3045444489,
                39.1304550171,
                26.8318481445,
                30.6334514618,
                33.6592903137,
                26.3519096375,
                33.6534729004,
                27.1844024658,
                21.40275383,
                19.379825592,
                19.267665863,
                20.9813327789,
                22.3826713562,
                15.5720739365,
                12.4099931717,
                7.23642683029,
                5.54344940186,
                4.44414329529,
                4.02601671219,
                3.56155967712,
                2.85846543312,
                2.13294243813,
                0.973218977451,
                0.4911698699,
                0.121709771454,
                0.0250448845327,
                0.00383366667666,
                0.000313290773192
            ],
            "median": [
                0.42830401659,
                0.892199754715,
                0.420669496059,
                0.629743456841,
                1.05038189888,
                1.03336524963,
                1.97662305832,
                4.00777864456,
                7.41324520111,
                6.22714424133,
                5.09179115295,
                5.40937709808,
                6.94192361832,
                8.17826080322,
                7.16662979126,
                6.35785722733,
                7.0482711792,
                7.02313375473,
                6.82273101807,
                5.83120107651,
                4.45429897308,
                3.72101974487,
                3.58421707153,
                6.50661659241,
                6.33703613281,
                5.2771062851,
                4.4094376564,
                2.08626151085,
                1.10748815536,
                0.84020447731,
                0.920505344868,
                0.971054077148,
                0.719549894333,
                0.456369280815,
                0.178111463785,
                0.0697416588664,
                0.022018134594,
                0.00488417502493,
                0.000723333097994,
                8.55834732647e-05
            ],
            "min": [
                9.58697180265e-22,
                1.59829621162e-21,
                7.65111128118e-21,
                6.36776754111e-20,
                4.90575424275e-20,
                1.32206622943e-19,
                7.36665908735e-19,
                5.39627350922e-19,
                7.19523727913e-19,
                5.79276961115e-19,
                1.75018968548e-18,
                1.67402361846e-18,
                1.71545275264e-18,
                1.39627932303e-18,
                2.98465686766e-18,
                1.04653054759e-17,
                3.78176388147e-18,
                6.609160273e-18,
                7.19431569654e-18,
                1.04376917055e-17,
                7.4231378422e-18,
                5.88087820166e-18,
                7.45838483529e-18,
                1.74056502546e-17,
                1.73646816532e-17,
                1.25414568487e-17,
                1.05322599562e-17,
                1.83506710172e-17,
                1.90800060895e-17,
                2.48179793278e-17,
                2.05107291098e-17,
                1.43272694809e-17,
                1.46096523984e-17,
                1.07210275351e-17,
                7.90738757077e-18,
                5.83660584092e-18,
                3.92453856392e-18,
                1.36108061661e-18,
                3.67254982933e-19,
                3.62761285481e-20
            ],
            "var": [
                1.79453039169,
                29.5846118927,
                62.508731842,
                29.5017738342,
                29.212562561,
                98.3407974243,
                570.912963867,
                797.018981934,
                1027.484375,
                926.490844727,
                192.593002319,
                641.370239258,
                1916.67700195,
                9585.55957031,
                4679.34619141,
                9478.625,
                8574.88671875,
                3859.68847656,
                9585.93457031,
                4533.98388672,
                2648.02978516,
                2090.08154297,
                2626.69799805,
                1455.70507812,
                1671.48291016,
                702.30682373,
                448.682830811,
                215.96156311,
                153.117156982,
                97.3394622803,
                69.4279098511,
                50.0660400391,
                75.9787979126,
                70.559715271,
                12.9855823517,
                3.92224359512,
                0.108773753047,
                0.00290780514479,
                6.87835199642e-05,
                5.13303348271e-07
            ]
        },
        "erbbands_crest": {
            "dmean": 3.05955553055,
            "dmean2": 4.91264772415,
            "dvar": 7.89759874344,
            "dvar2": 19.0348777771,
            "max": 30.8482055664,
            "mean": 10.294467926,
            "median": 9.3520526886,
            "min": 2.07182455063,
            "var": 25.3406543732
        },
        "erbbands_flatness_db": {
            "dmean": 0.0188648942858,
            "dmean2": 0.0276499781758,
            "dvar": 0.000425225647632,
            "dvar2": 0.000873653159942,
            "max": 0.529341638088,
            "mean": 0.1581582129,
            "median": 0.141927927732,
            "min": 0.0446189753711,
            "var": 0.00584171712399
        },
        "erbbands_kurtosis": {
            "dmean": 1.4625877142,
            "dmean2": 2.32247281075,
            "dvar": 5.6884970665,
            "dvar2": 13.4588413239,
            "max": 119.687423706,
            "mean": 1.591340065,
            "median": 0.302224636078,
            "min": -1.8717302084,
            "var": 19.3317508698
        },
        "erbbands_skewness": {
            "dmean": 0.435346007347,
            "dmean2": 0.648304760456,
            "dvar": 0.1732968539,
            "dvar2": 0.383112728596,
            "max": 6.9895195961,
            "mean": 0.391135782003,
            "median": 0.277743816376,
            "min": -3.05942463875,
            "var": 0.895894944668
        },
        "erbbands_spread": {
            "dmean": 8.7525100708,
            "dmean2": 13.2257785797,
            "dvar": 110.266830444,
            "dvar2": 227.521987915,
            "max": 166.119766235,
            "mean": 35.5377311707,
            "median": 32.6579742432,
            "min": 0.726857244968,
            "var": 481.447875977
        },
        "gfcc": {
            "cov": [
                [
                    25768.9550781,
                    -3579.81494141,
                    -1028.16430664,
                    2222.33178711,
                    178.76852417,
                    1465.72875977,
                    9.20976066589,
                    810.331054688,
                    265.875793457,
                    797.361328125,
                    262.784362793,
                    656.560058594,
                    34.2710571289
                ],
                [
                    -3579.81494141,
                    3139.08764648,
                    297.56829834,
                    -639.519897461,
                    49.4747505188,
                    -521.58416748,
                    93.7578735352,
                    -354.10748291,
                    -47.6315422058,
                    -283.966918945,
                    10.9954395294,
                    -332.269104004,
                    21.7624015808
                ],
                [
                    -1028.16430664,
                    297.56829834,
                    973.443603516,
                    117.107841492,
                    -2.75840210915,
                    8.30627918243,
                    -70.5940856934,
                    -44.760471344,
                    43.3279762268,
                    -4.98896741867,
                    -69.0001373291,
                    15.1021432877,
                    -68.1073760986
                ],
                [
                    2222.33178711,
                    -639.519897461,
                    117.107841492,
                    693.1875,
                    157.698242188,
                    147.657913208,
                    -23.0636005402,
                    153.250396729,
                    101.943122864,
                    111.69695282,
                    52.8632240295,
                    102.829460144,
                    31.9496555328
                ],
                [
                    178.76852417,
                    49.4747505188,
                    -2.75840210915,
                    157.698242188,
                    405.292388916,
                    140.834960938,
                    158.607650757,
                    53.7906532288,
                    127.121604919,
                    30.8190040588,
                    73.243057251,
                    61.84973526,
                    48.1870994568
                ],
                [
                    1465.72875977,
                    -521.58416748,
                    8.30627918243,
                    147.657913208,
                    140.834960938,
                    413.484039307,
                    167.708236694,
                    96.7408676147,
                    76.3879547119,
                    118.802391052,
                    66.7983016968,
                    90.981590271,
                    12.3800106049
                ],
                [
                    9.20976066589,
                    93.7578735352,
                    -70.5940856934,
                    -23.0636005402,
                    158.607650757,
                    167.708236694,
                    306.80581665,
                    50.8400001526,
                    74.1896820068,
                    41.2974700928,
                    77.3975601196,
                    24.7656021118,
                    36.1917953491
                ],
                [
                    810.331054688,
                    -354.10748291,
                    -44.760471344,
                    153.250396729,
                    53.7906532288,
                    96.7408676147,
                    50.8400001526,
                    245.899154663,
                    84.3560791016,
                    47.4563407898,
                    56.4531555176,
                    63.0178489685,
                    27.3091888428
                ],
                [
                    265.875793457,
                    -47.6315422058,
                    43.3279762268,
                    101.943122864,
                    127.121604919,
                    76.3879547119,
                    74.1896820068,
                    84.3560791016,
                    202.57409668,
                    37.3523674011,
                    47.8076171875,
                    79.1113967896,
                    29.5456752777
                ],
                [
                    797.361328125,
                    -283.966918945,
                    -4.98896741867,
                    111.69695282,
                    30.8190040588,
                    118.802391052,
                    41.2974700928,
                    47.4563407898,
                    37.3523674011,
                    187.30418396,
                    64.8978500366,
                    20.3393917084,
                    30.457824707
                ],
                [
                    262.784362793,
                    10.9954395294,
                    -69.0001373291,
                    52.8632240295,
                    73.243057251,
                    66.7983016968,
                    77.3975601196,
                    56.4531555176,
                    47.8076171875,
                    64.8978500366,
                    155.690673828,
                    34.1317710876,
                    39.8000450134
                ],
                [
                    656.560058594,
                    -332.269104004,
                    15.1021432877,
                    102.829460144,
                    61.84973526,
                    90.981590271,
                    24.7656021118,
                    63.0178489685,
                    79.1113967896,
                    20.3393917084,
                    34.1317710876,
                    164.529327393,
                    31.7861175537
                ],
                [
                    34.2710571289,
                    21.7624015808,
                    -68.1073760986,
                    31.9496555328,
                    48.1870994568,
                    12.3800106049,
                    36.1917953491,
                    27.3091888428,
                    29.5456752777,
                    30.457824707,
                    39.8000450134,
                    31.7861175537,
                    130.838500977
                ]
            ],
            "icov": [
                [
                    0.000100992852822,
                    -0.000145098209032,
                    0.000235253726714,
                    -0.000344569503795,
                    0.000175639041117,
                    -0.0004059606581,
                    0.000182574935025,
                    -0.000156990980031,
                    0.000132509201649,
                    -0.000311781914206,
                    0.000242906375206,
                    -0.000431938737165,
                    0.000233974584262
                ],
                [
                    -0.000145098209032,
                    0.00122833438218,
                    -0.000846864830237,
                    0.000988929416053,
                    -0.000625413435046,
                    0.00151296239346,
                    -0.000864443194587,
                    0.00103740906343,
                    -0.000837344909087,
                    0.00153266510461,
                    -0.00149312033318,
                    0.00237219128758,
                    -0.00102866836824
                ],
                [
                    0.000235253726714,
                    -0.000846864830237,
                    0.00198105257004,
                    -0.00128754053731,
                    0.000629405956715,
                    -0.00148763693869,
                    0.00089669006411,
                    -0.000386653700843,
                    0.00013055416639,
                    -0.00132219470106,
                    0.00158274674322,
                    -0.00193146115635,
                    0.00143257831223
                ],
                [
                    -0.000344569503795,
                    0.000988929416053,
                    -0.00128754053731,
                    0.00366152427159,
                    -0.00169018574525,
                    0.00152324256487,
                    0.000172525556991,
                    -0.000114446578664,
                    -0.00074544979725,
                    0.000664039049298,
                    -0.0013404173078,
                    0.00179902568925,
                    -0.00119960925076
                ],
                [
                    0.000175639041117,
                    -0.000625413435046,
                    0.000629405956715,
                    -0.00169018574525,
                    0.00457269372419,
                    -0.00158142112195,
                    -0.000980379059911,
                    0.00019304669695,
                    -0.00124573276844,
                    6.86626590323e-05,
                    0.000157843940542,
                    -0.00117810268421,
                    -1.66682707459e-06
                ],
                [
                    -0.0004059606581,
                    0.00151296239346,
                    -0.00148763693869,
                    0.00152324256487,
                    -0.00158142112195,
                    0.00704494444653,
                    -0.00341884419322,
                    0.000764811644331,
                    -0.000402986479457,
                    -5.95771598455e-05,
                    -0.00151409965474,
                    0.00136440235656,
                    -0.000355785974534
                ],
                [
                    0.000182574935025,
                    -0.000864443194587,
                    0.00089669006411,
                    0.000172525556991,
                    -0.000980379059911,
                    -0.00341884419322,
                    0.00659605534747,
                    -0.00110336393118,
                    -0.000301235471852,
                    -0.000786468444858,
                    -0.000319780869177,
                    -0.000691810564604,
                    0.000127346560475
                ],
                [
                    -0.000156990980031,
                    0.00103740906343,
                    -0.000386653700843,
                    -0.000114446578664,
                    0.00019304669695,
                    0.000764811644331,
                    -0.00110336393118,
                    0.00672306027263,
                    -0.00243745371699,
                    0.00158472917974,
                    -0.00223242724314,
                    0.0015694409376,
                    -0.00106696388684
                ],
                [
                    0.000132509201649,
                    -0.000837344909087,
                    0.00013055416639,
                    -0.00074544979725,
                    -0.00124573276844,
                    -0.000402986479457,
                    -0.000301235471852,
                    -0.00243745371699,
                    0.0087293824181,
                    -0.00191234971862,
                    0.000827490410302,
                    -0.00436895387247,
                    0.000727177131921
                ],
                [
                    -0.000311781914206,
                    0.00153266510461,
                    -0.00132219470106,
                    0.000664039049298,
                    6.86626590323e-05,
                    -5.95771598455e-05,
                    -0.000786468444858,
                    0.00158472917974,
                    -0.00191234971862,
                    0.0102804992348,
                    -0.00458254292607,
                    0.00471807317808,
                    -0.00287014339119
                ],
                [
                    0.000242906375206,
                    -0.00149312033318,
                    0.00158274674322,
                    -0.0013404173078,
                    0.000157843940542,
                    -0.00151409965474,
                    -0.000319780869177,
                    -0.00223242724314,
                    0.000827490410302,
                    -0.00458254292607,
                    0.0112213948742,
                    -0.00384293030947,
                    0.000375538569642
                ],
                [
                    -0.000431938737165,
                    0.00237219128758,
                    -0.00193146115635,
                    0.00179902568925,
                    -0.00117810268421,
                    0.00136440235656,
                    -0.000691810564604,
                    0.0015694409376,
                    -0.00436895387247,
                    0.00471807317808,
                    -0.00384293030947,
                    0.0139003638178,
                    -0.00387729285285
                ],
                [
                    0.000233974584262,
                    -0.00102866836824,
                    0.00143257831223,
                    -0.00119960925076,
                    -1.66682707459e-06,
                    -0.000355785974534,
                    0.000127346560475,
                    -0.00106696388684,
                    0.000727177131921,
                    -0.00287014339119,
                    0.000375538569642,
                    -0.00387729285285,
                    0.0103448824957
                ]
            ],
            "mean": [
                -37.9273529053,
                80.5953826904,
                -98.4480438232,
                17.2703323364,
                -48.6603736877,
                11.3333625793,
                -25.0231227875,
                14.8708353043,
                -19.1877861023,
                11.5365591049,
                -3.47921562195,
                0.299687296152,
                -3.79118943214
            ]
        },
        "hfc": {
            "dmean": 7.92291164398,
            "dmean2": 11.2312860489,
            "dvar": 242.70854187,
            "dvar2": 492.125305176,
            "max": 253.190750122,
            "mean": 21.8458633423,
            "median": 11.774310112,
            "min": 1.21207357493e-16,
            "var": 733.314697266
        },
        "melbands": {
            "dmean": [
                0.00266162049957,
                0.00133225519676,
                0.000346616725437,
                0.000189945829334,
                0.00021826828015,
                0.000212998245843,
                0.000198068155441,
                0.000113869682536,
                5.03880000906e-05,
                5.26359726791e-05,
                6.88292711857e-05,
                9.57608790486e-05,
                6.80858065607e-05,
                5.06926699018e-05,
                5.01802060171e-05,
                3.88481057598e-05,
                3.25052060361e-05,
                3.09229071718e-05,
                2.93590910587e-05,
                1.88476242329e-05,
                1.75167060661e-05,
                1.33308612931e-05,
                1.44668611028e-05,
                1.25206179291e-05,
                9.5934356068e-06,
                1.19152928164e-05,
                7.10873655407e-06,
                6.40340886093e-06,
