{
    "lowlevel": {
        "average_loudness": 0.888650298119,
        "barkbands": {
            "dmean": [
                0.000919750891626,
                0.006803215947,
                0.00119823601563,
                0.000902409257833,
                0.00187414395623,
                0.000790658581536,
                0.00115155463573,
                0.00122586602811,
                0.000842276727781,
                0.000628908746876,
                0.000473974389024,
                0.000676830997691,
                0.000542000110727,
                0.000553474877961,
                0.000317851256113,
                0.000338730023941,
                0.00033995587728,
                0.0001989541488,
                0.000278760941001,
                0.000113986025099,
                0.000111604531412,
                0.000167589314515,
                0.000105188461021,
                0.000197712273803,
                0.000180446688319,
                0.000100736164313,
                2.86107861029e-05
            ],
            "dmean2": [
                0.00163453095593,
                0.011908011511,
                0.00210207491182,
                0.00151172536425,
                0.00297078955919,
                0.00134411780164,
                0.00184161763173,
                0.00201864005066,
                0.00132221833337,
                0.00103948719334,
                0.000751372310333,
                0.00110475253314,
                0.000886203313712,
                0.000906524423044,
                0.000516403350048,
                0.000546725466847,
                0.000542933063116,
                0.000315012643114,
                0.000438072253019,
                0.000176561807166,
                0.000165994788404,
                0.000238177279243,
                0.000147623111843,
                0.000273230514722,
                0.000249928678386,
                0.000144924284541,
                3.96763643948e-05
            ],
            "dvar": [
                2.35554261963e-06,
                0.000176540474058,
                1.06789484562e-05,
                5.05514572069e-06,
                1.01395007732e-05,
                3.31884939442e-06,
                4.9825998758e-06,
                6.21053868599e-06,
                2.29088277592e-06,
                1.66775259913e-06,
                1.37971585445e-06,
                1.84829377758e-06,
                1.5841816321e-06,
                1.3921143136e-06,
                4.37731955572e-07,
                4.28856878898e-07,
                4.59555792531e-07,
                1.35802309842e-07,
                2.92213627517e-07,
                5.57541000035e-08,
                4.64669014377e-08,
                1.13860465945e-07,
                3.52555495908e-08,
                1.50537317722e-07,
                1.51390864289e-07,
                4.4307782332e-08,
                2.5717901142e-09
            ],
            "dvar2": [
                7.855342119e-06,
                0.0005027425359,
                3.0760824302e-05,
                1.34151014208e-05,
                2.45809787884e-05,
                8.80189872987e-06,
                1.19525921036e-05,
                1.65718338394e-05,
                5.47348463442e-06,
                4.31274065704e-06,
                3.35072354574e-06,
                4.75021806778e-06,
                3.90083778257e-06,
                3.59211117029e-06,
                1.10545943244e-06,
                1.08458038994e-06,
                1.11867746e-06,
                3.27733914673e-07,
                7.23915150047e-07,
                1.26858964222e-07,
                1.02498496801e-07,
                2.38242861883e-07,
                6.90707651074e-08,
                2.78682193766e-07,
                2.88178313212e-07,
                9.2265096896e-08,
                5.18419751572e-09
            ],
            "max": [
                0.0204777307808,
                0.13311457634,
                0.0435123294592,
                0.021890617907,
                0.0562500581145,
                0.0331940129399,
                0.0290510375053,
                0.0430757887661,
                0.0258331522346,
                0.0321408957243,
                0.04476352036,
                0.0276884045452,
                0.0216866247356,
                0.0226039346308,
                0.0133395530283,
                0.0147504005581,
                0.0117753865197,
                0.00630032410845,
                0.00861332193017,
                0.00470674131066,
                0.00290525984019,
                0.0055681313388,
                0.00272918841802,
                0.00552145112306,
                0.00543678831309,
                0.00279707578011,
                0.000543644186109
            ],
            "mean": [
                0.00150673033204,
                0.0174240861088,
                0.00155298982281,
                0.001081507653,
                0.00367411063053,
                0.00101617258042,
                0.00182830623817,
                0.00178428262006,
                0.00133810017724,
                0.000883908534888,
                0.000758557987865,
                0.00105630327016,
                0.000832670019008,
                0.000894302094821,
                0.000516824889928,
                0.000625505286735,
                0.000625021406449,
                0.000386281288229,
                0.000541672518011,
                0.000207050456083,
                0.000203000032343,
                0.000267292081844,
                0.000180249146069,
                0.000269016833045,
                0.000227955315495,
                0.000116082774184,
                3.35366130457e-05
            ],
            "median": [
                0.000613984127995,
                0.0175908636302,
                0.000359596742783,
                0.000407192215789,
                0.0017966539599,
                0.000443582248408,
                0.000751287152525,
                0.000642991159111,
                0.000541382527445,
                0.000265554059297,
                0.000254523649346,
                0.000310081843054,
                0.000219530469622,
                0.000241916219238,
                0.000170522835106,
                0.000289563380647,
                0.00021003279835,
                0.000163677468663,
                0.000162458338309,
                9.29999368964e-05,
                9.21947794268e-05,
                8.01031419542e-05,
                6.00510538789e-05,
                4.30132131441e-05,
                4.00928292947e-05,
                2.0375544409e-05,
                4.74381431559e-06
            ],
            "min": [
                2.52048474511e-24,
                8.93632283057e-24,
                6.01861585411e-24,
                3.95184643079e-24,
                9.01735856705e-24,
                2.23937731697e-23,
                1.91321267829e-23,
                9.17276416538e-24,
                1.78419037517e-23,
                2.38198159608e-23,
                3.41260375629e-23,
                4.48536655051e-23,
                4.92534425407e-23,
                6.53359971471e-23,
                1.03040960953e-22,
                7.44632061729e-23,
                9.54041058145e-23,
                1.19765329636e-22,
                9.30368793883e-23,
                2.64346128136e-22,
                2.99021373817e-22,
                4.34105031703e-22,
                4.33916765314e-22,
                6.35177371316e-22,
                1.06842846424e-21,
                1.42995839364e-21,
                1.987566176e-21
            ],
            "var": [
                4.81857796331e-06,
                0.000328581052599,
                1.12459856609e-05,
                4.73879799756e-06,
                2.52230365732e-05,
                3.56889518116e-06,
                8.62212164066e-06,
                9.59483440965e-06,
                4.43069984613e-06,
                2.67236100626e-06,
                2.92329832519e-06,
                3.46116189576e-06,
                3.20109552376e-06,
                2.75932438853e-06,
                8.82611459474e-07,
                9.64813011706e-07,
                1.10167741241e-06,
                3.23275742176e-07,
                7.66760706483e-07,
                1.16487640867e-07,
                9.04787782474e-08,
                2.13333763099e-07,
                8.53251975741e-08,
                3.46584812405e-07,
                2.87100988317e-07,
                6.27995788705e-08,
                4.22959622881e-09
            ]
        },
        "barkbands_crest": {
            "dmean": 2.92495417595,
            "dmean2": 4.74021959305,
            "dvar": 7.67850255966,
            "dvar2": 20.0273895264,
            "max": 26.0353183746,
            "mean": 13.2096986771,
            "median": 12.9141530991,
            "min": 2.62336277962,
            "var": 20.9529514313
        },
        "barkbands_flatness_db": {
            "dmean": 0.0268126800656,
            "dmean2": 0.0397810526192,
            "dvar": 0.00079091778025,
            "dvar2": 0.00164260051679,
            "max": 0.420510679483,
            "mean": 0.147642239928,
            "median": 0.130910754204,
            "min": 0.0234497468919,
            "var": 0.00514491694048
        },
        "barkbands_kurtosis": {
            "dmean": 4.79099988937,
            "dmean2": 7.67302846909,
            "dvar": 114.998390198,
            "dvar2": 275.438964844,
            "max": 264.467895508,
            "mean": 7.37463378906,
            "median": 2.05338001251,
            "min": -1.94857227802,
            "var": 236.684036255
        },
        "barkbands_skewness": {
            "dmean": 0.672289848328,
            "dmean2": 1.04167461395,
            "dvar": 0.626429796219,
            "dvar2": 1.41164243221,
            "max": 13.9885578156,
            "mean": 1.90615510941,
            "median": 1.56089878082,
            "min": -3.42642354965,
            "var": 2.24965333939
        },
        "barkbands_spread": {
            "dmean": 7.08805942535,
            "dmean2": 10.5420646667,
            "dvar": 87.7917709351,
            "dvar2": 180.033874512,
            "max": 102.828170776,
            "mean": 24.2931423187,
            "median": 22.2633552551,
            "min": 0.46323877573,
            "var": 311.17074585
        },
        "dissonance": {
            "dmean": 0.0226943269372,
            "dmean2": 0.0378300100565,
            "dvar": 0.000625283224508,
            "dvar2": 0.00166709604673,
            "max": 0.500000119209,
            "mean": 0.455398857594,
            "median": 0.469431966543,
            "min": 0.138215228915,
            "var": 0.00182871334255
        },
        "dynamic_complexity": 3.63137364388,
        "erbbands": {
            "dmean": [
                0.228555202484,
                1.4929574728,
                1.4810898304,
                2.17396950722,
                5.07533693314,
                7.05001163483,
                5.53274679184,
                7.15894031525,
                15.6254196167,
                20.4654636383,
                21.0095291138,
                16.4120635986,
                22.5124607086,
                15.6854610443,
                23.3652534485,
                19.5692901611,
                23.9996414185,
                22.0430908203,
                20.7352199554,
                15.4118843079,
                19.5295810699,
                18.4120178223,
                11.0664577484,
                11.2450332642,
                12.2030353546,
                5.07795619965,
                4.39254951477,
                4.61126232147,
                6.0324640274,
                4.59313297272,
                3.12689876556,
                3.46180033684,
                3.57384705544,
                2.50328612328,
                1.10817217827,
                0.477290332317,
                0.187112122774,
                0.0325735285878,
                0.00498758396134,
                0.000300490501104
            ],
            "dmean2": [
                0.398406982422,
                2.61003065109,
                2.5907895565,
                3.66263985634,
                8.30021476746,
                11.0192813873,
                8.96273040771,
                12.1615562439,
                24.9265518188,
                33.3806190491,
                34.1703300476,
                25.982126236,
                36.5347366333,
                25.2061862946,
                37.7531585693,
                31.9994735718,
                38.9949111938,
                35.8343696594,
                33.4387054443,
                24.5085849762,
                31.3364677429,
                29.1001300812,
                17.4258403778,
                17.246175766,
                19.2421379089,
                7.8114862442,
                6.59679174423,
                6.89774465561,
                8.85278606415,
                6.30055570602,
                4.475522995,
                4.85934925079,
                4.93633890152,
                3.52520132065,
                1.53441464901,
                0.682957649231,
                0.268725097179,
                0.0444295890629,
                0.00706603564322,
                0.000430431158748
            ],
            "dvar": [
                0.168532222509,
                9.58712768555,
                14.2655344009,
                30.4281349182,
                94.7755355835,
                174.968948364,
                131.572769165,
                276.961486816,
                1257.91699219,
                1169.89013672,
                1972.76660156,
                828.749511719,
                2111.85375977,
                1696.20727539,
                1928.81030273,
                1504.76049805,
                3319.73193359,
                2229.79052734,
                1711.71765137,
                968.232666016,
                1642.89501953,
                1434.55273438,
                390.885131836,
                406.300567627,
                642.950317383,
                114.820343018,
                73.5051345825,
                83.4184494019,
                148.58265686,
                78.5056762695,
                33.0456809998,
                46.7518157959,
                51.4337272644,
                29.3952674866,
                6.14028787613,
                0.938591301441,
                0.17009948194,
                0.00361764687113,
                8.31071811263e-05,
                2.89557277711e-07
            ],
            "dvar2": [
                0.496781438589,
                27.1091518402,
                40.21484375,
                82.5330963135,
                245.208496094,
                406.040740967,
                335.929260254,
                734.14654541,
                3032.29223633,
                3089.78344727,
                5020.70556641,
                1998.70141602,
                5425.9375,
                4012.31201172,
                5028.81054688,
                3881.91699219,
                8134.52148438,
                5580.38183594,
                4445.09814453,
                2404.26611328,
                4177.63183594,
                3454.31616211,
                953.589599609,
                952.455627441,
                1602.22387695,
                270.048126221,
                163.067886353,
                186.250686646,
                327.618469238,
                150.221618652,
                67.9763717651,
                94.0477752686,
                95.7710418701,
                58.4375495911,
                11.3705816269,
                1.9171693325,
                0.352179974318,
                0.00728649552912,
                0.000172516462044,
                6.02819966389e-07
            ],
            "max": [
                4.41396379471,
                30.5543785095,
                49.1385116577,
                54.8324012756,
                128.268722534,
                257.044494629,
                199.112854004,
                328.459442139,
                516.382080078,
                462.063079834,
                896.299255371,
                389.978210449,
                695.190612793,
                1614.48986816,
                675.518676758,
                715.090026855,
                1026.77563477,
                1203.71618652,
                673.533996582,
                666.378662109,
                1019.97503662,
                719.400085449,
                348.280792236,
                419.03302002,
                556.637329102,
                193.479370117,
                98.1876754761,
                133.471878052,
                200.978378296,
                115.004089355,
                88.2011108398,
                83.8010940552,
                106.395996094,
                83.4557495117,
                38.1091537476,
                14.3753252029,
                5.64933395386,
                0.720888972282,
                0.150968670845,
                0.00515399174765
            ],
            "mean": [
                0.700659811497,
                3.08869123459,
                2.36430811882,
                2.9940392971,
                8.30951690674,
                12.9547214508,
                8.93870544434,
                9.59914207458,
                24.2639770508,
                32.4307937622,
                31.7322235107,
                27.075592041,
                34.8505363464,
                26.6534500122,
                39.9149398804,
                32.7710838318,
                38.918094635,
                38.6055717468,
                36.8049621582,
                29.6118602753,
                38.5117530823,
                35.9799461365,
                22.7962303162,
                23.3748321533,
                23.8660736084,
                9.80304050446,
                7.98813152313,
                8.05950737,
                9.41410923004,
                7.62197971344,
                5.1755065918,
                4.83747816086,
                4.75015974045,
                3.0554125309,
                1.40370607376,
                0.566458106041,
                0.209961697459,
                0.0392712280154,
                0.0056991064921,
                0.000375211122446
            ],
            "median": [
                0.543146193027,
                2.22464513779,
                0.879839003086,
                1.21314144135,
                3.39224767685,
                5.52141094208,
                4.63544416428,
                4.25668239594,
                8.95184326172,
                16.4258956909,
                14.9283409119,
                12.762512207,
                10.2020435333,
                11.1506462097,
                14.725944519,
                12.8837976456,
                11.230474472,
                14.0215415955,
                12.1316509247,
                11.9760131836,
                16.6645812988,
                13.564496994,
                10.0475711823,
                8.38750171661,
                8.10409355164,
                4.88433122635,
                3.68655729294,
                3.35827565193,
                2.9298620224,
                2.29159021378,
                1.62290585041,
                0.910361170769,
                0.735512495041,
                0.483984440565,
                0.264706969261,
                0.111229777336,
                0.032723672688,
                0.00652610231191,
                0.000830626231618,
                9.80881013675e-05
            ],
            "min": [
                1.8667368434e-22,
                9.17379246135e-22,
                7.07127867441e-21,
                2.36773147889e-20,
                2.82292606193e-20,
                4.70807358599e-20,
                6.55819421164e-20,
                2.10606077618e-19,
                2.28892585269e-19,
                3.57561227485e-19,
                3.44280351612e-19,
                3.80716132481e-19,
                1.09557683649e-18,
                1.31914710905e-18,
                1.67145181054e-18,
                2.4842620211e-18,
                2.26798324224e-18,
                3.66176479001e-18,
                2.85475787183e-18,
                6.37947827308e-18,
                5.56613763295e-18,
                5.54342118538e-18,
                6.6029096827e-18,
                8.02086765182e-18,
                5.20330354265e-18,
                1.33199818705e-17,
                1.69272420756e-17,
                1.11409631439e-17,
                1.43567518523e-17,
                1.36062765251e-17,
                1.27644068392e-17,
                1.1200955245e-17,
                1.22834964388e-17,
                1.12118310157e-17,
                8.50348535304e-18,
                4.96419002939e-18,
                2.75448765836e-18,
                9.47561137676e-19,
                2.69757349631e-19,
                3.10274316858e-20
            ],
            "var": [
                0.502691686153,
                14.9483804703,
                17.6908092499,
                29.4660644531,
                174.076980591,
                427.957092285,
                194.971298218,
                279.814300537,
                2015.04284668,
                1980.24316406,
                2725.7097168,
                1592.96191406,
                3505.1171875,
                3512.4831543,
                3777.97412109,
                2745.33813477,
                6878.83105469,
                4175.26416016,
                3805.46582031,
                2311.99389648,
                3940.52929688,
                3429.56396484,
                1007.91729736,
                1210.44165039,
                1559.16992188,
                241.271957397,
                146.244277954,
                156.522094727,
                266.703308105,
                163.565170288,
                73.9543075562,
                96.9275588989,
                115.605316162,
                52.6105575562,
                11.8965177536,
                1.46771550179,
                0.226565346122,
                0.00586499506608,
                0.000127405670355,
                4.66758564244e-07
            ]
        },
        "erbbands_crest": {
            "dmean": 2.79429340363,
            "dmean2": 4.53784990311,
            "dvar": 6.8243021965,
            "dvar2": 17.0297355652,
            "max": 30.028131485,
            "mean": 9.31543636322,
            "median": 8.20049381256,
            "min": 2.05715036392,
            "var": 20.7238140106
        },
        "erbbands_flatness_db": {
            "dmean": 0.0219909045845,
            "dmean2": 0.0315805003047,
            "dvar": 0.000510040670633,
            "dvar2": 0.00100845389534,
            "max": 0.391417682171,
            "mean": 0.151752561331,
            "median": 0.138700067997,
            "min": 0.0388595536351,
            "var": 0.00379940681159
        },
        "erbbands_kurtosis": {
            "dmean": 1.46213328838,
            "dmean2": 2.32337522507,
            "dvar": 7.07108402252,
            "dvar2": 17.7287445068,
            "max": 90.0526580811,
            "mean": 1.55267727375,
            "median": 0.343061506748,
            "min": -1.77477240562,
            "var": 17.2804431915
        },
        "erbbands_skewness": {
            "dmean": 0.441997498274,
            "dmean2": 0.674456715584,
            "dvar": 0.219017073512,
            "dvar2": 0.492237925529,
            "max": 7.70069122314,
            "mean": 0.469083935022,
            "median": 0.324351370335,
            "min": -3.50013494492,
            "var": 1.05097329617
        },
        "erbbands_spread": {
            "dmean": 9.47048473358,
            "dmean2": 14.3959121704,
            "dvar": 144.261016846,
            "dvar2": 323.788116455,
            "max": 143.159469604,
            "mean": 35.3729286194,
            "median": 30.6666622162,
            "min": 2.05716776848,
            "var": 403.969604492
        },
        "gfcc": {
            "cov": [
                [
                    22293.1191406,
                    -1834.98718262,
                    -296.594268799,
                    1785.99560547,
                    1666.52075195,
                    1905.0670166,
                    1260.88989258,
                    1559.99194336,
                    588.563842773,
                    637.136291504,
                    435.040588379,
                    412.584259033,
                    67.1690979004
                ],
                [
                    -1834.98718262,
                    1824.93786621,
                    -240.207260132,
                    -269.02645874,
                    72.4504089355,
                    -242.580551147,
                    -19.5836048126,
                    -266.674804688,
                    13.2351636887,
                    -158.529846191,
                    11.7181606293,
                    -75.5575866699,
                    23.9388198853
                ],
                [
                    -296.594268799,
                    -240.207260132,
                    896.32989502,
                    147.884307861,
                    -59.5923538208,
                    99.198890686,
                    -13.6589412689,
                    22.1296520233,
                    1.27808523178,
                    36.249458313,
                    -21.0029582977,
                    49.8423919678,
                    34.8319854736
                ],
                [
                    1785.99560547,
                    -269.02645874,
                    147.884307861,
                    606.068847656,
                    284.960113525,
                    207.517852783,
                    194.252334595,
                    206.522460938,
                    120.708808899,
                    86.9167556763,
                    73.751991272,
                    71.1604385376,
                    41.6958122253
                ],
                [
                    1666.52075195,
                    72.4504089355,
                    -59.5923538208,
                    284.960113525,
                    659.177307129,
                    283.110961914,
                    348.699523926,
                    263.677947998,
                    184.768707275,
                    91.3151779175,
                    138.723220825,
                    54.88697052,
                    28.6068000793
                ],
                [
                    1905.0670166,
                    -242.580551147,
                    99.198890686,
                    207.517852783,
                    283.110961914,
                    438.79208374,
                    313.178497314,
                    249.111373901,
                    95.0950698853,
                    103.797317505,
                    107.541267395,
                    40.8061561584,
                    31.2244091034
                ],
                [
                    1260.88989258,
                    -19.5836048126,
                    -13.6589412689,
                    194.252334595,
                    348.699523926,
                    313.178497314,
                    489.045288086,
                    268.631011963,
                    110.92515564,
                    96.7166595459,
                    144.955749512,
                    38.6597442627,
                    47.1543388367
                ],
                [
                    1559.99194336,
                    -266.674804688,
                    22.1296520233,
                    206.522460938,
                    263.677947998,
                    249.111373901,
                    268.631011963,
                    318.138214111,
                    128.465209961,
                    90.0375900269,
                    95.5032577515,
                    56.6476325989,
                    31.1314125061
                ],
                [
                    588.563842773,
                    13.2351636887,
                    1.27808523178,
                    120.708808899,
                    184.768707275,
                    95.0950698853,
                    110.92515564,
                    128.465209961,
                    178.962051392,
                    64.2668685913,
                    57.0229606628,
                    36.3803291321,
                    15.8025741577
                ],
                [
                    637.136291504,
                    -158.529846191,
                    36.249458313,
                    86.9167556763,
                    91.3151779175,
                    103.797317505,
                    96.7166595459,
                    90.0375900269,
                    64.2668685913,
                    137.802536011,
                    57.2484016418,
                    18.0800647736,
                    0.262209802866
                ],
                [
                    435.040588379,
                    11.7181606293,
                    -21.0029582977,
                    73.751991272,
                    138.723220825,
                    107.541267395,
                    144.955749512,
                    95.5032577515,
                    57.0229606628,
                    57.2484016418,
                    136.180450439,
                    30.6558170319,
                    19.9292240143
                ],
                [
                    412.584259033,
                    -75.5575866699,
                    49.8423919678,
                    71.1604385376,
                    54.88697052,
                    40.8061561584,
                    38.6597442627,
                    56.6476325989,
                    36.3803291321,
                    18.0800647736,
                    30.6558170319,
                    98.0801696777,
                    24.5209083557
                ],
                [
                    67.1690979004,
                    23.9388198853,
                    34.8319854736,
                    41.6958122253,
                    28.6068000793,
                    31.2244091034,
                    47.1543388367,
                    31.1314125061,
                    15.8025741577,
                    0.262209802866,
                    19.9292240143,
                    24.5209083557,
                    72.6727676392
                ]
            ],
            "icov": [
                [
                    0.000105184837594,
                    -2.14440551645e-05,
                    0.000125080739963,
                    -0.000169137812918,
                    -3.55686461262e-05,
                    -0.000377658609068,
                    0.000186242614291,
                    -0.00029671593802,
                    0.000149466955918,
                    -0.000173925771378,
                    0.000164730110555,
                    -0.000232425576542,
                    0.000130838539917
                ],
                [
                    -2.14440551645e-05,
                    0.000999058946036,
                    1.65373057825e-05,
                    0.00032944677514,
                    -0.000422732962761,
                    0.000477801164379,
                    -0.000672041496728,
                    0.00148114305921,
                    -0.000955567578785,
                    0.00106489635073,
                    -0.000547255272977,
                    0.000531002995558,
                    -0.00056868646061
                ],
                [
                    0.000125080739963,
                    1.65373057825e-05,
                    0.00147912849206,
                    -0.000525131821632,
                    0.000264451518888,
                    -0.00100747833494,
                    0.000384791463148,
                    -5.42756315554e-05,
                    0.000167619247804,
                    -0.000507107703015,
                    0.000645385414828,
                    -0.000812718528323,
                    -0.000363740313333
                ],
                [
                    -0.000169137812918,
                    0.00032944677514,
                    -0.000525131821632,
                    0.00285663688555,
                    -0.000760634429753,
                    0.000546875933651,
                    -0.000323325773934,
                    0.000166817670106,
                    -0.000711163214874,
                    0.000111619097879,
                    -0.000140003670822,
                    -9.63317215792e-05,
                    -0.000911572715268
                ],
                [
                    -3.55686461262e-05,
                    -0.000422732962761,
                    0.000264451518888,
                    -0.000760634429753,
                    0.00355874374509,
                    -0.000633966003079,
                    -0.000998158357106,
                    -0.000650703557767,
                    -0.00155653164256,
                    0.000320071034366,
                    -0.000556765648071,
                    -0.000237120257225,
                    0.000849728065077
                ],
                [
                    -0.000377658609068,
                    0.000477801164379,
                    -0.00100747833494,
                    0.000546875933651,
                    -0.000633966003079,
                    0.00699732964858,
                    -0.00268430216238,
                    -0.000546270573977,
                    -1.84249029189e-06,
                    -0.000116638409963,
                    -0.00110577140003,
                    0.00140440743417,
                    -0.000590187148191
                ],
                [
                    0.000186242614291,
                    -0.000672041496728,
                    0.000384791463148,
                    -0.000323325773934,
                    -0.000998158357106,
                    -0.00268430216238,
                    0.00657754112035,
                    -0.00371586252004,
                    0.00168110255618,
                    -0.00116056378465,
                    -0.00169859931339,
                    0.000362416903954,
                    -0.00109738134779
                ],
                [
                    -0.00029671593802,
                    0.00148114305921,
                    -5.42756315554e-05,
                    0.000166817670106,
                    -0.000650703557767,
                    -0.000546270573977,
                    -0.00371586252004,
                    0.0116944732144,
                    -0.0043574385345,
                    0.00125385413412,
                    -0.000870582764037,
                    -0.000483698298922,
                    -0.00104614032898
                ],
                [
                    0.000149466955918,
                    -0.000955567578785,
                    0.000167619247804,
                    -0.000711163214874,
                    -0.00155653164256,
                    -1.84249029189e-06,
                    0.00168110255618,
                    -0.0043574385345,
                    0.0109182707965,
                    -0.00364183355123,
                    0.00019592580793,
                    -0.00165749702137,
                    3.81614845537e-05
                ],
                [
                    -0.000173925771378,
                    0.00106489635073,
                    -0.000507107703015,
                    0.000111619097879,
                    0.000320071034366,
                    -0.000116638409963,
                    -0.00116056378465,
                    0.00125385413412,
                    -0.00364183355123,
                    0.0122871315107,
                    -0.00367923546582,
                    0.00119675998576,
                    0.0014817644842
                ],
                [
                    0.000164730110555,
                    -0.000547255272977,
                    0.000645385414828,
                    -0.000140003670822,
                    -0.000556765648071,
                    -0.00110577140003,
                    -0.00169859931339,
                    -0.000870582764037,
                    0.00019592580793,
                    -0.00367923546582,
                    0.0130776027218,
                    -0.00269438396208,
                    -0.000738139089663
                ],
                [
                    -0.000232425576542,
                    0.000531002995558,
                    -0.000812718528323,
                    -9.63317215792e-05,
                    -0.000237120257225,
                    0.00140440743417,
                    0.000362416903954,
                    -0.000483698298922,
                    -0.00165749702137,
                    0.00119675998576,
                    -0.00269438396208,
                    0.0138987088576,
                    -0.00364796165377
                ],
                [
                    0.000130838539917,
                    -0.00056868646061,
                    -0.000363740313333,
                    -0.000911572715268,
                    0.000849728065077,
                    -0.000590187148191,
                    -0.00109738134779,
                    -0.00104614032898,
                    3.81614845537e-05,
                    0.0014817644842,
                    -0.000738139089663,
                    -0.00364796165377,
                    0.0170230008662
                ]
            ],
            "mean": [
                -4.19013404846,
                78.9090576172,
                -102.205215454,
                17.5662956238,
                -53.0681838989,
                10.8665838242,
                -36.6150245667,
                8.80572128296,
                -16.6446208954,
                4.40454483032,
                -14.3678417206,
                3.82200622559,
                -10.927652359
            ]
        },
        "hfc": {
            "dmean": 10.4256782532,
            "dmean2": 14.098783493,
            "dvar": 234.726959229,
            "dvar2": 447.071899414,
            "max": 190.694976807,
            "mean": 28.9246044159,
            "median": 20.7159862518,
            "min": 1.07892542192e-16,
            "var": 825.918334961
        },
        "melbands": {
            "dmean": [
                0.00200332258828,
                0.0011045349529,
                0.00043168666889,
                0.000452386855613,
                0.000210618192796,
                0.000165635152371,
                0.000233504280914,
                0.000249012635322,
                0.000156016598339,
                0.000115156137326,
                0.000116586947115,
                6.80624507368e-05,
                6.46447006147e-05,
                8.70011936058e-05,
                3.65850173694e-05,
                6.53624665574e-05,
                4.42600721726e-05,
                4.14102541981e-05,
                2.66151473625e-05,
                2.10994621739e-05,
                2.49661679845e-05,
                2.1814405045e-05,
                1.38418399729e-05,
                8.30423778098e-06,
                1.00162778836e-05,
                1.23203781186e-05,
                5.99199529461e-06,
                3.118292625e-06,
