{
    "lowlevel": {
        "average_loudness": 0.941148579121,
        "barkbands": {
            "dmean": [
                0.000704983132891,
                0.00754746934399,
                0.00526835909113,
                0.00242767622694,
                0.00155900197569,
                0.00135839486029,
                0.000882469292264,
                0.000703178113326,
                0.000923811923712,
                0.000556640850846,
                0.000483945099404,
                0.000335811026162,
                0.000736653339118,
                0.000596976897214,
                0.000425613339758,
                0.000212557191844,
                0.000176897752681,
                0.000147306549479,
                0.000135362366564,
                0.000167952675838,
                0.0001375162974,
                0.000102076461189,
                7.1573551395e-05,
                0.000128238491016,
                0.000119914249808,
                6.24507083558e-05,
                4.14806345361e-06
            ],
            "dmean2": [
                0.00107434042729,
                0.0110149458051,
                0.00918836239725,
                0.00434258952737,
                0.00260776630603,
                0.00212193815969,
                0.00138474279083,
                0.00108648638707,
                0.00137520418502,
                0.000835501996335,
                0.000723606499378,
                0.000540276232641,
                0.00114792969543,
                0.000919246172998,
                0.000664438412059,
                0.000337405595928,
                0.000296521611745,
                0.000238734428422,
                0.000216638072743,
                0.000264520611381,
                0.000216116357478,
                0.000155748522957,
                0.000110995402792,
                0.00020161223074,
                0.000176172732608,
                9.75080911303e-05,
                6.60423938825e-06
            ],
            "dvar": [
                1.68055908034e-06,
                0.000215400141315,
                0.000224291710765,
                5.9354602854e-05,
                1.20983877423e-05,
                6.39544623482e-06,
                3.34900209964e-06,
                2.49196705226e-06,
                3.54352505383e-06,
                1.6124532749e-06,
                2.22727089749e-06,
                9.39695496527e-07,
                3.5407276755e-06,
                2.31466378864e-06,
                1.71016188233e-06,
                4.97808855471e-07,
                1.46296812886e-07,
                1.02201738628e-07,
                1.1193122873e-07,
                1.71361577372e-07,
                9.57446886218e-08,
                5.00061254627e-08,
                2.49649154682e-08,
                8.48462633485e-08,
                1.01939470198e-07,
                3.14475272489e-08,
                1.07574463226e-10
            ],
            "dvar2": [
                3.61050047104e-06,
                0.000429989391705,
                0.000614068296272,
                0.000169160251971,
                3.31232913595e-05,
                1.4902170733e-05,
                8.26639188745e-06,
                5.53919198865e-06,
                7.39593269827e-06,
                3.2851000924e-06,
                4.82518862555e-06,
                2.3518477974e-06,
                8.15029943624e-06,
                5.02400598634e-06,
                3.83685937777e-06,
                1.27466591948e-06,
                3.8498129129e-07,
                2.48829877592e-07,
                2.52453844496e-07,
                3.91290996049e-07,
                2.1961224661e-07,
                1.12295225563e-07,
                5.61542385924e-08,
                1.94077102833e-07,
                1.78851749411e-07,
                6.99639173263e-08,
                2.71754035941e-10
            ],
            "max": [
                0.0195563938469,
                0.148377656937,
                0.135395124555,
                0.104404628277,
                0.0424647480249,
                0.0507595837116,
                0.0442698001862,
                0.0276295430958,
                0.0313958898187,
                0.0250573642552,
                0.0427758283913,
                0.0213614217937,
                0.0496348403394,
                0.0355280451477,
                0.0421932637691,
                0.0227237530053,
                0.0044061196968,
                0.00609762454405,
                0.0105814542621,
                0.00941004510969,
                0.00599832134321,
                0.00525088235736,
                0.00229222164489,
                0.00617761118338,
                0.00868271011859,
                0.00497799599543,
                0.000154977635248
            ],
            "mean": [
                0.00194044155069,
                0.0127391312271,
                0.00515526207164,
                0.00212558638304,
                0.00231750775129,
                0.00260504498146,
                0.00164961593691,
                0.00121121178381,
                0.00169596436899,
                0.000997401657514,
                0.000835120270494,
                0.000486197968712,
                0.0010604854906,
                0.00091136834817,
                0.000570941832848,
                0.00027031407808,
                0.000252516299952,
                0.000243924063398,
                0.000218762972509,
                0.000292423384963,
                0.0002297101164,
                0.000167664635228,
                0.000124543526908,
                0.000222886679694,
                0.000217058201088,
                8.34560778458e-05,
                4.49910294265e-06
            ],
            "median": [
                0.00041912693996,
                0.00616533868015,
                0.0011159980204,
                0.000520251807757,
                0.000836219987832,
                0.00105327821802,
                0.000670590787195,
                0.000296843762044,
                0.00054368621204,
                0.000221952126594,
                0.000126847764477,
                0.000118925643619,
                0.000209257093957,
                0.000136956310598,
                0.000122180237668,
                5.67801980651e-05,
                7.06325663486e-05,
                7.16306312825e-05,
                6.53987444821e-05,
                8.75360856298e-05,
                7.23503690097e-05,
                3.50914779119e-05,
                3.02163516608e-05,
                8.85270637809e-05,
                7.83005816629e-05,
                2.24442173931e-05,
                7.16976273907e-07
            ],
            "min": [
                1.85775496779e-23,
                2.65583718368e-23,
                2.32112223942e-23,
                1.27989534317e-23,
                3.52458035297e-23,
                4.34509887741e-23,
                2.72347380215e-23,
                4.70089660268e-23,
                1.07021086075e-22,
                8.83202106163e-23,
                6.94211796091e-23,
                8.71998640478e-23,
                3.46568589106e-23,
                1.87603883876e-22,
                2.63297334407e-22,
                1.06978197285e-22,
                3.5899391198e-22,
                1.60826789309e-22,
                2.98801729697e-22,
                1.86220991776e-22,
                4.31910660478e-22,
                7.80653672094e-22,
                5.81650495702e-22,
                8.7241604256e-22,
                1.32416530525e-21,
                1.2863089685e-21,
                2.36103640503e-21
            ],
            "var": [
                7.98329438112e-06,
                0.000382504775189,
                0.000168911574292,
                3.6580793676e-05,
                1.5673607777e-05,
                1.75003715412e-05,
                7.03721616446e-06,
                6.45240197628e-06,
                1.01827818071e-05,
                4.292578069e-06,
                6.42640725346e-06,
                1.42500277889e-06,
                6.5150361479e-06,
                6.18114154349e-06,
                2.54971610048e-06,
                5.98832457399e-07,
                2.09453190791e-07,
                2.35283792449e-07,
                3.06439289943e-07,
                3.94158888639e-07,
                1.84630522426e-07,
                1.11868409647e-07,
                5.9798551888e-08,
                1.55899712695e-07,
                2.58656967844e-07,
                5.19840881452e-08,
                1.11421136206e-10
            ]
        },
        "barkbands_crest": {
            "dmean": 2.87973117828,
            "dmean2": 4.44789981842,
            "dvar": 7.42991638184,
            "dvar2": 17.0111465454,
            "max": 26.2993030548,
            "mean": 11.0612678528,
            "median": 10.1739616394,
            "min": 2.02070498466,
            "var": 22.9645824432
        },
        "barkbands_flatness_db": {
            "dmean": 0.0295128431171,
            "dmean2": 0.0432604141533,
            "dvar": 0.001359191956,
            "dvar2": 0.00269853486679,
            "max": 0.89213180542,
            "mean": 0.169553130865,
            "median": 0.138694241643,
            "min": 0.0251906160265,
            "var": 0.0105694811791
        },
        "barkbands_kurtosis": {
            "dmean": 9.76833534241,
            "dmean2": 14.8739643097,
            "dvar": 1464.84460449,
            "dvar2": 3438.47387695,
            "max": 1099.10913086,
            "mean": 13.3344545364,
            "median": 2.30104231834,
            "min": -1.94377601147,
            "var": 2292.22460938
        },
        "barkbands_skewness": {
            "dmean": 0.858247220516,
            "dmean2": 1.24925649166,
            "dvar": 1.74467182159,
            "dvar2": 3.5839779377,
            "max": 28.2858009338,
            "mean": 1.97387671471,
            "median": 1.41792726517,
            "min": -8.32460689545,
            "var": 5.42108154297
        },
        "barkbands_spread": {
            "dmean": 7.22664690018,
            "dmean2": 10.884016037,
            "dvar": 100.930908203,
            "dvar2": 215.862365723,
            "max": 143.376525879,
            "mean": 24.2216396332,
            "median": 20.3792095184,
            "min": 0.0540076754987,
            "var": 412.915710449
        },
        "dissonance": {
            "dmean": 0.0257183685899,
            "dmean2": 0.0422906801105,
            "dvar": 0.000736723595764,
            "dvar2": 0.0018871439388,
            "max": 0.5,
            "mean": 0.447000175714,
            "median": 0.458977729082,
            "min": 0.0701398551464,
            "var": 0.00209096213803
        },
        "dynamic_complexity": 4.44782352448,
        "erbbands": {
            "dmean": [
                0.243683502078,
                1.76203405857,
                5.78057432175,
                6.83750009537,
                6.09806251526,
                5.41032314301,
                6.98998451233,
                12.2217283249,
                12.0406494141,
                15.2497625351,
                16.2707996368,
                21.8375205994,
                19.2439460754,
                15.2537279129,
                16.7263202667,
                16.9588298798,
                31.4005508423,
                32.0750465393,
                18.2685699463,
                20.3575687408,
                10.3740186691,
                8.60129547119,
                7.86273288727,
                6.48460006714,
                7.05734872818,
                8.04009437561,
                6.3192949295,
                4.74361419678,
                3.71936821938,
                2.50877928734,
                2.06496429443,
                2.19320034981,
                2.45125412941,
                1.54509961605,
                0.853386878967,
                0.400248557329,
                0.0851381719112,
                0.0103336255997,
                0.000737192458473,
                3.66728563677e-05
            ],
            "dmean2": [
                0.36180138588,
                2.5634958744,
                9.63615608215,
                11.5881509781,
                10.7270517349,
                9.00207138062,
                10.6262369156,
                19.4518508911,
                19.0489406586,
                23.6633453369,
                24.4575481415,
                32.7277908325,
                28.4784469604,
                22.3955974579,
                25.1274414062,
                26.7851486206,
                48.6093406677,
                49.2158126831,
                28.9522476196,
                31.1283569336,
                16.2108650208,
                14.3653030396,
                12.7707176208,
                10.2979831696,
                11.1594810486,
                12.5143184662,
                9.66373634338,
                7.57766437531,
                5.73041629791,
                3.81357431412,
                3.27624177933,
                3.50077772141,
                3.80142569542,
                2.3107252121,
                1.26903116703,
                0.61989492178,
                0.137003675103,
                0.0163527149707,
                0.00116182398051,
                5.2398929256e-05
            ],
            "dvar": [
                0.176365450025,
                14.3504524231,
                242.827667236,
                402.10067749,
                324.917663574,
                150.563781738,
                277.993164062,
                627.007507324,
                724.716918945,
                1038.47399902,
                1377.29150391,
                2195.05004883,
                1703.67773438,
                1321.15466309,
                2402.51416016,
                1921.61523438,
                6942.62939453,
                6623.49023438,
                2783.15112305,
                4767.87646484,
                872.818237305,
                404.49810791,
                283.345977783,
                172.463684082,
                418.134277344,
                361.97442627,
                203.662063599,
                116.754356384,
                64.6415634155,
                33.7276535034,
                20.8608131409,
                19.4886054993,
                37.0982475281,
                17.6456069946,
                6.52628326416,
                1.6702773571,
                0.0488714501262,
                0.000526611751411,
                2.98912891594e-06,
                3.96922894552e-09
            ],
            "dvar2": [
                0.37234339118,
                28.3684272766,
                631.18762207,
                1090.55493164,
                922.288024902,
                403.622314453,
                548.930725098,
                1544.9276123,
                1786.53723145,
                2349.0402832,
                2946.14672852,
                4778.33300781,
                3469.38818359,
                2712.05175781,
                5326.40869141,
                4633.17138672,
                15801.5205078,
                14700.3681641,
                6776.00878906,
                9844.10449219,
                1869.25524902,
                1089.73461914,
                682.771606445,
                410.726776123,
                925.279968262,
                803.541442871,
                440.824951172,
                298.543762207,
                146.227416992,
                69.4682769775,
                48.6099243164,
                46.4345932007,
                82.9649581909,
                34.6874885559,
                12.9583473206,
                3.59280776978,
                0.119363412261,
                0.00123199261725,
                7.34991817808e-06,
                8.87369822067e-09
            ],
            "max": [
                4.85846138,
                38.1185417175,
                134.7396698,
                225.249526978,
                249.527374268,
                230.116516113,
                412.539123535,
                505.968963623,
                661.750427246,
                685.884643555,
                728.871643066,
                926.853027344,
                809.450561523,
                851.683349609,
                1589.02185059,
                1010.23583984,
                2379.18041992,
                1644.01904297,
                1332.91577148,
                1770.09265137,
                672.991882324,
                241.820648193,
                340.657043457,
                227.480255127,
                585.80090332,
                568.143493652,
                395.923461914,
                170.44921875,
                166.515579224,
                162.857894897,
                62.5712089539,
                70.7630767822,
                141.718597412,
                114.743278503,
                57.3950805664,
                36.1904411316,
                6.11950206757,
                0.648555696011,
                0.0224426891655,
                0.000833962345496
            ],
            "mean": [
                0.442206591368,
                2.53758788109,
                5.9808883667,
                7.11884832382,
                6.80236673355,
                7.89506435394,
                12.6653013229,
                22.5577487946,
                22.7491111755,
                27.5203971863,
                30.955329895,
                39.7961044312,
                37.1167297363,
                29.1168136597,
                29.8566436768,
                26.4931201935,
                48.0727882385,
                54.1630516052,
                26.0910224915,
                28.1833724976,
                15.4091300964,
                12.6593160629,
                13.3024730682,
                11.2769575119,
                12.0736160278,
                14.9291267395,
                11.2765674591,
                7.72214508057,
                6.05190372467,
                4.49293851852,
                3.49076581001,
                3.796002388,
                4.09451007843,
                2.72836041451,
                1.39264321327,
                0.554990649223,
                0.109315164387,
                0.0128586217761,
                0.000852476106957,
                7.83869691077e-05
            ],
            "median": [
                0.237480401993,
                0.806152105331,
                1.46506857872,
                1.96200013161,
                1.88847541809,
                2.51524806023,
                4.35225868225,
                8.34211921692,
                9.50492286682,
                10.0036964417,
                10.2138748169,
                14.8569316864,
                11.6222229004,
                8.49201583862,
                7.46709394455,
                8.95505046844,
                11.7501049042,
                9.90677452087,
                7.27221155167,
                6.33343505859,
                3.72389888763,
                3.58651852608,
                4.38007736206,
                4.26937627792,
                3.28047442436,
                4.7160949707,
                3.28881907463,
                2.70147132874,
                1.27795648575,
                1.08206486702,
                0.80622112751,
                1.30458641052,
                1.56625175476,
                1.01214718819,
                0.422336995602,
                0.140303075314,
                0.0305348411202,
                0.00317447190173,
                0.000176735426066,
                5.69480398553e-05
            ],
            "min": [
                1.21866655664e-21,
                4.81141477857e-21,
                1.66109628475e-20,
                5.24164256271e-20,
                8.84002492263e-20,
                1.15570159668e-19,
                2.36099267109e-19,
                3.08653786027e-19,
                3.69587968303e-19,
                8.13882443435e-19,
                1.03533306568e-18,
                2.44925532399e-18,
                3.07316353884e-18,
                2.1831353977e-18,
                3.15248643727e-18,
                4.610806064e-18,
                2.47317118345e-18,
                7.70750682037e-18,
                7.80740790449e-18,
                1.67329820174e-17,
                8.71241959524e-18,
                1.78319609444e-17,
                9.0760233771e-18,
                1.1496439049e-17,
                1.34775167638e-17,
                1.02787092462e-17,
                1.7150681757e-17,
                2.23485771928e-17,
                2.63955649571e-17,
                1.82766416611e-17,
                1.73420020152e-17,
                1.47027217978e-17,
                1.49511969277e-17,
                1.40608676928e-17,
                9.94475740772e-18,
                4.68816358129e-18,
                2.51707958473e-18,
                1.37566143267e-18,
                2.88033543374e-19,
                3.12411092401e-20
            ],
            "var": [
                0.349735677242,
                22.9544277191,
                206.353485107,
                300.982666016,
                255.726455688,
                206.79083252,
                667.855529785,
                1478.2052002,
                1383.7644043,
                2474.08325195,
                4049.67138672,
                5573.47363281,
                5046.76708984,
                3921.51757812,
                6423.65332031,
                3226.70263672,
                13375.5566406,
                19896.359375,
                3840.50366211,
                7386.62109375,
                1567.1817627,
                540.946594238,
                663.887145996,
                362.33807373,
                1122.56860352,
                918.270385742,
                574.809692383,
                189.246490479,
                137.825210571,
                85.3059082031,
                45.7707061768,
                38.781627655,
                67.0979919434,
                35.965763092,
                13.9003162384,
                2.95447611809,
                0.0662990137935,
                0.000714333262295,
                3.34676633429e-06,
                7.28303106712e-09
            ]
        },
        "erbbands_crest": {
            "dmean": 3.23248577118,
            "dmean2": 5.08887720108,
            "dvar": 9.02778720856,
            "dvar2": 21.3404541016,
            "max": 29.7403869629,
            "mean": 10.6684503555,
            "median": 9.69903755188,
            "min": 2.1045691967,
            "var": 26.3615379333
        },
        "erbbands_flatness_db": {
            "dmean": 0.0213684272021,
            "dmean2": 0.0310666132718,
            "dvar": 0.000591010728385,
            "dvar2": 0.00117940653581,
            "max": 0.674017906189,
            "mean": 0.166223540902,
            "median": 0.15122756362,
            "min": 0.0193877648562,
            "var": 0.00641335872933
        },
        "erbbands_kurtosis": {
            "dmean": 1.97512376308,
            "dmean2": 3.13422656059,
            "dvar": 27.5391540527,
            "dvar2": 68.6189117432,
            "max": 142.88835144,
            "mean": 2.09317374229,
            "median": 0.486907958984,
            "min": -1.90787518024,
            "var": 41.4443435669
        },
        "erbbands_skewness": {
            "dmean": 0.487693458796,
            "dmean2": 0.731128573418,
            "dvar": 0.334619551897,
            "dvar2": 0.754917442799,
            "max": 9.4840555191,
            "mean": 0.681192994118,
            "median": 0.556134223938,
            "min": -3.30968642235,
            "var": 1.15696597099
        },
        "erbbands_spread": {
            "dmean": 11.4327049255,
            "dmean2": 16.8519592285,
            "dvar": 251.842224121,
            "dvar2": 537.59564209,
            "max": 216.312316895,
            "mean": 40.4178161621,
            "median": 34.2836303711,
            "min": 0.333375185728,
            "var": 788.072875977
        },
        "gfcc": {
            "cov": [
                [
                    37372.0078125,
                    127.668388367,
                    -869.231201172,
                    2161.625,
                    -774.747802734,
                    1551.27075195,
                    -596.800231934,
                    608.230163574,
                    -840.479431152,
                    497.56829834,
                    -445.647216797,
                    123.990135193,
                    -275.869354248
                ],
                [
                    127.668388367,
                    3086.81298828,
                    456.502288818,
                    -174.610717773,
                    419.20803833,
                    -290.962890625,
                    234.629074097,
                    -16.6346416473,
                    87.8278274536,
                    -205.819030762,
                    150.064559937,
                    -357.401275635,
                    47.0437088013
                ],
                [
                    -869.231201172,
                    456.502288818,
                    2472.74487305,
                    928.469299316,
                    347.29107666,
                    346.434906006,
                    110.500297546,
                    111.456703186,
                    -76.2119979858,
                    -119.861022949,
                    -170.716873169,
                    -115.182655334,
                    -123.059692383
                ],
                [
                    2161.625,
                    -174.610717773,
                    928.469299316,
                    1195.79614258,
                    334.451599121,
                    328.87789917,
                    67.5422286987,
                    140.899017334,
                    -43.3352966309,
                    -35.7063407898,
                    -138.367141724,
                    -15.7843332291,
                    -66.2443313599
                ],
                [
                    -774.747802734,
                    419.20803833,
                    347.29107666,
                    334.451599121,
                    601.832275391,
                    127.811775208,
                    147.729705811,
                    71.1887054443,
                    90.1417388916,
                    -27.138633728,
                    1.2258285284,
                    -34.7530593872,
                    -20.0152130127
                ],
                [
                    1551.27075195,
                    -290.962890625,
                    346.434906006,
                    328.87789917,
                    127.811775208,
                    504.148132324,
                    147.158218384,
                    93.2599411011,
                    -19.2534828186,
                    85.0031280518,
                    -27.6676464081,
                    31.4114017487,
                    -46.9565467834
                ],
                [
                    -596.800231934,
                    234.629074097,
                    110.500297546,
                    67.5422286987,
                    147.729705811,
                    147.158218384,
                    306.857025146,
                    56.9279594421,
                    53.0345954895,
                    13.347776413,
                    66.0213699341,
                    -21.3767757416,
                    -13.0552453995
                ],
                [
                    608.230163574,
                    -16.6346416473,
                    111.456703186,
                    140.899017334,
                    71.1887054443,
                    93.2599411011,
                    56.9279594421,
                    271.102844238,
                    26.6833591461,
                    66.8514709473,
                    4.17002868652,
                    -11.1179552078,
                    27.9021701813
                ],
                [
                    -840.479431152,
                    87.8278274536,
                    -76.2119979858,
                    -43.3352966309,
                    90.1417388916,
                    -19.2534828186,
                    53.0345954895,
                    26.6833591461,
                    265.595672607,
                    44.701499939,
                    32.0083389282,
                    77.5827026367,
                    37.507194519
                ],
                [
                    497.56829834,
                    -205.819030762,
                    -119.861022949,
                    -35.7063407898,
                    -27.138633728,
                    85.0031280518,
                    13.347776413,
                    66.8514709473,
                    44.701499939,
                    182.309814453,
                    66.015045166,
                    52.1687164307,
                    28.1929855347
                ],
                [
                    -445.647216797,
                    150.064559937,
                    -170.716873169,
                    -138.367141724,
                    1.2258285284,
                    -27.6676464081,
                    66.0213699341,
                    4.17002868652,
                    32.0083389282,
                    66.015045166,
                    195.953109741,
                    19.9826450348,
                    44.1422233582
                ],
                [
                    123.990135193,
                    -357.401275635,
                    -115.182655334,
                    -15.7843332291,
                    -34.7530593872,
                    31.4114017487,
                    -21.3767757416,
                    -11.1179552078,
                    77.5827026367,
                    52.1687164307,
                    19.9826450348,
                    230.736907959,
                    26.518655777
                ],
                [
                    -275.869354248,
                    47.0437088013,
                    -123.059692383,
                    -66.2443313599,
                    -20.0152130127,
                    -46.9565467834,
                    -13.0552453995,
                    27.9021701813,
                    37.507194519,
                    28.1929855347,
                    44.1422233582,
                    26.518655777,
                    141.858810425
                ]
            ],
            "icov": [
                [
                    9.62655831245e-05,
                    -0.000229626602959,
                    0.000206338663702,
                    -0.000300158484606,
                    0.000289630348561,
                    -0.000412617780967,
                    0.000353964482201,
                    -0.000165749122971,
                    0.000276785809547,
                    -0.000276156846667,
                    0.000208742480027,
                    -0.000276640959783,
                    0.000240106062847
                ],
                [
                    -0.000229626602959,
                    0.00116481410805,
                    -0.000652100192383,
                    0.000896233366802,
                    -0.00103189225774,
                    0.00129924830981,
                    -0.00111343793105,
                    0.000415249116486,
                    -0.00091531832004,
                    0.00114861049224,
                    -0.0009938335279,
                    0.00147785258014,
                    -0.000832949706819
                ],
                [
                    0.000206338663702,
                    -0.000652100192383,
                    0.00110846885946,
                    -0.00105968932621,
                    0.000642812694423,
                    -0.00117020739708,
                    0.000817620486487,
                    -0.00042782840319,
                    0.00064398010727,
                    -0.000383106904337,
                    0.000664973049425,
                    -0.000603549648076,
                    0.000758760375902
                ],
                [
                    -0.000300158484606,
                    0.000896233366802,
                    -0.00105968932621,
                    0.00255167135037,
                    -0.00158992724027,
                    0.000800413021352,
                    -0.000941401638556,
                    6.44180036034e-05,
                    -0.00065431027906,
                    0.00121161923744,
                    -0.000254497514106,
                    0.000823721231427,
                    -0.000809899589512
                ],
                [
                    0.000289630348561,
                    -0.00103189225774,
                    0.000642812694423,
                    -0.00158992724027,
                    0.00351239880547,
                    -0.00157875881996,
                    0.000571234035306,
                    -0.000672282942105,
                    -5.33901984454e-05,
                    -0.000465188146336,
                    0.000489585567266,
                    -0.000809747551102,
                    0.00098399608396
                ],
                [
                    -0.000412617780967,
                    0.00129924830981,
                    -0.00117020739708,
                    0.000800413021352,
                    -0.00157875881996,
                    0.00560994911939,
                    -0.00345318648033,
                    0.000626463035587,
                    -0.000376351090381,
                    -0.000889193441253,
                    -3.39448961313e-05,
                    0.000806780299172,
                    -0.000545480870642
                ],
                [
                    0.000353964482201,
                    -0.00111343793105,
                    0.000817620486487,
                    -0.000941401638556,
                    0.000571234035306,
                    -0.00345318648033,
                    0.00664953049272,
                    -0.0012932785321,
                    -5.23241260453e-06,
                    0.000228434597375,
                    -0.00138199701905,
                    -0.000578244158532,
                    0.00162525451742
                ],
                [
                    -0.000165749122971,
                    0.000415249116486,
                    -0.00042782840319,
                    6.44180036034e-05,
                    -0.000672282942105,
                    0.000626463035587,
                    -0.0012932785321,
                    0.005121412687,
                    -0.000645966967568,
                    -0.00155194324907,
                    0.000274004560197,
                    0.00119690678548,
                    -0.00164470728487
                ],
                [
                    0.000276785809547,
                    -0.00091531832004,
                    0.00064398010727,
                    -0.00065431027906,
                    -5.33901984454e-05,
                    -0.000376351090381,
                    -5.23241260453e-06,
                    -0.000645966967568,
                    0.00614856742322,
                    -0.00227875006385,
                    0.00145327951759,
                    -0.00295825349167,
                    1.73575153894e-05
                ],
                [
                    -0.000276156846667,
                    0.00114861049224,
                    -0.000383106904337,
                    0.00121161923744,
                    -0.000465188146336,
                    -0.000889193441253,
                    0.000228434597375,
                    -0.00155194324907,
                    -0.00227875006385,
                    0.010433755815,
                    -0.00413382425904,
                    0.000700557953678,
                    -0.00103391916491
                ],
                [
                    0.000208742480027,
                    -0.0009938335279,
                    0.000664973049425,
                    -0.000254497514106,
                    0.000489585567266,
                    -3.39448961313e-05,
                    -0.00138199701905,
                    0.000274004560197,
                    0.00145327951759,
                    -0.00413382425904,
                    0.00871139392257,
                    -0.00157756870613,
                    -0.000908224552404
                ],
                [
                    -0.000276640959783,
                    0.00147785258014,
                    -0.000603549648076,
                    0.000823721231427,
                    -0.000809747551102,
                    0.000806780299172,
                    -0.000578244158532,
                    0.00119690678548,
                    -0.00295825349167,
                    0.000700557953678,
                    -0.00157756870613,
                    0.00745151937008,
                    -0.00156195566524
                ],
                [
                    0.000240106062847,
                    -0.000832949706819,
                    0.000758760375902,
                    -0.000809899589512,
                    0.00098399608396,
                    -0.000545480870642,
                    0.00162525451742,
                    -0.00164470728487,
                    1.73575153894e-05,
                    -0.00103391916491,
                    -0.000908224552404,
                    -0.00156195566524,
                    0.00927925948054
                ]
            ],
            "mean": [
                -44.6072006226,
                74.605140686,
                -97.1212005615,
                18.8544998169,
                -60.6539459229,
                19.5465660095,
                -35.034954071,
                17.5043945312,
                -23.4331569672,
                14.101984024,
                -8.844165802,
                -2.21192646027,
                -5.46888446808
            ]
        },
        "hfc": {
            "dmean": 7.67091321945,
            "dmean2": 11.4083280563,
            "dvar": 140.298278809,
            "dvar2": 310.961120605,
            "max": 156.906188965,
            "mean": 24.1405506134,
            "median": 18.8867378235,
            "min": 1.09077375849e-16,
            "var": 471.488586426
        },
        "melbands": {
            "dmean": [
                0.00206229300238,
                0.00256793410517,
                0.00115202448796,
                0.000385189399822,
                0.000233724334976,
                0.000270442047622,
                0.000182408737601,
                0.000158499678946,
                0.000141845928738,
                0.000133702807943,
                9.61917176028e-05,
                6.20910141151e-05,
                7.05398197169e-05,
                3.77986834792e-05,
                6.92852554494e-05,
                6.06123940088e-05,
                6.27867411822e-05,
                3.0493538361e-05,
                3.04984569084e-05,
                2.02613155125e-05,
                1.23627651192e-05,
                9.16543194762e-06,
                9.96558537736e-06,
                7.57854149924e-06,
                5.46684123037e-06,
                5.70419251744e-06,
                5.42846555618e-06,
                5.63845605939e-06,
