{
    "lowlevel": {
        "average_loudness": 0.899589180946,
        "barkbands": {
            "dmean": [
                0.000435144727817,
                0.00564470747486,
                0.00190698995721,
                0.00122641550843,
                0.00192355236504,
                0.00165715359617,
                0.000722514349036,
                0.000653737050015,
                0.000609049806371,
                0.000365359941497,
                0.000348389527062,
                0.000413259811467,
                0.000300343468552,
                0.000246299663559,
                0.000198016685317,
                0.000303253153106,
                0.000159387956955,
                0.000130932327011,
                0.000169104008819,
                0.000136722679599,
                0.000115451039164,
                0.000111808200018,
                7.99277549959e-05,
                8.10246128822e-05,
                8.73959579621e-05,
                1.83234897122e-05,
                3.73848109803e-07
            ],
            "dmean2": [
                0.000754054344725,
                0.00835607387125,
                0.00354574457742,
                0.0023322252091,
                0.00321894767694,
                0.00268022739328,
                0.00113599898759,
                0.00102534599137,
                0.000910980568733,
                0.000557044695597,
                0.000494426931255,
                0.000595600984525,
                0.000446782796644,
                0.00037742240238,
                0.000302653206745,
                0.000467143079732,
                0.000268208474154,
                0.000206685552257,
                0.000267019553576,
                0.000210819300264,
                0.000177459820407,
                0.000166115321917,
                0.000114132286399,
                0.000112664027256,
                0.000133743349579,
                2.64933969447e-05,
                6.12946280398e-07
            ],
            "dvar": [
                9.12344944481e-07,
                0.000300453917589,
                8.94686454558e-05,
                3.038522118e-05,
                2.61185996351e-05,
                1.36993458e-05,
                2.3948823582e-06,
                2.89024956146e-06,
                2.15314935303e-06,
                9.35739819852e-07,
                2.13135285776e-06,
                2.32508546105e-06,
                1.43730665059e-06,
                5.72951762479e-07,
                3.16846808346e-07,
                7.82933682331e-07,
                2.09187419387e-07,
                1.04784078303e-07,
                1.50496077822e-07,
                1.07956985573e-07,
                6.9226913979e-08,
                5.49985408327e-08,
                3.39082362188e-08,
                3.13485521986e-08,
                2.64522341809e-08,
                1.8544262792e-09,
                1.27668470414e-12
            ],
            "dvar2": [
                2.88084424938e-06,
                0.000606894260272,
                0.000256935949437,
                9.07785652089e-05,
                7.00327436789e-05,
                3.41420927725e-05,
                5.52116352992e-06,
                6.95598282618e-06,
                4.49671824754e-06,
                1.97094777832e-06,
                3.81866493626e-06,
                4.37594007963e-06,
                2.83038798443e-06,
                1.28310568925e-06,
                6.67030349177e-07,
                1.69761312918e-06,
                5.58898420877e-07,
                2.58508606521e-07,
                3.46931187778e-07,
                2.59651301349e-07,
                1.3992529091e-07,
                1.01141154119e-07,
                6.34345553863e-08,
                6.02188947596e-08,
                5.76628771398e-08,
                3.7794101182e-09,
                3.04484779404e-12
            ],
            "max": [
                0.0140169281512,
                0.209787890315,
                0.100817129016,
                0.0544037297368,
                0.0446235165,
                0.0676787793636,
                0.0302881468087,
                0.0423123128712,
                0.0397320576012,
                0.0206435825676,
                0.0518205501139,
                0.0452002249658,
                0.0391811095178,
                0.0190387777984,
                0.0230396911502,
                0.0279284883291,
                0.0102169411257,
                0.00535135390237,
                0.00710627483204,
                0.00861796829849,
                0.00302750407718,
                0.00996761582792,
                0.00522267958149,
                0.00486862938851,
                0.0037871543318,
                0.00115557853132,
                4.45867444796e-05
            ],
            "mean": [
                0.00213795062155,
                0.0169369950891,
                0.0014529756736,
                0.000905133550987,
                0.00233191042207,
                0.00250581209548,
                0.00131496356335,
                0.00103057478555,
                0.00111611234024,
                0.000537365907803,
                0.00054237130098,
                0.000726338650566,
                0.000475075910799,
                0.000360526086297,
                0.000313482334604,
                0.000468390528113,
                0.000231772253755,
                0.000209145437111,
                0.000285129004624,
                0.000209162652027,
                0.000176670801011,
                0.000176239787834,
                0.000120423945191,
                0.000121328455862,
                0.000108274449303,
                2.36041905737e-05,
                3.9800508489e-07
            ],
            "median": [
                0.000492362189107,
                0.00883398205042,
                0.000118003183161,
                7.29726889404e-05,
                0.000795446219854,
                0.00110754230991,
                0.00045701127965,
                0.000245352333877,
                0.000245732167969,
                0.000117114759632,
                3.18874444929e-05,
                4.57063142676e-05,
                3.80504643545e-05,
                3.47875320585e-05,
                5.45564871572e-05,
                9.7312622529e-05,
                4.58090471511e-05,
                3.70635607396e-05,
                6.43426901661e-05,
                4.55694789707e-05,
                5.01024842379e-05,
                4.27853519795e-05,
                2.40284098254e-05,
                2.60509023065e-05,
                2.5415485652e-05,
                5.0723701861e-06,
                3.84546794407e-08
            ],
            "min": [
                4.6092196059e-25,
                5.92947102194e-24,
                2.40434351504e-24,
                6.79377069553e-25,
                1.04131272431e-23,
                4.37391146977e-24,
                6.80561741417e-24,
                4.35877046799e-24,
                2.27361908674e-23,
                9.27722670417e-24,
                6.62514654944e-24,
                2.40776693471e-23,
                3.0395350259e-23,
                3.38118121762e-23,
                6.35913397473e-23,
                5.7148845263e-23,
                5.94081681391e-23,
                1.0515056434e-22,
                1.34308428497e-22,
                1.83851367213e-22,
                2.68054556941e-22,
                4.00605150906e-22,
                3.71065907211e-22,
                4.38298641518e-22,
                8.84819106935e-22,
                1.34113058574e-21,
                1.83246031957e-21
            ],
            "var": [
                9.14387055673e-06,
                0.000648531131446,
                5.33242637175e-05,
                1.71014307853e-05,
                2.25653184316e-05,
                1.72191994352e-05,
                5.96063273406e-06,
                4.96450365972e-06,
                5.25076529811e-06,
                1.90060086425e-06,
                4.84779457111e-06,
                8.5149813458e-06,
                3.17295666719e-06,
                1.15863429073e-06,
                6.28884379239e-07,
                1.74251010776e-06,
                2.92013368153e-07,
                2.16695127619e-07,
                3.38322621474e-07,
                2.13481300193e-07,
                1.22895784216e-07,
                1.27730430677e-07,
                7.48997734945e-08,
                8.22619981022e-08,
                4.39305445354e-08,
                3.55668894336e-09,
                1.74933570234e-12
            ]
        },
        "barkbands_crest": {
            "dmean": 2.36151409149,
            "dmean2": 3.67991328239,
            "dvar": 6.88394641876,
            "dvar2": 15.1420173645,
            "max": 26.6895217896,
            "mean": 13.4745502472,
            "median": 12.5267963409,
            "min": 2.95701050758,
            "var": 29.4144325256
        },
        "barkbands_flatness_db": {
            "dmean": 0.0295090395957,
            "dmean2": 0.0415341071784,
            "dvar": 0.000928170280531,
            "dvar2": 0.00198638578877,
            "max": 0.635800480843,
            "mean": 0.20348097384,
            "median": 0.185358539224,
            "min": 0.0382580570877,
            "var": 0.0093431873247
        },
        "barkbands_kurtosis": {
            "dmean": 8.57305335999,
            "dmean2": 13.1360654831,
            "dvar": 1413.1385498,
            "dvar2": 3314.5144043,
            "max": 1416.23400879,
            "mean": 13.6004047394,
            "median": 4.47866010666,
            "min": -1.96222782135,
            "var": 1964.93395996
        },
        "barkbands_skewness": {
            "dmean": 0.745778918266,
            "dmean2": 1.10215401649,
            "dvar": 1.30987536907,
            "dvar2": 2.82981324196,
            "max": 32.3222198486,
            "mean": 2.26753997803,
            "median": 1.8451615572,
            "min": -4.20611190796,
            "var": 5.25456619263
        },
        "barkbands_spread": {
            "dmean": 5.46765851974,
            "dmean2": 8.00330352783,
            "dvar": 55.1816978455,
            "dvar2": 108.21546936,
            "max": 120.142929077,
            "mean": 17.7276191711,
            "median": 13.9597215652,
            "min": 0.145202100277,
            "var": 220.905639648
        },
        "dissonance": {
            "dmean": 0.0286626946181,
            "dmean2": 0.0479746162891,
            "dvar": 0.00108403118793,
            "dvar2": 0.00302749220282,
            "max": 0.500000059605,
            "mean": 0.439964264631,
            "median": 0.456304341555,
            "min": 0.0901847928762,
            "var": 0.00297487294301
        },
        "dynamic_complexity": 5.66999959946,
        "erbbands": {
            "dmean": [
                0.221390888095,
                1.14473688602,
                2.07492947578,
                3.45961856842,
                3.85298418999,
                6.71328878403,
                12.294793129,
                15.2417087555,
                10.8940000534,
                12.7571544647,
                12.1580171585,
                12.0404911041,
                14.0553007126,
                11.129442215,
                15.6652145386,
                13.283914566,
                13.0351285934,
                12.104019165,
                8.52703475952,
                11.9150094986,
                16.213262558,
                9.18562507629,
                6.62863683701,
                7.29788732529,
                8.35869693756,
                6.32181453705,
                3.96582460403,
                5.44427967072,
                3.98866772652,
                3.20785403252,
                2.20830416679,
                1.70691311359,
                1.39017236233,
                0.925471961498,
                0.719300806522,
                0.143461793661,
                0.0258771330118,
                0.00282911909744,
                6.50254296488e-05,
                1.39162511914e-05
            ],
            "dmean2": [
                0.330161511898,
                1.60896635056,
                3.60374188423,
                6.57746934891,
                7.07169389725,
                11.2594356537,
                20.4850349426,
                24.4886798859,
                17.5027122498,
                19.4344177246,
                18.9486465454,
                18.0415649414,
                21.5560474396,
                16.1350650787,
                21.8534984589,
                18.7087497711,
                18.9871120453,
                18.1325893402,
                12.9542398453,
                18.136838913,
                24.5044021606,
                15.2036714554,
                10.33984375,
                11.4747905731,
                12.9134368896,
                9.66319179535,
                6.00367879868,
                8.50361061096,
                5.92901849747,
                4.6534705162,
                3.17570495605,
                2.43296575546,
                1.98991727829,
                1.34182989597,
                1.11884224415,
                0.210746526718,
                0.0388645343482,
                0.00422385986894,
                9.5929208328e-05,
                2.05789983738e-05
            ],
            "dvar": [
                0.445607274771,
                13.6674938202,
                86.0545501709,
                270.614562988,
                223.039352417,
                313.194854736,
                1263.015625,
                1018.97802734,
                498.196624756,
                1448.84655762,
                835.43371582,
                1014.31091309,
                1089.88928223,
                1180.90075684,
                2605.25976563,
                2099.09057617,
                3333.33959961,
                1700.16491699,
                434.232421875,
                1567.07092285,
                2789.23071289,
                715.954650879,
                221.496734619,
                296.926574707,
                357.507904053,
                224.479904175,
                73.8357543945,
                183.176055908,
                72.1599578857,
                47.0930595398,
                26.1593589783,
                18.4322185516,
                8.65490531921,
                3.27054405212,
                1.87172794342,
                0.08279953897,
                0.00494387792423,
                7.37688606023e-05,
                2.87001125088e-08,
                6.47282449862e-10
            ],
            "dvar2": [
                0.998829722404,
                26.8581600189,
                235.852249146,
                794.730957031,
                669.440979004,
                835.014648438,
                3358.28979492,
                2496.38134766,
                1217.92175293,
                3405.13623047,
                1917.29284668,
                2033.66503906,
                2548.35961914,
                2482.18920898,
                4899.16699219,
                3992.36572266,
                6497.89599609,
                3577.58984375,
                961.66015625,
                3172.13549805,
                5733.35839844,
                1883.33068848,
                518.090942383,
                729.811767578,
                772.139343262,
                531.312744141,
                150.98449707,
                407.39666748,
                131.976852417,
                89.8211593628,
                49.6115913391,
                36.6946792603,
                17.1895751953,
                6.70334768295,
                4.52487516403,
                0.173639252782,
                0.0105209955946,
                0.000142501186929,
                5.59208928053e-08,
                1.36839972686e-09
            ],
            "max": [
                7.98577356339,
                44.3957595825,
                111.225364685,
                162.400024414,
                182.070465088,
                174.636032104,
                383.596679688,
                571.905517578,
                341.855957031,
                1022.50946045,
                723.879089355,
                993.912109375,
                847.119750977,
                840.751953125,
                1241.66015625,
                1235.09985352,
                1934.71398926,
                1411.80090332,
                559.163452148,
                1718.00292969,
                1913.19091797,
                709.101013184,
                263.474609375,
                285.890014648,
                494.180297852,
                461.158843994,
                122.990348816,
                175.759521484,
                350.03225708,
                292.650726318,
                149.333831787,
                107.241188049,
                81.9036865234,
                39.1900177002,
                24.5495624542,
                6.9610710144,
                2.32719564438,
                0.429435133934,
                0.00786818098277,
                0.000311031762976
            ],
            "mean": [
                0.695556521416,
                2.95402550697,
                2.29899954796,
                2.55953454971,
                3.82303380966,
                7.99713850021,
                15.4768714905,
                23.5465888977,
                18.6553153992,
                23.1752586365,
                20.3486671448,
                21.531545639,
                24.3481693268,
                19.0959415436,
                28.4022064209,
                23.1444816589,
                22.0831985474,
                19.4434356689,
                14.5561161041,
                19.1952400208,
                27.6515789032,
                14.3727283478,
                11.4692077637,
                12.386136055,
                15.3735818863,
                10.2314224243,
                6.25636863708,
                7.62466907501,
                6.29763364792,
                4.85601377487,
                3.28764367104,
                2.59415245056,
                1.97622513771,
                1.24446702003,
                0.764438450336,
                0.175221905112,
                0.0334074273705,
                0.00371383572929,
                0.000101344194263,
                4.51756750408e-05
            ],
            "median": [
                0.452973872423,
                0.782446086407,
                0.284278988838,
                0.318540126085,
                0.50235247612,
                2.42960166931,
                6.95694828033,
                9.85548973083,
                9.11933135986,
                6.27746152878,
                6.46350669861,
                5.73343515396,
                6.73947811127,
                3.98740386963,
                2.91727828979,
                2.02597355843,
                1.94334542751,
                1.83657038212,
                2.80678486824,
                3.74697875977,
                6.00341558456,
                3.43499851227,
                2.59771966934,
                2.81052613258,
                3.22463560104,
                2.38406276703,
                1.96411252022,
                1.91965067387,
                1.50371694565,
                1.10286593437,
                0.649795174599,
                0.569633424282,
                0.376614958048,
                0.290837258101,
                0.151961103082,
                0.0390185303986,
                0.00774969859049,
                0.000664572580718,
                4.09897729696e-05,
                3.68166329281e-05
            ],
            "min": [
                1.08099351647e-22,
                1.08666925078e-21,
                2.92807760067e-21,
                4.03490624868e-21,
                1.4300579542e-20,
                2.19885884099e-20,
                7.59949181822e-20,
                4.00836764506e-20,
                8.1687949974e-20,
                2.02414546786e-19,
                2.34254266602e-19,
                4.5040475492e-19,
                5.32465672877e-19,
                6.74868641039e-19,
                6.19192820068e-19,
                1.05576318604e-18,
                1.41336422159e-18,
                1.66166130081e-18,
                3.29957755495e-18,
                3.68266185383e-18,
                3.53419161927e-18,
                4.13845119264e-18,
                6.47657480134e-18,
                7.15471277035e-18,
                7.49648642866e-18,
                8.01220872517e-18,
                9.24224035811e-18,
                1.03240412253e-17,
                1.26895842169e-17,
                1.15553128019e-17,
                1.1510334029e-17,
                1.01220561274e-17,
                9.64760187165e-18,
                8.96171032517e-18,
                6.59556225091e-18,
                4.32629398359e-18,
                2.31829526223e-18,
                9.89869151261e-19,
                2.59827485817e-19,
                2.76764842502e-20
            ],
            "var": [
                0.835415899754,
                30.3960704803,
                66.1870880127,
                151.217636108,
                149.610321045,
                280.597198486,
                1043.98876953,
                1428.58129883,
                832.674072266,
                3170.22460938,
                1596.16638184,
                2342.71704102,
                2256.06787109,
                2325.43066406,
                7607.0234375,
                6746.65917969,
                7403.70117188,
                4030.29077148,
                1047.24206543,
                3074.87524414,
                6908.00048828,
                1028.72912598,
                509.738311768,
                595.511413574,
                1095.51574707,
                486.332000732,
                135.930953979,
                273.741271973,
                158.767929077,
                108.54183197,
                57.9654388428,
                42.2919235229,
                21.475019455,
                6.76937246323,
                2.26392149925,
                0.141915351152,
                0.00913542695343,
                0.000166551719303,
                6.50106315447e-08,
                1.83296755552e-09
            ]
        },
        "erbbands_crest": {
            "dmean": 3.03300499916,
            "dmean2": 4.84809112549,
            "dvar": 8.49905872345,
            "dvar2": 20.7287139893,
            "max": 31.3839988708,
            "mean": 10.8351535797,
            "median": 9.50689888,
            "min": 2.56083035469,
            "var": 29.4155597687
        },
        "erbbands_flatness_db": {
            "dmean": 0.0222254004329,
            "dmean2": 0.0327449180186,
            "dvar": 0.000442290300271,
            "dvar2": 0.00103459449019,
            "max": 0.548539698124,
            "mean": 0.172257348895,
            "median": 0.154310926795,
            "min": 0.0566411577165,
            "var": 0.00550675624982
        },
        "erbbands_kurtosis": {
            "dmean": 1.898635149,
            "dmean2": 3.07587122917,
            "dvar": 13.9929580688,
            "dvar2": 36.6132850647,
            "max": 75.4528045654,
            "mean": 2.06015944481,
            "median": 0.323471039534,
            "min": -1.85819303989,
            "var": 31.957490921
        },
        "erbbands_skewness": {
            "dmean": 0.473618298769,
            "dmean2": 0.723784446716,
            "dvar": 0.24703207612,
            "dvar2": 0.550718784332,
            "max": 5.80707263947,
            "mean": 0.667578518391,
            "median": 0.601336956024,
            "min": -4.0440454483,
            "var": 0.9385612607
        },
        "erbbands_spread": {
            "dmean": 10.8131713867,
            "dmean2": 16.3852214813,
            "dvar": 190.01234436,
            "dvar2": 430.295196533,
            "max": 182.269485474,
            "mean": 39.3414573669,
            "median": 35.1449165344,
            "min": 0.446396440268,
            "var": 640.102478027
        },
        "gfcc": {
            "cov": [
                [
                    28800.7226563,
                    -4112.18115234,
                    -4201.42871094,
                    2117.86889648,
                    -785.952636719,
                    1592.96777344,
                    -319.369232178,
                    1323.81030273,
                    29.2634525299,
                    862.106628418,
                    51.3321075439,
                    628.412719727,
                    239.107620239
                ],
                [
                    -4112.18115234,
                    2054.87939453,
                    704.930236816,
                    -522.414367676,
                    287.502929688,
                    -413.413024902,
                    127.441894531,
                    -324.75289917,
                    29.5268669128,
                    -261.20904541,
                    38.0695075989,
                    -225.367340088,
                    -20.8261604309
                ],
                [
                    -4201.42871094,
                    704.930236816,
                    1908.97766113,
                    144.332458496,
                    212.205337524,
                    -101.59488678,
                    52.0664176941,
                    -182.267807007,
                    148.546173096,
                    14.9513530731,
                    39.3089485168,
                    8.54839611053,
                    8.92646789551
                ],
                [
                    2117.86889648,
                    -522.414367676,
                    144.332458496,
                    772.539611816,
                    122.353347778,
                    218.856262207,
                    34.5476799011,
                    176.685424805,
                    171.897125244,
                    183.867492676,
                    115.867202759,
                    125.128234863,
                    113.913597107
                ],
                [
                    -785.952636719,
                    287.502929688,
                    212.205337524,
                    122.353347778,
                    331.399108887,
                    7.61655521393,
                    100.944198608,
                    41.8783760071,
                    87.6637878418,
                    11.6869478226,
                    53.7817382813,
                    -26.056060791,
                    54.1121101379
                ],
                [
                    1592.96777344,
                    -413.413024902,
                    -101.59488678,
                    218.856262207,
                    7.61655521393,
                    389.797851563,
                    109.248580933,
                    109.572273254,
                    11.4587669373,
                    81.9381637573,
                    57.6872138977,
                    91.4069366455,
                    -26.3794364929
                ],
                [
                    -319.369232178,
                    127.441894531,
                    52.0664176941,
                    34.5476799011,
                    100.944198608,
                    109.248580933,
                    253.066177368,
                    45.9489250183,
                    37.891204834,
                    24.7500038147,
                    64.1254043579,
                    9.10170841217,
                    10.7752199173
                ],
                [
                    1323.81030273,
                    -324.75289917,
                    -182.267807007,
                    176.685424805,
                    41.8783760071,
                    109.572273254,
                    45.9489250183,
                    266.999023438,
                    104.391960144,
                    114.234939575,
                    20.7895526886,
                    39.9416999817,
                    78.6248703003
                ],
                [
                    29.2634525299,
                    29.5268669128,
                    148.546173096,
                    171.897125244,
                    87.6637878418,
                    11.4587669373,
                    37.891204834,
                    104.391960144,
                    209.230926514,
                    101.687431335,
                    71.9228439331,
                    31.5767593384,
                    84.2292556763
                ],
                [
                    862.106628418,
                    -261.20904541,
                    14.9513530731,
                    183.867492676,
                    11.6869478226,
                    81.9381637573,
                    24.7500038147,
                    114.234939575,
                    101.687431335,
                    206.478973389,
                    82.1651382446,
                    79.4516601563,
                    81.1115188599
                ],
                [
                    51.3321075439,
                    38.0695075989,
                    39.3089485168,
                    115.867202759,
                    53.7817382813,
                    57.6872138977,
                    64.1254043579,
                    20.7895526886,
                    71.9228439331,
                    82.1651382446,
                    175.999038696,
                    74.2495803833,
                    48.2363967896
                ],
                [
                    628.412719727,
                    -225.367340088,
                    8.54839611053,
                    125.128234863,
                    -26.056060791,
                    91.4069366455,
                    9.10170841217,
                    39.9416999817,
                    31.5767593384,
                    79.4516601563,
                    74.2495803833,
                    145.006576538,
                    47.7651252747
                ],
                [
                    239.107620239,
                    -20.8261604309,
                    8.92646789551,
                    113.913597107,
                    54.1121101379,
                    -26.3794364929,
                    10.7752199173,
                    78.6248703003,
                    84.2292556763,
                    81.1115188599,
                    48.2363967896,
                    47.7651252747,
                    167.098617554
                ]
            ],
            "icov": [
                [
                    0.00016619215603,
                    -0.000260994333075,
                    0.000362987775588,
                    -0.000537016545422,
                    0.000367343862308,
                    -0.000451176951174,
                    0.000359750789357,
                    -0.000400326913223,
                    0.000289093964966,
                    -0.00047194774379,
                    0.000437093607616,
                    -0.000305509340251,
                    9.58642194746e-05
                ],
                [
                    -0.000260994333075,
                    0.00202463497408,
                    -0.000902320258319,
                    0.00170173484366,
                    -0.00140603922773,
                    0.00135996984318,
                    -0.0012465933105,
                    0.00166307692416,
                    -0.0013684022706,
                    0.00203274050727,
                    -0.00199061841704,
                    0.0018274972681,
                    -0.000762917974498
                ],
                [
                    0.000362987775588,
                    -0.000902320258319,
                    0.00160893017892,
                    -0.00150611647405,
                    0.000546028604731,
                    -0.000940789817832,
                    0.000724814890418,
                    -8.50910510053e-05,
                    2.69390293397e-05,
                    -0.0015491101658,
                    0.00172081135679,
                    -0.00133769202512,
                    0.000600884435698
                ],
                [
                    -0.000537016545422,
                    0.00170173484366,
                    -0.00150611647405,
                    0.00450462149456,
                    -0.00224229437299,
                    0.000614804157522,
                    -0.000710279622581,
                    0.00143832236063,
                    -0.00219917343929,
                    0.00169322662987,
                    -0.00232484959997,
                    0.0011663432233,
                    -0.0011933229398
                ],
                [
                    0.000367343862308,
                    -0.00140603922773,
                    0.000546028604731,
                    -0.00224229437299,
                    0.00593775650486,
                    -0.00130594032817,
                    -0.000200047608814,
                    -0.00195218506269,
                    0.000472196668852,
                    -0.000450501800515,
                    0.00036551852827,
                    0.000767654913943,
                    -0.000743287906516
                ],
                [
                    -0.000451176951174,
                    0.00135996984318,
                    -0.000940789817832,
                    0.000614804157522,
                    -0.00130594032817,
                    0.00665198545903,
                    -0.00325175654143,
                    -1.55334928422e-05,
                    6.32958908682e-05,
                    0.00110043154564,
                    -0.00164468726143,
                    -0.001185421017,
                    0.00238383328542
                ],
                [
                    0.000359750789357,
                    -0.0012465933105,
                    0.000724814890418,
                    -0.000710279622581,
                    -0.000200047608814,
                    -0.00325175654143,
                    0.00692802807316,
                    -0.00198889058083,
                    0.00090746517526,
                    -0.00116740807425,
                    -0.000486403587274,
                    -0.000143479046528,
                    0.0001065303004
                ],
                [
                    -0.000400326913223,
                    0.00166307692416,
                    -8.50910510053e-05,
                    0.00143832236063,
                    -0.00195218506269,
                    -1.55334928422e-05,
                    -0.00198889058083,
                    0.0096503123641,
                    -0.00436118338257,
                    -0.000445570534794,
                    0.00092680065427,
                    0.00169098412152,
                    -0.00231492263265
                ],
                [
                    0.000289093964966,
                    -0.0013684022706,
                    2.69390293397e-05,
                    -0.00219917343929,
                    0.000472196668852,
                    6.32958908682e-05,
                    0.00090746517526,
                    -0.00436118338257,
                    0.0107945306227,
                    -0.00334279122762,
                    -0.000933487492148,
                    -8.47094343044e-05,
                    -0.000760703580454
                ],
                [
                    -0.00047194774379,
                    0.00203274050727,
                    -0.0015491101658,
                    0.00169322662987,
                    -0.000450501800515,
                    0.00110043154564,
                    -0.00116740807425,
                    -0.000445570534794,
                    -0.00334279122762,
                    0.0123141426593,
                    -0.00469271047041,
                    0.000502757378854,
                    -0.00261981459334
                ],
                [
                    0.000437093607616,
                    -0.00199061841704,
                    0.00172081135679,
                    -0.00232484959997,
                    0.00036551852827,
                    -0.00164468726143,
                    -0.000486403587274,
                    0.00092680065427,
                    -0.000933487492148,
                    -0.00469271047041,
                    0.0125822983682,
                    -0.00610364414752,
                    0.000697701063473
                ],
                [
                    -0.000305509340251,
                    0.0018274972681,
                    -0.00133769202512,
                    0.0011663432233,
                    0.000767654913943,
                    -0.001185421017,
                    -0.000143479046528,
                    0.00169098412152,
                    -8.47094343044e-05,
                    0.000502757378854,
                    -0.00610364414752,
                    0.0147238522768,
                    -0.003929074388
                ],
                [
                    9.58642194746e-05,
                    -0.000762917974498,
                    0.000600884435698,
                    -0.0011933229398,
                    -0.000743287906516,
                    0.00238383328542,
                    0.0001065303004,
                    -0.00231492263265,
                    -0.000760703580454,
                    -0.00261981459334,
                    0.000697701063473,
                    -0.003929074388,
                    0.0108098909259
                ]
            ],
            "mean": [
                -67.6587905884,
                97.6699142456,
                -92.9174957275,
                32.969329834,
                -62.9842910767,
                11.7324466705,
                -37.08959198,
                18.4501857758,
                -13.9922227859,
                13.4122200012,
                -7.56894445419,
                8.21615123749,
                2.72366189957
            ]
        },
        "hfc": {
            "dmean": 6.50464344025,
            "dmean2": 9.21031093597,
            "dvar": 124.653648376,
            "dvar2": 236.276565552,
            "max": 122.70337677,
            "mean": 17.607711792,
            "median": 10.5530872345,
            "min": 1.074549835e-16,
            "var": 403.585784912
        },
        "melbands": {
            "dmean": [
                0.00173871754669,
                0.0010929730488,
                0.000603501044679,
                0.000334590673447,
                0.000423842895543,
                0.000324331806041,
                0.00016307264741,
                0.000143784855027,
                9.18887963053e-05,
                8.32781806821e-05,
                7.24504570826e-05,
                4.66485253128e-05,
                5.49737706024e-05,
                5.49706201127e-05,
                2.86810009129e-05,
                2.80052645394e-05,
                2.23764127441e-05,
                1.4740210645e-05,
                1.49582374434e-05,
                1.79988219315e-05,
                1.85536846402e-05,
                9.81982611847e-06,
                7.52093410483e-06,
                7.20852904124e-06,
                6.15676890448e-06,
                7.16415161151e-06,
                5.89211276747e-06,
                3.92311449104e-06,
