{
    "lowlevel": {
        "average_loudness": 0.900468170643,
        "barkbands": {
            "dmean": [
                0.00274729495868,
                0.00906637869775,
                0.00187867798377,
                0.00193409307394,
                0.00242998031899,
                0.000987635343336,
                0.000846223032568,
                0.000659908400849,
                0.00114724086598,
                0.000690893677529,
                0.000579051673412,
                0.000273180572549,
                0.00036722412915,
                0.000277533195913,
                0.000295186269796,
                0.000186701596249,
                0.000158972339705,
                0.00014309620019,
                0.000151055966853,
                0.000119889336929,
                0.000142116783536,
                0.000126730257762,
                0.000109582106234,
                0.000121291355754,
                0.000121586497698,
                6.70034860377e-05,
                2.81184784399e-05
            ],
            "dmean2": [
                0.00367576023564,
                0.0134207606316,
                0.00297472509556,
                0.00314285606146,
                0.00398969557136,
                0.00156135356519,
                0.00135878287256,
                0.00107352691703,
                0.00176043831743,
                0.00108301034197,
                0.000930342299398,
                0.000435607478721,
                0.000569455965888,
                0.000421348464442,
                0.000466908328235,
                0.000285292946501,
                0.000255940773059,
                0.000226997988648,
                0.000243544855039,
                0.000190568694961,
                0.000230180376093,
                0.000204197727726,
                0.000158094553626,
                0.000185905460967,
                0.000177587091457,
                9.94392758003e-05,
                3.80546152883e-05
            ],
            "dvar": [
                4.29753927165e-05,
                0.000317137513775,
                1.59488390636e-05,
                2.1688410925e-05,
                2.05696323974e-05,
                3.69080953533e-06,
                3.08507651425e-06,
                2.57708597928e-06,
                3.99399596063e-06,
                2.22677977035e-06,
                1.87241869298e-06,
                3.48373248471e-07,
                7.51558673073e-07,
                4.9438347105e-07,
                6.16074316895e-07,
                2.8908274885e-07,
                1.33001364588e-07,
                7.36404288659e-08,
                8.093849857e-08,
                5.21932825848e-08,
                1.04870267137e-07,
                9.30546590894e-08,
                6.05860108749e-08,
                7.45285433368e-08,
                9.35199366836e-08,
                2.1097996239e-08,
                6.08507111366e-09
            ],
            "dvar2": [
                9.07555659069e-05,
                0.000583722838201,
                3.69291446987e-05,
                5.26841140527e-05,
                5.49519209017e-05,
                8.87090936885e-06,
                7.48141201257e-06,
                6.38258006802e-06,
                8.72340024216e-06,
                5.08526863996e-06,
                4.62166281068e-06,
                8.260803952e-07,
                1.6145634163e-06,
                1.02846342998e-06,
                1.44938098856e-06,
                5.70587644688e-07,
                3.03746304553e-07,
                1.7327722901e-07,
                2.05151607702e-07,
                1.29854925035e-07,
                2.69544955245e-07,
                2.1726840771e-07,
                1.03580148902e-07,
                1.50033613977e-07,
                1.64493144439e-07,
                4.64776626075e-08,
                1.38979805442e-08
            ],
            "max": [
                0.0974585860968,
                0.204849258065,
                0.04042750597,
                0.0720384791493,
                0.0531468987465,
                0.0370980352163,
                0.0362254567444,
                0.0361499339342,
                0.0461653657258,
                0.0271462183446,
                0.0310475751758,
                0.0229270346463,
                0.0397207066417,
                0.0215257722884,
                0.0177369546145,
                0.015838958323,
                0.0176571011543,
                0.0070689371787,
                0.00611868128181,
                0.00630397582427,
                0.00799049157649,
                0.00710953539237,
                0.00674451608211,
                0.0073648779653,
                0.0113559104502,
                0.00167538376991,
                0.000754022737965
            ],
            "mean": [
                0.00587230036035,
                0.0179888419807,
                0.00280256685801,
                0.00260988809168,
                0.00429255282506,
                0.00177920830902,
                0.00138631102163,
                0.000980033655651,
                0.00223061093129,
                0.00130293448456,
                0.00105016643647,
                0.000474393891636,
                0.000671207904816,
                0.000479766837088,
                0.000456739158835,
                0.000342696206644,
                0.000314031523885,
                0.000300838291878,
                0.000319722515997,
                0.000286538503133,
                0.000277889776044,
                0.000260076310951,
                0.000251776335062,
                0.000239686050918,
                0.000221820359002,
                0.000114776732516,
                4.56648376712e-05
            ],
            "median": [
                0.000463084987132,
                0.00368807371706,
                0.000807471340522,
                0.000808845390566,
                0.00219501834363,
                0.000705495942384,
                0.000585191708524,
                0.000386401399737,
                0.000828643562272,
                0.000435007852502,
                0.000296846003039,
                0.000186601653695,
                0.000212953222217,
                0.000126471975818,
                0.000147344282595,
                0.000121177312394,
                0.000152636755956,
                0.000159448216436,
                0.000158245689818,
                0.000130793079734,
                8.78848804859e-05,
                6.5863961936e-05,
                6.99682277627e-05,
                6.55572730466e-05,
                5.53862191737e-05,
                2.46753643296e-05,
                1.10580203909e-05
            ],
            "min": [
                7.74766327427e-25,
                4.60726796402e-24,
                5.93296291474e-24,
                5.1648565455e-24,
                1.34655763954e-23,
                1.96000617169e-23,
                7.86590090219e-24,
                1.31217340149e-23,
                1.89274662874e-23,
                4.34831711436e-23,
                1.70016075377e-23,
                3.63007282856e-23,
                3.92154967552e-23,
                4.02261758807e-23,
                7.20285542275e-23,
                1.13718477295e-22,
                1.20889424872e-22,
                1.37122074465e-22,
                1.61037307885e-22,
                1.8785414842e-22,
                2.70915433589e-22,
                4.71819095808e-22,
                5.62564050277e-22,
                6.40090321303e-22,
                9.01657462864e-22,
                1.27909698754e-21,
                2.1246378391e-21
            ],
            "var": [
                0.000109969900222,
                0.00097186525818,
                2.05667111004e-05,
                2.25780331675e-05,
                3.34530959663e-05,
                9.4591114248e-06,
                6.46629678158e-06,
                4.13558836954e-06,
                1.36198887049e-05,
                6.13178963249e-06,
                5.37618780072e-06,
                8.65590379817e-07,
                2.12481313611e-06,
                1.16562080166e-06,
                1.03426782516e-06,
                7.58820306146e-07,
                3.77661365292e-07,
                2.2676807987e-07,
                1.83134346798e-07,
                1.66766611187e-07,
                2.55349107192e-07,
                2.77341229094e-07,
                2.48827632277e-07,
                2.3624531309e-07,
                2.73261832717e-07,
                4.76339927502e-08,
                1.03450847888e-08
            ]
        },
        "barkbands_crest": {
            "dmean": 2.56607890129,
            "dmean2": 4.20974779129,
            "dvar": 5.59829998016,
            "dvar2": 14.0682668686,
            "max": 26.4660797119,
            "mean": 10.4632387161,
            "median": 9.35648345947,
            "min": 2.77595686913,
            "var": 21.6710224152
        },
        "barkbands_flatness_db": {
            "dmean": 0.0211789179593,
            "dmean2": 0.0316457599401,
            "dvar": 0.000611153780483,
            "dvar2": 0.00119871518109,
            "max": 0.521541297436,
            "mean": 0.12918664515,
            "median": 0.110233291984,
            "min": 0.019889254123,
            "var": 0.00443593272939
        },
        "barkbands_kurtosis": {
            "dmean": 4.64770030975,
            "dmean2": 7.03942537308,
            "dvar": 203.01789856,
            "dvar2": 508.509307861,
            "max": 658.48034668,
            "mean": 7.80780792236,
            "median": 2.79060459137,
            "min": -1.90028631687,
            "var": 379.84475708
        },
        "barkbands_skewness": {
            "dmean": 0.585672199726,
            "dmean2": 0.865827918053,
            "dvar": 0.553334712982,
            "dvar2": 1.21040058136,
            "max": 22.6187496185,
            "mean": 1.96372449398,
            "median": 1.65686953068,
            "min": -2.03879737854,
            "var": 2.39893245697
        },
        "barkbands_spread": {
            "dmean": 5.32610416412,
            "dmean2": 8.1793088913,
            "dvar": 46.6969299316,
            "dvar2": 98.0778274536,
            "max": 107.642242432,
            "mean": 21.6391277313,
            "median": 19.9984855652,
            "min": 0.292239516973,
            "var": 165.904846191
        },
        "dissonance": {
            "dmean": 0.0193664059043,
            "dmean2": 0.0324586071074,
            "dvar": 0.000358902878361,
            "dvar2": 0.000976715120487,
            "max": 0.5,
            "mean": 0.462703675032,
            "median": 0.470843374729,
            "min": 0.231961518526,
            "var": 0.000967135361861
        },
        "dynamic_complexity": 4.74997138977,
        "erbbands": {
            "dmean": [
                0.544268012047,
                1.20994102955,
                1.84077739716,
                4.50293684006,
                8.02044487,
                8.4046421051,
                8.13461399078,
                8.06868171692,
                10.4092121124,
                14.6903934479,
                14.7855587006,
                29.2215633392,
                18.1689071655,
                20.100233078,
                21.8650684357,
                11.7616186142,
                16.1576805115,
                14.2412900925,
                13.9063882828,
                12.9108448029,
                8.84977245331,
                7.76777887344,
                7.41795969009,
                8.34230041504,
                6.19365262985,
                5.79315948486,
                5.76292610168,
                5.6865530014,
                4.54596614838,
                4.0605635643,
                3.16871905327,
                2.34274935722,
                2.33318638802,
                1.54289805889,
                0.78447663784,
                0.348038464785,
                0.111573182046,
                0.0236423239112,
                0.00446139648557,
                0.000390726316255
            ],
            "dmean2": [
                0.769535541534,
                2.0188908577,
                2.99544119835,
                7.02922058105,
                13.440328598,
                13.4961423874,
                13.0838594437,
                12.7669219971,
                16.6144752502,
                23.8683891296,
                23.3427810669,
                44.8440551758,
                27.6710891724,
                31.7858333588,
                34.699256897,
                18.3413906097,
                25.0070533752,
                21.5289573669,
                21.3952350616,
                20.4868488312,
                13.5832910538,
                12.554816246,
                11.8728218079,
                13.4368000031,
                9.82829475403,
                9.21822452545,
                9.10791110992,
                9.3509349823,
                7.1222743988,
                6.13938474655,
                4.61308860779,
                3.47022128105,
                3.71723079681,
                2.2958521843,
                1.15267026424,
                0.526609957218,
                0.159995064139,
                0.0342584699392,
                0.0063286088407,
                0.000522612070199
            ],
            "dvar": [
                1.26835906506,
                5.92826986313,
                14.1328811646,
                98.1522827148,
                386.599853516,
                239.125244141,
                227.176544189,
                272.178466797,
                545.031799316,
                997.800109863,
                1098.64855957,
                2715.48120117,
                1827.75732422,
                2094.00976562,
                2588.24145508,
                663.503540039,
                1471.41943359,
                1322.48620605,
                1455.32067871,
                1386.16699219,
                624.50378418,
                276.932891846,
                191.753707886,
                285.463012695,
                126.042053223,
                119.712608337,
                156.67137146,
                195.110977173,
                112.382888794,
                96.4436340332,
                48.7083892822,
                26.6168060303,
                30.7360210419,
                18.8427791595,
                2.90551972389,
                0.615139842033,
                0.0515621304512,
                0.00267017167062,
                0.000160952302394,
                1.37996084959e-06
            ],
            "dvar2": [
                2.17622733116,
                14.935385704,
                34.6088409424,
                217.916412354,
                1060.77941895,
                608.694946289,
                551.251281738,
                650.380187988,
                1323.02624512,
                2457.78588867,
                2609.10693359,
                5926.88183594,
                3935.97485352,
                4834.44189453,
                6406.07080078,
                1509.30322266,
                3103.43603516,
                2791.19116211,
                3182.98168945,
                3484.66308594,
                1189.35241699,
                637.457580566,
                458.899291992,
                702.443237305,
                309.063812256,
                295.631744385,
                401.004608154,
                513.382202148,
                264.520965576,
                181.288742065,
                88.454864502,
                51.1261520386,
                67.0665435791,
                33.2688674927,
                5.29153347015,
                1.33252775669,
                0.10704112798,
                0.00627058185637,
                0.000381537276553,
                3.02691887555e-06
            ],
            "max": [
                11.7021408081,
                23.2534885406,
                38.007358551,
                132.416793823,
                265.999969482,
                272.666229248,
                437.570983887,
                276.442474365,
                551.684326172,
                849.03918457,
                717.934631348,
                1324.65161133,
                926.362854004,
                1082.70178223,
                1225.27929688,
                1156.87658691,
                1852.06933594,
                1174.20910645,
                1163.54504395,
                763.548828125,
                962.995605469,
                502.436126709,
                321.987701416,
                403.797241211,
                233.162200928,
                270.843048096,
                327.254730225,
                285.388458252,
                241.379104614,
                282.990875244,
                184.073425293,
                134.351226807,
                169.474624634,
                167.415878296,
                61.4041404724,
                13.2631406784,
                2.49966645241,
                0.562861680984,
                0.125621721148,
                0.0110150417313
            ],
            "mean": [
                1.06453824043,
                1.87223148346,
                2.87559247017,
                6.76640081406,
                11.0635471344,
                15.230969429,
                14.7888240814,
                14.4026765823,
                17.6991291046,
                22.2903423309,
                27.3136825562,
                56.9067115784,
                37.0191421509,
                38.812297821,
                43.2117118835,
                23.4737663269,
                31.7402820587,
                26.9653549194,
                23.7231502533,
                22.4346637726,
                18.0753250122,
                16.5648479462,
                16.7457275391,
                17.0992164612,
                14.7354898453,
                14.1625146866,
                12.3842029572,
                9.98727416992,
                9.21956539154,
                8.67047977448,
                6.97775411606,
                5.05721712112,
                4.0871462822,
                2.89836812019,
                1.3397295475,
                0.617177188396,
                0.180520415306,
                0.0389800965786,
                0.00724860373884,
                0.000632744922768
            ],
            "median": [
                0.130143582821,
                0.577535390854,
                1.14992511272,
                2.28779888153,
                4.83392906189,
                7.44615221024,
                6.56756067276,
                5.72215557098,
                7.57043838501,
                9.78363418579,
                11.9278430939,
                21.3275527954,
                14.4832229614,
                14.5790138245,
                14.2829990387,
                9.87754440308,
                10.8714542389,
                8.11292457581,
                7.89046144485,
                8.02384757996,
                7.46898603439,
                8.37390327454,
                9.28388404846,
                8.84467411041,
                7.35407066345,
                6.6836566925,
                4.61381435394,
                2.86580038071,
                2.41351461411,
                2.17924904823,
                1.91737985611,
                1.47749698162,
                0.999758720398,
                0.721035003662,
                0.310718655586,
                0.116331659257,
                0.0428034886718,
                0.0119432732463,
                0.00175623991527,
                0.000163530246937
            ],
            "min": [
                1.63816168243e-22,
                4.27141144336e-22,
                8.62160012706e-21,
                1.71432293379e-20,
                3.98313799015e-20,
                4.31557476975e-20,
                5.0374882483e-20,
                1.99666743264e-19,
                1.51993765472e-19,
                3.86494609445e-19,
                2.72681769139e-19,
                3.49719012441e-19,
                1.36527132039e-18,
                1.54177760104e-18,
                1.17352527093e-18,
                1.82418305922e-18,
                1.8804220351e-18,
                3.25474808806e-18,
                2.22035811168e-18,
                3.53814802414e-18,
                7.66557289922e-18,
                6.99440103173e-18,
                8.24964843846e-18,
                6.6683462866e-18,
                7.69369952158e-18,
                8.48497470529e-18,
                9.32112940031e-18,
                1.29841390971e-17,
                1.73282691627e-17,
                1.78154173321e-17,
                1.65529378853e-17,
                1.33486362341e-17,
                1.03250727195e-17,
                7.98451885417e-18,
                7.11886607132e-18,
                5.09859571199e-18,
                2.35323661208e-18,
                1.00821643084e-18,
                2.99312693864e-19,
                3.24084872666e-20
            ],
            "var": [
                3.88158202171,
                9.68204784393,
                18.2839202881,
                121.640274048,
                343.026641846,
                502.170471191,
                560.56463623,
                660.374145508,
                1192.32910156,
                1622.97802734,
                2595.83691406,
                9148.84277344,
                5099.62792969,
                6090.6171875,
                8079.31494141,
                1860.99865723,
                4532.02832031,
                3102.26196289,
                2866.77050781,
                2470.25756836,
                1955.76452637,
                904.140380859,
                648.817077637,
                638.748474121,
                376.973358154,
                387.807067871,
                409.037078857,
                409.632659912,
                349.217102051,
                325.094146729,
                189.975219727,
                97.3382568359,
                80.5737762451,
                55.3376541138,
                8.10440731049,
                1.52122449875,
                0.111196637154,
                0.00487298099324,
                0.000261792331003,
                2.232633733e-06
            ]
        },
        "erbbands_crest": {
            "dmean": 2.65691518784,
            "dmean2": 4.25813341141,
            "dvar": 6.17273330688,
            "dvar2": 14.8297605515,
            "max": 29.3241424561,
            "mean": 9.15923118591,
            "median": 8.24994850159,
            "min": 2.32299017906,
            "var": 19.0172634125
        },
        "erbbands_flatness_db": {
            "dmean": 0.0163382403553,
            "dmean2": 0.0234768874943,
            "dvar": 0.00026331821573,
            "dvar2": 0.000514266663231,
            "max": 0.3542073071,
            "mean": 0.134437486529,
            "median": 0.127449050546,
            "min": 0.0381552353501,
            "var": 0.00242598517798
        },
        "erbbands_kurtosis": {
            "dmean": 1.00782310963,
            "dmean2": 1.58126711845,
            "dvar": 3.88786888123,
            "dvar2": 9.43908691406,
            "max": 95.3059234619,
            "mean": 0.800868451595,
            "median": 0.084360525012,
            "min": -1.84352815151,
            "var": 9.90433120728
        },
        "erbbands_skewness": {
            "dmean": 0.355278223753,
            "dmean2": 0.529798150063,
            "dvar": 0.129581972957,
            "dvar2": 0.277305334806,
            "max": 7.927775383,
            "mean": 0.457620799541,
            "median": 0.471610099077,
            "min": -2.99604129791,
            "var": 0.636669754982
        },
        "erbbands_spread": {
            "dmean": 8.724858284,
            "dmean2": 12.8558416367,
            "dvar": 100.926994324,
            "dvar2": 210.432815552,
            "max": 151.118148804,
            "mean": 40.9970664978,
            "median": 37.5318984985,
            "min": 2.24223256111,
            "var": 429.558868408
        },
        "gfcc": {
            "cov": [
                [
                    17541.7226562,
                    -1470.19213867,
                    982.339050293,
                    816.881958008,
                    745.8828125,
                    575.25970459,
                    538.436096191,
                    775.007507324,
                    134.240341187,
                    549.744873047,
                    -144.535766602,
                    258.407745361,
                    148.661727905
                ],
                [
                    -1470.19213867,
                    1268.94921875,
                    -312.366241455,
                    -140.623596191,
                    85.1485061646,
                    -94.6590118408,
                    56.3005218506,
                    -87.567527771,
                    26.6435489655,
                    -127.607971191,
                    91.7460098267,
                    -104.912467957,
                    -10.7360572815
                ],
                [
                    982.339050293,
                    -312.366241455,
                    901.213500977,
                    262.573577881,
                    205.225601196,
                    173.655227661,
                    79.4397201538,
                    109.738456726,
                    106.906929016,
                    97.4286727905,
                    -27.4797515869,
                    79.0600280762,
                    42.010269165
                ],
                [
                    816.881958008,
                    -140.623596191,
                    262.573577881,
                    445.67880249,
                    135.179779053,
                    81.8774795532,
                    82.3487167358,
                    67.1505508423,
                    93.3566741943,
                    47.0343399048,
                    -1.15951275826,
                    33.2438735962,
                    41.3806266785
                ],
                [
                    745.8828125,
                    85.1485061646,
                    205.225601196,
                    135.179779053,
                    384.078186035,
                    139.90763855,
                    163.079742432,
                    118.320877075,
                    92.5945663452,
                    73.4878234863,
                    41.8253059387,
                    36.5027618408,
                    52.4656677246
                ],
                [
                    575.25970459,
                    -94.6590118408,
                    173.655227661,
                    81.8774795532,
                    139.90763855,
                    273.773895264,
                    187.162582397,
                    80.1216964722,
                    50.5541954041,
                    64.033164978,
                    56.4261627197,
                    21.8775691986,
                    27.7723655701
                ],
                [
                    538.436096191,
                    56.3005218506,
                    79.4397201538,
                    82.3487167358,
                    163.079742432,
                    187.162582397,
                    344.154144287,
                    107.711509705,
                    67.5171661377,
                    60.184047699,
                    79.9031143188,
                    37.5225830078,
                    34.1115531921
                ],
                [
                    775.007507324,
                    -87.567527771,
                    109.738456726,
                    67.1505508423,
                    118.320877075,
                    80.1216964722,
                    107.711509705,
                    203.183609009,
                    82.8222045898,
                    51.1345939636,
                    12.2415781021,
                    33.9711532593,
                    27.0042800903
                ],
                [
                    134.240341187,
                    26.6435489655,
                    106.906929016,
                    93.3566741943,
                    92.5945663452,
                    50.5541954041,
                    67.5171661377,
                    82.8222045898,
                    158.353042603,
                    52.9415740967,
                    14.1955881119,
                    25.9917106628,
                    33.5837059021
                ],
                [
                    549.744873047,
                    -127.607971191,
                    97.4286727905,
                    47.0343399048,
                    73.4878234863,
                    64.033164978,
                    60.184047699,
                    51.1345939636,
                    52.9415740967,
                    115.064277649,
                    29.7729434967,
                    26.8764514923,
                    23.6766872406
                ],
                [
                    -144.535766602,
                    91.7460098267,
                    -27.4797515869,
                    -1.15951275826,
                    41.8253059387,
                    56.4261627197,
                    79.9031143188,
                    12.2415781021,
                    14.1955881119,
                    29.7729434967,
                    113.019371033,
                    26.0551586151,
                    15.7165727615
                ],
                [
                    258.407745361,
                    -104.912467957,
                    79.0600280762,
                    33.2438735962,
                    36.5027618408,
                    21.8775691986,
                    37.5225830078,
                    33.9711532593,
                    25.9917106628,
                    26.8764514923,
                    26.0551586151,
                    90.2036437988,
                    31.5880908966
                ],
                [
                    148.661727905,
                    -10.7360572815,
                    42.010269165,
                    41.3806266785,
                    52.4656677246,
                    27.7723655701,
                    34.1115531921,
                    27.0042800903,
                    33.5837059021,
                    23.6766872406,
                    15.7165727615,
                    31.5880908966,
                    78.0023498535
                ]
            ],
            "icov": [
                [
                    9.46093350649e-05,
                    -8.18682565296e-06,
                    2.55218383245e-05,
                    -0.000127388906549,
                    -4.70349332318e-05,
                    -7.85448937677e-05,
                    -1.97125191335e-05,
                    -0.000288165843813,
                    0.000323176151142,
                    -0.000420386553742,
                    0.000341190607287,
                    -0.000178990550921,
                    3.2580242987e-05
                ],
                [
                    -8.18682565296e-06,
                    0.00170861952938,
                    9.19734957279e-05,
                    0.000513271894306,
                    -0.00102291826624,
                    0.00111616041977,
                    -0.000650860485621,
                    0.000838680833112,
                    -0.00147712335456,
                    0.00241518206894,
                    -0.00210372079164,
                    0.00228784233332,
                    -0.000385890918551
                ],
                [
                    2.55218383245e-05,
                    9.19734957279e-05,
                    0.0017974046059,
                    -0.000646837055683,
                    -0.000516992935445,
                    -0.00101349607576,
                    0.000461465824628,
                    -3.60275553248e-05,
                    -0.000201238392037,
                    -0.000609382695984,
                    0.00118584709708,
                    -0.00127164449077,
                    0.000406031293096
                ],
                [
                    -0.000127388906549,
                    0.000513271894306,
                    -0.000646837055683,
                    0.00334728905,
                    -0.000621671497356,
                    0.000419862219132,
                    -0.000459066097392,
                    0.000802388822194,
                    -0.00190617726184,
                    0.00139755674172,
                    -0.000681429519318,
                    0.000931574846618,
                    -0.000765788776334
                ],
                [
                    -4.70349332318e-05,
                    -0.00102291826624,
                    -0.000516992935445,
                    -0.000621671497356,
                    0.00485941208899,
                    -0.00110532611143,
                    -0.00046786578605,
                    -0.00134884100407,
                    0.000207771823625,
                    -0.00173256301787,
                    0.000610416114796,
                    -0.000724470824935,
                    -0.0010394777637
                ],
                [
                    -7.85448937677e-05,
                    0.00111616041977,
                    -0.00101349607576,
                    0.000419862219132,
                    -0.00110532611143,
                    0.0078936945647,
                    -0.00333023164421,
                    0.000311454205075,
                    -0.000637810269836,
                    0.000737235881388,
                    -0.00321410875767,
                    0.00319009367377,
                    -0.000685527164023
                ],
                [
                    -1.97125191335e-05,
                    -0.000650860485621,
                    0.000461465824628,
                    -0.000459066097392,
                    -0.00046786578605,
                    -0.00333023164421,
                    0.00606116931885,
                    -0.00155119877309,
                    0.000147401180584,
                    -0.000626454362646,
                    -0.00122425740119,
                    -0.00148465880193,
                    0.000304377026623
                ],
                [
                    -0.000288165843813,
                    0.000838680833112,
                    -3.60275553248e-05,
                    0.000802388822194,
                    -0.00134884100407,
                    0.000311454205075,
                    -0.00155119877309,
                    0.00893233716488,
                    -0.00416637398303,
                    0.00154602562543,
                    -0.000500573136378,
                    0.000174454631633,
                    -4.51098867416e-06
                ],
                [
                    0.000323176151142,
                    -0.00147712335456,
                    -0.000201238392037,
                    -0.00190617726184,
                    0.000207771823625,
                    -0.000637810269836,
                    0.000147401180584,
                    -0.00416637398303,
                    0.0120630944148,
                    -0.00570614915341,
                    0.00283957552165,
                    -0.00231674918905,
                    -0.00132999161724
                ],
                [
                    -0.000420386553742,
                    0.00241518206894,
                    -0.000609382695984,
                    0.00139755674172,
                    -0.00173256301787,
                    0.000737235881388,
                    -0.000626454362646,
                    0.00154602562543,
                    -0.00570614915341,
                    0.0175512451679,
                    -0.00648864591494,
                    0.0030208802782,
                    -0.00142466847319
                ],
                [
                    0.000341190607287,
                    -0.00210372079164,
                    0.00118584709708,
                    -0.000681429519318,
                    0.000610416114796,
                    -0.00321410875767,
                    -0.00122425740119,
                    -0.000500573136378,
                    0.00283957552165,
                    -0.00648864591494,
                    0.0164257194847,
                    -0.00675038713962,
                    0.000396539719077
                ],
                [
                    -0.000178990550921,
                    0.00228784233332,
                    -0.00127164449077,
                    0.000931574846618,
                    -0.000724470824935,
                    0.00319009367377,
                    -0.00148465880193,
                    0.000174454631633,
                    -0.00231674918905,
                    0.0030208802782,
                    -0.00675038713962,
                    0.0186899360269,
                    -0.00534105719998
                ],
                [
                    3.2580242987e-05,
                    -0.000385890918551,
                    0.000406031293096,
                    -0.000765788776334,
                    -0.0010394777637,
                    -0.000685527164023,
                    0.000304377026623,
                    -4.51098867416e-06,
                    -0.00132999161724,
                    -0.00142466847319,
                    0.000396539719077,
                    -0.00534105719998,
                    0.0167922973633
                ]
            ],
            "mean": [
                3.49543261528,
                76.0620346069,
                -99.2211532593,
                21.651304245,
                -55.5872650146,
                12.2786026001,
                -30.0149021149,
                9.28960895538,
                -23.1389923096,
                -1.34152078629,
                -13.2071800232,
                -1.53939270973,
                -9.85401439667
            ]
        },
        "hfc": {
            "dmean": 7.64181661606,
            "dmean2": 10.9475374222,
            "dvar": 196.016174316,
            "dvar2": 408.687316895,
            "max": 257.949737549,
            "mean": 27.2832660675,
            "median": 20.3025856018,
            "min": 1.10647139659e-16,
            "var": 800.879638672
        },
        "melbands": {
            "dmean": [
                0.00347482878715,
                0.00105526519474,
                0.000853835081216,
                0.000588343827985,
                0.000295114645269,
                0.000179430659045,
                0.000161741671036,
                0.000155881469254,
                0.000139345487696,
                0.000174726970727,
                9.13197291084e-05,
                8.51963122841e-05,
                8.02052818472e-05,
                3.63890067092e-05,
                3.69783701899e-05,
                3.18846214213e-05,
                2.87953225779e-05,
                2.36656051129e-05,
                1.75045588549e-05,
                1.73738026206e-05,
                1.01858495327e-05,
                8.52701305121e-06,
                9.22797426028e-06,
                7.41525445846e-06,
                7.35845287636e-06,
                5.72268891119e-06,
                3.96016503146e-06,
                4.27435770689e-06,
