{
    "lowlevel": {
        "average_loudness": 0.797360062599,
        "barkbands": {
            "dmean": [
                7.39564711694e-05,
                0.00280892779119,
                0.00244480348192,
                0.0017437991919,
                0.00263200514019,
                0.000922101142351,
                0.00167578528635,
                0.000716342707165,
                0.000594234617893,
                0.000485152646434,
                0.00045066268649,
                0.000398491276428,
                0.000364987557987,
                0.000314491306199,
                0.000266457907856,
                0.000211493184906,
                0.000190656806808,
                0.000103474470961,
                0.000151337706484,
                0.000129129068227,
                9.65373619692e-05,
                0.000136642556754,
                0.000185265758773,
                0.000157670772751,
                8.81030646269e-05,
                4.67882309749e-05,
                5.49723154109e-06
            ],
            "dmean2": [
                9.96617236524e-05,
                0.00434009777382,
                0.00415036827326,
                0.00298544322141,
                0.00433357711881,
                0.00149562384468,
                0.00271933246404,
                0.00112588529009,
                0.000901659368537,
                0.000748703663703,
                0.00071400689194,
                0.000632103881799,
                0.000567530398257,
                0.000498135806993,
                0.000413289148128,
                0.00032434167224,
                0.000299882260151,
                0.000156940252054,
                0.000230989870033,
                0.000192513296497,
                0.000142628210597,
                0.000220517656999,
                0.000321783416439,
                0.000255499500781,
                0.000130045693368,
                7.10567765054e-05,
                8.45906834002e-06
            ],
            "dvar": [
                7.59735883094e-08,
                7.05659622326e-05,
                6.22210282017e-05,
                2.32693655562e-05,
                5.24212227901e-05,
                3.60817762157e-06,
                1.19824853755e-05,
                3.29314821101e-06,
                1.81137636446e-06,
                1.09708275886e-06,
                1.11468602881e-06,
                1.27134285322e-06,
                7.77815046149e-07,
                5.41958399936e-07,
                5.49962578589e-07,
                3.4487220546e-07,
                2.13923541992e-07,
                5.75540326508e-08,
                1.312468072e-07,
                8.38732177044e-08,
                4.21062971157e-08,
                1.01978528733e-07,
                2.51439246313e-07,
                1.57235220399e-07,
                8.50743617775e-08,
                2.00090539693e-08,
                3.63741675669e-10
            ],
            "dvar2": [
                1.4902327905e-07,
                0.000162484298926,
                0.000180088405614,
                6.65362167638e-05,
                0.000130765809445,
                9.19696776691e-06,
                3.04739915009e-05,
                7.96774293121e-06,
                3.99955706598e-06,
                2.39605788011e-06,
                2.62417029262e-06,
                3.01450472762e-06,
                1.74406125097e-06,
                1.25715484955e-06,
                1.22097321764e-06,
                7.16277043011e-07,
                5.07272375216e-07,
                1.29132374127e-07,
                2.90564543093e-07,
                1.84246630397e-07,
                9.24156182691e-08,
                2.6299440492e-07,
                7.10829226591e-07,
                3.68543027207e-07,
                1.68983163462e-07,
                4.1215525215e-08,
                7.87705178862e-10
            ],
            "max": [
                0.0149624291807,
                0.163908302784,
                0.110556706786,
                0.0775315761566,
                0.136530354619,
                0.0306285321712,
                0.0622502453625,
                0.0382425524294,
                0.0351448766887,
                0.0204057618976,
                0.0225670188665,
                0.0232274401933,
                0.0203108098358,
                0.0146724265069,
                0.0151976086199,
                0.0272632353008,
                0.0187922492623,
                0.00452762981877,
                0.00799629837275,
                0.00564762717113,
                0.00338072399609,
                0.00356113817543,
                0.0054473769851,
                0.00618763640523,
                0.0129319094121,
                0.00365375634283,
                0.00052526028594
            ],
            "mean": [
                0.000139351512189,
                0.0064021605067,
                0.00419707223773,
                0.00256856158376,
                0.00358256790787,
                0.00146490486804,
                0.00231449236162,
                0.00104774383362,
                0.00106284348294,
                0.000882461783476,
                0.000721137505025,
                0.000550111930352,
                0.000555875769351,
                0.0004596504441,
                0.00035909115104,
                0.000296614627587,
                0.000279503612546,
                0.000163216391229,
                0.000241710440605,
                0.000209431629628,
                0.000170901694219,
                0.000186785619007,
                0.000191049912246,
                0.000181620445801,
                0.000122081881273,
                6.55059920973e-05,
                7.63229218137e-06
            ],
            "median": [
                1.65082565218e-05,
                0.00267216702923,
                0.00221021170728,
                0.00138785841409,
                0.00166055490263,
                0.00074406072963,
                0.000884525536094,
                0.000280772394035,
                0.000329029135173,
                0.000369346991647,
                0.000251765421126,
                0.000134010915644,
                0.000129988489789,
                9.53829585342e-05,
                6.48510467727e-05,
                7.52260093577e-05,
                6.19774436927e-05,
                3.73452057829e-05,
                6.23919331701e-05,
                4.74340558867e-05,
                2.31065860135e-05,
                1.17273393698e-05,
                1.19055339383e-05,
                1.48660074046e-05,
                1.36003054649e-05,
                8.32455043565e-06,
                8.21548439944e-07
            ],
            "min": [
                1.26550792049e-26,
                1.45218386649e-24,
                9.54154677781e-25,
                1.58855129295e-24,
                1.16600078897e-23,
                3.58579919355e-24,
                5.42285666e-24,
                7.29861130373e-24,
                1.51392883785e-23,
                1.70859478125e-23,
                1.44693198557e-23,
                2.03344549321e-23,
                2.8689968666e-23,
                3.41464785267e-23,
                4.27968968659e-23,
                5.50166552104e-23,
                7.37564688434e-23,
                8.70258665756e-23,
                1.23970084479e-22,
                1.28348489695e-22,
                2.38406387332e-22,
                3.33620611171e-22,
                3.73271158405e-22,
                5.32723651043e-22,
                8.91705042223e-22,
                1.23711767242e-21,
                1.95870189432e-21
            ],
            "var": [
                2.29112316674e-07,
                0.000145297250128,
                5.39503816981e-05,
                1.94707990886e-05,
                5.45185575902e-05,
                5.33224920218e-06,
                1.48471426655e-05,
                5.14605881108e-06,
                5.11839834871e-06,
                2.99298108075e-06,
                2.25237295126e-06,
                1.89214745205e-06,
                1.75021693849e-06,
                1.01804039332e-06,
                8.50535968766e-07,
                6.31385148608e-07,
                3.37872251066e-07,
                1.20621436395e-07,
                2.46528372827e-07,
                1.66315302863e-07,
                1.17474606043e-07,
                1.59136092748e-07,
                2.24793495818e-07,
                2.45337332672e-07,
                1.68661870248e-07,
                3.89260641498e-08,
                7.02965297084e-10
            ]
        },
        "barkbands_crest": {
            "dmean": 2.20858383179,
            "dmean2": 3.53392219543,
            "dvar": 4.89035129547,
            "dvar2": 11.9391002655,
            "max": 24.854429245,
            "mean": 9.31196022034,
            "median": 8.51166534424,
            "min": 2.52358818054,
            "var": 13.4224634171
        },
        "barkbands_flatness_db": {
            "dmean": 0.0215893611312,
            "dmean2": 0.0321083553135,
            "dvar": 0.000526745512616,
            "dvar2": 0.0010995088378,
            "max": 0.534096717834,
            "mean": 0.160177439451,
            "median": 0.146570920944,
            "min": 0.0225228015333,
            "var": 0.004867403768
        },
        "barkbands_kurtosis": {
            "dmean": 3.02120709419,
            "dmean2": 4.78029680252,
            "dvar": 39.0443611145,
            "dvar2": 73.1664962769,
            "max": 491.087982178,
            "mean": 5.32669067383,
            "median": 2.39916753769,
            "min": -1.94680809975,
            "var": 280.066711426
        },
        "barkbands_skewness": {
            "dmean": 0.534545779228,
            "dmean2": 0.81369137764,
            "dvar": 0.332612484694,
            "dvar2": 0.716837644577,
            "max": 15.5828752518,
            "mean": 1.5942350626,
            "median": 1.45438504219,
            "min": -3.55385398865,
            "var": 1.5686480999
        },
        "barkbands_spread": {
            "dmean": 6.43144083023,
            "dmean2": 9.94320583344,
            "dvar": 96.412361145,
            "dvar2": 208.555633545,
            "max": 113.027519226,
            "mean": 20.1421165466,
            "median": 15.2663259506,
            "min": 0.378656238317,
            "var": 298.739562988
        },
        "dissonance": {
            "dmean": 0.0234917905182,
            "dmean2": 0.0392630770802,
            "dvar": 0.000602866930421,
            "dvar2": 0.00166320090648,
            "max": 0.500000238419,
            "mean": 0.455633014441,
            "median": 0.464297950268,
            "min": 0,
            "var": 0.00125094281975
        },
        "dynamic_complexity": 4.62108564377,
        "erbbands": {
            "dmean": [
                0.0663929730654,
                0.717484235764,
                2.38969135284,
                4.15096330643,
                9.60376644135,
                7.62124967575,
                5.47001647949,
                9.10347270966,
                21.2091789246,
                21.8648147583,
                13.9043169022,
                13.1890697479,
                13.9834957123,
                13.4915781021,
                18.3675098419,
                15.0031204224,
                15.4751005173,
                14.9467144012,
                14.5998373032,
                10.9658021927,
                10.8877754211,
                10.2861833572,
                6.13664484024,
                5.54878664017,
                8.38036632538,
                5.84301900864,
                3.89508032799,
                4.24486017227,
                4.13370704651,
                5.32420158386,
                5.52628326416,
                4.51249313354,
                1.86256098747,
                1.05212152004,
                0.614473223686,
                0.271695703268,
                0.0727213472128,
                0.0138092180714,
                0.000753465224989,
                2.16033804463e-05
            ],
            "dmean2": [
                0.0910273641348,
                1.12765049934,
                3.94187688828,
                7.07843589783,
                15.9070110321,
                12.5976457596,
                8.92835521698,
                14.6086397171,
                34.6019821167,
                35.0974617004,
                21.5063476562,
                20.1294822693,
                21.4625740051,
                20.994304657,
                28.9728088379,
                23.5059566498,
                23.6615829468,
                23.0528011322,
                22.2715511322,
                16.7312011719,
                16.5816898346,
                16.058391571,
                9.31084060669,
                8.25275421143,
                12.606836319,
                8.67866039276,
                5.79065322876,
                6.47062206268,
                6.42997646332,
                8.97071552277,
                9.62629699707,
                7.68785858154,
                2.81057786942,
                1.58451473713,
                0.921467363834,
                0.406989604235,
                0.111179694533,
                0.0212642829865,
                0.00114695192315,
                3.21329753206e-05
            ],
            "dvar": [
                0.0454389713705,
                4.7466506958,
                57.8674659729,
                160.134765625,
                802.355285645,
                346.43145752,
                172.082839966,
                346.003112793,
                1783.4050293,
                2956.12329102,
                1155.99938965,
                1019.14483643,
                1030.64562988,
                811.29901123,
                1953.96911621,
                1860.82116699,
                1474.47436523,
                1282.63024902,
                1421.09362793,
                711.127380371,
                980.29675293,
                665.799926758,
                188.125778198,
                182.33732605,
                401.676422119,
                178.208236694,
                76.1343154907,
                81.6651306152,
                81.3065643311,
                186.392242432,
                229.726028442,
                144.384979248,
                29.9730548859,
                11.8711738586,
                5.08840560913,
                0.611250340939,
                0.0587839335203,
                0.00235332548618,
                6.88284762873e-06,
                2.28462115892e-09
            ],
            "dvar2": [
                0.078079931438,
                11.1454076767,
                161.170272827,
                457.047973633,
                2032.04223633,
                898.588562012,
                441.473846436,
                890.646789551,
                4477.58349609,
                7523.328125,
                2553.09741211,
                2300.15185547,
                2213.2980957,
                1885.14038086,
                4574.98291016,
                4414.14306641,
                3325.87329102,
                2858.00561523,
                3188.23095703,
                1573.6784668,
                1902.10864258,
                1607.54968262,
                424.901763916,
                391.278594971,
                886.421569824,
                391.875946045,
                172.192306519,
                187.100387573,
                195.469482422,
                517.81036377,
                649.655578613,
                386.792877197,
                60.8549690247,
                22.7569961548,
                11.0607366562,
                1.22955191135,
                0.123695299029,
                0.00515976874158,
                1.50510031744e-05,
                4.88004570087e-09
            ],
            "max": [
                7.13689041138,
                28.9287319183,
                107.099990845,
                231.239761353,
                481.041900635,
                327.717010498,
                219.549835205,
                390.50402832,
                715.222045898,
                802.176391602,
                715.469848633,
                965.869384766,
                818.485656738,
                595.53527832,
                995.328918457,
                1166.75817871,
                979.04486084,
                846.093994141,
                919.581054688,
                583.304443359,
                1630.91186523,
                1113.9597168,
                292.458862305,
                431.297576904,
                499.463775635,
                306.157806396,
                176.503204346,
                143.453735352,
                121.143981934,
                129.370651245,
                168.453842163,
                202.272247314,
                146.100219727,
                114.565467834,
                120.782310486,
                20.8138599396,
                7.04191064835,
                1.23393452168,
                0.0695583149791,
                0.00107987935189
            ],
            "mean": [
                0.147793650627,
                1.55221366882,
                4.58737802505,
                7.23263025284,
                12.0802383423,
                10.5743818283,
                8.5983839035,
                15.4368572235,
                31.4214820862,
                28.8823566437,
                23.1252479553,
                24.0667552948,
                26.8378715515,
                24.4756736755,
                29.1746845245,
                22.952129364,
                25.0532932281,
                23.2688846588,
                21.9554805756,
                17.0619010925,
                16.0683574677,
                15.6812782288,
                10.1107530594,
                9.62242889404,
                13.2655239105,
                9.71645736694,
                6.91758489609,
                7.10849666595,
                6.24528551102,
                6.10984897614,
                5.52593755722,
                4.45743322372,
                2.541659832,
                1.46563780308,
                0.818332374096,
                0.372723758221,
                0.0996783822775,
                0.0193861778826,
                0.00108696438838,
                5.4970230849e-05
            ],
            "median": [
                0.0368488058448,
                0.72799050808,
                2.64119338989,
                4.40535593033,
                5.41241502762,
                4.60489463806,
                3.79100227356,
                8.7008895874,
                13.495382309,
                8.27104377747,
                8.23930931091,
                7.61210680008,
                10.8836355209,
                11.0342025757,
                10.7804946899,
                6.21959018707,
                6.11602401733,
                6.05662631989,
                4.98278045654,
                4.669713974,
                4.23043823242,
                3.89319896698,
                2.5874004364,
                2.69983100891,
                3.43976449966,
                2.21672391891,
                1.31350529194,
                0.769589424133,
                0.450069218874,
                0.362098395824,
                0.329562962055,
                0.270986735821,
                0.253641664982,
                0.155815124512,
                0.0866407305002,
                0.0454727634788,
                0.0117312073708,
                0.00243497011252,
                0.000141233787872,
                3.43564679497e-05
            ],
            "min": [
                3.4140975433e-23,
                2.79260698442e-22,
                1.5173064247e-21,
                3.57841281437e-21,
                7.7001936261e-21,
                3.05558321079e-20,
                4.22333702286e-20,
                3.92790817462e-20,
                1.28748723639e-19,
                1.52807116659e-19,
                2.1865405384e-19,
                4.56500610745e-19,
                5.85520158487e-19,
                6.09833478232e-19,
                1.00367448549e-18,
                1.263897131e-18,
                1.58665659537e-18,
                1.09604388334e-18,
                2.78011888361e-18,
                3.78081510531e-18,
                3.48889934483e-18,
                4.80312845155e-18,
                5.35965639485e-18,
                6.61523715537e-18,
                7.97587895267e-18,
                6.42719377313e-18,
                9.02599466647e-18,
                9.98936477662e-18,
                1.03799305105e-17,
                1.07310703349e-17,
                1.06011343228e-17,
                9.22472149991e-18,
                9.07186017708e-18,
                7.84981745449e-18,
                6.17009032231e-18,
                3.2936106876e-18,
                2.47712035049e-18,
                9.39587840354e-19,
                2.54198004761e-19,
                2.7861078005e-20
            ],
            "var": [
                0.146876230836,
                7.73824119568,
                58.3592071533,
                142.050262451,
                758.522644043,
                376.594146729,
                242.252349854,
                510.186767578,
                2481.78027344,
                3481.08544922,
                2071.27661133,
                3039.34179688,
                3285.84545898,
                1877.17431641,
                3749.44042969,
                2785.38476562,
                3407.18969727,
                2419.67163086,
                2425.15698242,
                1250.39123535,
                1880.18481445,
                992.883056641,
                402.870544434,
                399.807037354,
                737.135070801,
                353.624389648,
                187.48210144,
                211.936721802,
                172.578033447,
                193.089111328,
                202.014663696,
                150.219528198,
                60.0224838257,
                24.5929813385,
                8.21987342834,
                1.2343763113,
                0.106497243047,
                0.00422021560371,
                1.32367849801e-05,
                5.55191936868e-09
            ]
        },
        "erbbands_crest": {
            "dmean": 2.65376448631,
            "dmean2": 4.32081031799,
            "dvar": 6.59825611115,
            "dvar2": 16.8114337921,
            "max": 29.4904232025,
            "mean": 8.9455165863,
            "median": 7.94962501526,
            "min": 2.24601387978,
            "var": 17.7900009155
        },
        "erbbands_flatness_db": {
            "dmean": 0.0192680377513,
            "dmean2": 0.0284982975572,
            "dvar": 0.000422832061304,
            "dvar2": 0.000851255550515,
            "max": 0.383755087852,
            "mean": 0.168934613466,
            "median": 0.158973887563,
            "min": 0.0380585119128,
            "var": 0.00408128462732
        },
        "erbbands_kurtosis": {
            "dmean": 1.03015851974,
            "dmean2": 1.64728152752,
            "dvar": 1.93690335751,
            "dvar2": 4.67506408691,
            "max": 27.6366844177,
            "mean": 0.83759367466,
            "median": 0.0195356607437,
            "min": -1.83316421509,
            "var": 7.8318104744
        },
        "erbbands_skewness": {
            "dmean": 0.392549753189,
            "dmean2": 0.603582859039,
            "dvar": 0.140539839864,
            "dvar2": 0.316928505898,
            "max": 4.15413808823,
            "mean": 0.39775955677,
            "median": 0.354421079159,
            "min": -3.214594841,
            "var": 0.599072337151
        },
        "erbbands_spread": {
            "dmean": 9.84589862823,
            "dmean2": 15.061668396,
            "dvar": 169.826751709,
            "dvar2": 373.939483643,
            "max": 166.507232666,
            "mean": 37.5324249268,
            "median": 30.6850395203,
            "min": 4.05544376373,
            "var": 599.732727051
        },
        "gfcc": {
            "cov": [
                [
                    48780.3828125,
                    -788.606506348,
                    -4418.95166016,
                    2826.97973633,
                    -738.472900391,
                    1209.81481934,
                    -1027.92675781,
                    568.822387695,
                    -559.796203613,
                    302.914215088,
                    -624.374755859,
                    -47.6424293518,
                    -573.02154541
                ],
                [
                    -788.606506348,
                    2961.31982422,
                    -202.266647339,
                    -678.424560547,
                    448.54977417,
                    -190.672668457,
                    296.743713379,
                    -153.831207275,
                    8.49085903168,
                    -149.413665771,
                    152.99206543,
                    -184.792037964,
                    71.5006027222
                ],
                [
                    -4418.95166016,
                    -202.266647339,
                    1334.15063477,
                    -11.0616455078,
                    -46.771270752,
                    206.958099365,
                    156.707351685,
                    14.7945194244,
                    85.5545120239,
                    -12.0946846008,
                    37.2893829346,
                    96.503616333,
                    42.24193573
                ],
                [
                    2826.97973633,
                    -678.424560547,
                    -11.0616455078,
                    1128.61413574,
                    -12.8488035202,
                    280.948272705,
                    108.127853394,
                    79.1342010498,
                    208.948120117,
                    65.0317993164,
                    -47.481754303,
                    88.5951843262,
                    -3.64518642426
                ],
                [
                    -738.472900391,
                    448.54977417,
                    -46.771270752,
                    -12.8488035202,
                    497.495880127,
                    -40.0762710571,
                    144.945877075,
                    39.8152046204,
                    69.7154998779,
                    32.7526512146,
                    20.2312736511,
                    -49.6092567444,
                    48.2625770569
                ],
                [
                    1209.81481934,
                    -190.672668457,
                    206.958099365,
                    280.948272705,
                    -40.0762710571,
                    369.856872559,
                    78.2213592529,
                    41.0528450012,
                    92.1481781006,
                    21.8251781464,
                    -1.51674985886,
                    25.8386631012,
                    -27.3240242004
                ],
                [
                    -1027.92675781,
                    296.743713379,
                    156.707351685,
                    108.127853394,
                    144.945877075,
                    78.2213592529,
                    375.690032959,
                    -23.0306396484,
                    88.5495834351,
                    41.1223182678,
                    19.7784194946,
                    40.6710395813,
                    26.9172172546
                ],
                [
                    568.822387695,
                    -153.831207275,
                    14.7945194244,
                    79.1342010498,
                    39.8152046204,
                    41.0528450012,
                    -23.0306396484,
                    161.855728149,
                    9.22888469696,
                    13.612821579,
                    7.55744028091,
                    4.57115983963,
                    -9.55804729462
                ],
                [
                    -559.796203613,
                    8.49085903168,
                    85.5545120239,
                    208.948120117,
                    69.7154998779,
                    92.1481781006,
                    88.5495834351,
                    9.22888469696,
                    202.643157959,
                    26.7930526733,
                    6.37400436401,
                    12.1950788498,
                    14.0504407883
                ],
                [
                    302.914215088,
                    -149.413665771,
                    -12.0946846008,
                    65.0317993164,
                    32.7526512146,
                    21.8251781464,
                    41.1223182678,
                    13.612821579,
                    26.7930526733,
                    136.517715454,
                    -16.7572193146,
                    5.45540380478,
                    4.07496500015
                ],
                [
                    -624.374755859,
                    152.99206543,
                    37.2893829346,
                    -47.481754303,
                    20.2312736511,
                    -1.51674985886,
                    19.7784194946,
                    7.55744028091,
                    6.37400436401,
                    -16.7572193146,
                    124.292251587,
                    -3.16592764854,
                    -2.34498858452
                ],
                [
                    -47.6424293518,
                    -184.792037964,
                    96.503616333,
                    88.5951843262,
                    -49.6092567444,
                    25.8386631012,
                    40.6710395813,
                    4.57115983963,
                    12.1950788498,
                    5.45540380478,
                    -3.16592764854,
                    121.506843567,
                    8.61022567749
                ],
                [
                    -573.02154541,
                    71.5006027222,
                    42.24193573,
                    -3.64518642426,
                    48.2625770569,
                    -27.3240242004,
                    26.9172172546,
                    -9.55804729462,
                    14.0504407883,
                    4.07496500015,
                    -2.34498858452,
                    8.61022567749,
                    95.0283966064
                ]
            ],
            "icov": [
                [
                    0.000101592275314,
                    -0.000164745317306,
                    0.000316583842505,
                    -0.000285785761662,
                    9.59148455877e-05,
                    -0.000480049464386,
                    0.000300293409964,
                    -0.000262800429482,
                    0.000540945446119,
                    -0.000308479531668,
                    0.00038471998414,
                    -0.000251448509516,
                    0.000252155237831
                ],
                [
                    -0.000164745317306,
                    0.00094459351385,
                    -0.00035673181992,
                    0.000822000845801,
                    -0.000511634279974,
                    0.00074545131065,
                    -0.00109142647125,
                    0.000823974260129,
                    -0.00106812710874,
                    0.00127600040287,
                    -0.00111135002226,
                    0.00109136092942,
                    -0.000670914538205
                ],
                [
                    0.000316583842505,
                    -0.00035673181992,
                    0.00199490273371,
                    -0.000521966896486,
                    0.00038473441964,
                    -0.0020997566171,
                    0.00052446720656,
                    -0.000888482958544,
                    0.00133028777782,
                    -0.000595270306803,
                    0.000937126053032,
                    -0.00125724275131,
                    0.000199419460841
                ],
                [
                    -0.000285785761662,
                    0.000822000845801,
                    -0.000521966896486,
                    0.00244479207322,
                    -0.000313705619192,
                    0.000511655292939,
                    -0.00124683615286,
                    0.00044896552572,
                    -0.00278933555819,
                    0.0011114384979,
                    -0.000848807394505,
                    0.000211454316741,
                    -0.000986545346677
                ],
                [
                    9.59148455877e-05,
                    -0.000511634279974,
                    0.00038473441964,
                    -0.000313705619192,
                    0.00321808224544,
                    0.00011078807438,
                    -0.000676024472341,
                    -0.00162321561947,
                    -0.000231824422372,
                    -0.000924277410377,
                    0.000455261033494,
                    0.000892936834134,
                    -0.000789795711171
                ],
                [
                    -0.000480049464386,
                    0.00074545131065,
                    -0.0020997566171,
                    0.000511655292939,
                    0.00011078807438,
                    0.00646137539297,
                    -0.00199212739244,
                    0.00051017961232,
                    -0.0033628679812,
                    0.0013092358131,
                    -0.00175968173426,
                    0.00178110983688,
                    0.000150893363752
                ],
                [
                    0.000300293409964,
                    -0.00109142647125,
                    0.00052446720656,
                    -0.00124683615286,
                    -0.000676024472341,
                    -0.00199212739244,
                    0.00534604443237,
                    0.000115389389975,
                    0.00112572300714,
                    -0.00237343739718,
                    0.00101452926174,
                    -0.00273431534879,
                    0.00082697061589
                ],
                [
                    -0.000262800429482,
                    0.000823974260129,
                    -0.000888482958544,
                    0.00044896552572,
                    -0.00162321561947,
                    0.00051017961232,
                    0.000115389389975,
                    0.00812047161162,
                    -0.000982503057458,
                    0.000586188049056,
                    -0.00199765199795,
                    0.000433690525824,
                    -5.78020899411e-06
                ],
                [
                    0.000540945446119,
                    -0.00106812710874,
                    0.00133028777782,
                    -0.00278933555819,
                    -0.000231824422372,
                    -0.0033628679812,
                    0.00112572300714,
                    -0.000982503057458,
                    0.0102207455784,
                    -0.00236248550937,
                    0.00158996973187,
                    -0.00109147955664,
                    0.000828596530482
                ],
                [
                    -0.000308479531668,
                    0.00127600040287,
                    -0.000595270306803,
                    0.0011114384979,
                    -0.000924277410377,
                    0.0013092358131,
                    -0.00237343739718,
                    0.000586188049056,
                    -0.00236248550937,
                    0.00986607093364,
                    -0.000541912391782,
                    0.00146052590571,
                    -0.00115532707423
                ],
                [
                    0.00038471998414,
                    -0.00111135002226,
                    0.000937126053032,
                    -0.000848807394505,
                    0.000455261033494,
                    -0.00175968173426,
                    0.00101452926174,
                    -0.00199765199795,
                    0.00158996973187,
                    -0.000541912391782,
                    0.0104473400861,
                    -0.0013490144629,
                    0.00164963386487
                ],
                [
                    -0.000251448509516,
                    0.00109136092942,
                    -0.00125724275131,
                    0.000211454316741,
                    0.000892936834134,
                    0.00178110983688,
                    -0.00273431534879,
                    0.000433690525824,
                    -0.00109147955664,
                    0.00146052590571,
                    -0.0013490144629,
                    0.011662658304,
                    -0.00188490538858
                ],
                [
                    0.000252155237831,
                    -0.000670914538205,
                    0.000199419460841,
                    -0.000986545346677,
                    -0.000789795711171,
                    0.000150893363752,
                    0.00082697061589,
                    -5.78020899411e-06,
                    0.000828596530482,
                    -0.00115532707423,
                    0.00164963386487,
                    -0.00188490538858,
                    0.0127701871097
                ]
            ],
            "mean": [
                -66.4704818726,
                104.625793457,
                -95.1165008545,
                9.02300167084,
                -54.6262893677,
                7.87566566467,
                -36.0335922241,
                7.36344099045,
                -29.4858455658,
                2.16155457497,
                -16.8760604858,
                -3.39423465729,
                -14.0725717545
            ]
        },
        "hfc": {
            "dmean": 7.59995269775,
            "dmean2": 11.585103035,
            "dvar": 154.988327026,
            "dvar2": 365.720611572,
            "max": 213.838470459,
            "mean": 19.7915401459,
            "median": 13.0311222076,
            "min": 1.07641310897e-16,
            "var": 450.725982666
        },
        "melbands": {
            "dmean": [
                0.000680232536979,
                0.00106071447954,
                0.00085432844935,
                0.000655390904285,
                0.000206512151635,
                0.000202152921702,
                0.000326999754179,
                0.000222455113544,
                0.000115471899335,
                8.26838950161e-05,
                7.24825076759e-05,
                5.75060512347e-05,
                5.78358230996e-05,
                4.6533816203e-05,
                4.17584633396e-05,
                3.4884949855e-05,
                2.96883790725e-05,
                2.56416205957e-05,
                2.03919062187e-05,
                1.49085062731e-05,
                1.29980362544e-05,
                1.17401241368e-05,
                7.74274758442e-06,
                4.59212242276e-06,
                4.66891242468e-06,
                6.66643381919e-06,
                5.8549599089e-06,
