{
    "lowlevel": {
        "average_loudness": 0.852353453636,
        "barkbands": {
            "dmean": [
                0.00124100211542,
                0.0086192432791,
                0.00367694580927,
                0.00199996586889,
                0.00213807239197,
                0.00144866330083,
                0.00114935042802,
                0.000644060317427,
                0.00055194622837,
                0.000378091237508,
                0.000396844377974,
                0.000481439841678,
                0.000283594534267,
                0.000133039560751,
                0.000145704194438,
                0.000119301832456,
                0.000116131624964,
                0.00012111961405,
                0.000164372628205,
                0.000161589880008,
                0.000245222909143,
                0.000165530567756,
                0.000122743120301,
                0.000184636024642,
                0.000176012443262,
                7.68052850617e-05,
                8.8283468358e-06
            ],
            "dmean2": [
                0.00185657956172,
                0.0128480596468,
                0.00660452060401,
                0.00348084699363,
                0.00358325778507,
                0.00226930645294,
                0.00176612695213,
                0.000961794052273,
                0.000799706263933,
                0.000554690486751,
                0.00060128653422,
                0.000735113280825,
                0.000413720234064,
                0.000203148694709,
                0.000223426293815,
                0.000181073846761,
                0.000176056215423,
                0.000178215748747,
                0.000244676397415,
                0.000233262995607,
                0.000408041843912,
                0.000261699839029,
                0.000190738282981,
                0.000297035236144,
                0.000278734252788,
                0.000118796284369,
                1.34669035106e-05
            ],
            "dvar": [
                9.63305319601e-06,
                0.000545649789274,
                0.000213653300307,
                4.05058381148e-05,
                3.8118520024e-05,
                1.07200321509e-05,
                5.51375796931e-06,
                2.43455087912e-06,
                1.56458668243e-06,
                8.6346125272e-07,
                6.84205758716e-07,
                1.67484370195e-06,
                7.62944125654e-07,
                1.15059961558e-07,
                1.75144975856e-07,
                1.0033920006e-07,
                9.01995846903e-08,
                1.83828092304e-07,
                1.48851569293e-07,
                1.57210848784e-07,
                2.88433710693e-07,
                1.60629909374e-07,
                5.17718916626e-08,
                8.80074466636e-08,
                7.88381910866e-08,
                1.80363191049e-08,
                5.99481742025e-10
            ],
            "dvar2": [
                1.7065935026e-05,
                0.00106732605491,
                0.000615646713413,
                0.000111466368253,
                0.000105019542389,
                2.68864951067e-05,
                1.27591420096e-05,
                5.4105921663e-06,
                3.14635872201e-06,
                1.89316347132e-06,
                1.42907322243e-06,
                3.33800767294e-06,
                1.7508602923e-06,
                2.57569098494e-07,
                3.90342961509e-07,
                2.17452523543e-07,
                2.01964908797e-07,
                3.37907295034e-07,
                2.90467198738e-07,
                2.76833958424e-07,
                7.14144221092e-07,
                3.32812703618e-07,
                1.10405522946e-07,
                2.22314227472e-07,
                1.89816987017e-07,
                3.9928590212e-08,
                1.13887832498e-09
            ],
            "max": [
                0.0535562410951,
                0.288387149572,
                0.1559856534,
                0.0695923194289,
                0.0929806828499,
                0.0540979020298,
                0.0433458276093,
                0.0240107402205,
                0.0214443150908,
                0.0237766727805,
                0.0131277805194,
                0.019025363028,
                0.0193830449134,
                0.00606824737042,
                0.0119169913232,
                0.00502798613161,
                0.00474325288087,
                0.00604430632666,
                0.00493960594758,
                0.00687208585441,
                0.00508043169975,
                0.00473880581558,
                0.00219446327537,
                0.00328044919297,
                0.00322332442738,
                0.00188963999972,
                0.000759754795581
            ],
            "mean": [
                0.00585791096091,
                0.0208189934492,
                0.00369231286459,
                0.00210588169284,
                0.00335278781131,
                0.00301968073472,
                0.00222308444791,
                0.00106202997267,
                0.00121897447389,
                0.000817647727672,
                0.000794162740931,
                0.000812971149571,
                0.000419980293373,
                0.00017576146638,
                0.000194267369807,
                0.000166078374605,
                0.000182600240805,
                0.000145545433043,
                0.000282389140921,
                0.00025770929642,
                0.000228563338169,
                0.000173735854332,
                0.000168693004525,
                0.00034749036422,
                0.000338788755471,
                0.000167187303305,
                1.7059077436e-05
            ],
            "median": [
                0.00034869479714,
                0.00785924587399,
                0.00122086470947,
                0.000787864206359,
                0.00133518408984,
                0.00122033106163,
                0.000823162263259,
                0.000323937827488,
                0.000324307125993,
                0.000226521486184,
                0.000255118124187,
                0.000132059431053,
                6.82733516442e-05,
                3.98549273086e-05,
                3.70356465282e-05,
                4.6689507144e-05,
                4.6254695917e-05,
                2.24735485972e-05,
                8.2411832409e-05,
                5.03458577441e-05,
                2.3857510314e-05,
                2.38642460317e-05,
                6.34472235106e-05,
                0.000202127615921,
                0.000188708756468,
                8.36693070596e-05,
                5.95910341872e-06
            ],
            "min": [
                5.8094560904e-24,
                2.15372753305e-23,
                3.11476237955e-23,
                1.49307466873e-23,
                6.24520542062e-23,
                3.0556202153e-23,
                3.40788668362e-23,
                4.00460000499e-23,
                8.70778493539e-23,
                6.23022084996e-23,
                7.17330406215e-23,
                2.09660308568e-22,
                1.54218735009e-22,
                7.66396355451e-23,
                1.7615195856e-22,
                2.01258952549e-22,
                2.0991418294e-22,
                1.17224945086e-22,
                1.68912664074e-22,
                3.04343143079e-22,
                3.83912374524e-22,
                5.31558509797e-22,
                5.95303772084e-22,
                7.75643736392e-22,
                1.07155967406e-21,
                1.96578947507e-21,
                2.18518580396e-21
            ],
            "var": [
                0.000120180258818,
                0.00143441534601,
                0.000131467924803,
                3.03019169223e-05,
                3.8723108446e-05,
                2.17208053073e-05,
                1.551310379e-05,
                4.42317923444e-06,
                5.47846730115e-06,
                2.9689394978e-06,
                2.08368351196e-06,
                3.83522956326e-06,
                1.07343510081e-06,
                1.5981598267e-07,
                2.97999179111e-07,
                1.50124193965e-07,
                1.45076526792e-07,
                2.44628068913e-07,
                2.78473180515e-07,
                3.41632954814e-07,
                2.88295439077e-07,
                2.07757182125e-07,
                8.52407993079e-08,
                1.74355605509e-07,
                1.82505331736e-07,
                5.18983434006e-08,
                1.85323822954e-09
            ]
        },
        "barkbands_crest": {
            "dmean": 2.41227483749,
            "dmean2": 3.68614459038,
            "dvar": 6.41984081268,
            "dvar2": 14.9056787491,
            "max": 26.9278640747,
            "mean": 12.6657295227,
            "median": 11.74122715,
            "min": 2.30568909645,
            "var": 27.5634288788
        },
        "barkbands_flatness_db": {
            "dmean": 0.0298082120717,
            "dmean2": 0.0421059466898,
            "dvar": 0.00118451484013,
            "dvar2": 0.00215854286216,
            "max": 0.571665346622,
            "mean": 0.194547846913,
            "median": 0.16105350852,
            "min": 0.0288094654679,
            "var": 0.0119574964046
        },
        "barkbands_kurtosis": {
            "dmean": 16.0293827057,
            "dmean2": 25.211271286,
            "dvar": 8674.55664062,
            "dvar2": 19215.0625,
            "max": 2835.09399414,
            "mean": 23.1593570709,
            "median": 4.77311134338,
            "min": -1.93722105026,
            "var": 13999.9921875
        },
        "barkbands_skewness": {
            "dmean": 0.914157986641,
            "dmean2": 1.34398519993,
            "dvar": 2.80995106697,
            "dvar2": 6.11572217941,
            "max": 36.7469406128,
            "mean": 2.29379320145,
            "median": 2.03591966629,
            "min": -19.353925705,
            "var": 8.16246700287
        },
        "barkbands_spread": {
            "dmean": 7.34004878998,
            "dmean2": 11.2614459991,
            "dvar": 113.740638733,
            "dvar2": 247.178985596,
            "max": 146.990310669,
            "mean": 21.7150020599,
            "median": 17.7049674988,
            "min": 0.0184729285538,
            "var": 373.973999023
        },
        "dissonance": {
            "dmean": 0.0341829024255,
            "dmean2": 0.0563586950302,
            "dvar": 0.0019047545502,
            "dvar2": 0.00519414339215,
            "max": 0.499999910593,
            "mean": 0.429903179407,
            "median": 0.447360396385,
            "min": 0.0044237440452,
            "var": 0.00384208839387
        },
        "dynamic_complexity": 3.37213587761,
        "erbbands": {
            "dmean": [
                0.397026240826,
                1.72529947758,
                3.94349169731,
                5.70161056519,
                6.76774978638,
                7.23608398438,
                10.7329006195,
                11.14752388,
                13.6080675125,
                17.7843284607,
                12.4635820389,
                11.5658912659,
                11.8526363373,
                11.7618551254,
                17.6002044678,
                16.5785541534,
                12.9401845932,
                8.02052974701,
                6.37417936325,
                6.90712070465,
                5.89603662491,
                6.82562208176,
                6.46057224274,
                7.1191906929,
                9.02017974854,
                6.83289337158,
                9.06749343872,
                9.47214126587,
                6.67973709106,
                4.08845090866,
                3.61461639404,
                3.31839370728,
                3.60769701004,
                2.52446365356,
                1.10512244701,
                0.44220289588,
                0.136967986822,
                0.0195496212691,
                0.00145239511039,
                6.52971211821e-05
            ],
            "dmean2": [
                0.553239166737,
                2.54854345322,
                6.95705270767,
                10.1050367355,
                11.4818620682,
                12.051659584,
                16.952457428,
                17.5539798737,
                21.0639457703,
                27.0389614105,
                18.6309242249,
                16.6575374603,
                17.0795593262,
                17.2898139954,
                26.6371231079,
                25.2658920288,
                18.8015956879,
                11.980463028,
                9.68985557556,
                10.2080011368,
                8.80823612213,
                10.1504602432,
                9.46855354309,
                10.4114608765,
                13.3531227112,
                9.69554138184,
                14.7943563461,
                15.6314115524,
                10.5838718414,
                6.36544895172,
                5.68239688873,
                5.18438482285,
                5.88880395889,
                4.12528038025,
                1.71394753456,
                0.694423556328,
                0.214767888188,
                0.0303378552198,
                0.00217690202408,
                9.96618400677e-05
            ],
            "dvar": [
                1.23841965199,
                26.2072963715,
                242.001861572,
                376.875183105,
                551.167175293,
                426.500213623,
                690.578430176,
                592.812744141,
                798.966064453,
                1673.84790039,
                891.08416748,
                740.61340332,
                802.094177246,
                728.324707031,
                1361.25646973,
                2042.08166504,
                1509.50512695,
                416.373077393,
                292.833679199,
                360.334777832,
                243.677230835,
                345.842132568,
                531.379882812,
                378.412139893,
                461.320465088,
                284.910064697,
                391.170288086,
                434.412109375,
                269.304901123,
                76.7438354492,
                46.7974700928,
                27.3600387573,
                36.9722213745,
                18.3396720886,
                3.32320833206,
                0.622979581356,
                0.0622014142573,
                0.00192685844377,
                1.93666055566e-05,
                4.03294109219e-08
            ],
            "dvar2": [
                2.69935369492,
                57.0174064636,
                681.748840332,
                1079.47741699,
                1493.22912598,
                1161.23205566,
                1763.12475586,
                1432.31555176,
                1908.85998535,
                3987.35986328,
                2098.01831055,
                1518.09460449,
                1592.97070312,
                1437.65429688,
                3022.71508789,
                4261.38037109,
                3406.22753906,
                886.976074219,
                657.074462891,
                763.160888672,
                533.986694336,
                745.33770752,
                1011.71826172,
                708.885314941,
                907.779785156,
                498.191253662,
                887.898132324,
                1063.77990723,
                568.771362305,
                158.185012817,
                106.26461792,
                64.3588485718,
                96.7601470947,
                47.36302948,
                7.44349813461,
                1.41346430779,
                0.141499564052,
                0.00417276378721,
                3.65442756447e-05,
                7.97154484644e-08
            ],
            "max": [
                17.0882587433,
                64.5803146362,
                176.194717407,
                217.674560547,
                400.243164062,
                408.499969482,
                443.743988037,
                443.950744629,
                634.945556641,
                747.45526123,
                776.864013672,
                668.956848145,
                739.307434082,
                481.927337646,
                646.34942627,
                782.6875,
                963.431640625,
                367.037506104,
                405.94418335,
                465.104888916,
                221.746566772,
                303.532989502,
                327.252471924,
                251.009017944,
                279.370727539,
                333.625976562,
                244.510787964,
                181.952178955,
                196.469497681,
                101.886024475,
                76.0338897705,
                74.4914932251,
                57.5447731018,
                36.4463310242,
                32.0782623291,
                12.8867797852,
                3.75465393066,
                0.883765697479,
                0.160166963935,
                0.00991838704795
            ],
            "mean": [
                1.02067112923,
                3.00641274452,
                4.47932386398,
                6.19682979584,
                8.24918842316,
                11.7395515442,
                19.3513374329,
                24.899225235,
                27.9029006958,
                32.8513450623,
                23.8525543213,
                26.2095394135,
                27.1672916412,
                25.5036392212,
                34.7998466492,
                27.583032608,
                20.6655311584,
                11.73985672,
                9.08919048309,
                10.0279035568,
                9.03692817688,
                10.5647354126,
                8.17366790771,
                10.6002836227,
                16.2844371796,
                11.2070236206,
                9.21169757843,
                8.89745140076,
                6.8381896019,
                4.75271892548,
                4.98746776581,
                6.34632062912,
                6.13719749451,
                4.18097877502,
                2.2213203907,
                0.905192732811,
                0.277921885252,
                0.0403238236904,
                0.00299052917399,
                0.00017218956782
            ],
            "median": [
                0.236610725522,
                1.09279572964,
                1.68814182281,
                2.74514937401,
                3.42303800583,
                3.87761998177,
                8.63670349121,
                9.63034439087,
                13.0085477829,
                10.8706588745,
                8.21845722198,
                7.48964881897,
                7.39814281464,
                9.70359039307,
                10.3226299286,
                6.24280452728,
                4.06553077698,
                2.85969114304,
                2.30414438248,
                2.37286424637,
                2.8286793232,
                2.61991119385,
                1.43787360191,
                2.84493160248,
                4.58381748199,
                2.31503009796,
                1.3940012455,
                0.80372852087,
                0.782518625259,
                1.23355054855,
                1.80406904221,
                3.2488720417,
                3.29010772705,
                2.00569701195,
                1.20254075527,
                0.431996643543,
                0.124691233039,
                0.0163846388459,
                0.0012054258259,
                0.000120814613183
            ],
            "min": [
                7.76504945308e-22,
                4.61976535091e-21,
                2.05965662236e-20,
                7.01907856944e-20,
                1.41597009901e-19,
                1.93317847719e-19,
                1.41681524496e-19,
                3.12441446052e-19,
                6.76107344006e-19,
                2.35041225557e-19,
                1.42945857137e-18,
                1.50690914649e-18,
                1.65627945695e-18,
                1.98190055264e-18,
                4.22469676562e-18,
                9.36605027065e-18,
                9.5943529469e-18,
                5.17747400084e-18,
                9.28996619791e-18,
                7.88397587789e-18,
                1.08928610725e-17,
                1.13128959429e-17,
                6.79551331166e-18,
                9.8109841047e-18,
                8.61345239803e-18,
                1.29414640222e-17,
                1.5024288261e-17,
                1.65674896466e-17,
                1.94057431973e-17,
                1.79113702832e-17,
                1.6574864789e-17,
                1.81685572792e-17,
                1.13344605415e-17,
                9.36739692069e-18,
                9.61787548198e-18,
                7.30415370135e-18,
                3.5788444831e-18,
                1.25917527387e-18,
                3.03117052597e-19,
                3.25933298218e-20
            ],
            "var": [
                4.08618736267,
                38.0226860046,
                161.167327881,
                243.8881073,
                440.629852295,
                514.669677734,
                897.596069336,
                2064.88037109,
                1730.1361084,
                3659.1640625,
                1721.97900391,
                2849.14916992,
                3171.51782227,
                2475.74755859,
                4121.46923828,
                3735.25537109,
                2376.35913086,
                625.757629395,
                426.280548096,
                604.114929199,
                389.719177246,
                543.694335938,
                697.106689453,
                587.084106445,
                948.997070312,
                642.996398926,
                468.307769775,
                451.038269043,
                338.254180908,
                108.135452271,
                71.9097213745,
                65.0393218994,
                61.175037384,
                31.2887096405,
                8.81154441833,
                1.53691124916,
                0.170249298215,
                0.00545546412468,
                5.96482386754e-05,
                1.02342660568e-07
            ]
        },
        "erbbands_crest": {
            "dmean": 2.66784119606,
            "dmean2": 4.19168663025,
            "dvar": 8.06950378418,
            "dvar2": 18.0351486206,
            "max": 34.8679008484,
            "mean": 11.5266094208,
            "median": 9.22219085693,
            "min": 2.35889482498,
            "var": 52.2431335449
        },
        "erbbands_flatness_db": {
            "dmean": 0.0205342210829,
            "dmean2": 0.0305365100503,
            "dvar": 0.000652705261018,
            "dvar2": 0.00131574680563,
            "max": 0.634010374546,
            "mean": 0.176221117377,
            "median": 0.129587650299,
            "min": 0.0383127294481,
            "var": 0.0134764900431
        },
        "erbbands_kurtosis": {
            "dmean": 3.39249992371,
            "dmean2": 5.09873485565,
            "dvar": 121.786659241,
            "dvar2": 241.197143555,
            "max": 371.82598877,
            "mean": 6.90708589554,
            "median": 0.467143177986,
            "min": -1.86280167103,
            "var": 738.894897461
        },
        "erbbands_skewness": {
            "dmean": 0.561804413795,
            "dmean2": 0.844802856445,
            "dvar": 0.504520177841,
            "dvar2": 1.04931056499,
            "max": 16.1231098175,
            "mean": 0.56984436512,
            "median": 0.646040856838,
            "min": -7.62867259979,
            "var": 3.57022833824
        },
        "erbbands_spread": {
            "dmean": 12.5849962234,
            "dmean2": 19.3821697235,
            "dvar": 300.51940918,
            "dvar2": 685.134887695,
            "max": 218.627685547,
            "mean": 48.3921203613,
            "median": 45.6300888062,
            "min": 0.161549374461,
            "var": 1240.86206055
        },
        "gfcc": {
            "cov": [
                [
                    30682.2617188,
                    -2008.94299316,
                    1602.08032227,
                    3524.82006836,
                    -1400.59387207,
                    -225.071258545,
                    -2343.80419922,
                    1794.49145508,
                    261.826843262,
                    1656.94177246,
                    -633.332580566,
                    -334.757659912,
                    -861.21496582
                ],
                [
                    -2008.94299316,
                    4059.39306641,
                    -773.025512695,
                    -954.528198242,
                    565.26361084,
                    -380.006561279,
                    451.734100342,
                    -576.044799805,
                    180.104522705,
                    -418.131958008,
                    251.042282104,
                    -181.652832031,
                    228.97277832
                ],
                [
                    1602.08032227,
                    -773.025512695,
                    1872.42431641,
                    869.670532227,
                    13.0211591721,
                    232.449401855,
                    -269.202453613,
                    511.274353027,
                    71.1713562012,
                    276.628448486,
                    -64.4084854126,
                    17.8433570862,
                    -74.7700881958
                ],
                [
                    3524.82006836,
                    -954.528198242,
                    869.670532227,
                    1361.74536133,
                    -22.5960521698,
                    60.7656288147,
                    -368.380187988,
                    351.791778564,
                    109.060684204,
                    338.417114258,
                    -80.5540237427,
                    2.62291169167,
                    -82.9882583618
                ],
                [
                    -1400.59387207,
                    565.26361084,
                    13.0211591721,
                    -22.5960521698,
                    564.780822754,
                    64.4759521484,
                    177.100036621,
                    -18.8031387329,
                    78.3270645142,
                    -46.86145401,
                    83.7430725098,
                    -8.52283382416,
                    53.0596084595
                ],
                [
                    -225.071258545,
                    -380.006561279,
                    232.449401855,
                    60.7656288147,
                    64.4759521484,
                    473.617156982,
                    181.865600586,
                    93.3182449341,
                    17.6106281281,
                    39.5436058044,
                    -6.3903799057,
                    29.4128742218,
                    -21.9588813782
                ],
                [
                    -2343.80419922,
                    451.734100342,
                    -269.202453613,
                    -368.380187988,
                    177.100036621,
                    181.865600586,
                    638.814086914,
                    -144.366897583,
                    9.74710941315,
                    -157.307449341,
                    24.2312850952,
                    29.5678710938,
                    72.2695846558
                ],
                [
                    1794.49145508,
                    -576.044799805,
                    511.274353027,
                    351.791778564,
                    -18.8031387329,
                    93.3182449341,
                    -144.366897583,
                    473.628143311,
                    81.329826355,
                    174.655471802,
                    -67.2420806885,
                    -18.7396411896,
                    -77.113067627
                ],
                [
                    261.826843262,
                    180.104522705,
                    71.1713562012,
                    109.060684204,
                    78.3270645142,
                    17.6106281281,
                    9.74710941315,
                    81.329826355,
                    205.401031494,
                    59.6743469238,
                    -22.939414978,
                    -28.2308101654,
                    15.7070493698
                ],
                [
                    1656.94177246,
                    -418.131958008,
                    276.628448486,
                    338.417114258,
                    -46.86145401,
                    39.5436058044,
                    -157.307449341,
                    174.655471802,
                    59.6743469238,
                    257.342254639,
                    -21.0473003387,
                    -17.2946548462,
                    -64.5518875122
                ],
                [
                    -633.332580566,
                    251.042282104,
                    -64.4084854126,
                    -80.5540237427,
                    83.7430725098,
                    -6.3903799057,
                    24.2312850952,
                    -67.2420806885,
                    -22.939414978,
                    -21.0473003387,
                    181.322006226,
                    39.7612800598,
                    42.443523407
                ],
                [
                    -334.757659912,
                    -181.652832031,
                    17.8433570862,
                    2.62291169167,
                    -8.52283382416,
                    29.4128742218,
                    29.5678710938,
                    -18.7396411896,
                    -28.2308101654,
                    -17.2946548462,
                    39.7612800598,
                    137.876342773,
                    44.4842147827
                ],
                [
                    -861.21496582,
                    228.97277832,
                    -74.7700881958,
                    -82.9882583618,
                    53.0596084595,
                    -21.9588813782,
                    72.2695846558,
                    -77.113067627,
                    15.7070493698,
                    -64.5518875122,
                    42.443523407,
                    44.4842147827,
                    145.089126587
                ]
            ],
            "icov": [
                [
                    0.000147063532495,
                    -0.000253328063991,
                    0.00020864988619,
                    -0.000322338193655,
                    0.000327549088979,
                    -0.000188958467334,
                    0.000297590333503,
                    -0.000464056327473,
                    0.000331352173816,
                    -0.000550935103092,
                    0.000385433115298,
                    -0.000288366456516,
                    0.000347294815583
                ],
                [
                    -0.000253328063991,
                    0.00105953949969,
                    -0.000487692159368,
                    0.000778762623668,
                    -0.000880292791408,
                    0.000797935936134,
                    -0.000699120049831,
                    0.00124099326786,
                    -0.00132639391813,
                    0.00138933525886,
                    -0.00132588203996,
                    0.00147746561561,
                    -0.000834600185044
                ],
                [
                    0.00020864988619,
                    -0.000487692159368,
                    0.00128793530166,
                    -0.000913391413633,
                    0.000446764897788,
                    -0.000712507753633,
                    0.000618902500719,
                    -0.00145020103082,
                    0.00084697350394,
                    -0.000869457493536,
                    0.000680869154166,
                    -0.000673242204357,
                    0.000327882415149
                ],
                [
                    -0.000322338193655,
                    0.000778762623668,
                    -0.000913391413633,
                    0.00223330198787,
                    -0.00104079023004,
                    0.000596148951445,
                    -0.0002851797326,
                    0.00118813151494,
                    -0.00122476450633,
                    0.000176308240043,
                    -0.000612156349234,
                    0.000581910193432,
                    -0.000879560946487
                ],
                [
                    0.000327549088979,
                    -0.000880292791408,
                    0.000446764897788,
                    -0.00104079023004,
                    0.00324624357745,
                    -0.000751207699068,
                    0.00015958903532,
                    -0.00134294526652,
                    0.000225294672418,
                    -0.000867079594173,
                    -9.96278249659e-05,
                    -0.000500979076605,
                    0.000646886939649
                ],
                [
                    -0.000188958467334,
                    0.000797935936134,
                    -0.000712507753633,
                    0.000596148951445,
                    -0.000751207699068,
                    0.00352624757215,
                    -0.0017186771147,
                    0.000613866490312,
                    -0.000909729627892,
                    0.000526194984559,
                    -0.000997029012069,
                    0.00047372825793,
                    6.26932815067e-05
                ],
                [
                    0.000297590333503,
                    -0.000699120049831,
                    0.000618902500719,
                    -0.0002851797326,
                    0.00015958903532,
                    -0.0017186771147,
                    0.00335947726853,
                    -0.000772356637754,
                    0.000516571220942,
                    -0.000478748348542,
                    0.00143057631794,
                    -0.00118554499932,
                    0.000299293111311
                ],
                [
                    -0.000464056327473,
                    0.00124099326786,
                    -0.00145020103082,
                    0.00118813151494,
                    -0.00134294526652,
                    0.000613866490312,
                    -0.000772356637754,
                    0.00562685960904,
                    -0.00251331180334,
                    0.000894697732292,
                    -0.000936831871513,
                    0.00135170738213,
                    -0.000291644217214
                ],
                [
                    0.000331352173816,
                    -0.00132639391813,
                    0.00084697350394,
                    -0.00122476450633,
                    0.000225294672418,
                    -0.000909729627892,
                    0.000516571220942,
                    -0.00251331180334,
                    0.00821708794683,
                    -0.00336704426445,
                    0.00259806122631,
                    -0.000429499894381,
                    -0.00103310064878
                ],
                [
                    -0.000550935103092,
                    0.00138933525886,
                    -0.000869457493536,
                    0.000176308240043,
                    -0.000867079594173,
                    0.000526194984559,
                    -0.000478748348542,
                    0.000894697732292,
                    -0.00336704426445,
                    0.0100217163563,
                    -0.00305617693812,
                    0.00197647931054,
                    0.000412034976762
                ],
                [
                    0.000385433115298,
                    -0.00132588203996,
                    0.000680869154166,
                    -0.000612156349234,
                    -9.96278249659e-05,
                    -0.000997029012069,
                    0.00143057631794,
                    -0.000936831871513,
                    0.00259806122631,
                    -0.00305617693812,
                    0.00890773255378,
                    -0.00349708669819,
                    -0.000118536117952
                ],
                [
                    -0.000288366456516,
                    0.00147746561561,
                    -0.000673242204357,
                    0.000581910193432,
                    -0.000500979076605,
                    0.00047372825793,
                    -0.00118554499932,
                    0.00135170738213,
                    -0.000429499894381,
                    0.00197647931054,
                    -0.00349708669819,
                    0.0113480882719,
                    -0.00402404135093
                ],
                [
                    0.000347294815583,
                    -0.000834600185044,
                    0.000327882415149,
                    -0.000879560946487,
                    0.000646886939649,
                    6.26932815067e-05,
                    0.000299293111311,
                    -0.000291644217214,
                    -0.00103310064878,
                    0.000412034976762,
                    -0.000118536117952,
                    -0.00402404135093,
                    0.0109692197293
                ]
            ],
            "mean": [
                -39.6540184021,
                81.5624923706,
                -74.3702087402,
                11.8412237167,
                -55.7055664062,
                16.936378479,
                -32.3890075684,
                14.6248140335,
                -27.8338699341,
                3.25121831894,
                -5.27662229538,
                3.45874881744,
                -6.04486370087
            ]
        },
        "hfc": {
            "dmean": 9.44203090668,
            "dmean2": 14.3422880173,
            "dvar": 245.497848511,
            "dvar2": 490.075134277,
            "max": 179.756607056,
            "mean": 25.4998035431,
            "median": 22.5415115356,
            "min": 1.19473560459e-16,
            "var": 508.68069458
        },
        "melbands": {
            "dmean": [
                0.00281624612398,
                0.00199006008916,
                0.00101039290894,
                0.000489414611366,
                0.000357037439244,
                0.00025938168983,
                0.000214721629163,
                0.000185504017281,
                0.00010926106188,
                7.19689778634e-05,
                5.98300212005e-05,
                4.80977942061e-05,
                5.1629387599e-05,
                5.61009110243e-05,
                4.2002160626e-05,
                2.64351456281e-05,
                1.45549693116e-05,
                9.9622475318e-06,
                1.21172306535e-05,
                8.83095071913e-06,
                7.09143841959e-06,
                7.54140864956e-06,
                6.08287245996e-06,
                5.91008438278e-06,
                5.86753640164e-06,
                7.36858373784e-06,
                6.50719766782e-06,
