{
    "lowlevel": {
        "average_loudness": 0.885711431503,
        "barkbands": {
            "dmean": [
                0.000267468683887,
                0.00488020479679,
                0.00179893360473,
                0.00167621229775,
                0.00258450047113,
                0.000668092863634,
                0.000991322682239,
                0.00102534436155,
                0.00109059282113,
                0.000861608714331,
                0.000441297306679,
                0.000721856893506,
                0.000533578509931,
                0.000402693956858,
                0.0003355765366,
                0.00025720850681,
                0.000158381051733,
                0.000156929236255,
                9.56396979745e-05,
                9.46450891206e-05,
                0.000126928833197,
                0.000154949608259,
                0.000186210949323,
                0.000192614243133,
                0.000147526996443,
                6.68976645102e-05,
                9.40674544836e-06
            ],
            "dmean2": [
                0.000331390678184,
                0.00694106193259,
                0.00303136673756,
                0.00307525624521,
                0.00454657105729,
                0.00107421935536,
                0.00151999213267,
                0.00164568203036,
                0.00170318759046,
                0.00136338733137,
                0.00071261957055,
                0.00119121011812,
                0.000862596265506,
                0.000666203617584,
                0.000542565830983,
                0.000410785782151,
                0.00025784020545,
                0.000252711208304,
                0.000157307891641,
                0.000155506684678,
                0.000207816876355,
                0.000247103889706,
                0.000289826537482,
                0.000292007927783,
                0.000218875517021,
                0.000104667939013,
                1.57828744705e-05
            ],
            "dvar": [
                5.83917653785e-07,
                0.000146538615809,
                3.35543263645e-05,
                3.38820100296e-05,
                5.03742630826e-05,
                1.84807970527e-06,
                3.8894163481e-06,
                3.97593203161e-06,
                3.76036337002e-06,
                3.5161122014e-06,
                1.09852305741e-06,
                2.4681346531e-06,
                1.22083463339e-06,
                7.73025305989e-07,
                5.16889372193e-07,
                3.30504661861e-07,
                1.1951171075e-07,
                1.16682322471e-07,
                4.33031708269e-08,
                5.45746878799e-08,
                9.15464397622e-08,
                1.293937828e-07,
                1.99892696173e-07,
                1.53213690623e-07,
                9.13163376026e-08,
                3.02159968157e-08,
                1.41691125499e-09
            ],
            "dvar2": [
                1.12158875254e-06,
                0.000280816282611,
                9.22524559428e-05,
                9.83877835097e-05,
                0.000142070959555,
                4.5390311243e-06,
                8.87928126758e-06,
                9.92393779597e-06,
                8.98355119716e-06,
                8.40810935188e-06,
                2.65638232122e-06,
                6.52951848679e-06,
                2.97859901366e-06,
                2.02547948902e-06,
                1.28988369852e-06,
                7.49564151192e-07,
                3.06036525899e-07,
                2.90944853987e-07,
                1.12545869513e-07,
                1.40995894071e-07,
                2.38484091142e-07,
                3.27317394522e-07,
                4.63956098429e-07,
                3.4510281921e-07,
                1.93759788658e-07,
                7.19025550211e-08,
                3.6345355614e-09
            ],
            "max": [
                0.00934953894466,
                0.191676229239,
                0.0763179212809,
                0.0758365318179,
                0.0648628622293,
                0.0217813588679,
                0.0337462760508,
                0.0324980765581,
                0.0448956303298,
                0.0473850481212,
                0.0327248722315,
                0.0263904500753,
                0.0279872380197,
                0.0216471105814,
                0.0151768736541,
                0.010041792877,
                0.00716099888086,
                0.0064550456591,
                0.00317529565655,
                0.00377864018083,
                0.00381524302065,
                0.00611228868365,
                0.010704097338,
                0.00521260127425,
                0.00468957237899,
                0.00243251980282,
                0.0003704612609
            ],
            "mean": [
                0.000446852616733,
                0.0106603326276,
                0.00277729169466,
                0.00194267660845,
                0.00295815407299,
                0.00115003122482,
                0.00174016947858,
                0.00154932041187,
                0.0021466515027,
                0.00148257112596,
                0.000664643419441,
                0.00106959615368,
                0.000840305350721,
                0.000629552057944,
                0.000492879829835,
                0.00038930773735,
                0.00024837863748,
                0.000252622936387,
                0.00014739051403,
                0.000138717601658,
                0.000203392686672,
                0.000275644677458,
                0.000318492471706,
                0.000317111000186,
                0.000235810177401,
                7.5509036833e-05,
                7.63447587815e-06
            ],
            "median": [
                9.74245085672e-06,
                0.00334152160212,
                0.000966613763012,
                0.000349885143805,
                0.0013065522071,
                0.000412053661421,
                0.000486010918394,
                0.000411187240388,
                0.000641271588393,
                0.000467385310913,
                0.000172198429937,
                0.000362730468623,
                0.000254666490946,
                0.000185330776731,
                0.000153024404426,
                0.000120352953672,
                8.04915762274e-05,
                8.50463620736e-05,
                5.040596443e-05,
                4.80006674479e-05,
                4.74927219329e-05,
                5.94302691752e-05,
                6.66854684823e-05,
                9.45988576859e-05,
                6.69238797855e-05,
                1.16377395898e-05,
                4.15187514591e-07
            ],
            "min": [
                2.43984312353e-23,
                1.94996697004e-23,
                6.63772335885e-24,
                6.46912721733e-24,
                1.07997203626e-22,
                4.38427087006e-23,
                5.37085471247e-23,
                4.05097366662e-23,
                4.75113568275e-23,
                1.17001665895e-22,
                8.27532760061e-23,
                3.36313712882e-23,
                7.32476598704e-23,
                1.95656336182e-22,
                7.9506507536e-23,
                2.10994064099e-22,
                2.74341866708e-22,
                2.54765292536e-22,
                1.94579585223e-22,
                3.48929460468e-22,
                7.12327816385e-22,
                4.16440302955e-22,
                4.49771632576e-22,
                1.02320222289e-21,
                1.21920777833e-21,
                1.70824610473e-21,
                2.55621609252e-21
            ],
            "var": [
                1.40545216709e-06,
                0.000345935404766,
                2.98021914205e-05,
                2.22581365961e-05,
                3.43311585311e-05,
                4.07365860156e-06,
                9.45723786572e-06,
                7.96653694124e-06,
                1.16751371024e-05,
                8.33358353702e-06,
                2.5844517495e-06,
                3.94983317165e-06,
                2.79801406577e-06,
                1.76988419298e-06,
                8.30543001484e-07,
                5.52572657853e-07,
                1.89572133991e-07,
                1.8879931929e-07,
                6.09111694416e-08,
                6.60070824665e-08,
                1.30050565872e-07,
                2.19971227011e-07,
                3.64827997146e-07,
                2.73886513469e-07,
                1.87305985833e-07,
                3.68551233976e-08,
                1.06314124171e-09
            ]
        },
        "barkbands_crest": {
            "dmean": 2.47947978973,
            "dmean2": 3.84502577782,
            "dvar": 6.17134380341,
            "dvar2": 13.4370002747,
            "max": 26.8268661499,
            "mean": 11.503074646,
            "median": 10.4842367172,
            "min": 2.24949455261,
            "var": 25.2722473145
        },
        "barkbands_flatness_db": {
            "dmean": 0.0246848855168,
            "dmean2": 0.0347684510052,
            "dvar": 0.000696298666298,
            "dvar2": 0.00131800246891,
            "max": 0.571300327778,
            "mean": 0.167970970273,
            "median": 0.149557560682,
            "min": 0.0191807318479,
            "var": 0.00859460048378
        },
        "barkbands_kurtosis": {
            "dmean": 4.73191976547,
            "dmean2": 7.00218439102,
            "dvar": 315.648986816,
            "dvar2": 630.522155762,
            "max": 866.91192627,
            "mean": 7.49848556519,
            "median": 2.1015598774,
            "min": -1.93320584297,
            "var": 591.802368164
        },
        "barkbands_skewness": {
            "dmean": 0.605644822121,
            "dmean2": 0.884901583195,
            "dvar": 0.657220900059,
            "dvar2": 1.20990157127,
            "max": 25.3214759827,
            "mean": 1.78999507427,
            "median": 1.42560648918,
            "min": -5.11681985855,
            "var": 2.90097928047
        },
        "barkbands_spread": {
            "dmean": 6.12814474106,
            "dmean2": 9.21080780029,
            "dvar": 72.1119995117,
            "dvar2": 140.621398926,
            "max": 117.513214111,
            "mean": 21.9590759277,
            "median": 18.6942062378,
            "min": 0.181200519204,
            "var": 270.144256592
        },
        "dissonance": {
            "dmean": 0.027581654489,
            "dmean2": 0.045730881393,
            "dvar": 0.000795655825641,
            "dvar2": 0.00212128926069,
            "max": 0.5,
            "mean": 0.441769659519,
            "median": 0.456073999405,
            "min": 0.0744532495737,
            "var": 0.00262712384574
        },
        "dynamic_complexity": 3.87378454208,
        "erbbands": {
            "dmean": [
                0.174830809236,
                1.05177998543,
                1.88757860661,
                4.02862215042,
                8.10753631592,
                8.46402072906,
                6.2367143631,
                5.75931215286,
                10.2905282974,
                19.6227340698,
                20.2101097107,
                23.7687892914,
                24.2495250702,
                23.8005046844,
                22.8677177429,
                21.6615982056,
                23.697101593,
                19.6859130859,
                18.322271347,
                15.46301651,
                13.5822820663,
                9.04572868347,
                8.67494010925,
                5.40777492523,
                4.68331050873,
                4.91647338867,
                3.5961959362,
                6.19223117828,
                5.70462322235,
                5.37731218338,
                5.36087465286,
                4.30821323395,
                3.13255023956,
                1.94075322151,
                0.937330365181,
                0.381741553545,
                0.106727585196,
                0.0189857315272,
                0.00143121904694,
                6.50594956824e-05
            ],
            "dmean2": [
                0.231891229749,
                1.54622685909,
                2.99668979645,
                7.28988313675,
                14.4418840408,
                14.9819364548,
                10.4624004364,
                9.15772151947,
                15.8246173859,
                30.7941970825,
                32.1621932983,
                37.187953949,
                38.7301216125,
                37.9110107422,
                37.4890480042,
                35.6771774292,
                38.2886619568,
                32.4155197144,
                29.4762039185,
                25.0659751892,
                21.5635452271,
                14.6472530365,
                14.1050329208,
                8.68079853058,
                7.73712015152,
                8.1781129837,
                5.74479675293,
                10.236082077,
                9.1165933609,
                8.60951805115,
                8.31200313568,
                6.55559682846,
                4.76359319687,
                2.90436077118,
                1.4154920578,
                0.581075131893,
                0.170866698027,
                0.031299225986,
                0.00237620761618,
                0.00010746793123
            ],
            "dvar": [
                0.199636518955,
                7.68985509872,
                28.838886261,
                199.158554077,
                649.861694336,
                503.245727539,
                167.672958374,
                171.791427612,
                515.1953125,
                1472.09973145,
                1478.46411133,
                2218.51782227,
                1921.56359863,
                3079.96630859,
                2217.63720703,
                2172.24731445,
                2505.84179688,
                1922.83251953,
                1508.40795898,
                1187.55383301,
                775.502258301,
                362.483154297,
                381.675537109,
                124.947250366,
                109.252845764,
                175.002822876,
                62.5707855225,
                245.100891113,
                174.159378052,
                131.936218262,
                186.30519104,
                95.7278823853,
                36.3568534851,
                15.4202661514,
                3.99059939384,
                0.853610754013,
                0.0891649201512,
                0.00453625386581,
                3.00652045553e-05,
                5.43343112724e-08
            ],
            "dvar2": [
                0.406816124916,
                14.9218959808,
                74.0598220825,
                575.465759277,
                1816.79321289,
                1437.84716797,
                460.560638428,
                411.217803955,
                1182.34729004,
                3381.81225586,
                3565.40893555,
                5279.015625,
                4822.82617188,
                7544.55029297,
                5589.03173828,
                5592.40917969,
                6022.67236328,
                4915.84521484,
                3658.87841797,
                2836.0065918,
                1769.39709473,
                904.288879395,
                974.434692383,
                310.876647949,
                282.031646729,
                465.607543945,
                152.408966064,
                652.517944336,
                440.032928467,
                323.79876709,
                428.944549561,
                219.037948608,
                82.336517334,
                33.0575828552,
                8.80457687378,
                1.88868367672,
                0.2219273597,
                0.0117362476885,
                7.60037655709e-05,
                1.41137334708e-07
            ],
            "max": [
                5.64333152771,
                42.2106018066,
                59.580406189,
                186.697784424,
                265.405822754,
                229.739028931,
                207.271591187,
                241.594802856,
                468.997680664,
                786.361999512,
                689.752075195,
                1320.64855957,
                682.728088379,
                1737.76855469,
                1505.91442871,
                1231.82519531,
                1395.56811523,
                1217.64550781,
                954.573852539,
                679.638305664,
                463.42590332,
                320.568023682,
                353.205291748,
                199.768615723,
                201.029678345,
                156.99281311,
                125.768356323,
                196.804702759,
                190.905822754,
                175.468231201,
                342.317199707,
                133.62689209,
                87.734588623,
                69.740196228,
                33.4220504761,
                18.4872207642,
                2.92953586578,
                0.655775010586,
                0.0528783947229,
                0.00224284268916
            ],
            "mean": [
                0.327974319458,
                2.27018070221,
                3.56704425812,
                5.47312927246,
                7.80520772934,
                9.81018257141,
                9.80139255524,
                10.0326890945,
                17.8022193909,
                35.1557350159,
                34.0391426086,
                47.0432701111,
                45.2478752136,
                42.3234481812,
                39.3747444153,
                34.9907531738,
                39.2871818542,
                32.1131248474,
                29.0552349091,
                23.2089729309,
                21.9498615265,
                15.3708581924,
                14.1865558624,
                9.03042984009,
                7.42919015884,
                6.91444015503,
                6.23108720779,
                9.51283931732,
                9.9695854187,
                9.61069107056,
                9.01798248291,
                6.65346050262,
                5.29292869568,
                3.19889044762,
                1.36565172672,
                0.474824965,
                0.113049201667,
                0.0167064834386,
                0.0012340284884,
                8.73573007993e-05
            ],
            "median": [
                0.064798399806,
                0.89271402359,
                1.45881795883,
                1.42893469334,
                2.70053577423,
                4.02368783951,
                4.4004278183,
                3.2361536026,
                5.85250759125,
                12.0668964386,
                12.2665157318,
                14.7127552032,
                18.2911491394,
                16.4667663574,
                15.5415668488,
                13.8586091995,
                13.1163129807,
                9.17844963074,
                10.2860298157,
                7.08089590073,
                7.2771062851,
                5.03625917435,
                5.01031112671,
                3.36003541946,
                2.67471551895,
                2.30625200272,
                1.7017365694,
                1.99555635452,
                2.15396404266,
                2.1809887886,
                1.93011164665,
                1.49824595451,
                1.73159360886,
                0.963946342468,
                0.322674155235,
                0.0870107114315,
                0.015710901469,
                0.00137428683229,
                0.000105411600089,
                4.38685165136e-05
            ],
            "min": [
                1.09240347439e-21,
                2.63627934022e-21,
                6.33245048324e-21,
                1.16717123136e-20,
                5.4455128569e-20,
                4.6644197754e-19,
                5.20231516521e-19,
                4.8194970117e-19,
                7.31676820569e-19,
                7.539684075e-19,
                8.19839074424e-19,
                1.03939917538e-18,
                3.00965323179e-18,
                3.97459788023e-18,
                2.86287933788e-18,
                1.44644048595e-18,
                3.22018041706e-18,
                9.48816694448e-18,
                4.90374173817e-18,
                8.05384155258e-18,
                1.22362536725e-17,
                1.30091530389e-17,
                1.14958103918e-17,
                1.37824097473e-17,
                1.41935788959e-17,
                1.52562131611e-17,
                3.23866190669e-17,
                1.99446464033e-17,
                1.44713759241e-17,
                1.29669138881e-17,
                1.30433718464e-17,
                1.67060556341e-17,
                2.00363790788e-17,
                1.23747286701e-17,
                9.82453084159e-18,
                6.43631426656e-18,
                3.15545684285e-18,
                1.1364245661e-18,
                3.51462166335e-19,
                3.94045805548e-20
            ],
            "var": [
                0.445363968611,
                15.9232826233,
                35.1693916321,
                140.100082397,
                411.757904053,
                353.839508057,
                217.193099976,
                412.769927979,
                1130.67248535,
                3925.65771484,
                3199.97851562,
                6787.98583984,
                4767.88818359,
                6373.11083984,
                5462.46484375,
                3371.70703125,
                6079.32568359,
                4267.52734375,
                2860.12451172,
                1892.65002441,
                1598.8605957,
                655.276733398,
                564.848388672,
                209.762573242,
                156.770507812,
                182.171035767,
                106.032333374,
                316.631896973,
                299.800872803,
                242.762176514,
                336.233642578,
                155.003479004,
                70.957244873,
                32.1296463013,
                7.23123311996,
                1.285546422,
                0.0919028520584,
                0.00351013615727,
                2.33316368394e-05,
                4.27521840152e-08
            ]
        },
        "erbbands_crest": {
            "dmean": 2.80274128914,
            "dmean2": 4.46265172958,
            "dvar": 7.17431497574,
            "dvar2": 16.9093875885,
            "max": 29.2855358124,
            "mean": 9.97413444519,
            "median": 8.94832611084,
            "min": 2.38440275192,
            "var": 23.7586078644
        },
        "erbbands_flatness_db": {
            "dmean": 0.0188161265105,
            "dmean2": 0.0269154738635,
            "dvar": 0.00035718671279,
            "dvar2": 0.000644094310701,
            "max": 0.518103122711,
            "mean": 0.171745091677,
            "median": 0.150950312614,
            "min": 0.0391243882477,
            "var": 0.00564781436697
        },
        "erbbands_kurtosis": {
            "dmean": 1.38189387321,
            "dmean2": 2.16115164757,
            "dvar": 5.39370346069,
            "dvar2": 13.0680446625,
            "max": 45.0667457581,
            "mean": 1.5854498148,
            "median": 0.365566015244,
            "min": -1.89916229248,
            "var": 14.3171300888
        },
        "erbbands_skewness": {
            "dmean": 0.408951967955,
            "dmean2": 0.622640609741,
            "dvar": 0.180369615555,
            "dvar2": 0.387661367655,
            "max": 5.38689470291,
            "mean": 0.626710772514,
            "median": 0.545039772987,
            "min": -5.18867826462,
            "var": 0.73287153244
        },
        "erbbands_spread": {
            "dmean": 9.41967964172,
            "dmean2": 14.0188751221,
            "dvar": 138.568771362,
            "dvar2": 277.437988281,
            "max": 179.377990723,
            "mean": 37.4437294006,
            "median": 34.0330581665,
            "min": 0.94819444418,
            "var": 518.453918457
        },
        "gfcc": {
            "cov": [
                [
                    24322.734375,
                    -2334.29125977,
                    430.465820312,
                    2165.21899414,
                    -1013.32159424,
                    1553.0814209,
                    -289.433349609,
                    1437.60083008,
                    511.34753418,
                    691.758605957,
                    -667.770690918,
                    201.628433228,
                    -117.567276001
                ],
                [
                    -2334.29125977,
                    2772.60302734,
                    108.714630127,
                    -263.839569092,
                    689.250061035,
                    -385.994567871,
                    326.036956787,
                    -374.10446167,
                    11.6527385712,
                    -332.322631836,
                    141.144638062,
                    -260.399932861,
                    84.3339233398
                ],
                [
                    430.465820312,
                    108.714630127,
                    1316.05541992,
                    419.164550781,
                    216.004058838,
                    335.646179199,
                    85.3603286743,
                    142.396133423,
                    54.1614494324,
                    140.795562744,
                    36.6635398865,
                    54.1015701294,
                    -23.7760906219
                ],
                [
                    2165.21899414,
                    -263.839569092,
                    419.164550781,
                    1049.75512695,
                    188.446212769,
                    366.651580811,
                    226.493057251,
                    197.439437866,
                    212.139694214,
                    181.011795044,
                    -1.17152571678,
                    52.5084991455,
                    78.9582366943
                ],
                [
                    -1013.32159424,
                    689.250061035,
                    216.004058838,
                    188.446212769,
                    573.75213623,
                    47.0629920959,
                    237.602081299,
                    -48.603313446,
                    77.6993560791,
                    -17.5848178864,
                    81.213432312,
                    -38.3911056519,
                    43.2015457153
                ],
                [
                    1553.0814209,
                    -385.994567871,
                    335.646179199,
                    366.651580811,
                    47.0629920959,
                    551.798034668,
                    195.5340271,
                    239.997665405,
                    138.703140259,
                    188.161972046,
                    35.2330665588,
                    97.0543670654,
                    4.13514566422
                ],
                [
                    -289.433349609,
                    326.036956787,
                    85.3603286743,
                    226.493057251,
                    237.602081299,
                    195.5340271,
                    448.73840332,
                    51.2701454163,
                    146.198226929,
                    80.6436157227,
                    74.5753707886,
                    19.8016986847,
                    43.5893325806
                ],
                [
                    1437.60083008,
                    -374.10446167,
                    142.396133423,
                    197.439437866,
                    -48.603313446,
                    239.997665405,
                    51.2701454163,
                    418.881500244,
                    172.801864624,
                    143.470596313,
                    15.1949253082,
                    80.2045898438,
                    26.10206604
                ],
                [
                    511.34753418,
                    11.6527385712,
                    54.1614494324,
                    212.139694214,
                    77.6993560791,
                    138.703140259,
                    146.198226929,
                    172.801864624,
                    242.460067749,
                    113.740959167,
                    47.6678886414,
                    50.951877594,
                    43.4996833801
                ],
                [
                    691.758605957,
                    -332.322631836,
                    140.795562744,
                    181.011795044,
                    -17.5848178864,
                    188.161972046,
                    80.6436157227,
                    143.470596313,
                    113.740959167,
                    243.044036865,
                    52.726524353,
                    88.6745223999,
                    20.5115013123
                ],
                [
                    -667.770690918,
                    141.144638062,
                    36.6635398865,
                    -1.17152571678,
                    81.213432312,
                    35.2330665588,
                    74.5753707886,
                    15.1949253082,
                    47.6678886414,
                    52.726524353,
                    149.327270508,
                    55.2890892029,
                    43.6185150146
                ],
                [
                    201.628433228,
                    -260.399932861,
                    54.1015701294,
                    52.5084991455,
                    -38.3911056519,
                    97.0543670654,
                    19.8016986847,
                    80.2045898438,
                    50.951877594,
                    88.6745223999,
                    55.2890892029,
                    162.470901489,
                    48.5324249268
                ],
                [
                    -117.567276001,
                    84.3339233398,
                    -23.7760906219,
                    78.9582366943,
                    43.2015457153,
                    4.13514566422,
                    43.5893325806,
                    26.10206604,
                    43.4996833801,
                    20.5115013123,
                    43.6185150146,
                    48.5324249268,
                    129.350067139
                ]
            ],
            "icov": [
                [
                    0.000114082969958,
                    -0.000180252900464,
                    0.000129593914608,
                    -0.000256805127719,
                    0.000214382540435,
                    -0.000289265124593,
                    0.000256754894508,
                    -0.000266504794126,
                    0.00011456527136,
                    -0.000259712425759,
                    0.000574767531361,
                    -0.000215333391679,
                    0.000196325418074
                ],
                [
                    -0.000180252900464,
                    0.0013842388289,
                    -0.000573042430915,
                    0.000802300637588,
                    -0.000981703749858,
                    0.000916394696105,
                    -0.00101917400025,
                    0.000852205383126,
                    -0.000977610936388,
                    0.00149877462536,
                    -0.0017452777829,
                    0.00172682409175,
                    -0.001159624313
                ],
                [
                    0.000129593914608,
                    -0.000573042430915,
                    0.00135005626362,
                    -0.000722581520677,
                    -5.36410989298e-05,
                    -0.000925327069126,
                    0.000805204617791,
                    -0.000612873816863,
                    0.00087076931959,
                    -0.000928089837544,
                    0.000774302519858,
                    -0.000880803738255,
                    0.00100417702924
                ],
                [
                    -0.000256805127719,
                    0.000802300637588,
                    -0.000722581520677,
                    0.00238879723474,
                    -0.000996051938273,
                    0.000134180503665,
                    -0.000883061438799,
                    0.000917838828173,
                    -0.00136973755434,
                    0.000475735840155,
                    -0.00053359172307,
                    0.00131141440943,
                    -0.00183366169222
                ],
                [
                    0.000214382540435,
                    -0.000981703749858,
                    -5.36410989298e-05,
                    -0.000996051938273,
                    0.00374614889733,
                    -0.000602297950536,
                    -0.000371460686438,
                    -0.000243182381382,
                    4.37490343757e-05,
                    -0.00021136374562,
                    0.000220681802602,
                    -0.0001783639309,
                    0.000386701169191
                ],
                [
                    -0.000289265124593,
                    0.000916394696105,
                    -0.000925327069126,
                    0.000134180503665,
                    -0.000602297950536,
                    0.00491101387888,
                    -0.00227992911823,
                    -0.000539409345947,
                    3.90382992919e-05,
                    6.94045374985e-05,
                    -0.00170655746479,
                    -1.83973879757e-05,
                    0.000367180095054
                ],
                [
                    0.000256754894508,
                    -0.00101917400025,
                    0.000805204617791,
                    -0.000883061438799,
                    -0.000371460686438,
                    -0.00227992911823,
                    0.00498164165765,
                    -7.17298971722e-05,
                    -0.000939410121646,
                    -0.00138283660635,
                    0.00105239020195,
                    -0.000709740328602,
                    0.000564187648706
                ],
                [
                    -0.000266504794126,
                    0.000852205383126,
                    -0.000612873816863,
                    0.000917838828173,
                    -0.000243182381382,
                    -0.000539409345947,
                    -7.17298971722e-05,
                    0.00535791320726,
                    -0.00352191738784,
                    0.000563072739169,
                    -0.00108283711597,
                    0.000774552696384,
                    -0.00125968735665
                ],
                [
                    0.00011456527136,
                    -0.000977610936388,
                    0.00087076931959,
                    -0.00136973755434,
                    4.37490343757e-05,
                    3.90382992919e-05,
                    -0.000939410121646,
                    -0.00352191738784,
                    0.0094343489036,
                    -0.00280665932223,
                    0.000381277583074,
                    -0.0013973939931,
                    0.00041718070861
                ],
                [
                    -0.000259712425759,
                    0.00149877462536,
                    -0.000928089837544,
                    0.000475735840155,
                    -0.00021136374562,
                    6.94045374985e-05,
                    -0.00138283660635,
                    0.000563072739169,
                    -0.00280665932223,
                    0.00937123689801,
                    -0.00385461654514,
                    -0.00010783108155,
                    -0.000455356755992
                ],
                [
                    0.000574767531361,
                    -0.0017452777829,
                    0.000774302519858,
                    -0.00053359172307,
                    0.000220681802602,
                    -0.00170655746479,
                    0.00105239020195,
                    -0.00108283711597,
                    0.000381277583074,
                    -0.00385461654514,
                    0.0136748421937,
                    -0.00466661481187,
                    -0.000404328748118
                ],
                [
                    -0.000215333391679,
                    0.00172682409175,
                    -0.000880803738255,
                    0.00131141440943,
                    -0.0001783639309,
                    -1.83973879757e-05,
                    -0.000709740328602,
                    0.000774552696384,
                    -0.0013973939931,
                    -0.00010783108155,
                    -0.00466661481187,
                    0.0122098820284,
                    -0.00466145947576
                ],
                [
                    0.000196325418074,
                    -0.001159624313,
                    0.00100417702924,
                    -0.00183366169222,
                    0.000386701169191,
                    0.000367180095054,
                    0.000564187648706,
                    -0.00125968735665,
                    0.00041718070861,
                    -0.000455356755992,
                    -0.000404328748118,
                    -0.00466145947576,
                    0.0117097711191
                ]
            ],
            "mean": [
                -26.4773464203,
                87.0788421631,
                -112.589126587,
                13.3706045151,
                -63.5091056824,
                25.3693771362,
                -39.480266571,
                10.3446846008,
                -22.27501297,
                -1.58788120747,
                -14.6423254013,
                -1.52421307564,
                -9.72127914429
            ]
        },
        "hfc": {
            "dmean": 10.1215591431,
            "dmean2": 15.097826004,
            "dvar": 376.264251709,
            "dvar2": 868.902282715,
            "max": 237.380645752,
            "mean": 26.1335697174,
            "median": 16.9260044098,
            "min": 1.24392095495e-16,
            "var": 794.99041748
        },
        "melbands": {
            "dmean": [
                0.00144362135325,
                0.00101192167494,
                0.000804357230663,
                0.000624873850029,
                0.000241833520704,
                0.000125018152175,
                0.000170693965629,
                0.000223280512728,
                0.000160320589202,
                0.000154377907165,
                0.000126632730826,
                0.000106581552245,
                7.15030182619e-05,
                8.77847560332e-05,
                5.49679825781e-05,
                4.91581849928e-05,
                3.70431516785e-05,
                3.25774817611e-05,
                2.35203187913e-05,
                1.77956299012e-05,
                1.59093196999e-05,
                9.89859017864e-06,
                9.27335531742e-06,
                7.71415579948e-06,
                4.28613566328e-06,
                3.85373004974e-06,
                3.25446944771e-06,
                3.37830692843e-06,
