{
    "lowlevel": {
        "average_loudness": 0.953558087349,
        "barkbands": {
            "dmean": [
                0.000473124993732,
                0.00646263593808,
                0.00352545571513,
                0.00122674671002,
                0.00120602571405,
                0.00128886592574,
                0.000861013599206,
                0.00056188495364,
                0.000700606324244,
                0.000415566813899,
                0.000248889671639,
                0.000418737879954,
                0.000485140422825,
                0.000499549671076,
                0.000459207192762,
                0.000295747653581,
                0.000251210381975,
                0.000218085959204,
                0.000265001668595,
                0.000189292230061,
                0.000181493902346,
                0.000121245873743,
                0.000154036388267,
                0.000143542754813,
                8.07187971077e-05,
                5.17791850143e-05,
                1.34505344249e-05
            ],
            "dmean2": [
                0.000897013989743,
                0.0100789396092,
                0.00639929808676,
                0.00212201755494,
                0.00201422907412,
                0.00206792331301,
                0.00140222080518,
                0.000904088839889,
                0.0010802798206,
                0.000657321012113,
                0.00038498165668,
                0.000658695003949,
                0.00076219701441,
                0.000812907819636,
                0.000728370505385,
                0.000461005809484,
                0.0003864277096,
                0.000341279839631,
                0.000422274373705,
                0.000297240185319,
                0.000279085041257,
                0.000169737555552,
                0.000218835455598,
                0.000200675029191,
                0.000114605507406,
                7.65795848565e-05,
                2.15825530177e-05
            ],
            "dvar": [
                1.05974368125e-06,
                0.000166748897755,
                0.000128030049382,
                8.86441102921e-06,
                4.69383758173e-06,
                5.68044470128e-06,
                4.069505394e-06,
                2.20739593715e-06,
                2.36246955865e-06,
                1.25572887555e-06,
                6.06696232808e-07,
                1.21418668186e-06,
                9.65724780144e-07,
                9.30921032705e-07,
                6.34478794836e-07,
                3.92317929254e-07,
                2.37466551312e-07,
                1.74225021965e-07,
                4.14135399751e-07,
                1.65162589383e-07,
                1.43999542956e-07,
                6.59996715058e-08,
                1.8083444786e-07,
                2.87509294594e-07,
                4.22962891378e-08,
                1.0394701988e-08,
                5.9961940968e-10
            ],
            "dvar2": [
                3.21595280184e-06,
                0.000352119852323,
                0.000364178034943,
                2.4542947358e-05,
                1.20496242744e-05,
                1.40185602504e-05,
                9.49513014348e-06,
                5.37782716492e-06,
                5.09328992848e-06,
                3.1541833323e-06,
                1.25064082113e-06,
                2.63107585852e-06,
                2.05747187465e-06,
                2.14970827983e-06,
                1.44905106936e-06,
                8.67181427111e-07,
                5.10395636866e-07,
                3.88512205518e-07,
                9.53999006015e-07,
                3.98757862285e-07,
                3.44654949913e-07,
                1.13961377224e-07,
                3.62470217397e-07,
                5.55392432489e-07,
                7.99282489083e-08,
                1.9734390122e-08,
                1.48885814788e-09
            ],
            "max": [
                0.0100107807666,
                0.12836368382,
                0.0909375697374,
                0.0299246199429,
                0.0315645560622,
                0.0338594764471,
                0.0392694957554,
                0.0364138409495,
                0.024434870109,
                0.03121647425,
                0.0656187310815,
                0.0355782881379,
                0.0425828136504,
                0.0306528303772,
                0.0152928829193,
                0.0115942023695,
                0.0129211656749,
                0.00794889964163,
                0.0201804079115,
                0.0119792427868,
                0.00713151693344,
                0.00643542222679,
                0.0110331652686,
                0.0202169064432,
                0.00609557470307,
                0.00404269434512,
                0.000307466747472
            ],
            "mean": [
                0.000349696027115,
                0.0119034331292,
                0.00300228013657,
                0.0015204641968,
                0.00199327548034,
                0.00216239877045,
                0.00114679906983,
                0.00077977636829,
                0.00105240766425,
                0.000624355161563,
                0.000388886313885,
                0.000615615630522,
                0.000757673988119,
                0.000751457700972,
                0.000722611905076,
                0.000445681071142,
                0.000409073254559,
                0.000390643428545,
                0.000434037705418,
                0.000355795229552,
                0.000334471988026,
                0.000237073822063,
                0.000267899275059,
                0.000248228054261,
                0.000163994991453,
                0.000100887104054,
                2.12616832869e-05
            ],
            "median": [
                1.55690031534e-05,
                0.000885657093022,
                0.00061275990447,
                0.000462621683255,
                0.00116622785572,
                0.00105079612695,
                0.000350035028532,
                0.00025829023798,
                0.000340507453075,
                0.000172935775481,
                9.93604917312e-05,
                0.000184780292329,
                0.000317370548146,
                0.000330593553372,
                0.000330104900058,
                0.000169020306203,
                0.000164339522598,
                0.000171929219505,
                0.000125551654492,
                0.000100623685285,
                0.000119498763524,
                8.98366779438e-05,
                7.34892455512e-05,
                6.10725328443e-05,
                5.64812908124e-05,
                3.62487844541e-05,
                4.57239093521e-06
            ],
            "min": [
                4.11006502822e-23,
                5.56977198506e-23,
                1.21032909204e-23,
                1.21221304966e-23,
                5.49173533996e-23,
                5.5122627629e-23,
                5.12302238395e-23,
                1.02170733778e-22,
                8.23208603232e-23,
                1.19185964944e-22,
                1.15994473535e-22,
                1.69865317747e-22,
                1.7135066079e-22,
                2.79297326831e-22,
                1.48487755195e-22,
                2.24104856613e-22,
                1.65664538763e-22,
                1.63486765172e-22,
                1.99842587504e-22,
                2.91413170107e-22,
                4.38833703782e-22,
                5.30897381249e-22,
                5.30632475446e-22,
                9.19460627234e-22,
                1.36549131731e-21,
                1.71973090977e-21,
                2.41792748842e-21
            ],
            "var": [
                6.95852577337e-07,
                0.000272974924883,
                7.94849765953e-05,
                7.49004539102e-06,
                7.31517638997e-06,
                9.84112557489e-06,
                6.56343081573e-06,
                3.16072305395e-06,
                4.43486578661e-06,
                2.53199846156e-06,
                2.97573069474e-06,
                2.67173936663e-06,
                2.52646805166e-06,
                1.97817462322e-06,
                1.19007768262e-06,
                7.26419159491e-07,
                4.96107986692e-07,
                4.02479315653e-07,
                8.31444822325e-07,
                4.4097640739e-07,
                3.71410692424e-07,
                2.16306432321e-07,
                3.9490043946e-07,
                5.99143618274e-07,
                1.18852987896e-07,
                2.61088874964e-08,
                1.12223264015e-09
            ]
        },
        "barkbands_crest": {
            "dmean": 3.15660881996,
            "dmean2": 4.9278178215,
            "dvar": 9.58599567413,
            "dvar2": 20.2207107544,
            "max": 25.6250743866,
            "mean": 11.7569093704,
            "median": 11.0999851227,
            "min": 1.92186284065,
            "var": 28.22057724
        },
        "barkbands_flatness_db": {
            "dmean": 0.0298659577966,
            "dmean2": 0.0448441803455,
            "dvar": 0.00117210054304,
            "dvar2": 0.00243102386594,
            "max": 0.704328775406,
            "mean": 0.135297164321,
            "median": 0.118502140045,
            "min": 0.0128446035087,
            "var": 0.00715438369662
        },
        "barkbands_kurtosis": {
            "dmean": 4.86044740677,
            "dmean2": 7.71404647827,
            "dvar": 107.678260803,
            "dvar2": 254.138809204,
            "max": 195.123306274,
            "mean": 6.10019922256,
            "median": 1.72328710556,
            "min": -1.93832802773,
            "var": 174.360061646
        },
        "barkbands_skewness": {
            "dmean": 0.780202627182,
            "dmean2": 1.15313410759,
            "dvar": 0.874362170696,
            "dvar2": 1.77038538456,
            "max": 13.5253477097,
            "mean": 1.62655365467,
            "median": 1.3882586956,
            "min": -6.31538105011,
            "var": 2.868029356
        },
        "barkbands_spread": {
            "dmean": 7.44875860214,
            "dmean2": 11.5877904892,
            "dvar": 87.5001983643,
            "dvar2": 195.304931641,
            "max": 110.602165222,
            "mean": 24.717622757,
            "median": 21.5113677979,
            "min": 0.465477198362,
            "var": 262.818328857
        },
        "dissonance": {
            "dmean": 0.0172427073121,
            "dmean2": 0.0282692294568,
            "dvar": 0.000444195378805,
            "dvar2": 0.00117360439617,
            "max": 0.500000059605,
            "mean": 0.467651724815,
            "median": 0.475863903761,
            "min": 0.0991936773062,
            "var": 0.0010409821989
        },
        "dynamic_complexity": 2.91953754425,
        "erbbands": {
            "dmean": [
                0.170578256249,
                1.6420135498,
                4.10882759094,
                4.1444067955,
                3.04782247543,
                5.10488176346,
                6.54600191116,
                12.7435121536,
                11.9039878845,
                12.4127702713,
                12.6515665054,
                14.533665657,
                13.9335393906,
                13.2854404449,
                11.7301836014,
                15.5569696426,
                19.4820919037,
                26.4761104584,
                24.1002140045,
                17.571893692,
                16.2986927032,
                12.3704204559,
                11.4226951599,
                13.4632730484,
                11.1462240219,
                9.26128292084,
                8.93982410431,
                5.86944293976,
                4.46997594833,
                4.06194067001,
                4.50808906555,
                3.41089177132,
                2.20971679688,
                1.05783736706,
                0.517622947693,
                0.249506101012,
                0.0924294516444,
                0.0275265481323,
                0.00128088821657,
                3.27654342982e-05
            ],
            "dmean2": [
                0.266972512007,
                2.71881580353,
                7.29219245911,
                7.4614315033,
                5.21468305588,
                8.40111255646,
                10.5437116623,
                20.2692508698,
                19.6705207825,
                19.9182987213,
                19.948381424,
                22.5061454773,
                21.4969558716,
                20.5935287476,
                17.5929679871,
                24.5829429626,
                30.2566375732,
                42.2271728516,
                38.2518539429,
                27.7099819183,
                25.5517883301,
                18.7620830536,
                17.3208217621,
                21.7360649109,
                16.8956565857,
                14.5611162186,
                14.313539505,
                8.42116165161,
                6.40776538849,
                5.80229043961,
                6.36111068726,
                4.74957370758,
                3.14773178101,
                1.51781654358,
                0.723691046238,
                0.360391825438,
                0.13857614994,
                0.0427390746772,
                0.00208545313217,
                5.15218671353e-05
            ],
            "dvar": [
                0.125177904963,
                11.4558973312,
                151.393966675,
                137.418838501,
                38.0294036865,
                113.439865112,
                118.939674377,
                660.162719727,
                768.525268555,
                890.078918457,
                1007.48248291,
                1186.30297852,
                1334.32922363,
                1592.52868652,
                1101.90673828,
                1619.59899902,
                1634.65075684,
                2529.99609375,
                1716.07800293,
                1133.71179199,
                1023.72344971,
                652.34173584,
                434.14440918,
                833.791320801,
                725.461608887,
                400.433502197,
                304.462615967,
                191.465820312,
                86.6429290771,
                92.7975692749,
                169.943862915,
                151.052536011,
                64.8750991821,
                9.99737930298,
                1.39881050587,
                0.308891355991,
                0.028448395431,
                0.00259200460277,
                6.07834044786e-06,
                2.4197073234e-09
            ],
            "dvar2": [
                0.285397350788,
                26.9978580475,
                425.774200439,
                395.894195557,
                105.591659546,
                286.272644043,
                294.302978516,
                1633.6895752,
                1842.60839844,
                2174.14404297,
                2349.13574219,
                2646.05419922,
                3105.47680664,
                3861.84082031,
                2205.31079102,
                3637.78198242,
                3377.65039062,
                5609.10058594,
                3989.59545898,
                2493.79736328,
                2323.94116211,
                1373.0324707,
                946.831115723,
                2086.265625,
                1571.36999512,
                956.875732422,
                759.000671387,
                405.890441895,
                165.16746521,
                169.577316284,
                342.441925049,
                292.043426514,
                125.443893433,
                19.3646144867,
                2.47014117241,
                0.521916270256,
                0.0600618571043,
                0.00591281475499,
                1.55785728566e-05,
                5.68478286667e-09
            ],
            "max": [
                3.10110378265,
                29.6242256165,
                100.375831604,
                102.834533691,
                68.7413101196,
                181.307800293,
                184.82069397,
                390.645965576,
                591.758483887,
                563.295349121,
                901.512756348,
                724.916137695,
                907.149841309,
                1106.5098877,
                2447.82788086,
                1128.47888184,
                2023.01965332,
                1773.33666992,
                870.187133789,
                724.515930176,
                672.151916504,
                873.487548828,
                591.774047852,
                482.793365479,
                1322.76123047,
                606.755310059,
                263.096984863,
                270.298187256,
                272.147949219,
                232.749954224,
                404.334289551,
                446.586914062,
                247.662811279,
                85.5560836792,
                42.2218894958,
                29.6846866608,
                4.39551115036,
                0.660684525967,
                0.0323598571122,
                0.000619280559476
            ],
            "mean": [
                0.280848622322,
                2.81735801697,
                4.42289400101,
                4.41209506989,
                4.27954483032,
                7.84477424622,
                11.5128393173,
                20.0315494537,
                17.0594081879,
                16.3608283997,
                19.4079818726,
                21.9755001068,
                21.1768684387,
                21.4711494446,
                20.6636924744,
                23.549407959,
                32.7688217163,
                42.9335327148,
                38.4134292603,
                28.9482879639,
                26.1329803467,
                21.7691173553,
                21.4772262573,
                22.9238052368,
                20.172454834,
                17.2297973633,
                16.006980896,
                10.7706890106,
                8.83074378967,
                7.38610029221,
                7.76902198792,
                5.78024435043,
                3.84530997276,
                2.03847408295,
                1.04771578312,
                0.491999983788,
                0.174533084035,
                0.0508532561362,
                0.00203919247724,
                7.78693429311e-05
            ],
            "median": [
                0.0260067433119,
                0.174732223153,
                0.771520793438,
                1.53418385983,
                2.21897292137,
                3.86172699928,
                6.69611263275,
                8.32924461365,
                6.88571119308,
                5.85428190231,
                7.64814472198,
                7.90784358978,
                7.76602125168,
                6.3934674263,
                6.45372533798,
                8.82323646545,
                14.8758144379,
                19.5590667725,
                18.3999519348,
                13.5742778778,
                10.6430931091,
                8.95846652985,
                9.86218929291,
                8.08512973785,
                6.09318733215,
                5.12722206116,
                5.31875371933,
                3.72179460526,
                3.48512220383,
                2.39805150032,
                2.07532739639,
                1.32478106022,
                1.01800382137,
                0.652648389339,
                0.355357676744,
                0.172834128141,
                0.0617568865418,
                0.0162682402879,
                0.000502311100718,
                5.41951485502e-05
            ],
            "min": [
                9.27221705877e-22,
                1.46838533557e-20,
                2.42431305617e-20,
                2.67818108696e-20,
                1.17333682885e-19,
                2.24502711909e-19,
                2.72032044617e-19,
                4.3790967478e-19,
                5.75896842638e-19,
                9.83328737556e-19,
                3.09963331844e-18,
                1.60687206236e-18,
                3.77178684252e-18,
                4.23892385857e-18,
                4.35058538304e-18,
                6.89394821814e-18,
                8.42830373434e-18,
                1.11715911604e-17,
                1.1166240129e-17,
                8.99515654605e-18,
                1.43443011297e-17,
                8.007957844e-18,
                9.2600495567e-18,
                7.24345187928e-18,
                1.2603840329e-17,
                1.43618704459e-17,
                1.46981044756e-17,
                1.84450208923e-17,
                1.87770081768e-17,
                1.73336144038e-17,
                1.73916527043e-17,
                1.88878387983e-17,
                1.35139921201e-17,
                1.35239050525e-17,
                1.09540558942e-17,
                6.38202557578e-18,
                2.8383284105e-18,
                1.44337257645e-18,
                3.15771726897e-19,
                3.38696468887e-20
            ],
            "var": [
                0.183696880937,
                16.4054985046,
                108.303451538,
                88.0422210693,
                39.1951751709,
                160.890518188,
                225.970733643,
                1052.04455566,
                1282.68725586,
                1089.5859375,
                1719.41711426,
                2014.48376465,
                2094.18798828,
                3478.90405273,
                4498.99511719,
                3041.66357422,
                4408.0703125,
                7157.67041016,
                3105.29223633,
                2243.453125,
                2041.20251465,
                1484.97351074,
                1081.62304688,
                1745.71289062,
                1694.29907227,
                1019.03662109,
                785.465820312,
                492.478820801,
                284.285339355,
                235.708251953,
                357.16293335,
                321.205474854,
                133.788528442,
                24.6629390717,
                4.37206220627,
                0.839022755623,
                0.0657051950693,
                0.00570110231638,
                1.04109558379e-05,
                5.19734655313e-09
            ]
        },
        "erbbands_crest": {
            "dmean": 2.57763266563,
            "dmean2": 4.17479753494,
            "dvar": 6.49648141861,
            "dvar2": 15.6035385132,
            "max": 31.7094173431,
            "mean": 8.16458702087,
            "median": 7.07382678986,
            "min": 2.18203186989,
            "var": 17.2014904022
        },
        "erbbands_flatness_db": {
            "dmean": 0.0212548226118,
            "dmean2": 0.0301545429975,
            "dvar": 0.000562453642488,
            "dvar2": 0.00108224875294,
            "max": 0.541471302509,
            "mean": 0.145425677299,
            "median": 0.130155101418,
            "min": 0.0381844080985,
            "var": 0.00393009092659
        },
        "erbbands_kurtosis": {
            "dmean": 1.07911491394,
            "dmean2": 1.63174843788,
            "dvar": 5.05693912506,
            "dvar2": 8.9521074295,
            "max": 91.2038879395,
            "mean": 0.63501304388,
            "median": -0.0856566429138,
            "min": -1.84415125847,
            "var": 15.2811441422
        },
        "erbbands_skewness": {
            "dmean": 0.412628024817,
            "dmean2": 0.619947552681,
            "dvar": 0.199031084776,
            "dvar2": 0.428865045309,
            "max": 7.31436824799,
            "mean": 0.119514107704,
            "median": 0.131229758263,
            "min": -4.93283081055,
            "var": 0.688694894314
        },
        "erbbands_spread": {
            "dmean": 10.4794683456,
            "dmean2": 15.3811168671,
            "dvar": 137.846588135,
            "dvar2": 289.913665771,
            "max": 183.684188843,
            "mean": 41.3706512451,
            "median": 38.7088661194,
            "min": 1.37676537037,
            "var": 449.882171631
        },
        "gfcc": {
            "cov": [
                [
                    19071.6035156,
                    -695.243164062,
                    -1031.20593262,
                    367.353393555,
                    -102.394302368,
                    416.095458984,
                    -146.666915894,
                    292.935150146,
                    -195.428375244,
                    411.70223999,
                    -230.639862061,
                    126.078453064,
                    -262.947113037
                ],
                [
                    -695.243164062,
                    3077.17358398,
                    802.980651855,
                    182.49772644,
                    546.252441406,
                    113.30606842,
                    496.094818115,
                    58.636013031,
                    363.928924561,
                    -140.93939209,
                    202.177078247,
                    -124.66834259,
                    165.097076416
                ],
                [
                    -1031.20593262,
                    802.980651855,
                    1591.09118652,
                    475.764099121,
                    329.045227051,
                    206.786270142,
                    292.577880859,
                    80.6034317017,
                    153.614242554,
                    83.2344207764,
                    28.6857471466,
                    43.1880378723,
                    14.7439851761
                ],
                [
                    367.353393555,
                    182.49772644,
                    475.764099121,
                    837.775512695,
                    254.17956543,
                    205.541717529,
                    218.695907593,
                    117.162521362,
                    127.10193634,
                    73.1483840942,
                    34.4194564819,
                    17.186378479,
                    37.3422889709
                ],
                [
                    -102.394302368,
                    546.252441406,
                    329.045227051,
                    254.17956543,
                    507.471099854,
                    230.999923706,
                    274.998657227,
                    103.347457886,
                    144.584716797,
                    63.2513465881,
                    51.1710395813,
                    20.1509189606,
                    22.0877857208
                ],
                [
                    416.095458984,
                    113.30606842,
                    206.786270142,
                    205.541717529,
                    230.999923706,
                    399.883728027,
                    221.984283447,
                    93.0800857544,
                    83.3284301758,
                    69.7660140991,
                    29.6451225281,
                    20.8244743347,
                    -1.57373023033
                ],
                [
                    -146.666915894,
                    496.094818115,
                    292.577880859,
                    218.695907593,
                    274.998657227,
                    221.984283447,
                    392.426300049,
                    114.964988708,
                    119.597221375,
                    38.6213684082,
                    57.0578460693,
                    -1.77479457855,
                    10.5091047287
                ],
                [
                    292.935150146,
                    58.636013031,
                    80.6034317017,
                    117.162521362,
                    103.347457886,
                    93.0800857544,
                    114.964988708,
                    183.23550415,
                    74.0878067017,
                    42.1570358276,
                    27.7695980072,
                    13.8977413177,
                    13.3399085999
                ],
                [
                    -195.428375244,
                    363.928924561,
                    153.614242554,
                    127.10193634,
                    144.584716797,
                    83.3284301758,
                    119.597221375,
                    74.0878067017,
                    171.233566284,
                    29.853811264,
                    46.5449714661,
                    -0.320947259665,
                    31.5224952698
                ],
                [
                    411.70223999,
                    -140.93939209,
                    83.2344207764,
                    73.1483840942,
                    63.2513465881,
                    69.7660140991,
                    38.6213684082,
                    42.1570358276,
                    29.853811264,
                    142.085220337,
                    21.6252422333,
                    44.2230758667,
                    -11.0615196228
                ],
                [
                    -230.639862061,
                    202.177078247,
                    28.6857471466,
                    34.4194564819,
                    51.1710395813,
                    29.6451225281,
                    57.0578460693,
                    27.7695980072,
                    46.5449714661,
                    21.6252422333,
                    125.456718445,
                    26.2470188141,
                    30.7746696472
                ],
                [
                    126.078453064,
                    -124.66834259,
                    43.1880378723,
                    17.186378479,
                    20.1509189606,
                    20.8244743347,
                    -1.77479457855,
                    13.8977413177,
                    -0.320947259665,
                    44.2230758667,
                    26.2470188141,
                    96.9850769043,
                    20.8825569153
                ],
                [
                    -262.947113037,
                    165.097076416,
                    14.7439851761,
                    37.3422889709,
                    22.0877857208,
                    -1.57373023033,
                    10.5091047287,
                    13.3399085999,
                    31.5224952698,
                    -11.0615196228,
                    30.7746696472,
                    20.8825569153,
                    93.3704147339
                ]
            ],
            "icov": [
                [
                    8.44011228764e-05,
                    -0.000130880711367,
                    0.000129758511321,
                    -0.000113408212201,
                    0.000103544982267,
                    -0.000148705570609,
                    0.000147823287989,
                    -0.000221630427404,
                    0.000237164102145,
                    -0.000322684791172,
                    0.000285634043394,
                    -0.000271246477496,
                    0.000330226583173
                ],
                [
                    -0.000130880711367,
                    0.00112021202222,
                    -0.00055207539117,
                    0.000488238234539,
                    -0.000737613125239,
                    0.00061288807774,
                    -0.000865690119099,
                    0.000872872245964,
                    -0.0014233130496,
                    0.001420313376,
                    -0.00138507771771,
                    0.00171233748551,
                    -0.00157754134852
                ],
                [
                    0.000129758511321,
                    -0.00055207539117,
                    0.00118888472207,
                    -0.000633279385511,
                    0.000202934941626,
                    -0.000308144983137,
                    9.634050366e-05,
                    -0.000261630571913,
                    0.000427268299973,
                    -0.000937015807722,
                    0.00104970985558,
                    -0.00131899456028,
                    0.00107423041482
                ],
                [
                    -0.000113408212201,
                    0.000488238234539,
                    -0.000633279385511,
                    0.00196396862157,
                    -0.000556567218155,
                    1.50048781506e-05,
                    -0.000570307776798,
                    9.05488777789e-05,
                    -0.000891880015843,
                    0.000366747553926,
                    -0.000539766449947,
                    0.00107603322249,
                    -0.00140317191835
                ],
                [
                    0.000103544982267,
                    -0.000737613125239,
                    0.000202934941626,
                    -0.000556567218155,
                    0.00433866586536,
                    -0.00123483489733,
                    -0.000980804325081,
                    -0.000484868622152,
                    -0.000491890474223,
                    -0.0012763714185,
                    0.00106215372216,
                    -0.00156752672046,
                    0.000934238545597
                ],
                [
                    -0.000148705570609,
                    0.00061288807774,
                    -0.000308144983137,
                    1.50048781506e-05,
                    -0.00123483489733,
                    0.0046237045899,
                    -0.00208149431273,
                    0.000224099785555,
                    -0.000802959199063,
                    2.69553856924e-05,
                    -0.000577405327931,
                    0.000569054740481,
                    -0.000550203956664
                ],
                [
                    0.000147823287989,
                    -0.000865690119099,
                    9.634050366e-05,
                    -0.000570307776798,
                    -0.000980804325081,
                    -0.00208149431273,
                    0.00631334306672,
                    -0.00216090190224,
                    0.000514322891831,
                    -0.00051329343114,
                    -0.000196949666133,
                    -0.000279744301224,
                    0.0018479921855
                ],
                [
                    -0.000221630427404,
                    0.000872872245964,
                    -0.000261630571913,
                    9.05488777789e-05,
                    -0.000484868622152,
                    0.000224099785555,
                    -0.00216090190224,
                    0.00860915705562,
                    -0.00326414988376,
                    0.000210581289139,
                    -0.00114077271428,
                    0.000862406275701,
                    -0.00172069796827
                ],
                [
                    0.000237164102145,
                    -0.0014233130496,
                    0.000427268299973,
                    -0.000891880015843,
                    -0.000491890474223,
                    -0.000802959199063,
                    0.000514322891831,
                    -0.00326414988376,
                    0.0118815023452,
                    -0.00299062673002,
                    -6.13197044004e-05,
                    8.27917538118e-05,
                    -0.00037877226714
                ],
                [
                    -0.000322684791172,
                    0.001420313376,
                    -0.000937015807722,
                    0.000366747553926,
                    -0.0012763714185,
                    2.69553856924e-05,
                    -0.00051329343114,
                    0.000210581289139,
                    -0.00299062673002,
                    0.0121530769393,
                    -0.0027908498887,
                    -0.00214240234345,
                    0.000759674585424
                ],
                [
                    0.000285634043394,
                    -0.00138507771771,
                    0.00104970985558,
                    -0.000539766449947,
                    0.00106215372216,
                    -0.000577405327931,
                    -0.000196949666133,
                    -0.00114077271428,
                    -6.13197044004e-05,
                    -0.0027908498887,
                    0.0121384384111,
                    -0.00445436080918,
                    -8.67478156579e-05
                ],
                [
                    -0.000271246477496,
                    0.00171233748551,
                    -0.00131899456028,
                    0.00107603322249,
                    -0.00156752672046,
                    0.000569054740481,
                    -0.000279744301224,
                    0.000862406275701,
                    8.27917538118e-05,
                    -0.00214240234345,
                    -0.00445436080918,
                    0.0168781038374,
                    -0.00631345622241
                ],
                [
                    0.000330226583173,
                    -0.00157754134852,
                    0.00107423041482,
                    -0.00140317191835,
                    0.000934238545597,
                    -0.000550203956664,
                    0.0018479921855,
                    -0.00172069796827,
                    -0.00037877226714,
                    0.000759674585424,
                    -8.67478156579e-05,
                    -0.00631345622241,
                    0.0162870064378
                ]
            ],
            "mean": [
                -6.02229833603,
                62.2789726257,
                -110.302940369,
                24.5858631134,
                -55.1390151978,
                11.1099996567,
                -42.7265930176,
                5.01508760452,
                -24.1453285217,
                8.0708694458,
                -15.9432487488,
                2.33081555367,
                -13.1993656158
            ]
        },
        "hfc": {
            "dmean": 8.8684720993,
            "dmean2": 12.4187507629,
            "dvar": 177.3099823,
            "dvar2": 325.751861572,
            "max": 253.031402588,
            "mean": 25.9571228027,
            "median": 17.8134937286,
            "min": 1.20130858026e-16,
            "var": 735.87677002
        },
        "melbands": {
            "dmean": [
                0.00162680237554,
                0.00215182825923,
                0.000687280320562,
                0.000269345153356,
                0.000226132353419,
                0.000269812677288,
                0.000186339137144,
                0.000130706175696,
                0.000103257734736,
                9.62492558756e-05,
                7.06046266714e-05,
                5.63523281016e-05,
                3.7528519897e-05,
                5.1082304708e-05,
                3.83652295568e-05,
                5.15113861184e-05,
                4.90616039315e-05,
                4.01108482038e-05,
                3.06047477352e-05,
                2.03591134778e-05,
                2.00486811082e-05,
                1.28349029183e-05,
                1.36191156344e-05,
                1.22026194731e-05,
                1.14885815492e-05,
                1.00671268228e-05,
                6.27897861705e-06,
                6.67719950798e-06,
