{
    "lowlevel": {
        "average_loudness": 0.933290183544,
        "barkbands": {
            "dmean": [
                0.000762487063184,
                0.00776723027229,
                0.00359140965156,
                0.00187804829329,
                0.00236449413933,
                0.00118449807633,
                0.00152179168072,
                0.00136756687425,
                0.000998236821033,
                0.00114244909491,
                0.000520528294146,
                0.000461607764009,
                0.000375829753466,
                0.0002492616768,
                0.000288489507511,
                0.000294273049803,
                0.000190856022527,
                6.69031069265e-05,
                3.77417709387e-05,
                2.82105793303e-05,
                3.93762456952e-05,
                6.55048715998e-05,
                0.000108673521027,
                0.000110381508421,
                9.16702265386e-05,
                0.000141038210131,
                5.57794628548e-05
            ],
            "dmean2": [
                0.00114445551299,
                0.0124839274213,
                0.00535184470937,
                0.00320742861368,
                0.00404484057799,
                0.0018979528686,
                0.00241961609572,
                0.00217000674456,
                0.00161663524341,
                0.00181264011189,
                0.000809660647064,
                0.000724874553271,
                0.000612090865616,
                0.000401752331527,
                0.000475368695334,
                0.00048038631212,
                0.000317750731483,
                0.000106486608274,
                5.98413025727e-05,
                4.31693661085e-05,
                5.73681354581e-05,
                9.28300360101e-05,
                0.000155258079758,
                0.000154674708028,
                0.000136397517053,
                0.000207092511118,
                8.70977091836e-05
            ],
            "dvar": [
                1.48916376475e-06,
                0.000235930740018,
                9.99614057946e-05,
                3.18424899888e-05,
                2.63127767539e-05,
                4.8581896408e-06,
                1.07591276901e-05,
                1.5249612261e-05,
                7.33150818633e-06,
                1.08635349534e-05,
                2.57876968135e-06,
                1.5365623085e-06,
                8.14617123979e-07,
                4.43121166427e-07,
                3.91140162037e-07,
                4.08421499287e-07,
                3.51893959305e-07,
                2.10361026376e-08,
                6.07533090502e-09,
                5.23420595755e-09,
                8.09889577624e-09,
                2.14805719878e-08,
                5.44572351657e-08,
                7.92304248876e-08,
                5.8070792619e-08,
                1.24266463786e-07,
                1.65478795111e-08
            ],
            "dvar2": [
                3.15460033562e-06,
                0.000640442362055,
                0.000189110869542,
                8.11828285805e-05,
                7.2187918704e-05,
                1.18700600069e-05,
                2.57606752712e-05,
                3.56407217623e-05,
                1.87946952792e-05,
                2.64464251813e-05,
                5.41046119906e-06,
                3.50193272425e-06,
                2.02360956791e-06,
                9.3903514653e-07,
                9.82890924206e-07,
                1.05286130747e-06,
                9.38428854624e-07,
                4.94528542561e-08,
                1.42617402332e-08,
                1.17148122314e-08,
                1.68541909318e-08,
                4.5133184301e-08,
                1.09732205544e-07,
                1.57746441687e-07,
                1.22297890925e-07,
                3.00667181818e-07,
                3.91260819299e-08
            ],
            "max": [
                0.0200150981545,
                0.175533905625,
                0.145597532392,
                0.134267657995,
                0.0680935829878,
                0.0397841259837,
                0.0469247698784,
                0.0727516785264,
                0.0606335774064,
                0.0655689910054,
                0.0389500483871,
                0.0250439662486,
                0.0264533627778,
                0.0299143474549,
                0.017626857385,
                0.0125895347446,
                0.00978325307369,
                0.0029096279759,
                0.00172229181044,
                0.00139325053897,
                0.00160191068426,
                0.00247356761247,
                0.00552258454263,
                0.0101330410689,
                0.00278800120577,
                0.00374740199186,
                0.00204587588087
            ],
            "mean": [
                0.00109917309601,
                0.0134989358485,
                0.00481811817735,
                0.00221326784231,
                0.00357193499804,
                0.00210659718141,
                0.0022776122205,
                0.00234598782845,
                0.00150923116598,
                0.00198020297103,
                0.00083071476547,
                0.000676657422446,
                0.000605019216891,
                0.000422151410021,
                0.000462141731987,
                0.000442487362307,
                0.000256224069744,
                0.000113071393571,
                6.46977277938e-05,
                4.75792585348e-05,
                6.48922723485e-05,
                0.000113393289212,
                0.000212487168028,
                0.000184484742931,
                0.000140196585562,
                0.000157338785357,
                6.41493679723e-05
            ],
            "median": [
                0.000504905299749,
                0.00529128592461,
                0.00141435489058,
                0.000853882811498,
                0.00194822088815,
                0.00102431944106,
                0.000715527043212,
                0.000615800963715,
                0.000491373240948,
                0.000378546159482,
                0.000244876922807,
                0.000227129261475,
                0.000240339897573,
                0.000173170337803,
                0.0001826389489,
                0.000115876500786,
                6.87406936777e-05,
                3.68262990378e-05,
                2.53532907664e-05,
                1.54079207277e-05,
                1.72837444552e-05,
                3.19663704431e-05,
                6.518830196e-05,
                3.89826855098e-05,
                2.13352468563e-05,
                1.67667876667e-05,
                1.63853983395e-05
            ],
            "min": [
                4.73969325532e-25,
                4.50104034895e-24,
                1.95043117524e-24,
                2.07672031199e-24,
                9.66003565793e-24,
                8.97236588533e-24,
                8.0326653087e-24,
                4.79471985333e-24,
                2.61470297841e-23,
                1.57946519304e-23,
                1.59152892732e-23,
                2.5047886219e-23,
                3.12111838963e-23,
                3.58684514422e-23,
                5.24520084541e-23,
                4.79504588954e-23,
                7.14463370141e-23,
                7.669230621e-23,
                9.92464832008e-23,
                2.1016043376e-22,
                2.51517533256e-22,
                3.18829178898e-22,
                3.5259583352e-22,
                6.4532598482e-22,
                9.26517713784e-22,
                1.42141597667e-21,
                1.83908644825e-21
            ],
            "var": [
                2.8965389447e-06,
                0.000451641826658,
                0.000136236762046,
                2.76173923339e-05,
                2.69101237791e-05,
                9.01252678887e-06,
                1.90004830074e-05,
                3.5553064663e-05,
                1.17003055493e-05,
                2.89878498734e-05,
                5.86925671087e-06,
                2.98122154163e-06,
                1.64011771631e-06,
                1.16283024454e-06,
                7.24484038983e-07,
                7.36862148187e-07,
                4.12821776763e-07,
                4.27502406808e-08,
                1.25086607738e-08,
                9.23341136883e-09,
                1.68406888434e-08,
                4.67506069413e-08,
                1.43914164141e-07,
                1.70351668771e-07,
                1.05193279865e-07,
                1.38021960083e-07,
                1.82675314875e-08
            ]
        },
        "barkbands_crest": {
            "dmean": 2.67731499672,
            "dmean2": 4.31487321854,
            "dvar": 6.42334747314,
            "dvar2": 16.1770839691,
            "max": 25.321018219,
            "mean": 11.4971466064,
            "median": 10.8385896683,
            "min": 2.67487597466,
            "var": 21.7779140472
        },
        "barkbands_flatness_db": {
            "dmean": 0.0217308141291,
            "dmean2": 0.0332390293479,
            "dvar": 0.000461857882328,
            "dvar2": 0.00106805749238,
            "max": 0.410962790251,
            "mean": 0.141951352358,
            "median": 0.137920215726,
            "min": 0.0135880010203,
            "var": 0.00319621898234
        },
        "barkbands_kurtosis": {
            "dmean": 4.46878576279,
            "dmean2": 7.01548433304,
            "dvar": 107.332504272,
            "dvar2": 269.382049561,
            "max": 414.437255859,
            "mean": 8.08326244354,
            "median": 4.08556747437,
            "min": -1.90610361099,
            "var": 257.856231689
        },
        "barkbands_skewness": {
            "dmean": 0.610268771648,
            "dmean2": 0.93544948101,
            "dvar": 0.479518502951,
            "dvar2": 1.14570689201,
            "max": 16.7706546783,
            "mean": 2.00894546509,
            "median": 1.77202248573,
            "min": -2.57257127762,
            "var": 2.14728069305
        },
        "barkbands_spread": {
            "dmean": 5.46900510788,
            "dmean2": 8.4139585495,
            "dvar": 57.1450309753,
            "dvar2": 123.687927246,
            "max": 110.022789001,
            "mean": 18.9755058289,
            "median": 15.306019783,
            "min": 0.422368258238,
            "var": 205.032791138
        },
        "dissonance": {
            "dmean": 0.0265643279999,
            "dmean2": 0.044363386929,
            "dvar": 0.000646114116535,
            "dvar2": 0.0017659686273,
            "max": 0.500000119209,
            "mean": 0.446715086699,
            "median": 0.455864071846,
            "min": 0.225877448916,
            "var": 0.0015298059443
        },
        "dynamic_complexity": 3.56629920006,
        "erbbands": {
            "dmean": [
                0.29905962944,
                1.61565804482,
                3.97225618362,
                6.1180305481,
                7.08372211456,
                8.07952213287,
                6.76102685928,
                11.7245492935,
                19.8175392151,
                25.5753803253,
                25.6590385437,
                24.8420810699,
                28.1721839905,
                29.8170070648,
                20.0428123474,
                18.8841342926,
                16.6757011414,
                12.3710126877,
                15.8642721176,
                11.5772151947,
                15.1631126404,
                9.58627605438,
                4.23970079422,
                2.49432969093,
                1.52786123753,
                1.23180401325,
                1.3536785841,
                1.89733409882,
                2.34996080399,
                2.72257232666,
                3.22518992424,
                2.44748163223,
                1.82935523987,
                0.989814162254,
                0.761404752731,
                0.540214955807,
                0.269302248955,
                0.0803089439869,
                0.00819213781506,
                0.000491758110002
            ],
            "dmean2": [
                0.47732770443,
                2.5722193718,
                5.74205541611,
                10.2422924042,
                12.2845859528,
                13.64494133,
                10.994348526,
                18.7837543488,
                31.3626098633,
                41.072769165,
                39.4921836853,
                39.9868812561,
                44.7216072083,
                45.8440971375,
                31.1095924377,
                29.6012592316,
                26.9242610931,
                19.6708717346,
                25.814907074,
                18.7119674683,
                24.8033370972,
                15.7825164795,
                6.79732036591,
                3.94935703278,
                2.36306786537,
                1.86938464642,
                1.99024379253,
                2.77019453049,
                3.37906217575,
                3.96662998199,
                4.62303972244,
                3.42700409889,
                2.58069634438,
                1.3574757576,
                1.16541779041,
                0.818139612675,
                0.399500906467,
                0.121376417577,
                0.0127271059901,
                0.000779609952588
            ],
            "dvar": [
                0.379204660654,
                10.8467979431,
                108.197631836,
                390.111022949,
                277.656280518,
                307.045776367,
                155.639831543,
                588.169921875,
                1919.08935547,
                3838.93310547,
                6300.44091797,
                4691.93847656,
                7310.99658203,
                7322.69482422,
                3614.06811523,
                2550.83203125,
                1567.54614258,
                968.374267578,
                1413.29956055,
                507.332092285,
                1297.36999512,
                935.66027832,
                97.3537216187,
                24.2193622589,
                11.261592865,
                10.3682546616,
                9.54689502716,
                21.1452865601,
                30.7361717224,
                31.1820926666,
                51.7713890076,
                41.0260276794,
                20.4862232208,
                5.12550210953,
                5.30470371246,
                2.80007910728,
                0.446588158607,
                0.0297140553594,
                0.000377530755941,
                1.46082800256e-06
            ],
            "dvar2": [
                0.939180731773,
                28.5383071899,
                202.122039795,
                982.028381348,
                746.393127441,
                830.100524902,
                388.645294189,
                1443.69372559,
                4620.21630859,
                9344.20019531,
                13591.3271484,
                12161.328125,
                17521.8574219,
                16848.9511719,
                7856.86669922,
                6073.7109375,
                3807.07470703,
                2022.80029297,
                3475.10717773,
                1266.72412109,
                3379.53198242,
                2513.28686523,
                236.747802734,
                56.7432899475,
                25.7150993347,
                23.4098491669,
                20.1818141937,
                45.5257873535,
                67.3582382202,
                66.9440536499,
                105.976478577,
                82.8381958008,
                41.9389343262,
                9.39215373993,
                12.5046358109,
                7.22470855713,
                1.10534441471,
                0.0685529708862,
                0.00089537340682,
                3.47877153217e-06
            ],
            "max": [
                8.20297241211,
                38.0340080261,
                147.566726685,
                319.087402344,
                231.093429565,
                287.730865479,
                257.21383667,
                477.065795898,
                779.78515625,
                1150.11999512,
                1865.89318848,
                1618.21435547,
                2253.06274414,
                2026.86584473,
                1526.07519531,
                1261.22143555,
                1211.04455566,
                1633.26586914,
                999.06854248,
                504.020507812,
                739.489501953,
                458.672943115,
                181.744186401,
                99.1605834961,
                82.4523925781,
                70.2316207886,
                63.056438446,
                73.8017196655,
                100.052009583,
                104.332244873,
                169.920318604,
                220.438293457,
                133.226898193,
                40.045589447,
                27.2938022614,
                18.9124202728,
                8.38235282898,
                2.76440262794,
                0.355329066515,
                0.0156193599105
            ],
            "mean": [
                0.470726817846,
                2.66389870644,
                5.67642498016,
                7.05503511429,
                9.25966835022,
                12.464632988,
                12.0604467392,
                20.1498889923,
                32.6118469238,
                41.0081062317,
                44.4816360474,
                39.5712852478,
                44.5169258118,
                56.7874526978,
                35.4091529846,
                30.4517860413,
                28.6216087341,
                23.3846569061,
                27.2434368134,
                19.9300422668,
                23.1263751984,
                13.587392807,
                7.17235612869,
                4.48494911194,
                2.69576120377,
                2.12648844719,
                2.34135484695,
                3.02708888054,
                3.93202829361,
                5.20868492126,
                6.07586765289,
                4.15869140625,
                2.99045801163,
                1.61099183559,
                0.998045504093,
                0.567051589489,
                0.297448933125,
                0.0939561128616,
                0.00972311384976,
                0.000564583577216
            ],
            "median": [
                0.141911953688,
                1.06202661991,
                1.99821233749,
                2.93015170097,
                4.26595783234,
                5.77953481674,
                6.22868013382,
                8.97073173523,
                10.6938753128,
                15.1917552948,
                13.4596529007,
                14.106628418,
                11.8443555832,
                13.2745819092,
                12.4694375992,
                11.8472042084,
                11.9944143295,
                11.261715889,
                10.7326555252,
                8.89097595215,
                5.96034574509,
                3.69384670258,
                2.38466191292,
                1.71673572063,
                1.03258025646,
                0.75618904829,
                0.693000614643,
                0.784006237984,
                1.03355109692,
                1.62924110889,
                1.76143145561,
                0.93950599432,
                0.579797148705,
                0.321633398533,
                0.101856544614,
                0.0386829413474,
                0.033811930567,
                0.0179750733078,
                0.00253721163608,
                0.000193295956706
            ],
            "min": [
                1.1598974037e-22,
                1.01733451139e-21,
                3.181766584e-21,
                8.76907334403e-21,
                1.68240797931e-20,
                2.64835460197e-20,
                4.32150171271e-20,
                1.23220598057e-19,
                1.72111935343e-19,
                1.94244884541e-19,
                2.23925598335e-19,
                5.68589218914e-19,
                7.17411263725e-19,
                8.65875914813e-19,
                6.51905745343e-19,
                1.31275414029e-18,
                1.67129402584e-18,
                2.83398343754e-18,
                2.77184046004e-18,
                3.17959231876e-18,
                4.10773259982e-18,
                4.26749178179e-18,
                3.60870653039e-18,
                4.917052315e-18,
                7.6840521141e-18,
                8.66205670364e-18,
                7.86635279494e-18,
                1.30665817073e-17,
                1.27241926266e-17,
                1.0534736535e-17,
                1.09307897851e-17,
                1.35662674532e-17,
                1.0543245742e-17,
                8.82810576699e-18,
                6.93450695153e-18,
                4.64693814033e-18,
                2.4363016756e-18,
                1.0205397676e-18,
                2.23539201591e-19,
                2.86001154147e-20
            ],
            "var": [
                0.709912419319,
                18.340385437,
                159.792861938,
                326.667297363,
                248.53352356,
                404.759918213,
                322.041046143,
                989.746032715,
                3885.87280273,
                7086.1328125,
                15116.0234375,
                7774.18310547,
                12496.4433594,
                23490.6113281,
                9083.47363281,
                5282.65380859,
                3370.82666016,
                2852.00317383,
                3109.0222168,
                890.984008789,
                2326.63818359,
                1068.05932617,
                175.895645142,
                54.6956977844,
                23.6909122467,
                18.4793739319,
                19.7661876678,
                39.8146209717,
                60.1655502319,
                77.8905410767,
                129.577301025,
                86.907623291,
                42.9128494263,
                11.5514888763,
                7.33471918106,
                2.72447919846,
                0.476161062717,
                0.0369096808136,
                0.000435669324361,
                1.39215239869e-06
            ]
        },
        "erbbands_crest": {
            "dmean": 2.85033941269,
            "dmean2": 4.57588911057,
            "dvar": 7.92160606384,
            "dvar2": 18.8009414673,
            "max": 32.6477813721,
            "mean": 9.98986244202,
            "median": 8.48628616333,
            "min": 1.99690198898,
            "var": 28.2398929596
        },
        "erbbands_flatness_db": {
            "dmean": 0.0182602740824,
            "dmean2": 0.0261521805078,
            "dvar": 0.00034894712735,
            "dvar2": 0.000648888293654,
            "max": 0.338194966316,
            "mean": 0.142871782184,
            "median": 0.138820633292,
            "min": 0.0312291793525,
            "var": 0.00250408845022
        },
        "erbbands_kurtosis": {
            "dmean": 1.38723015785,
            "dmean2": 2.17090153694,
            "dvar": 4.83256340027,
            "dvar2": 11.2473974228,
            "max": 57.713973999,
            "mean": 1.92356991768,
            "median": 0.727901220322,
            "min": -1.75308132172,
            "var": 13.2306566238
        },
        "erbbands_skewness": {
            "dmean": 0.394907444715,
            "dmean2": 0.602653801441,
            "dvar": 0.145659446716,
            "dvar2": 0.322472691536,
            "max": 5.86880254745,
            "mean": 0.776867508888,
            "median": 0.693350255489,
            "min": -3.58635830879,
            "var": 0.630607008934
        },
        "erbbands_spread": {
            "dmean": 8.35597229004,
            "dmean2": 12.3298597336,
            "dvar": 98.2909622192,
            "dvar2": 196.309204102,
            "max": 142.104141235,
            "mean": 34.5276107788,
            "median": 30.6523895264,
            "min": 1.96052718163,
            "var": 369.364807129
        },
        "gfcc": {
            "cov": [
                [
                    15023.8154297,
                    -983.694213867,
                    148.159500122,
                    81.8443832397,
                    -408.741546631,
                    881.401733398,
                    -252.976776123,
                    259.649017334,
                    235.714767456,
                    125.635276794,
                    -113.543708801,
                    425.838348389,
                    -153.653320312
                ],
                [
                    -983.694213867,
                    1362.29638672,
                    -379.58114624,
                    60.9867210388,
                    146.558227539,
                    -238.463577271,
                    121.006118774,
                    -42.6700019836,
                    -21.7097606659,
                    -15.405295372,
                    82.4469909668,
                    -130.119842529,
                    70.9866790771
                ],
                [
                    148.159500122,
                    -379.58114624,
                    839.659729004,
                    -60.3182182312,
                    107.928962708,
                    217.891387939,
                    -34.3712539673,
                    44.7038993835,
                    67.5764312744,
                    54.2645835876,
                    -9.91621017456,
                    68.2045822144,
                    -88.3446807861
                ],
                [
                    81.8443832397,
                    60.9867210388,
                    -60.3182182312,
                    389.019805908,
                    111.062644958,
                    -3.17842698097,
                    29.3412361145,
                    63.7172164917,
                    11.7918233871,
                    18.0768642426,
                    16.8203697205,
                    8.92014980316,
                    48.4728431702
                ],
                [
                    -408.741546631,
                    146.558227539,
                    107.928962708,
                    111.062644958,
                    334.429840088,
                    41.6460227966,
                    98.7090606689,
                    64.483833313,
                    3.77761697769,
                    62.6231918335,
                    8.05589962006,
                    15.8479442596,
                    33.32995224
                ],
                [
                    881.401733398,
                    -238.463577271,
                    217.891387939,
                    -3.17842698097,
                    41.6460227966,
                    348.502075195,
                    66.2995910645,
                    70.4254226685,
                    94.2929611206,
                    45.9551620483,
                    30.2542476654,
                    74.0476608276,
                    -10.983417511
                ],
                [
                    -252.976776123,
                    121.006118774,
                    -34.3712539673,
                    29.3412361145,
                    98.7090606689,
                    66.2995910645,
                    179.345108032,
                    40.9585342407,
                    41.5598640442,
                    34.7685241699,
                    24.7457790375,
                    13.6165513992,
                    14.1328449249
                ],
                [
                    259.649017334,
                    -42.6700019836,
                    44.7038993835,
                    63.7172164917,
                    64.483833313,
                    70.4254226685,
                    40.9585342407,
                    158.004501343,
                    39.4333992004,
                    57.0247344971,
                    12.7963571548,
                    38.8413352966,
                    30.234872818
                ],
                [
                    235.714767456,
                    -21.7097606659,
                    67.5764312744,
                    11.7918233871,
                    3.77761697769,
                    94.2929611206,
                    41.5598640442,
                    39.4333992004,
                    155.65461731,
                    36.756893158,
                    47.2449302673,
                    47.0512008667,
                    8.97831630707
                ],
                [
                    125.635276794,
                    -15.405295372,
                    54.2645835876,
                    18.0768642426,
                    62.6231918335,
                    45.9551620483,
                    34.7685241699,
                    57.0247344971,
                    36.756893158,
                    130.541381836,
                    32.3377723694,
                    36.7082023621,
                    4.81581687927
                ],
                [
                    -113.543708801,
                    82.4469909668,
                    -9.91621017456,
                    16.8203697205,
                    8.05589962006,
                    30.2542476654,
                    24.7457790375,
                    12.7963571548,
                    47.2449302673,
                    32.3377723694,
                    100.295806885,
                    30.1846179962,
                    20.8195590973
                ],
                [
                    425.838348389,
                    -130.119842529,
                    68.2045822144,
                    8.92014980316,
                    15.8479442596,
                    74.0476608276,
                    13.6165513992,
                    38.8413352966,
                    47.0512008667,
                    36.7082023621,
                    30.1846179962,
                    117.276634216,
                    30.274936676
                ],
                [
                    -153.653320312,
                    70.9866790771,
                    -88.3446807861,
                    48.4728431702,
                    33.32995224,
                    -10.983417511,
                    14.1328449249,
                    30.234872818,
                    8.97831630707,
                    4.81581687927,
                    20.8195590973,
                    30.274936676,
                    103.607589722
                ]
            ],
            "icov": [
                [
                    0.000116620140034,
                    -8.3646584244e-05,
                    0.000132175089675,
                    -8.2181795733e-05,
                    0.000130118700326,
                    -0.000382635189453,
                    0.000338749494404,
                    -0.000125691949506,
                    -3.19927712553e-05,
                    -8.37457191665e-05,
                    0.000385797815397,
                    -0.000516191357747,
                    0.000369439891074
                ],
                [
                    -8.3646584244e-05,
                    0.00138236337807,
                    0.000188528254512,
                    0.000204885145649,
                    -0.000763493997511,
                    0.00101295602508,
                    -0.000901481253095,
                    0.000276702048723,
                    -0.000277113722404,
                    0.000261064618826,
                    -0.00164663477335,
                    0.00185103749391,
                    -0.000809183286037
                ],
                [
                    0.000132175089675,
                    0.000188528254512,
                    0.00221325131133,
                    0.000282404362224,
                    -0.0011489886092,
                    -0.00123875669669,
                    0.00160317798145,
                    -0.000297474325635,
                    -0.000641390797682,
                    -7.21286050975e-05,
                    0.000483559852,
                    -0.00114875694271,
                    0.00222580018453
                ],
                [
                    -8.2181795733e-05,
                    0.000204885145649,
                    0.000282404362224,
                    0.00322224455886,
                    -0.00127545220312,
                    0.000420634751208,
                    0.000124728074297,
                    -0.000937549571972,
                    -0.000276446022326,
                    0.000482447328977,
                    -0.000765593198594,
                    0.000699875410646,
                    -0.000866636168212
                ],
                [
                    0.000130118700326,
                    -0.000763493997511,
                    -0.0011489886092,
                    -0.00127545220312,
                    0.00547693856061,
                    -0.000462706171675,
                    -0.0020761564374,
                    -0.000493851315696,
                    0.00134231569245,
                    -0.00178586563561,
                    0.00154269102495,
                    -0.000664609367959,
                    -0.00119966408238
                ],
                [
                    -0.000382635189453,
                    0.00101295602508,
                    -0.00123875669669,
                    0.000420634751208,
                    -0.000462706171675,
                    0.00628218799829,
                    -0.00298876152374,
                    -0.000545958522707,
                    -0.00136434833985,
                    0.000680998084135,
                    -0.00218936963938,
                    0.000951497582719,
                    -0.000884228211362
                ],
                [
                    0.000338749494404,
                    -0.000901481253095,
                    0.00160317798145,
                    0.000124728074297,
                    -0.0020761564374,
                    -0.00298876152374,
                    0.00973946321756,
                    -0.0011253253324,
                    -0.00157221860718,
                    -0.000566661765333,
                    0.00107146683149,
                    -0.00181270285975,
                    0.00225654710084
                ],
                [
                    -0.000125691949506,
                    0.000276702048723,
                    -0.000297474325635,
                    -0.000937549571972,
                    -0.000493851315696,
                    -0.000545958522707,
                    -0.0011253253324,
                    0.00948228407651,
                    -0.000780172762461,
                    -0.00293513736688,
                    0.000871480908245,
                    0.000115987662866,
                    -0.00270861852914
                ],
                [
                    -3.19927712553e-05,
                    -0.000277113722404,
                    -0.000641390797682,
                    -0.000276446022326,
                    0.00134231569245,
                    -0.00136434833985,
                    -0.00157221860718,
                    -0.000780172762461,
                    0.00965112727135,
                    -0.000665955711156,
                    -0.0028589325957,
                    -0.0015560813481,
                    -0.000185659184353
                ],
                [
                    -8.37457191665e-05,
                    0.000261064618826,
                    -7.21286050975e-05,
                    0.000482447328977,
                    -0.00178586563561,
                    0.000680998084135,
                    -0.000566661765333,
                    -0.00293513736688,
                    -0.000665955711156,
                    0.01106611453,
                    -0.00311642931774,
                    -0.00134726474062,
                    0.00155350274872
                ],
                [
                    0.000385797815397,
                    -0.00164663477335,
                    0.000483559852,
                    -0.000765593198594,
                    0.00154269102495,
                    -0.00218936963938,
                    0.00107146683149,
                    0.000871480908245,
                    -0.0028589325957,
                    -0.00311642931774,
                    0.0158622507006,
                    -0.00462385918945,
                    -0.000101723926491
                ],
                [
                    -0.000516191357747,
                    0.00185103749391,
                    -0.00114875694271,
                    0.000699875410646,
                    -0.000664609367959,
                    0.000951497582719,
                    -0.00181270285975,
                    0.000115987662866,
                    -0.0015560813481,
                    -0.00134726474062,
                    -0.00462385918945,
                    0.0166588239372,
                    -0.00655386503786
                ],
                [
                    0.000369439891074,
                    -0.000809183286037,
                    0.00222580018453,
                    -0.000866636168212,
                    -0.00119966408238,
                    -0.000884228211362,
                    0.00225654710084,
                    -0.00270861852914,
                    -0.000185659184353,
                    0.00155350274872,
                    -0.000101723926491,
                    -0.00655386503786,
                    0.0157116893679
                ]
            ],
            "mean": [
                -0.284601420164,
                89.5273971558,
                -82.9671554565,
                1.25226473808,
                -46.3249435425,
                17.6397781372,
                -34.0569953918,
                1.6895288229,
                -8.84280872345,
                -0.986261427402,
                -14.6696710587,
                3.40401053429,
                -13.4579639435
            ]
        },
        "hfc": {
            "dmean": 8.57862567902,
            "dmean2": 12.3083992004,
            "dvar": 223.709228516,
            "dvar2": 457.220977783,
            "max": 165.74017334,
            "mean": 23.4835147858,
            "median": 14.9206094742,
            "min": 1.0920881154e-16,
            "var": 575.208740234
        },
        "melbands": {
            "dmean": [
                0.00230584456585,
                0.00201298226602,
                0.00102772924583,
                0.000572884164285,
                0.000248787953751,
                0.000255391467363,
                0.000306052039377,
                0.000290027353913,
                0.000198742549401,
                0.000158177237608,
                0.000146573234815,
                0.000132149041747,
                6.59567158436e-05,
                5.62466302654e-05,
                4.48250830232e-05,
                3.32940580847e-05,
                2.43673002842e-05,
                2.7098449209e-05,
                1.71366082213e-05,
                2.10380057979e-05,
                1.71112496901e-05,
                1.12767866085e-05,
                6.41885708319e-06,
                2.7929290809e-06,
                2.13884118239e-06,
                1.28370868424e-06,
                9.38428627251e-07,
                8.62923684508e-07,
