{
    "lowlevel": {
        "average_loudness": 0.909861385822,
        "barkbands": {
            "dmean": [
                0.000410208594985,
                0.00356738921255,
                0.00149037188385,
                0.00129073881544,
                0.00104151037522,
                0.000584099092521,
                0.000568422605284,
                0.00035051748273,
                0.000358417775715,
                0.00063708977541,
                0.000306170259137,
                0.000341261766152,
                0.000135988477268,
                0.00029630275094,
                0.000387285574106,
                0.00022198894294,
                0.000275870115729,
                0.000202215218451,
                0.000214328916627,
                0.000116306182463,
                0.000124291065731,
                4.23059027526e-05,
                4.20559044869e-05,
                5.57446692255e-05,
                4.94298874401e-05,
                2.47654661507e-05,
                8.63106197357e-06
            ],
            "dmean2": [
                0.000646036118269,
                0.00597153464332,
                0.00266302935779,
                0.00214382121339,
                0.00175279274117,
                0.000943664228544,
                0.000882064865436,
                0.000512593775056,
                0.00050901225768,
                0.000875324301887,
                0.000445430603577,
                0.000517255219165,
                0.000211126724025,
                0.000454609136796,
                0.000596823869273,
                0.00034097241587,
                0.000424067984568,
                0.000300783111015,
                0.000326351553667,
                0.000182759657037,
                0.000185037322808,
                6.64214749122e-05,
                6.4070285589e-05,
                8.45221220516e-05,
                7.23368866602e-05,
                3.66331041732e-05,
                1.24366097225e-05
            ],
            "dvar": [
                9.76631667982e-07,
                0.00010995757475,
                1.61664156622e-05,
                7.01509043211e-06,
                2.70202167485e-06,
                8.79970684764e-07,
                1.34657250328e-06,
                4.33368569475e-07,
                7.84332314652e-07,
                2.24937684834e-06,
                9.30290184442e-07,
                5.41902011264e-07,
                8.51926102996e-08,
                3.40053134096e-07,
                8.29835130389e-07,
                3.35544882546e-07,
                3.6404131265e-07,
                4.5402001092e-07,
                2.73914025684e-07,
                7.88795091466e-08,
                1.32943554831e-07,
                7.33206118042e-09,
                1.50166687973e-08,
                4.73098893394e-08,
                2.32731665051e-08,
                3.17352788493e-09,
                6.59540644321e-10
            ],
            "dvar2": [
                2.27301279665e-06,
                0.000283404748188,
                4.67650716018e-05,
                1.80820261448e-05,
                7.50933759264e-06,
                2.24278619498e-06,
                3.19150854011e-06,
                9.50621426909e-07,
                1.39468227189e-06,
                4.09136418966e-06,
                1.72273178123e-06,
                1.21465438951e-06,
                1.86047842021e-07,
                8.15179305391e-07,
                1.88084766251e-06,
                7.11832228717e-07,
                7.88031229604e-07,
                9.6016151474e-07,
                5.81737651828e-07,
                1.92286336187e-07,
                2.41395810008e-07,
                1.74067675829e-08,
                3.33246497064e-08,
                1.01050446233e-07,
                5.05967108211e-08,
                6.71459243762e-09,
                1.40216671607e-09
            ],
            "max": [
                0.0108935143799,
                0.107461363077,
                0.0461206920445,
                0.0411347299814,
                0.0283366627991,
                0.0173857100308,
                0.0228985454887,
                0.0148997120559,
                0.0226141363382,
                0.0363686382771,
                0.0316882319748,
                0.0206322185695,
                0.00989924184978,
                0.0118138343096,
                0.0196480117738,
                0.0145503990352,
                0.0135703701526,
                0.033691868186,
                0.0119036063552,
                0.00888204853982,
                0.0113487550989,
                0.00175702839624,
                0.0031558230985,
                0.00555773731321,
                0.00486043700948,
                0.0013360924786,
                0.000551550649107
            ],
            "mean": [
                0.000789421319496,
                0.00459574209526,
                0.0019739982672,
                0.00199480238371,
                0.00212809303775,
                0.00130806828383,
                0.00127587234601,
                0.000830563076306,
                0.000887172645889,
                0.00189862656407,
                0.000857687846292,
                0.000725355290342,
                0.000235036102822,
                0.000559523294214,
                0.000737624941394,
                0.000400670483941,
                0.000565699592698,
                0.000390401895856,
                0.000434672867414,
                0.000260738539509,
                0.000283461733488,
                7.95002051746e-05,
                6.36030745227e-05,
                8.11147547211e-05,
                7.74006912252e-05,
                3.42360108334e-05,
                1.04086784631e-05
            ],
            "median": [
                0.000237623869907,
                0.00240685418248,
                0.00109054287896,
                0.00105407321826,
                0.00146395154297,
                0.000855261227116,
                0.000655225012451,
                0.000415480695665,
                0.000261972891167,
                0.000423247955041,
                0.000142904493259,
                0.000262579327682,
                0.000117602205137,
                0.000247975607635,
                0.000265905429842,
                0.000168483602465,
                0.000239007698838,
                0.000106860868982,
                0.000157683665748,
                0.000114354217658,
                9.31570975808e-05,
                3.23241401929e-05,
                1.82592921192e-05,
                2.30726509471e-05,
                2.73468576779e-05,
                8.92855678103e-06,
                1.16018486551e-06
            ],
            "min": [
                1.34198749221e-24,
                2.8108940266e-24,
                7.38919994856e-25,
                1.12614489335e-24,
                1.46249447574e-23,
                7.27352552694e-24,
                7.41068082823e-24,
                1.25876956924e-23,
                1.38548256095e-23,
                3.14807124241e-23,
                1.89412145552e-23,
                1.77615172477e-23,
                2.94867686674e-23,
                3.1458163624e-23,
                6.69406348916e-23,
                5.71946749262e-23,
                7.37997236645e-23,
                7.89968718367e-23,
                1.45298396866e-22,
                1.62009575796e-22,
                3.30646592937e-22,
                3.74862183566e-22,
                3.58232440326e-22,
                5.70875286826e-22,
                9.76817201662e-22,
                1.33583873008e-21,
                1.99232508985e-21
            ],
            "var": [
                1.49567290464e-06,
                8.96252022358e-05,
                1.20067379612e-05,
                8.56069891597e-06,
                5.25910900251e-06,
                2.19452658712e-06,
                3.61643742508e-06,
                1.54234317051e-06,
                3.83740007237e-06,
                1.51668546096e-05,
                7.26860844225e-06,
                2.09130712392e-06,
                1.66975510751e-07,
                7.7847812463e-07,
                1.91099934455e-06,
                7.23822836335e-07,
                1.11960196136e-06,
                1.11746760467e-06,
                7.36253809919e-07,
                2.03218519346e-07,
                4.28021394328e-07,
                1.54317731926e-08,
                2.39641799737e-08,
                7.59335989642e-08,
                3.68549493146e-08,
                5.70594993476e-09,
                9.46084655062e-10
            ]
        },
        "barkbands_crest": {
            "dmean": 2.11554145813,
            "dmean2": 3.42835259438,
            "dvar": 5.39261722565,
            "dvar2": 13.761507988,
            "max": 23.9942188263,
            "mean": 8.49492835999,
            "median": 7.72382640839,
            "min": 2.42111706734,
            "var": 11.8783721924
        },
        "barkbands_flatness_db": {
            "dmean": 0.0173961669207,
            "dmean2": 0.0262514930218,
            "dvar": 0.000363182567526,
            "dvar2": 0.000827497337013,
            "max": 0.330693632364,
            "mean": 0.113233812153,
            "median": 0.108704671264,
            "min": 0.0201239082962,
            "var": 0.00165794882923
        },
        "barkbands_kurtosis": {
            "dmean": 2.17175245285,
            "dmean2": 3.51851654053,
            "dvar": 22.6480903625,
            "dvar2": 57.9906272888,
            "max": 86.3353652954,
            "mean": 2.78247404099,
            "median": 0.803765296936,
            "min": -1.91577744484,
            "var": 36.3430290222
        },
        "barkbands_skewness": {
            "dmean": 0.460149794817,
            "dmean2": 0.699640274048,
            "dvar": 0.383571535349,
            "dvar2": 0.882115364075,
            "max": 8.15859127045,
            "mean": 1.22876858711,
            "median": 1.11727809906,
            "min": -2.63405990601,
            "var": 1.1932721138
        },
        "barkbands_spread": {
            "dmean": 5.47688579559,
            "dmean2": 8.24431800842,
            "dvar": 63.0398292542,
            "dvar2": 126.379234314,
            "max": 109.499588013,
            "mean": 25.1188545227,
            "median": 22.5075187683,
            "min": 1.70255124569,
            "var": 204.034942627
        },
        "dissonance": {
            "dmean": 0.0156238861382,
            "dmean2": 0.0259974803776,
            "dvar": 0.000267027993686,
            "dvar2": 0.000723994977307,
            "max": 0.499999970198,
            "mean": 0.465281307697,
            "median": 0.472487717867,
            "min": 0.272542595863,
            "var": 0.000732823798899
        },
        "dynamic_complexity": 3.21990156174,
        "erbbands": {
            "dmean": [
                0.137261614203,
                0.732312619686,
                1.65728080273,
                3.02788329124,
                4.39577531815,
                3.227653265,
                3.33991718292,
                4.96261739731,
                8.21422481537,
                7.89261341095,
                8.10208129883,
                8.28215122223,
                17.4941444397,
                15.4794979095,
                10.743265152,
                15.4431152344,
                6.32273817062,
                15.1954135895,
                13.8972234726,
                18.4043903351,
                14.2892313004,
                11.9044752121,
                8.77705955505,
                12.3580646515,
                9.24332046509,
                5.18742322922,
                6.22025728226,
                3.0640630722,
                1.51249492168,
                1.32429122925,
                1.15316414833,
                1.18370306492,
                0.91669768095,
                0.612956225872,
                0.326579421759,
                0.126370668411,
                0.0426351651549,
                0.012136480771,
                0.0014593860833,
                5.55405276828e-05
            ],
            "dmean2": [
                0.226665884256,
                1.27364313602,
                3.00059485435,
                5.06620121002,
                7.39691257477,
                5.44238996506,
                5.34589481354,
                8.13244819641,
                12.7435750961,
                12.0536165237,
                11.5480127335,
                11.5804548264,
                23.3720932007,
                22.0879802704,
                15.4089250565,
                23.4367103577,
                9.74785518646,
                23.2633781433,
                21.433385849,
                28.4790687561,
                21.5935382843,
                18.034860611,
                13.1756038666,
                18.3950958252,
                13.8036146164,
                7.95229387283,
                9.08514118195,
                4.6299829483,
                2.36491274834,
                2.06568956375,
                1.76120078564,
                1.80862021446,
                1.38484787941,
                0.903016746044,
                0.484290033579,
                0.188496947289,
                0.0637892559171,
                0.0177107509226,
                0.00210244511254,
                7.9094672401e-05
            ],
            "dvar": [
                0.151630714536,
                5.45509767532,
                24.3126754761,
                32.8222770691,
                63.5074424744,
                32.1345329285,
                51.2311439514,
                60.8497009277,
                191.739929199,
                448.444793701,
                218.446838379,
                440.86138916,
                1791.37548828,
                2025.97729492,
                806.866455078,
                1107.53234863,
                175.417098999,
                872.26550293,
                1492.23010254,
                2063.51953125,
                1287.03491211,
                822.593383789,
                926.181762695,
                1056.08166504,
                568.672607422,
                145.471160889,
                338.346313477,
                77.7619552612,
                8.96285438538,
                9.66143417358,
                11.9462184906,
                21.12940979,
                13.7640342712,
                3.90264010429,
                0.950237154961,
                0.109598711133,
                0.00856378674507,
                0.00105121429078,
                1.85664957826e-05,
                2.24505214419e-08
            ],
            "dvar2": [
                0.385868310928,
                15.0621042252,
                70.5600357056,
                87.4646835327,
                170.548660278,
                85.4642715454,
                131.689361572,
                158.991821289,
                440.8097229,
                1015.42089844,
                446.671356201,
                765.923400879,
                2961.59179688,
                4039.18115234,
                1486.79455566,
                2543.03198242,
                381.33883667,
                2068.7421875,
                3386.47045898,
                4704.85400391,
                2652.71142578,
                1768.76745605,
                2177.65405273,
                2105.46044922,
                1104.62646484,
                326.599945068,
                587.194335938,
                170.762374878,
                20.9695739746,
                21.9008865356,
                26.5081176758,
                46.1986541748,
                29.6979522705,
                8.47263526917,
                2.09249949455,
                0.228428691626,
                0.0186683237553,
                0.00228078127839,
                3.96866198571e-05,
                4.65659262261e-08
            ],
            "max": [
                3.7714073658,
                24.9290962219,
                51.1761894226,
                91.6191253662,
                143.478591919,
                110.674758911,
                239.269760132,
                154.504119873,
                268.040527344,
                530.694396973,
                408.698577881,
                513.844116211,
                1309.75952148,
                1266.5559082,
                1109.25805664,
                747.231811523,
                381.916687012,
                641.395629883,
                1145.60595703,
                943.103393555,
                929.198791504,
                716.501831055,
                1530.31140137,
                978.915039062,
                679.025878906,
                357.736663818,
                707.907287598,
                270.584259033,
                64.6091384888,
                61.3265609741,
                91.6278076172,
                144.093994141,
                106.813606262,
                52.2841033936,
                31.9898395538,
                11.1928081512,
                1.95199275017,
                0.776511371136,
                0.0721814036369,
                0.00301264110021
            ],
            "mean": [
                0.17514924705,
                0.865011334419,
                2.09019255638,
                5.14441633224,
                7.17966747284,
                6.7041683197,
                7.25506830215,
                10.3950824738,
                18.587310791,
                16.7844276428,
                21.165309906,
                22.3180294037,
                59.7802963257,
                39.9443206787,
                32.1949806213,
                33.2715530396,
                12.8207216263,
                30.1075725555,
                26.7547283173,
                36.2043914795,
                29.6684017181,
                26.4397563934,
                18.6078529358,
                25.4312019348,
                19.8813095093,
                13.0159835815,
                15.0808582306,
                6.66670513153,
                3.01036095619,
                2.18203449249,
                1.75861489773,
                1.70000743866,
                1.31279706955,
                0.951447069645,
                0.493025898933,
                0.176819071174,
                0.0581560432911,
                0.0154508436099,
                0.00177932390943,
                8.99440565263e-05
            ],
            "median": [
                0.0698508992791,
                0.460934698582,
                1.17878699303,
                3.20168113708,
                4.7789349556,
                3.87670588493,
                4.02035284042,
                6.81191635132,
                11.4606513977,
                7.36417293549,
                10.9021759033,
                7.78602218628,
                12.5023384094,
                13.3872756958,
                9.43040752411,
                13.0169143677,
                7.41271305084,
                14.3623008728,
                12.4304447174,
                12.9976940155,
                14.1715717316,
                11.5469322205,
                6.44577598572,
                8.4952249527,
                7.09299850464,
                5.64522695541,
                4.88301849365,
                2.62352275848,
                1.27348709106,
                0.75945854187,
                0.495369493961,
                0.493097186089,
                0.357303142548,
                0.3092276752,
                0.174539864063,
                0.050143674016,
                0.0147403422743,
                0.00248469552025,
                0.000223370967433,
                3.85637940781e-05
            ],
            "min": [
                1.35879170466e-22,
                4.21196238067e-22,
                1.29497406912e-21,
                5.37359184524e-21,
                1.59070709203e-20,
                4.40114337294e-20,
                7.92577062591e-20,
                3.37319407038e-20,
                9.3996772305e-20,
                2.38502743776e-19,
                2.22288220162e-19,
                5.08004649695e-19,
                8.24012717602e-19,
                6.93067700189e-19,
                1.21146153158e-18,
                1.04654632606e-18,
                1.08480084445e-18,
                2.36268880493e-18,
                3.50174670051e-18,
                2.94247375834e-18,
                3.15436579162e-18,
                4.84067707468e-18,
                4.25167691566e-18,
                7.61499990374e-18,
                9.34359231702e-18,
                8.65302389135e-18,
                1.12390220968e-17,
                1.0149020561e-17,
                1.22568736308e-17,
                9.93918055603e-18,
                1.13960515827e-17,
                1.23416976939e-17,
                9.38048291798e-18,
                9.05464985725e-18,
                7.02240026829e-18,
                4.40915597427e-18,
                2.49733230196e-18,
                1.01792060359e-18,
                2.60512882503e-19,
                2.72174571714e-20
            ],
            "var": [
                0.129776522517,
                3.77990746498,
                15.9692783356,
                40.1401557922,
                75.0407333374,
                84.5443954468,
                141.186187744,
                138.637390137,
                504.298095703,
                1265.83227539,
                1006.215271,
                1744.76916504,
                18591.6289062,
                7264.91699219,
                6644.33642578,
                4009.0222168,
                346.430145264,
                2170.37744141,
                2765.49780273,
                5168.06347656,
                3088.55078125,
                2595.51025391,
                1914.79614258,
                3175.11230469,
                1623.40759277,
                455.846099854,
                1123.30126953,
                185.310470581,
                20.8922367096,
                17.2427043915,
                19.0410671234,
                32.6580619812,
                21.1623535156,
                6.20010662079,
                1.46687614918,
                0.185745567083,
                0.0151152107865,
                0.00157764775213,
                2.66334336629e-05,
                3.44877371106e-08
            ]
        },
        "erbbands_crest": {
            "dmean": 2.21682810783,
            "dmean2": 3.43474578857,
            "dvar": 5.19842720032,
            "dvar2": 12.1775979996,
            "max": 30.9470024109,
            "mean": 9.41101169586,
            "median": 8.10772323608,
            "min": 2.33212447166,
            "var": 22.4605388641
        },
        "erbbands_flatness_db": {
            "dmean": 0.0171491317451,
            "dmean2": 0.023425322026,
            "dvar": 0.000302883127006,
            "dvar2": 0.000543817353901,
            "max": 0.299851387739,
            "mean": 0.147756367922,
            "median": 0.147597849369,
            "min": 0.0452927388251,
            "var": 0.00172403885517
        },
        "erbbands_kurtosis": {
            "dmean": 0.727723956108,
            "dmean2": 1.12268805504,
            "dvar": 0.957629680634,
            "dvar2": 2.2041759491,
            "max": 17.8728694916,
            "mean": 0.55465388298,
            "median": -0.0719771385193,
            "min": -1.78048193455,
            "var": 3.65240859985
        },
        "erbbands_skewness": {
            "dmean": 0.29186719656,
            "dmean2": 0.432838350534,
            "dvar": 0.087808907032,
            "dvar2": 0.183618798852,
            "max": 3.5777285099,
            "mean": 0.20938809216,
            "median": 0.182904094458,
            "min": -2.78632736206,
            "var": 0.583935856819
        },
        "erbbands_spread": {
            "dmean": 7.14644527435,
            "dmean2": 10.6950035095,
            "dvar": 87.4517745972,
            "dvar2": 188.226333618,
            "max": 141.948745728,
            "mean": 35.2028236389,
            "median": 32.7815742493,
            "min": 5.39769220352,
            "var": 303.080627441
        },
        "gfcc": {
            "cov": [
                [
                    12611.0800781,
                    -820.72644043,
                    -610.834716797,
                    658.64630127,
                    57.3026695251,
                    430.504089355,
                    4.06225681305,
                    309.187774658,
                    -167.182601929,
                    167.496658325,
                    -179.103652954,
                    50.9402732849,
                    40.5816688538
                ],
                [
                    -820.72644043,
                    1065.72705078,
                    -319.856048584,
                    0.732321619987,
                    76.8453140259,
                    -81.8064575195,
                    127.479377747,
                    -47.9286766052,
                    61.2804374695,
                    -20.8055305481,
                    39.6070289612,
                    -69.4976501465,
                    81.3163452148
                ],
                [
                    -610.834716797,
                    -319.856048584,
                    738.381591797,
                    -83.0688247681,
                    -69.6227340698,
                    84.3292236328,
                    -121.315460205,
                    -10.439786911,
                    13.2440423965,
                    -20.6645927429,
                    -41.1596870422,
                    42.0040550232,
                    -110.966583252
                ],
                [
                    658.64630127,
                    0.732321619987,
                    -83.0688247681,
                    397.493652344,
                    86.2479934692,
                    24.566778183,
                    54.0811576843,
                    18.1938285828,
                    63.4780006409,
                    22.6853237152,
                    58.7419242859,
                    24.9685649872,
                    17.0124931335
                ],
                [
                    57.3026695251,
                    76.8453140259,
                    -69.6227340698,
                    86.2479934692,
                    200.409881592,
                    32.6534996033,
                    102.107406616,
                    23.3704986572,
                    32.3952560425,
                    27.7009334564,
                    22.121307373,
                    4.56862592697,
                    42.6400222778
                ],
                [
                    430.504089355,
                    -81.8064575195,
                    84.3292236328,
                    24.566778183,
                    32.6534996033,
                    196.06060791,
                    41.8246078491,
                    6.73687648773,
                    21.3655376434,
                    15.6470851898,
                    1.829682827,
                    4.0143494606,
                    3.20266771317
                ],
                [
                    4.06225681305,
                    127.479377747,
                    -121.315460205,
                    54.0811576843,
                    102.107406616,
                    41.8246078491,
                    197.999282837,
                    28.1779975891,
                    44.4468421936,
                    20.4769134521,
                    20.1775379181,
                    4.85297870636,
                    48.6247520447
                ],
                [
                    309.187774658,
                    -47.9286766052,
                    -10.439786911,
                    18.1938285828,
                    23.3704986572,
                    6.73687648773,
                    28.1779975891,
                    126.937149048,
                    22.4076347351,
                    21.0966510773,
                    -0.320364803076,
                    10.5639381409,
                    28.4568195343
                ],
                [
                    -167.182601929,
                    61.2804374695,
                    13.2440423965,
                    63.4780006409,
                    32.3952560425,
                    21.3655376434,
                    44.4468421936,
                    22.4076347351,
                    136.161880493,
                    20.2432632446,
                    23.8021869659,
                    18.8707103729,
                    3.02529788017
                ],
                [
                    167.496658325,
                    -20.8055305481,
                    -20.6645927429,
                    22.6853237152,
                    27.7009334564,
                    15.6470851898,
                    20.4769134521,
                    21.0966510773,
                    20.2432632446,
                    81.6311187744,
                    26.5469284058,
                    6.72696399689,
                    12.8310098648
                ],
                [
                    -179.103652954,
                    39.6070289612,
                    -41.1596870422,
                    58.7419242859,
                    22.121307373,
                    1.829682827,
                    20.1775379181,
                    -0.320364803076,
                    23.8021869659,
                    26.5469284058,
                    79.8887252808,
                    17.7695999146,
                    11.181230545
                ],
                [
                    50.9402732849,
                    -69.4976501465,
                    42.0040550232,
                    24.9685649872,
                    4.56862592697,
                    4.0143494606,
                    4.85297870636,
                    10.5639381409,
                    18.8707103729,
                    6.72696399689,
                    17.7695999146,
                    72.3694610596,
                    3.9404604435
                ],
                [
                    40.5816688538,
                    81.3163452148,
                    -110.966583252,
                    17.0124931335,
                    42.6400222778,
                    3.20266771317,
                    48.6247520447,
                    28.4568195343,
                    3.02529788017,
                    12.8310098648,
                    11.181230545,
                    3.9404604435,
                    91.3650588989
                ]
            ],
            "icov": [
                [
                    0.000153717046487,
                    3.22165797115e-05,
                    0.000263095047558,
                    -0.000322020874592,
                    7.49675382394e-05,
                    -0.00044390981202,
                    0.000170771279954,
                    -0.000347135210177,
                    0.000318924488965,
                    -0.000367205997463,
                    0.000703796395101,
                    -0.000295091624139,
                    0.000247964664595
                ],
                [
                    3.22165797115e-05,
                    0.00145334016997,
                    0.000307098642224,
                    0.00019437323499,
                    -0.000152962034917,
                    0.000533994869329,
                    -0.000560964050237,
                    0.000718703260645,
                    -0.000886986905243,
                    0.000674333132338,
                    -0.00060563639272,
                    0.00140650116373,
                    -0.000895522302017
                ],
                [
                    0.000263095047558,
                    0.000307098642224,
                    0.00264977407642,
                    -0.000115616800031,
                    -0.000132347398903,
                    -0.00179556105286,
                    0.00132925226353,
                    -0.000788672594354,
                    -8.90078154043e-05,
                    -0.000298480008496,
                    0.00181049609091,
                    -0.00177936302498,
                    0.00241256086156
                ],
                [
                    -0.000322020874592,
                    0.00019437323499,
                    -0.000115616800031,
                    0.00395828345791,
                    -0.00131312280428,
                    0.000700648641214,
                    -0.000195546075702,
                    0.000631493225228,
                    -0.00179957563523,
                    0.00130641285796,
                    -0.00332315010019,
                    0.000251120800385,
                    -0.000139798270538
                ],
                [
                    7.49675382394e-05,
                    -0.000152962034917,
                    -0.000132347398903,
                    -0.00131312280428,
                    0.00762675656006,
                    -0.000521523237694,
                    -0.00297456933185,
                    -0.000235885760048,
                    0.000225746320211,
                    -0.00149931688793,
                    0.000400138873374,
                    0.000178294620127,
                    -0.00155154510867
                ],
                [
                    -0.00044390981202,
                    0.000533994869329,
                    -0.00179556105286,
                    0.000700648641214,
                    -0.000521523237694,
                    0.00764374947175,
                    -0.002333633136,
                    0.00164498656522,
                    -0.00147463509347,
                    0.000402547506383,
                    -0.00205333367921,
                    0.00209652236663,
                    -0.00173110689502
                ],
                [
                    0.000170771279954,
                    -0.000560964050237,
                    0.00132925226353,
                    -0.000195546075702,
                    -0.00297456933185,
                    -0.002333633136,
                    0.00889136549085,
                    -0.00124944036361,
                    -0.00111319695134,
                    -0.000362309394404,
                    0.000972525740508,
                    -0.00133237126283,
                    -0.000772379047703
                ],
                [
                    -0.000347135210177,
                    0.000718703260645,
                    -0.000788672594354,
                    0.000631493225228,
                    -0.000235885760048,
                    0.00164498656522,
                    -0.00124944036361,
                    0.0104508567601,
                    -0.00230665598065,
                    -0.000894931436051,
                    -0.000225645911996,
                    0.000608454865869,
                    -0.00389517145231
                ],
                [
                    0.000318924488965,
                    -0.000886986905243,
                    -8.90078154043e-05,
                    -0.00179957563523,
                    0.000225746320211,
                    -0.00147463509347,
                    -0.00111319695134,
                    -0.00230665598065,
                    0.0104565154761,
                    -0.00222348375246,
                    0.00060160405701,
                    -0.00270904693753,
                    0.00214121304452
                ],
                [
                    -0.000367205997463,
                    0.000674333132338,
                    -0.000298480008496,
                    0.00130641285796,
                    -0.00149931688793,
                    0.000402547506383,
                    -0.000362309394404,
                    -0.000894931436051,
                    -0.00222348375246,
                    0.0163008347154,
                    -0.00670829135925,
                    0.00164110050537,
                    -0.00135109154508
                ],
                [
                    0.000703796395101,
                    -0.00060563639272,
                    0.00181049609091,
                    -0.00332315010019,
                    0.000400138873374,
                    -0.00205333367921,
                    0.000972525740508,
                    -0.000225645911996,
                    0.00060160405701,
                    -0.00670829135925,
                    0.0205943658948,
                    -0.00557621242478,
                    0.00112438725773
                ],
                [
                    -0.000295091624139,
                    0.00140650116373,
                    -0.00177936302498,
                    0.000251120800385,
                    0.000178294620127,
                    0.00209652236663,
                    -0.00133237126283,
                    0.000608454865869,
                    -0.00270904693753,
                    0.00164110050537,
                    -0.00557621242478,
                    0.0182934682816,
                    -0.00321305263788
                ],
                [
                    0.000247964664595,
                    -0.000895522302017,
                    0.00241256086156,
                    -0.000139798270538,
                    -0.00155154510867,
                    -0.00173110689502,
                    -0.000772379047703,
                    -0.00389517145231,
                    0.00214121304452,
                    -0.00135109154508,
                    0.00112438725773,
                    -0.00321305263788,
                    0.0171170439571
                ]
            ],
            "mean": [
                -1.14051544666,
                91.6321792603,
                -114.41532135,
                25.8570079803,
                -47.9298629761,
                8.45727729797,
                -33.6683502197,
                11.9251003265,
                -25.9894504547,
                5.14058208466,
                -17.7415771484,
                -2.46051120758,
                -7.70985364914
            ]
        },
        "hfc": {
            "dmean": 4.89965486526,
            "dmean2": 7.11436510086,
            "dvar": 59.410118103,
            "dvar2": 116.209228516,
            "max": 145.873016357,
            "mean": 19.6283416748,
            "median": 14.878370285,
            "min": 1.11329431315e-16,
            "var": 288.896911621
        },
        "melbands": {
            "dmean": [
                0.0010667782044,
                0.00088112911908,
                0.000552172714379,
                0.000264680711553,
                0.000112872919999,
                0.000115762923087,
                0.000123572041048,
                7.93053477537e-05,
                6.63589598844e-05,
                5.27588890691e-05,
                8.86942943907e-05,
                6.40029466012e-05,
                4.21053009632e-05,
                3.97408221033e-05,
                2.31878730119e-05,
                1.42962271639e-05,
                3.20546641888e-05,
                2.15318996197e-05,
                2.59724019998e-05,
                1.95086267922e-05,
                1.89113634406e-05,
                1.45365802382e-05,
                1.09906159196e-05,
                9.89774798654e-06,
                1.07280466182e-05,
                9.58325472311e-06,
