{
    "lowlevel": {
        "average_loudness": 0.507640421391,
        "barkbands": {
            "dmean": [
                0.00258423038758,
                0.00840985774994,
                0.00145032361615,
                0.000663211918436,
                0.000957136915531,
                0.00108703738078,
                0.00090419256594,
                0.000725347723346,
                0.000483661191538,
                0.000539328262676,
                0.00104072876275,
                0.000451617961517,
                0.000368376320694,
                0.000369511981262,
                0.000326648936607,
                0.000182304982445,
                0.000175480774487,
                0.000155594767421,
                0.000252690340858,
                0.000126536251628,
                0.000192298000911,
                0.000209399106097,
                0.000424715515692,
                0.000444068398792,
                0.000221536087338,
                4.3052717956e-05,
                4.69180395157e-06
            ],
            "dmean2": [
                0.00463465461507,
                0.0132272364572,
                0.00238828826696,
                0.00111067551188,
                0.00152951793279,
                0.00175830698572,
                0.00146351614967,
                0.00111143605318,
                0.000733822293114,
                0.000789973360952,
                0.00143832538743,
                0.000725457328372,
                0.000561475695577,
                0.000570183910895,
                0.000535053550266,
                0.000284053676296,
                0.00028201189707,
                0.000232321064686,
                0.000375483505195,
                0.00019379585865,
                0.000297398742987,
                0.000318033416988,
                0.000662863603793,
                0.00067396950908,
                0.000329702277668,
                6.59928336972e-05,
                7.35898538551e-06
            ],
            "dvar": [
                4.99752313772e-05,
                0.00136931065936,
                6.62939346512e-05,
                6.38261872155e-06,
                6.5912872742e-06,
                7.16308477422e-06,
                5.39282154932e-06,
                3.15717261401e-06,
                2.52655763688e-06,
                2.1531254788e-06,
                2.8147987905e-05,
                2.86579825115e-06,
                1.52216898641e-06,
                1.02662306745e-06,
                1.46367085563e-06,
                4.01234871106e-07,
                8.54474023981e-07,
                4.34963567386e-07,
                6.03115211106e-07,
                1.56695463716e-07,
                5.54467817437e-07,
                3.86460271784e-07,
                1.07432856566e-06,
                1.50079449668e-06,
                4.1278747176e-07,
                2.9460318629e-08,
                7.29137084043e-10
            ],
            "dvar2": [
                0.000151788670337,
                0.00363632035442,
                0.000181382856681,
                1.76268567884e-05,
                1.66713143699e-05,
                1.83170977834e-05,
                1.34258389153e-05,
                7.44338103686e-06,
                6.33591480437e-06,
                4.30342970503e-06,
                4.42212804046e-05,
                6.45961063128e-06,
                3.52167648998e-06,
                2.28150884141e-06,
                3.81263680538e-06,
                9.31680233407e-07,
                2.14908163798e-06,
                9.35851232953e-07,
                1.34960839659e-06,
                3.21958935956e-07,
                1.18113098324e-06,
                8.458974321e-07,
                2.3271243208e-06,
                3.01890622723e-06,
                8.8213920435e-07,
                6.52107630117e-08,
                1.52753942828e-09
            ],
            "max": [
                0.117235168815,
                0.502597928047,
                0.160692989826,
                0.0479063689709,
                0.0433355271816,
                0.0546480081975,
                0.0329047068954,
                0.0267454497516,
                0.0628762692213,
                0.0668887421489,
                0.0864824801683,
                0.0267140623182,
                0.0179332084954,
                0.0208480730653,
                0.0185354631394,
                0.00977833103389,
                0.017682550475,
                0.0121487332508,
                0.0132991047576,
                0.0071157971397,
                0.0152031453326,
                0.0108666270971,
                0.0190141499043,
                0.0229430943727,
                0.0138441445306,
                0.00525388820097,
                0.00134640675969
            ],
            "mean": [
                0.0109153613448,
                0.0257339905947,
                0.00255073118024,
                0.00112977030221,
                0.00186712911818,
                0.00171923299786,
                0.00124994385988,
                0.00126107956748,
                0.000876037054695,
                0.00117152836174,
                0.00188073073514,
                0.00065143982647,
                0.000492453749757,
                0.000528262520675,
                0.000392457674025,
                0.000230643534451,
                0.000219618508709,
                0.000209029312828,
                0.00034630286973,
                0.000188056248589,
                0.000274540856481,
                0.00029668895877,
                0.000575294252485,
                0.00070807535667,
                0.000339755730238,
                5.6611821492e-05,
                5.80630285185e-06
            ],
            "median": [
                5.95119090576e-05,
                0.000273697049124,
                9.28147055674e-05,
                0.000137179275043,
                0.00053215312073,
                0.000355519354343,
                0.000187200625078,
                0.000371096510207,
                0.000234591410845,
                0.000329608417815,
                0.00016090151621,
                0.000139723852044,
                0.000106915693323,
                0.000110722656245,
                8.09318007668e-05,
                4.3470372475e-05,
                3.36057200911e-05,
                2.82073615381e-05,
                4.44761681138e-05,
                2.57120336755e-05,
                2.33054288401e-05,
                2.08868932532e-05,
                1.51559870574e-05,
                1.80256283784e-05,
                7.16627755537e-06,
                1.3396987697e-06,
                1.77484267283e-07
            ],
            "min": [
                1.16222545845e-23,
                2.38240915869e-23,
                4.83769833651e-23,
                1.21494392834e-23,
                5.02492248168e-23,
                4.39694975808e-23,
                6.233016573e-23,
                5.72851478057e-23,
                1.05385228371e-22,
                1.49816752318e-22,
                7.01977847713e-23,
                1.8597605362e-22,
                6.67545836248e-23,
                9.71831954151e-23,
                7.08667956169e-23,
                1.61688566205e-22,
                2.57028199996e-22,
                2.6351657463e-22,
                2.86778631221e-22,
                4.13289175981e-22,
                2.74360168281e-22,
                4.75416907381e-22,
                7.49004976473e-22,
                9.96259076257e-22,
                1.26899249976e-21,
                1.66543254081e-21,
                2.41873306055e-21
            ],
            "var": [
                0.000599207822233,
                0.0027762032114,
                7.12192922947e-05,
                8.94938784768e-06,
                1.20882350529e-05,
                1.06582665467e-05,
                7.52442429075e-06,
                5.83090513828e-06,
                3.65389496437e-06,
                6.91882723913e-06,
                7.20944080967e-05,
                4.40649273514e-06,
                2.10771622733e-06,
                1.64708660577e-06,
                1.42967508054e-06,
                5.01438421452e-07,
                8.4298631009e-07,
                5.89900366776e-07,
                9.20479010347e-07,
                2.94302395787e-07,
                1.02224748844e-06,
                7.4081594903e-07,
                2.20206720769e-06,
                3.70096267943e-06,
                8.63206651047e-07,
                4.34172697794e-08,
                1.03110864291e-09
            ]
        },
        "barkbands_crest": {
            "dmean": 2.08976554871,
            "dmean2": 3.33208990097,
            "dvar": 5.54871940613,
            "dvar2": 14.7176246643,
            "max": 25.2569789886,
            "mean": 10.8187799454,
            "median": 10.0160636902,
            "min": 2.6699488163,
            "var": 20.3989505768
        },
        "barkbands_flatness_db": {
            "dmean": 0.0203148312867,
            "dmean2": 0.0308238752186,
            "dvar": 0.000543786387425,
            "dvar2": 0.00116358580999,
            "max": 0.586857914925,
            "mean": 0.193355977535,
            "median": 0.194281980395,
            "min": 0.0338965803385,
            "var": 0.00651229778305
        },
        "barkbands_kurtosis": {
            "dmean": 5.55792427063,
            "dmean2": 8.73263263702,
            "dvar": 277.980743408,
            "dvar2": 662.816894531,
            "max": 599.364074707,
            "mean": 9.70011520386,
            "median": 2.05616617203,
            "min": -1.90865826607,
            "var": 707.034606934
        },
        "barkbands_skewness": {
            "dmean": 0.644627630711,
            "dmean2": 0.960954725742,
            "dvar": 0.878241181374,
            "dvar2": 1.88559520245,
            "max": 15.4293298721,
            "mean": 1.71926152706,
            "median": 1.25046384335,
            "min": -5.94358921051,
            "var": 4.92258548737
        },
        "barkbands_spread": {
            "dmean": 5.98652267456,
            "dmean2": 9.12002086639,
            "dvar": 85.204246521,
            "dvar2": 191.87449646,
            "max": 141.913970947,
            "mean": 19.863237381,
            "median": 13.0755977631,
            "min": 0.221068203449,
            "var": 322.803405762
        },
        "dissonance": {
            "dmean": 0.024739690125,
            "dmean2": 0.0421524643898,
            "dvar": 0.00059582706308,
            "dvar2": 0.00167781289201,
            "max": 0.500000119209,
            "mean": 0.453593432903,
            "median": 0.462871551514,
            "min": 0.223698809743,
            "var": 0.00144622649532
        },
        "dynamic_complexity": 6.2365064621,
        "erbbands": {
            "dmean": [
                0.368248969316,
                1.50499618053,
                1.52181816101,
                1.98717463017,
                2.55619668961,
                3.16330480576,
                6.17630290985,
                8.96820545197,
                14.1245298386,
                11.2655506134,
                16.5390834808,
                11.7275695801,
                18.562997818,
                12.6435699463,
                48.242351532,
                19.4249038696,
                15.1552505493,
                19.6679706573,
                15.1528511047,
                15.5590000153,
                9.61025810242,
                9.65112304688,
                7.9062628746,
                10.9829139709,
                12.0112628937,
                5.53705739975,
                6.23288440704,
                8.30500507355,
                6.64400672913,
                11.2566232681,
                11.4273462296,
                11.6202974319,
                5.78531312943,
                3.21925759315,
                1.24249231815,
                0.295808166265,
                0.0674526244402,
                0.00862473342568,
                0.000790062709711,
                5.40847904631e-05
            ],
            "dmean2": [
                0.548185646534,
                2.42312455177,
                2.44539380074,
                3.31183099747,
                3.97724962234,
                5.19300031662,
                10.1772232056,
                14.4644804001,
                22.7503833771,
                17.84882164,
                25.2543201447,
                17.5834541321,
                27.0198478699,
                18.4177188873,
                66.8170852661,
                27.6768894196,
                22.5479888916,
                29.83934021,
                22.8079223633,
                26.0038414001,
                14.5581226349,
                15.8996973038,
                11.9002962112,
                16.1735134125,
                17.8450508118,
                8.52976894379,
                9.31501674652,
                12.6899414063,
                9.95836925507,
                17.3338985443,
                17.8546295166,
                17.9371433258,
                8.80129718781,
                4.85188674927,
                1.87732577324,
                0.443417400122,
                0.105146095157,
                0.0134132364765,
                0.0012364158174,
                8.34781167214e-05
            ],
            "dvar": [
                2.01521468163,
                59.3113327026,
                61.2919921875,
                89.7011260986,
                54.1459617615,
                93.5421524048,
                267.994506836,
                558.398803711,
                1135.32568359,
                1060.55529785,
                1755.30419922,
                1633.15466309,
                2405.54589844,
                1298.7479248,
                72710.3515625,
                4513.43798828,
                2165.15576172,
                2947.74682617,
                2245.03808594,
                4512.80175781,
                1310.05297852,
                3053.43115234,
                1312.40246582,
                1133.59521484,
                1352.44396973,
                320.825866699,
                603.702087402,
                1027.47814941,
                428.612609863,
                903.126831055,
                785.759216309,
                1153.77197266,
                231.494049072,
                86.4940567017,
                15.5759029388,
                1.30643165112,
                0.0798106119037,
                0.00185412052087,
                2.19780304178e-05,
                3.86244991546e-08
            ],
            "dvar2": [
                5.29898738861,
                161.463821411,
                143.391082764,
                245.959991455,
                129.799224854,
                249.218826294,
                713.197143555,
                1412.69091797,
                2819.95654297,
                2632.17895508,
                4165.87060547,
                4043.12573242,
                4963.77246094,
                2394.75952148,
                117128.09375,
                8209.36425781,
                4627.93212891,
                6471.12011719,
                4908.13867188,
                12394.8330078,
                2917.48828125,
                7907.66552734,
                3015.27148438,
                2441.05224609,
                3011.30273438,
                683.315917969,
                1276.51647949,
                2212.68676758,
                915.808105469,
                1932.77966309,
                1693.12927246,
                2399.06860352,
                481.679473877,
                188.790390015,
                34.033164978,
                2.88365697861,
                0.181004971266,
                0.00352460634895,
                5.11551406817e-05,
                9.14435815957e-08
            ],
            "max": [
                22.9366168976,
                111.284072876,
                157.43586731,
                197.549728394,
                123.026489258,
                205.794311523,
                257.224853516,
                425.29574585,
                479.467376709,
                683.949157715,
                686.204772949,
                1585.68103027,
                1947.95568848,
                1018.08074951,
                4449.80322266,
                1186.7677002,
                758.416442871,
                1338.22155762,
                846.10357666,
                1043.74975586,
                556.551330566,
                1044.64746094,
                693.426147461,
                648.024597168,
                673.608032227,
                339.032562256,
                477.417663574,
                657.938476563,
                422.389892578,
                756.945800781,
                418.773498535,
                672.193115234,
                332.678863525,
                223.098388672,
                136.833572388,
                40.003742218,
                11.8927249908,
                2.22511553764,
                0.243206784129,
                0.00681196898222
            ],
            "mean": [
                1.37177169323,
                3.35808610916,
                3.58936548233,
                3.3434407711,
                4.91564559937,
                6.00714683533,
                9.84661769867,
                13.9466352463,
                20.7589416504,
                18.6616973877,
                28.4044589996,
                22.3315315247,
                40.9323425293,
                25.8649768829,
                85.9829101563,
                30.6280670166,
                22.9306316376,
                29.6609630585,
                21.4133853912,
                18.0163516998,
                13.0409460068,
                11.8828144073,
                10.4290895462,
                15.665854454,
                16.8739509583,
                8.36469173431,
                8.61213874817,
                11.8742208481,
                9.36539077759,
                16.6311435699,
                15.2406044006,
                17.3753433228,
                9.20251083374,
                4.93340015411,
                1.75781214237,
                0.405912905931,
                0.0861426144838,
                0.0109117375687,
                0.00101795769297,
                0.000120639204397
            ],
            "median": [
                0.0167221389711,
                0.0255555827171,
                0.116418965161,
                0.430072844028,
                1.04508972168,
                1.60399639606,
                2.38129472733,
                2.76028060913,
                3.55841588974,
                5.75203180313,
                7.57377958298,
                6.56824159622,
                11.0396308899,
                6.88441133499,
                6.91132211685,
                6.53154659271,
                5.98839330673,
                6.82241010666,
                5.14723205566,
                3.59688258171,
                2.71684956551,
                1.93286037445,
                1.6458325386,
                2.40968632698,
                2.20338463783,
                1.24623203278,
                0.928657531738,
                0.968782484531,
                0.741199553013,
                0.608270347118,
                0.489523112774,
                0.380752950907,
                0.236158758402,
                0.118280999362,
                0.0363271720707,
                0.00918161962181,
                0.00201095663942,
                0.000323222979205,
                8.42320296215e-05,
                5.63758803764e-05
            ],
            "min": [
                1.03448538246e-21,
                4.66852457841e-21,
                4.18111042195e-20,
                6.32496417558e-20,
                3.22689457747e-20,
                2.63613982619e-19,
                2.10618045887e-19,
                5.26888200802e-19,
                8.10750220648e-19,
                1.14157934888e-18,
                1.53401585516e-18,
                2.22459844629e-18,
                5.68102226668e-18,
                2.76467335363e-18,
                2.76899847425e-18,
                7.69104344464e-18,
                3.77481597792e-18,
                4.0455567419e-18,
                5.58541218199e-18,
                5.04345502518e-18,
                1.2231112745e-17,
                1.29118377213e-17,
                1.37048648736e-17,
                1.4560499672e-17,
                1.4458102984e-17,
                1.80146685981e-17,
                1.2719550489e-17,
                1.27705122593e-17,
                1.88782137247e-17,
                1.79108127634e-17,
                2.14907296862e-17,
                2.15416145288e-17,
                1.64294977225e-17,
                1.08337383382e-17,
                9.88582575216e-18,
                5.73382699545e-18,
                3.30209631992e-18,
                1.33847759618e-18,
                3.12184503074e-19,
                3.59942732168e-20
            ],
            "var": [
                7.12254858017,
                78.8871765137,
                101.536766052,
                97.3728561401,
                103.661308289,
                159.207122803,
                417.44821167,
                788.550476074,
                1746.77001953,
                1506.6105957,
                3132.0234375,
                2344.78881836,
                7803.8984375,
                3751.7199707,
                182904.515625,
                9106.734375,
                3674.57470703,
                4868.02148438,
                3115.01611328,
                3795.46411133,
                1653.66516113,
                2833.49853516,
                1556.82763672,
                1850.00085449,
                2160.56323242,
                580.250183105,
                1053.38293457,
                1854.07531738,
                793.670715332,
                2014.78588867,
                1577.3248291,
                2504.24389648,
                584.306762695,
                192.048019409,
                25.5477714539,
                1.9217684269,
                0.11310556531,
                0.0030008952599,
                2.76400569419e-05,
                6.25033536039e-08
            ]
        },
        "erbbands_crest": {
            "dmean": 2.80154275894,
            "dmean2": 4.4837770462,
            "dvar": 8.22181129456,
            "dvar2": 18.2378444672,
            "max": 33.6863136292,
            "mean": 10.3055343628,
            "median": 9.04216575623,
            "min": 2.66739225388,
            "var": 26.3626232147
        },
        "erbbands_flatness_db": {
            "dmean": 0.0179960168898,
            "dmean2": 0.0266374573112,
            "dvar": 0.000380933255656,
            "dvar2": 0.000768055208027,
            "max": 0.500868856907,
            "mean": 0.205730572343,
            "median": 0.181157171726,
            "min": 0.0427474491298,
            "var": 0.00812446698546
        },
        "erbbands_kurtosis": {
            "dmean": 1.66516387463,
            "dmean2": 2.65638232231,
            "dvar": 20.8843765259,
            "dvar2": 50.3288345337,
            "max": 104.092506409,
            "mean": 1.53794407845,
            "median": 0.249620884657,
            "min": -1.81628572941,
            "var": 26.3076190948
        },
        "erbbands_skewness": {
            "dmean": 0.442146629095,
            "dmean2": 0.661101162434,
            "dvar": 0.291083097458,
            "dvar2": 0.590004742146,
            "max": 8.31277561188,
            "mean": 0.302655816078,
            "median": 0.336669147015,
            "min": -5.34225177765,
            "var": 1.001314044
        },
        "erbbands_spread": {
            "dmean": 9.0060043335,
            "dmean2": 13.6486568451,
            "dvar": 152.376815796,
            "dvar2": 342.355407715,
            "max": 181.202545166,
            "mean": 35.1070098877,
            "median": 25.9866809845,
            "min": 1.17618954182,
            "var": 710.061889648
        },
        "gfcc": {
            "cov": [
                [
                    27181.2636719,
                    -5660.99023438,
                    2373.55688477,
                    5564.03466797,
                    -2378.20043945,
                    1289.44226074,
                    -687.539855957,
                    1177.72302246,
                    -297.647003174,
                    610.884765625,
                    405.841217041,
                    402.00213623,
                    -282.052215576
                ],
                [
                    -5660.99023438,
                    6397.91455078,
                    -983.789306641,
                    -1365.93920898,
                    1951.86889648,
                    -1150.83129883,
                    688.94519043,
                    -426.384216309,
                    675.611816406,
                    -389.68347168,
                    129.761016846,
                    -209.079177856,
                    425.903625488
                ],
                [
                    2373.55688477,
                    -983.789306641,
                    1643.03320313,
                    1001.4017334,
                    -254.948547363,
                    713.631591797,
                    26.0696430206,
                    329.551269531,
                    109.293685913,
                    261.363220215,
                    172.671569824,
                    136.59513855,
                    -70.6664581299
                ],
                [
                    5564.03466797,
                    -1365.93920898,
                    1001.4017334,
                    1881.9309082,
                    -402.33380127,
                    542.811584473,
                    84.6644821167,
                    352.696777344,
                    104.417388916,
                    252.660171509,
                    185.31451416,
                    145.149963379,
                    -3.68049955368
                ],
                [
                    -2378.20043945,
                    1951.86889648,
                    -254.948547363,
                    -402.33380127,
                    1001.15032959,
                    -255.841171265,
                    381.453948975,
                    -39.9403381348,
                    264.144104004,
                    -14.3751344681,
                    99.4954910278,
                    0.983520686626,
                    176.226135254
                ],
                [
                    1289.44226074,
                    -1150.83129883,
                    713.631591797,
                    542.811584473,
                    -255.841171265,
                    812.026428223,
                    147.575973511,
                    208.505233765,
                    76.8176727295,
                    187.949890137,
                    110.78037262,
                    137.834106445,
                    -46.1885375977
                ],
                [
                    -687.539855957,
                    688.94519043,
                    26.0696430206,
                    84.6644821167,
                    381.453948975,
                    147.575973511,
                    515.649475098,
                    57.9180183411,
                    199.165237427,
                    61.2668037415,
                    104.650772095,
                    72.0284194946,
                    102.591163635
                ],
                [
                    1177.72302246,
                    -426.384216309,
                    329.551269531,
                    352.696777344,
                    -39.9403381348,
                    208.505233765,
                    57.9180183411,
                    272.500823975,
                    39.300327301,
                    143.063705444,
                    100.484207153,
                    63.5950088501,
                    -12.5051345825
                ],
                [
                    -297.647003174,
                    675.611816406,
                    109.293685913,
                    104.417388916,
                    264.144104004,
                    76.8176727295,
                    199.165237427,
                    39.300327301,
                    332.286437988,
                    50.7164421082,
                    90.2177963257,
                    7.55722093582,
                    72.9825286865
                ],
                [
                    610.884765625,
                    -389.68347168,
                    261.363220215,
                    252.660171509,
                    -14.3751344681,
                    187.949890137,
                    61.2668037415,
                    143.063705444,
                    50.7164421082,
                    203.802703857,
                    91.0521850586,
                    52.3590774536,
                    -13.7601232529
                ],
                [
                    405.841217041,
                    129.761016846,
                    172.671569824,
                    185.31451416,
                    99.4954910278,
                    110.78037262,
                    104.650772095,
                    100.484207153,
                    90.2177963257,
                    91.0521850586,
                    167.351394653,
                    62.2096290588,
                    14.7460317612
                ],
                [
                    402.00213623,
                    -209.079177856,
                    136.59513855,
                    145.149963379,
                    0.983520686626,
                    137.834106445,
                    72.0284194946,
                    63.5950088501,
                    7.55722093582,
                    52.3590774536,
                    62.2096290588,
                    136.900695801,
                    31.7672767639
                ],
                [
                    -282.052215576,
                    425.903625488,
                    -70.6664581299,
                    -3.68049955368,
                    176.226135254,
                    -46.1885375977,
                    102.591163635,
                    -12.5051345825,
                    72.9825286865,
                    -13.7601232529,
                    14.7460317612,
                    31.7672767639,
                    144.020477295
                ]
            ],
            "icov": [
                [
                    0.000141280863318,
                    -9.95985174086e-05,
                    0.000133678186103,
                    -0.000449922925327,
                    0.000205398027902,
                    -5.62673885725e-05,
                    0.000225663825404,
                    -0.000295082048979,
                    0.000141437558341,
                    -1.39566973303e-05,
                    4.06534927606e-05,
                    -0.000202551571419,
                    0.00013708138431
                ],
                [
                    -9.95985174086e-05,
                    0.00107721053064,
                    -0.000461455638288,
                    0.000613283948041,
                    -0.00108110287692,
                    0.0010048385011,
                    -0.0006934722187,
                    0.0007081052172,
                    -0.00105594098568,
                    0.00142829096876,
                    -0.0013541955268,
                    0.00109812046867,
                    -0.000822792877443
                ],
                [
                    0.000133678186103,
                    -0.000461455638288,
                    0.00161509681493,
                    -0.000968410808127,
                    0.000228860139032,
                    -0.00130184495356,
                    0.000980146811344,
                    -0.000828985124826,
                    0.000282561348286,
                    -0.000699020863976,
                    0.000445404119091,
                    -0.00064275652403,
                    0.000812637212221
                ],
                [
                    -0.000449922925327,
                    0.000613283948041,
                    -0.000968410808127,
                    0.0025661943946,
                    -0.000275627739029,
                    0.000633995456155,
                    -0.00117894541472,
                    0.000541097775567,
                    -0.000955367460847,
                    0.000292384065688,
                    -0.000935818243306,
                    0.000895912759006,
                    -0.00126670615282
                ],
                [
                    0.000205398027902,
                    -0.00108110287692,
                    0.000228860139032,
                    -0.000275627739029,
                    0.00380499335006,
                    0.000137490598718,
                    -0.000680319266394,
                    -0.00102485064417,
                    0.000185320546734,
                    -0.00151204888243,
                    0.000210917845834,
                    -0.000917819852475,
                    -0.000569070223719
                ],
                [
                    -5.62673885725e-05,
                    0.0010048385011,
                    -0.00130184495356,
                    0.000633995456155,
                    0.000137490598718,
                    0.00399195495993,
                    -0.00189680641051,
                    0.000335097458446,
                    -0.00156996189617,
                    0.000603302032687,
                    -0.00102571793832,
                    -0.000495708198287,
                    -0.000144459074363
                ],
                [
                    0.000225663825404,
                    -0.0006934722187,
                    0.000980146811344,
                    -0.00117894541472,
                    -0.000680319266394,
                    -0.00189680641051,
                    0.00466728815809,
                    -0.000770836486481,
                    -6.2672625063e-05,
                    -0.000770170707256,
                    0.000526814255863,
                    -0.0015807262389,
                    2.89291274385e-05
                ],
                [
                    -0.000295082048979,
                    0.0007081052172,
                    -0.000828985124826,
                    0.000541097775567,
                    -0.00102485064417,
                    0.000335097458446,
                    -0.000770836486481,
                    0.00802578311414,
                    -0.000306011497742,
                    -0.002204003511,
                    -0.00233675539494,
                    0.000562654167879,
                    -0.000397758733016
                ],
                [
                    0.000141437558341,
                    -0.00105594098568,
                    0.000282561348286,
                    -0.000955367460847,
                    0.000185320546734,
                    -0.00156996189617,
                    -6.2672625063e-05,
                    -0.000306011497742,
                    0.00628967257217,
                    -0.00161998486146,
                    -0.000463389704237,
                    0.00111170264427,
                    -0.000738133734558
                ],
                [
                    -1.39566973303e-05,
                    0.00142829096876,
                    -0.000699020863976,
                    0.000292384065688,
                    -0.00151204888243,
                    0.000603302032687,
                    -0.000770170707256,
                    -0.002204003511,
                    -0.00161998486146,
                    0.0112342610955,
                    -0.00400199275464,
                    0.00108150742017,
                    -0.000120261807751
                ],
                [
                    4.06534927606e-05,
                    -0.0013541955268,
                    0.000445404119091,
                    -0.000935818243306,
                    0.000210917845834,
                    -0.00102571793832,
                    0.000526814255863,
                    -0.00233675539494,
                    -0.000463389704237,
                    -0.00400199275464,
                    0.0131158074364,
                    -0.00482783652842,
                    0.00268818018958
                ],
                [
                    -0.000202551571419,
                    0.00109812046867,
                    -0.00064275652403,
                    0.000895912759006,
                    -0.000917819852475,
                    -0.000495708198287,
                    -0.0015807262389,
                    0.000562654167879,
                    0.00111170264427,
                    0.00108150742017,
                    -0.00482783652842,
                    0.0131446439773,
                    -0.00466271489859
                ],
                [
                    0.00013708138431,
                    -0.000822792877443,
                    0.000812637212221,
                    -0.00126670615282,
                    -0.000569070223719,
                    -0.000144459074363,
                    2.89291274385e-05,
                    -0.000397758733016,
                    -0.000738133734558,
                    -0.000120261807751,
                    0.00268818018958,
                    -0.00466271489859,
                    0.0117221334949
                ]
            ],
            "mean": [
                -72.5272445679,
                102.244255066,
                -119.484825134,
                0.000476823828649,
                -58.1519889832,
                16.3415966034,
                -34.7327728271,
                5.39950609207,
                -17.1066055298,
                -0.789514303207,
                -8.42807197571,
                -4.46348571777,
                -6.51181650162
            ]
        },
        "hfc": {
            "dmean": 14.2274312973,
            "dmean2": 20.5439395905,
            "dvar": 1009.42706299,
            "dvar2": 1904.27807617,
            "max": 403.937744141,
            "mean": 31.8575744629,
            "median": 14.8697624207,
            "min": 1.19836646426e-16,
            "var": 2582.39916992
        },
        "melbands": {
            "dmean": [
                0.00273516029119,
                0.00100588484202,
                0.000350143731339,
                0.000196887907805,
                0.00019472106942,
                0.000210252997931,
                0.000209491699934,
                0.00012631106074,
                0.000132865432533,
                7.32271219022e-05,
                9.28579174797e-05,
                4.5103377488e-05,
                0.000139515672345,
                8.48232230055e-05,
                3.58061115548e-05,
                3.77422293241e-05,
                3.94896378566e-05,
                2.50740813499e-05,
                2.49184759014e-05,
                1.65259207279e-05,
                1.08943841042e-05,
                1.13358382805e-05,
                7.79592937761e-06,
                6.89036187396e-06,
                9.46723775996e-06,
                1.00565966932e-05,
                7.02894112692e-06,
