{
    "lowlevel": {
        "average_loudness": 0.792056679726,
        "barkbands": {
            "dmean": [
                0.00800416152924,
                0.00725730787963,
                0.00169916450977,
                0.00145679677371,
                0.00231217197143,
                0.00226987246424,
                0.00113972031977,
                0.000572080025449,
                0.000870965945069,
                0.000616524019279,
                0.000641367922071,
                0.000543877948076,
                0.000346021406585,
                0.0001634596847,
                0.000120406686619,
                7.82316928962e-05,
                5.59793879802e-05,
                6.33900926914e-05,
                5.56568338652e-05,
                4.08028718084e-05,
                3.7987720134e-05,
                1.63169133884e-05,
                6.39547715764e-06,
                4.95137146572e-06,
                2.5320525765e-06,
                6.06105140832e-06,
                0.000136183036375
            ],
            "dmean2": [
                0.0132050905377,
                0.0122045697644,
                0.00293598999269,
                0.00239775259979,
                0.00362692493945,
                0.0033562479075,
                0.00173239363357,
                0.000918342266232,
                0.00137243024074,
                0.000984738115221,
                0.00104582542554,
                0.000878269667737,
                0.000549531017896,
                0.000253556994721,
                0.000186922901776,
                0.000119121003081,
                8.33368249005e-05,
                9.37887234613e-05,
                8.11457575765e-05,
                5.71295531699e-05,
                5.04570343764e-05,
                2.29228735407e-05,
                9.30699388846e-06,
                7.45541819924e-06,
                4.2485130507e-06,
                8.64780395204e-06,
                0.000175977329491
            ],
            "dvar": [
                0.000440444418928,
                0.000472459156299,
                2.15144991671e-05,
                9.27249584493e-06,
                1.57882968779e-05,
                2.2604222977e-05,
                4.35355377704e-06,
                2.08571009352e-06,
                5.10272229803e-06,
                3.78368440579e-06,
                4.01138595407e-06,
                2.86853924081e-06,
                7.68141660501e-07,
                1.97475642949e-07,
                9.87796653362e-08,
                4.10167615428e-08,
                2.41525022204e-08,
                2.28633592059e-08,
                2.69519304652e-08,
                3.61137360017e-08,
                4.09502121101e-08,
                3.85394338664e-09,
                2.43323833304e-10,
                2.03341343763e-10,
                2.96914368092e-11,
                2.41229397568e-10,
                7.33183185275e-08
            ],
            "dvar2": [
                0.00108485517558,
                0.00129501917399,
                5.96943900746e-05,
                2.30491968978e-05,
                3.55270785803e-05,
                4.5824181143e-05,
                9.56821077125e-06,
                5.01896874994e-06,
                1.22391511468e-05,
                9.24668802327e-06,
                9.99454459816e-06,
                7.25570225768e-06,
                1.98539396479e-06,
                4.55869241023e-07,
                2.16337710413e-07,
                9.00397409964e-08,
                5.16838802866e-08,
                4.85023967656e-08,
                5.50593881599e-08,
                6.80613752024e-08,
                7.09618674932e-08,
                6.53622267421e-09,
                4.63726029798e-10,
                3.9592498724e-10,
                7.89290577341e-11,
                4.17427425958e-10,
                1.08181460234e-07
            ],
            "max": [
                0.46269774437,
                0.346381425858,
                0.0801247209311,
                0.140415012836,
                0.0931225568056,
                0.133391097188,
                0.0932875946164,
                0.0461709983647,
                0.0679486021399,
                0.0673193782568,
                0.0529178753495,
                0.0546903461218,
                0.0214842185378,
                0.014474821277,
                0.00903124455363,
                0.00398103753105,
                0.00380509044044,
                0.00436791637912,
                0.0099410880357,
                0.00881077256054,
                0.0113600920886,
                0.00224039540626,
                0.000393624068238,
                0.000348785193637,
                0.000117973242595,
                0.000335399643518,
                0.00671138195321
            ],
            "mean": [
                0.0111143989488,
                0.0110079087317,
                0.00181553757284,
                0.00203311396763,
                0.00439218338579,
                0.00394293200225,
                0.00193275604397,
                0.000749201572035,
                0.00132602266967,
                0.000810990924947,
                0.000783811730798,
                0.000755219894927,
                0.000530270161107,
                0.000254328973824,
                0.000203103787499,
                0.000131842010887,
                9.45904903347e-05,
                0.000111640962132,
                9.56132425927e-05,
                6.76653289702e-05,
                6.12866133451e-05,
                2.81256361632e-05,
                9.76563205768e-06,
                6.63562695991e-06,
                2.52127983913e-06,
                9.44101429923e-06,
                0.000341373408446
            ],
            "median": [
                0.00340014649555,
                0.0040614567697,
                0.000557431951165,
                0.000780298258178,
                0.00185415556189,
                0.00125855649821,
                0.000815439620055,
                0.000242668553255,
                0.000350001617335,
                0.00019044947112,
                0.000154128036229,
                0.000173395528691,
                0.000145890779095,
                9.11006354727e-05,
                8.94307449926e-05,
                5.17555090482e-05,
                2.98414961435e-05,
                2.66817332886e-05,
                1.70946805156e-05,
                1.19411597552e-05,
                1.04520067907e-05,
                5.52142682864e-06,
                2.60194565271e-06,
                1.65314338574e-06,
                8.20370246402e-07,
                2.6739335226e-06,
                0.000173957902007
            ],
            "min": [
                2.98733460097e-24,
                5.14923631072e-24,
                1.37553932423e-24,
                2.01760228689e-24,
                8.18943169209e-24,
                5.41361870437e-24,
                1.26477926939e-23,
                1.21486772437e-23,
                1.58138401831e-23,
                2.89234210069e-23,
                1.83134500909e-23,
                1.96219794283e-23,
                3.79304991386e-23,
                3.37652914709e-23,
                5.12969740939e-23,
                7.4250352568e-23,
                9.51375970463e-23,
                1.00541193273e-22,
                1.68253390928e-22,
                1.47764376056e-22,
                2.51201080126e-22,
                2.95542004976e-22,
                4.59471112856e-22,
                5.8498082663e-22,
                9.3330206903e-22,
                1.22449892717e-21,
                1.91265200645e-21
            ],
            "var": [
                0.000515344319865,
                0.00051953404909,
                1.87529294635e-05,
                1.68174628925e-05,
                4.76893364976e-05,
                5.64862239116e-05,
                1.10286673589e-05,
                2.92773756883e-06,
                9.50435423874e-06,
                5.40599694432e-06,
                4.9274021876e-06,
                4.61668423668e-06,
                1.4258698684e-06,
                3.31687431299e-07,
                1.91830679341e-07,
                8.43685299401e-08,
                5.01683246057e-08,
                5.61912614216e-08,
                6.19972482241e-08,
                6.99224997902e-08,
                8.98988403719e-08,
                9.71556257667e-09,
                5.58394552819e-10,
                3.78769238196e-10,
                2.75914551623e-11,
                5.76289016507e-10,
                3.11581430879e-07
            ]
        },
        "barkbands_crest": {
            "dmean": 2.95127058029,
            "dmean2": 4.84010076523,
            "dvar": 6.4546790123,
            "dvar2": 17.2141513824,
            "max": 25.1863822937,
            "mean": 11.6067676544,
            "median": 11.1426868439,
            "min": 2.37995171547,
            "var": 16.8697185516
        },
        "barkbands_flatness_db": {
            "dmean": 0.0304713472724,
            "dmean2": 0.0475399233401,
            "dvar": 0.000777633744292,
            "dvar2": 0.00197029369883,
            "max": 0.500471234322,
            "mean": 0.185715183616,
            "median": 0.182529017329,
            "min": 0.0363034158945,
            "var": 0.00334635702893
        },
        "barkbands_kurtosis": {
            "dmean": 7.77639007568,
            "dmean2": 12.3335838318,
            "dvar": 204.838882446,
            "dvar2": 503.752990723,
            "max": 491.753326416,
            "mean": 15.0017471313,
            "median": 9.88101291656,
            "min": -1.79335653782,
            "var": 378.098937988
        },
        "barkbands_skewness": {
            "dmean": 0.800727009773,
            "dmean2": 1.23224794865,
            "dvar": 0.701396465302,
            "dvar2": 1.59585511684,
            "max": 14.3846759796,
            "mean": 2.61547994614,
            "median": 2.3986313343,
            "min": -4.34808921814,
            "var": 2.35471582413
        },
        "barkbands_spread": {
            "dmean": 4.94175863266,
            "dmean2": 7.48325157166,
            "dvar": 53.5982589722,
            "dvar2": 109.794464111,
            "max": 116.308746338,
            "mean": 15.8095569611,
            "median": 11.4989147186,
            "min": 0.336420148611,
            "var": 192.518188477
        },
        "dissonance": {
            "dmean": 0.0295258238912,
            "dmean2": 0.0497081838548,
            "dvar": 0.000844069989398,
            "dvar2": 0.00231776828878,
            "max": 0.5,
            "mean": 0.447904586792,
            "median": 0.458558857441,
            "min": 0.187977001071,
            "var": 0.00171056459658
        },
        "dynamic_complexity": 3.49309182167,
        "erbbands": {
            "dmean": [
                0.400125384331,
                1.08926892281,
                1.85818791389,
                3.63010764122,
                5.92201089859,
                8.90961456299,
                12.0149269104,
                20.6512432098,
                18.2624034882,
                12.3508729935,
                13.6324615479,
                20.2843894958,
                21.4146213531,
                16.6241111755,
                28.0678958893,
                20.4736862183,
                16.1564235687,
                9.89494514465,
                5.88370847702,
                5.44476366043,
                3.78663396835,
                3.08034324646,
                3.3758790493,
                3.12020087242,
                2.45556545258,
                1.88164973259,
                1.69236373901,
                1.33402919769,
                0.660158753395,
                0.285431802273,
                0.172649398446,
                0.122938901186,
                0.0703560486436,
                0.0299851950258,
                0.0179798156023,
                0.0152658270672,
                0.0132881524041,
                0.0120585700497,
                0.0104211308062,
                0.00434787385166
            ],
            "dmean2": [
                0.66408842802,
                1.88227331638,
                3.17813611031,
                6.03684616089,
                9.37341308594,
                14.0516614914,
                18.5194187164,
                30.5132656097,
                27.5309906006,
                19.3710651398,
                21.7241268158,
                31.8430805206,
                34.1539955139,
                26.0750522614,
                46.2551269531,
                32.6467514038,
                25.3258533478,
                15.2735366821,
                8.90280056,
                8.35054969788,
                5.59893369675,
                4.51000213623,
                4.98818969727,
                4.49917793274,
                3.49254870415,
                2.61691331863,
                2.24089860916,
                1.81301474571,
                0.9182741642,
                0.405533999205,
                0.253161758184,
                0.183102637529,
                0.106972932816,
                0.0497049577534,
                0.0300480686128,
                0.0234605260193,
                0.0186650939286,
                0.0153222940862,
                0.0127671323717,
                0.00549763254821
            ],
            "dvar": [
                1.29807388783,
                14.3299655914,
                33.0163230896,
                56.217880249,
                130.030776978,
                271.510253906,
                660.585144043,
                2191.44116211,
                1357.31262207,
                531.230224609,
                1396.03930664,
                3144.17358398,
                4976.89257812,
                2093.05224609,
                9071.34179688,
                4415.24560547,
                1657.51269531,
                663.076171875,
                229.674255371,
                213.409835815,
                93.3515396118,
                77.1077423096,
                66.9051132202,
                66.945640564,
                60.2177124023,
                78.8313674927,
                84.9473190308,
                46.7140731812,
                6.61306667328,
                0.701566934586,
                0.185306921601,
                0.158598393202,
                0.0301996935159,
                0.0039424309507,
                0.00147583486978,
                0.00115897774231,
                0.00151378393639,
                0.00201874249615,
                0.00158550706692,
                4.812597399e-05
            ],
            "dvar2": [
                3.37325596809,
                40.7184371948,
                90.755355835,
                142.975723267,
                302.269134521,
                611.145935059,
                1401.15588379,
                4308.77783203,
                2821.60302734,
                1291.6661377,
                3353.12841797,
                7434.6015625,
                12118.8662109,
                5013.82617188,
                24141.7910156,
                10671.6142578,
                4200.14794922,
                1548.90856934,
                489.683868408,
                457.879486084,
                191.653701782,
                163.086120605,
                140.803268433,
                137.312225342,
                113.81212616,
                145.857772827,
                148.288589478,
                84.0075073242,
                11.0804862976,
                1.18873906136,
                0.359566897154,
                0.314163297415,
                0.0601495020092,
                0.0103389779106,
                0.00391513854265,
                0.00238415598869,
                0.00259575573727,
                0.00262560439296,
                0.0021855100058,
                6.93491529091e-05
            ],
            "max": [
                20.1645030975,
                67.9307861328,
                114.92729187,
                270.668640137,
                345.080688477,
                566.682739258,
                782.310424805,
                1567.68908691,
                2017.79089355,
                647.152893066,
                1243.97924805,
                1773.39904785,
                2599.43701172,
                1557.14123535,
                1830.66088867,
                2656.10449219,
                1070.40075684,
                797.790527344,
                431.153076172,
                330.751525879,
                182.949234009,
                220.608306885,
                194.586853027,
                466.253387451,
                314.393127441,
                378.862640381,
                622.858032227,
                361.008148193,
                96.5769042969,
                31.5921821594,
                9.55099010468,
                10.0697965622,
                3.7338078022,
                1.33466959,
                0.830395638943,
                0.72002363205,
                0.996070325375,
                2.10122466087,
                1.4568002224,
                0.142826318741
            ],
            "mean": [
                0.635658502579,
                1.33934783936,
                2.08955597878,
                5.13589668274,
                10.5740756989,
                16.3726730347,
                19.9973449707,
                35.2516784668,
                30.8095664978,
                20.2069168091,
                19.4211864471,
                30.8150749207,
                29.2491798401,
                24.1153907776,
                34.2516441345,
                31.067773819,
                26.175491333,
                16.6583213806,
                10.7745227814,
                9.55151844025,
                6.80913829803,
                5.43941259384,
                6.00846624374,
                5.52856826782,
                4.25708866119,
                3.1632399559,
                2.72529888153,
                2.15153741837,
                1.13567972183,
                0.484440535307,
                0.260540664196,
                0.171791046858,
                0.0892448872328,
                0.0318420827389,
                0.0184298101813,
                0.0194402169436,
                0.0209950152785,
                0.0231294631958,
                0.0217723734677,
                0.0138341700658
            ],
            "median": [
                0.204792931676,
                0.525533020496,
                0.749966144562,
                2.13383293152,
                4.22997522354,
                6.38007354736,
                7.68801212311,
                11.3750801086,
                12.7937335968,
                8.97716426849,
                6.14275789261,
                8.04794692993,
                7.09686470032,
                6.82787466049,
                6.50792789459,
                7.73547840118,
                7.21614551544,
                5.96073532104,
                5.02550983429,
                4.14706993103,
                2.62159895897,
                1.72067809105,
                1.51368415356,
                1.11992383003,
                0.731250882149,
                0.561097502708,
                0.441215842962,
                0.376384019852,
                0.212510436773,
                0.12195892632,
                0.068942733109,
                0.0411172509193,
                0.0233670733869,
                0.0104020526633,
                0.00632839463651,
                0.00596106052399,
                0.00550857093185,
                0.00501044467092,
                0.00501241488382,
                0.00904214289039
            ],
            "min": [
                1.42318572616e-22,
                7.01487378178e-22,
                1.57406250558e-21,
                6.59143112029e-21,
                1.12932319469e-20,
                2.25049009773e-20,
                2.40081611846e-20,
                7.14786865211e-20,
                1.38255575043e-19,
                2.97379521073e-19,
                3.36429270226e-19,
                3.78880360208e-19,
                7.19142914639e-19,
                1.05239335562e-18,
                1.15879194345e-18,
                1.09331160238e-18,
                1.98000568866e-18,
                2.05281846887e-18,
                3.32894163952e-18,
                4.31359221169e-18,
                3.3278545174e-18,
                5.33432440218e-18,
                5.80481935793e-18,
                7.69763607412e-18,
                9.55961301553e-18,
                8.73193444025e-18,
                8.52120769766e-18,
                9.85083022199e-18,
                1.1253980831e-17,
                1.31359168134e-17,
                1.30257181578e-17,
                9.97598926611e-18,
                9.51608015425e-18,
                7.86520963133e-18,
                6.51465530161e-18,
                4.44579345796e-18,
                2.11762289999e-18,
                8.97571097742e-19,
                2.09290421004e-19,
                2.80978293747e-20
            ],
            "var": [
                1.62050271034,
                11.6772699356,
                27.1904850006,
                91.179977417,
                390.897399902,
                822.70513916,
                1519.77197266,
                5282.07080078,
                3483.62475586,
                1072.68005371,
                2128.1550293,
                5587.77392578,
                7183.39501953,
                3406.52783203,
                9343.2734375,
                8341.89257812,
                3412.80004883,
                1219.03881836,
                488.755310059,
                430.203277588,
                222.287277222,
                165.343429565,
                161.957748413,
                164.828765869,
                143.189971924,
                156.396560669,
                184.609054565,
                96.4605560303,
                16.5617370605,
                1.92288684845,
                0.410359501839,
                0.288781404495,
                0.055954605341,
                0.00400546565652,
                0.00139614753425,
                0.00208386965096,
                0.00348970526829,
                0.00609234534204,
                0.00464837811887,
                0.000270759977866
            ]
        },
        "erbbands_crest": {
            "dmean": 3.10919880867,
            "dmean2": 5.07909822464,
            "dvar": 8.59906196594,
            "dvar2": 21.8749198914,
            "max": 30.7716369629,
            "mean": 10.2510519028,
            "median": 9.32510375977,
            "min": 2.51663351059,
            "var": 21.6668281555
        },
        "erbbands_flatness_db": {
            "dmean": 0.0264665670693,
            "dmean2": 0.0410441756248,
            "dvar": 0.000549442484044,
            "dvar2": 0.00136062002275,
            "max": 0.405176013708,
            "mean": 0.170334592462,
            "median": 0.16619732976,
            "min": 0.0381144732237,
            "var": 0.00239027664065
        },
        "erbbands_kurtosis": {
            "dmean": 1.85223340988,
            "dmean2": 2.98349499702,
            "dvar": 10.5934619904,
            "dvar2": 26.4871788025,
            "max": 135.279418945,
            "mean": 2.39817810059,
            "median": 0.950732588768,
            "min": -1.85774970055,
            "var": 26.1030483246
        },
        "erbbands_skewness": {
            "dmean": 0.452497899532,
            "dmean2": 0.691395103931,
            "dvar": 0.199202552438,
            "dvar2": 0.445097267628,
            "max": 9.11378860474,
            "mean": 0.6375233531,
            "median": 0.586053848267,
            "min": -4.66024684906,
            "var": 1.05677080154
        },
        "erbbands_spread": {
            "dmean": 6.19449615479,
            "dmean2": 9.59654808044,
            "dvar": 46.9152488708,
            "dvar2": 104.575790405,
            "max": 151.630889893,
            "mean": 23.625951767,
            "median": 21.0132141113,
            "min": 1.31937026978,
            "var": 184.17755127
        },
        "gfcc": {
            "cov": [
                [
                    10659.1582031,
                    -381.274383545,
                    -1069.67541504,
                    283.769958496,
                    264.901519775,
                    103.011352539,
                    388.888885498,
                    -7.61377286911,
                    63.5251197815,
                    -22.6348438263,
                    -9.84261035919,
                    90.6627197266,
                    -115.603599548
                ],
                [
                    -381.274383545,
                    932.111694336,
                    207.85395813,
                    -262.084075928,
                    9.2067937851,
                    -32.8602333069,
                    -46.1355667114,
                    0.905643284321,
                    81.2658538818,
                    17.7032413483,
                    32.6354827881,
                    -45.0321159363,
                    84.7173156738
                ],
                [
                    -1069.67541504,
                    207.85395813,
                    591.811828613,
                    166.77041626,
                    -101.008590698,
                    119.187522888,
                    -93.1397247314,
                    139.309783936,
                    6.09650659561,
                    65.777961731,
                    -6.5677113533,
                    -9.34856891632,
                    38.4644622803
                ],
                [
                    283.769958496,
                    -262.084075928,
                    166.77041626,
                    477.782806396,
                    114.671043396,
                    71.0252304077,
                    92.6930389404,
                    71.4841003418,
                    -13.9283351898,
                    6.76017522812,
                    -20.2122516632,
                    18.2405090332,
                    -44.7095222473
                ],
                [
                    264.901519775,
                    9.2067937851,
                    -101.008590698,
                    114.671043396,
                    419.891113281,
                    129.143615723,
                    111.979827881,
                    1.54867756367,
                    42.7718734741,
                    -5.05202579498,
                    77.8192977905,
                    3.68156552315,
                    -4.27190208435
                ],
                [
                    103.011352539,
                    -32.8602333069,
                    119.187522888,
                    71.0252304077,
                    129.143615723,
                    279.534637451,
                    11.5116691589,
                    86.3335571289,
                    -11.8894968033,
                    42.8291740417,
                    45.5516586304,
                    33.0911216736,
                    21.3749752045
                ],
                [
                    388.888885498,
                    -46.1355667114,
                    -93.1397247314,
                    92.6930389404,
                    111.979827881,
                    11.5116691589,
                    207.798461914,
                    -0.426461815834,
                    41.5357093811,
                    -9.07963848114,
                    9.10840988159,
                    28.0461330414,
                    -10.224896431
                ],
                [
                    -7.61377286911,
                    0.905643284321,
                    139.309783936,
                    71.4841003418,
                    1.54867756367,
                    86.3335571289,
                    -0.426461815834,
                    217.988922119,
                    72.6014404297,
                    41.6473045349,
                    12.2977371216,
                    -3.46751236916,
                    30.8049716949
                ],
                [
                    63.5251197815,
                    81.2658538818,
                    6.09650659561,
                    -13.9283351898,
                    42.7718734741,
                    -11.8894968033,
                    41.5357093811,
                    72.6014404297,
                    134.008041382,
                    52.7655487061,
                    23.0821876526,
                    1.08330440521,
                    17.5449371338
                ],
                [
                    -22.6348438263,
                    17.7032413483,
                    65.777961731,
                    6.76017522812,
                    -5.05202579498,
                    42.8291740417,
                    -9.07963848114,
                    41.6473045349,
                    52.7655487061,
                    99.6190872192,
                    54.6926879883,
                    21.0429286957,
                    19.0270614624
                ],
                [
                    -9.84261035919,
                    32.6354827881,
                    -6.5677113533,
                    -20.2122516632,
                    77.8192977905,
                    45.5516586304,
                    9.10840988159,
                    12.2977371216,
                    23.0821876526,
                    54.6926879883,
                    108.195785522,
                    50.9995346069,
                    19.946805954
                ],
                [
                    90.6627197266,
                    -45.0321159363,
                    -9.34856891632,
                    18.2405090332,
                    3.68156552315,
                    33.0911216736,
                    28.0461330414,
                    -3.46751236916,
                    1.08330440521,
                    21.0429286957,
                    50.9995346069,
                    89.2121353149,
                    27.9120006561
                ],
                [
                    -115.603599548,
                    84.7173156738,
                    38.4644622803,
                    -44.7095222473,
                    -4.27190208435,
                    21.3749752045,
                    -10.224896431,
                    30.8049716949,
                    17.5449371338,
                    19.0270614624,
                    19.946805954,
                    27.9120006561,
                    74.1161956787
                ]
            ],
            "icov": [
                [
                    0.000156869078637,
                    -0.000211377817323,
                    0.000608580652624,
                    -0.0003879176802,
                    0.000223772920435,
                    -0.000303249806166,
                    1.42480448631e-05,
                    -0.000126354731037,
                    -2.15337731788e-05,
                    -0.000177890513442,
                    0.000144205114339,
                    -0.000115270260721,
                    0.000146649676026
                ],
                [
                    -0.000211377817323,
                    0.00254291854799,
                    -0.00257062376477,
                    0.00208564591594,
                    -0.00083059258759,
                    0.000880459556356,
                    -0.000672355468851,
                    0.00110676186159,
                    -0.00128891738132,
                    0.00154500489589,
                    -0.00140630314127,
                    0.00181252113543,
                    -0.00189430522732
                ],
                [
                    0.000608580652624,
                    -0.00257062376477,
                    0.00703708687797,
                    -0.00478006340563,
                    0.00322894821875,
                    -0.0033576854039,
                    0.00185123982374,
                    -0.00114920979831,
                    -0.000188251593499,
                    -0.00135353894439,
                    -0.000144584832015,
                    0.00089729228057,
                    -0.000667490297928
                ],
                [
                    -0.0003879176802,
                    0.00208564591594,
                    -0.00478006340563,
                    0.00735451281071,
                    -0.00473780371249,
                    0.00360194197856,
                    -0.00222165579908,
                    -0.0021963766776,
                    0.00362774496898,
                    -0.00331917847507,
                    0.00504528125748,
                    -0.00432095676661,
                    0.00348549406044
                ],
                [
                    0.000223772920435,
                    -0.00083059258759,
                    0.00322894821875,
                    -0.00473780371249,
                    0.00896529853344,
                    -0.00605473062024,
                    -0.0007395100547,
                    0.00362210301682,
                    -0.00629166373983,
                    0.0079107740894,
                    -0.0105771226808,
                    0.00822120998055,
                    -0.00337084615603
                ],
                [
                    -0.000303249806166,
                    0.000880459556356,
                    -0.0033576854039,
                    0.00360194197856,
                    -0.00605473062024,
                    0.00952090229839,
                    -0.000697608862538,
                    -0.00452510314062,
                    0.00708318175748,
                    -0.00662723602727,
                    0.00527480477467,
                    -0.00569949764758,
                    0.00187713198829
                ],
                [
                    1.42480448631e-05,
                    -0.000672355468851,
                    0.00185123982374,
                    -0.00222165579908,
                    -0.0007395100547,
                    -0.000697608862538,
                    0.0080536454916,
                    0.00044097402133,
                    -0.00335585628636,
                    0.00140225852374,
                    0.00139716826379,
                    -0.00329353800043,
                    0.000874903751537
                ],
                [
                    -0.000126354731037,
                    0.00110676186159,
                    -0.00114920979831,
                    -0.0021963766776,
                    0.00362210301682,
                    -0.00452510314062,
                    0.00044097402133,
                    0.0108743868768,
                    -0.00905766058713,
                    0.00606817798689,
                    -0.00608318764716,
                    0.0066836560145,
                    -0.00542932283133
                ],
                [
                    -2.15337731788e-05,
                    -0.00128891738132,
                    -0.000188251593499,
                    0.00362774496898,
                    -0.00629166373983,
                    0.00708318175748,
                    -0.00335585628636,
                    -0.00905766058713,
                    0.0213695801795,
                    -0.015684755519,
                    0.00954617280513,
                    -0.00611149612814,
                    0.00332238827832
                ],
                [
                    -0.000177890513442,
                    0.00154500489589,
                    -0.00135353894439,
                    -0.00331917847507,
                    0.0079107740894,
                    -0.00662723602727,
                    0.00140225852374,
                    0.00606817798689,
                    -0.015684755519,
                    0.0301924664527,
                    -0.0204632394016,
                    0.00993622653186,
                    -0.00557745574042
                ],
                [
                    0.000144205114339,
                    -0.00140630314127,
                    -0.000144584832015,
                    0.00504528125748,
                    -0.0105771226808,
                    0.00527480477467,
                    0.00139716826379,
                    -0.00608318764716,
                    0.00954617280513,
                    -0.0204632394016,
                    0.0332919359207,
                    -0.020729355514,
                    0.00738145969808
                ],
                [
                    -0.000115270260721,
                    0.00181252113543,
                    0.00089729228057,
                    -0.00432095676661,
                    0.00822120998055,
                    -0.00569949764758,
                    -0.00329353800043,
                    0.0066836560145,
                    -0.00611149612814,
                    0.00993622653186,
                    -0.020729355514,
                    0.030021302402,
                    -0.0132697047666
                ],
                [
                    0.000146649676026,
                    -0.00189430522732,
                    -0.000667490297928,
                    0.00348549406044,
                    -0.00337084615603,
                    0.00187713198829,
                    0.000874903751537,
                    -0.00542932283133,
                    0.00332238827832,
                    -0.00557745574042,
                    0.00738145969808,
                    -0.0132697047666,
                    0.0236330851912
                ]
            ],
            "mean": [
                -39.1287307739,
                114.614929199,
                -76.9145736694,
                -10.9334554672,
                -21.655872345,
                -19.335609436,
                -7.40648794174,
                -18.3596420288,
                -5.1502571106,
                -6.3811173439,
                -0.817805945873,
                -1.96374535561,
                -2.40980696678
            ]
        },
        "hfc": {
            "dmean": 50.3925895691,
            "dmean2": 70.9626235962,
            "dvar": 5495.45898438,
            "dvar2": 10654.0117188,
            "max": 1833.97875977,
            "mean": 154.094711304,
            "median": 104.346084595,
            "min": 1.09183307907e-16,
            "var": 26967.9414062
        },
        "melbands": {
            "dmean": [
                0.00288561731577,
                0.00107062514871,
                0.0006482610479,
                0.000524420582224,
                0.000406225648476,
                0.000455473084003,
                0.000262356479652,
                0.000126839557197,
                0.000117648436571,
                0.000133307301439,
                0.000107472980744,
                6.67293061269e-05,
                9.17104043765e-05,
                6.62632810418e-05,
                3.9659349568e-05,
                3.74371302314e-05,
                1.84976961464e-05,
                9.85981205304e-06,
                9.41555845202e-06,
                6.47942079013e-06,
                4.2983979256e-06,
                3.38606446348e-06,
                3.19062360177e-06,
                3.15442957799e-06,
                2.65232256424e-06,
                2.10348457585e-06,
                1.53535609115e-06,
