{
    "lowlevel": {
        "average_loudness": 0.885913729668,
        "barkbands": {
            "dmean": [
                0.000628216948826,
                0.0051952782087,
                0.00225981627591,
                0.000977822695859,
                0.000814182625618,
                0.000972805544734,
                0.00151024025399,
                0.000391666981159,
                0.000812550249975,
                0.00157318240963,
                0.000262517714873,
                0.000926294596866,
                0.000604131666478,
                0.000360958685633,
                0.00027857592795,
                0.000173042790266,
                0.000129000662128,
                0.000112722082122,
                0.000132193788886,
                0.000115525523142,
                7.12102482794e-05,
                3.80543751817e-05,
                1.97672634386e-05,
                6.60292789689e-05,
                0.000112405214168,
                4.06645522162e-05,
                4.71641396871e-06
            ],
            "dmean2": [
                0.000976481533144,
                0.00850601866841,
                0.00411815708503,
                0.00173571787309,
                0.00135984318331,
                0.00138464174233,
                0.00226439395919,
                0.000561612017918,
                0.00121621892322,
                0.00241525936872,
                0.000403573911171,
                0.0013095632894,
                0.000867365219165,
                0.000536480860319,
                0.000422229117248,
                0.000265409733402,
                0.000195038825041,
                0.000164655852132,
                0.000191274724784,
                0.000166764206369,
                0.000103560574644,
                5.64481160836e-05,
                2.92738495773e-05,
                9.83331919997e-05,
                0.000168555678101,
                6.02645050094e-05,
                7.16639397069e-06
            ],
            "dvar": [
                2.26757651944e-06,
                0.000126471160911,
                6.77730131429e-05,
                1.07625664896e-05,
                3.77399032914e-06,
                4.46861395176e-06,
                1.08968388304e-05,
                1.7985374825e-06,
                4.682161034e-06,
                1.55725447257e-05,
                7.89378248101e-07,
                6.18117110207e-06,
                3.49935612576e-06,
                1.27641362724e-06,
                8.15222051642e-07,
                1.86881607078e-07,
                1.30055397563e-07,
                8.54302939501e-08,
                8.97137439893e-08,
                9.05398493956e-08,
                3.17629975655e-08,
                1.16551426288e-08,
                4.49988046825e-09,
                7.15615939839e-08,
                1.57130628509e-07,
                1.39582692071e-08,
                2.09870426593e-10
            ],
            "dvar2": [
                5.36809875484e-06,
                0.00034475850407,
                0.000192664461792,
                3.09901297442e-05,
                1.05424942376e-05,
                8.57385111885e-06,
                2.31708108913e-05,
                3.41080271937e-06,
                1.06196539491e-05,
                3.66390813724e-05,
                1.77883521246e-06,
                1.2417808648e-05,
                7.03998830431e-06,
                2.51278811447e-06,
                1.78202799361e-06,
                4.11256479538e-07,
                2.77844549146e-07,
                1.6473956066e-07,
                1.71314198383e-07,
                1.83173469281e-07,
                6.28824352589e-08,
                2.30667467349e-08,
                9.61822177459e-09,
                1.41078686511e-07,
                3.20775114915e-07,
                2.85194960981e-08,
                5.12810516273e-10
            ],
            "max": [
                0.0157280154526,
                0.105211354792,
                0.086615100503,
                0.0433862060308,
                0.0487541034818,
                0.0677779167891,
                0.0723580345511,
                0.0599857978523,
                0.0543514639139,
                0.0670566260815,
                0.0342874117196,
                0.0478777289391,
                0.0385199859738,
                0.0314217582345,
                0.025925707072,
                0.00918697565794,
                0.0142559986562,
                0.00769131025299,
                0.00671677803621,
                0.00763835199177,
                0.00398710323498,
                0.00274093495682,
                0.00300494069234,
                0.00803580321372,
                0.00749542191625,
                0.00326296663843,
                0.000310834875563
            ],
            "mean": [
                0.000803195405751,
                0.00876891240478,
                0.00207587587647,
                0.00107101013418,
                0.00135176139884,
                0.00207657390274,
                0.00321903731674,
                0.000735846231692,
                0.00124739052262,
                0.00263865990564,
                0.000341858714819,
                0.00154604087584,
                0.00107657222543,
                0.000579908315558,
                0.000452419015346,
                0.000302569533233,
                0.000213028091821,
                0.000195721979253,
                0.000236925596255,
                0.000200658352696,
                0.000122536512208,
                6.41234437353e-05,
                3.10258146783e-05,
                0.00010095709149,
                0.000178295595106,
                6.14341770415e-05,
                6.25546090305e-06
            ],
            "median": [
                2.7724150641e-05,
                0.00300467782654,
                0.000380404409952,
                0.00030427594902,
                0.000666253617965,
                0.000575250538532,
                0.000588444876485,
                0.000115157177788,
                0.000273242621915,
                0.000390352273826,
                5.46017472516e-05,
                0.000165042802109,
                8.49615535117e-05,
                7.03199257259e-05,
                5.90559357079e-05,
                3.80877463613e-05,
                2.83114586637e-05,
                2.17729211727e-05,
                3.96990581066e-05,
                3.56119744538e-05,
                2.0220026272e-05,
                1.07803334686e-05,
                5.45526290807e-06,
                1.26105624076e-05,
                2.85261230601e-05,
                1.3030817172e-05,
                8.76377441728e-07
            ],
            "min": [
                1.27667923615e-23,
                3.75027787558e-23,
                2.67691239162e-23,
                9.55588077489e-24,
                6.0961574101e-23,
                1.04871436953e-23,
                2.00184940515e-23,
                1.01784330774e-22,
                5.46781897058e-23,
                5.10926496531e-23,
                1.01919705617e-22,
                7.76091203541e-23,
                1.37489683647e-22,
                2.22393116801e-22,
                1.20533882106e-22,
                2.14341939294e-22,
                1.53951822344e-22,
                1.66193176544e-22,
                2.24321597725e-22,
                2.24086050169e-22,
                5.45883365555e-22,
                6.65746551809e-22,
                5.43753415867e-22,
                7.56069282677e-22,
                1.53358457579e-21,
                1.93477000015e-21,
                2.55220014681e-21
            ],
            "var": [
                3.46631009052e-06,
                0.000210114245419,
                4.60904047941e-05,
                7.23371522326e-06,
                4.26004726251e-06,
                2.1192316126e-05,
                4.61191193608e-05,
                9.47688658925e-06,
                9.96923608909e-06,
                4.30158652307e-05,
                1.18929040127e-06,
                1.62971500686e-05,
                1.11559520519e-05,
                3.28000101035e-06,
                1.82564042461e-06,
                4.92760250381e-07,
                2.73197912293e-07,
                2.25366335371e-07,
                2.44409790184e-07,
                2.11436002928e-07,
                7.58103055887e-08,
                3.05589722416e-08,
                8.18733880692e-09,
                1.5453626645e-07,
                3.36249769362e-07,
                2.89216721683e-08,
                3.06187020183e-10
            ]
        },
        "barkbands_crest": {
            "dmean": 2.91807985306,
            "dmean2": 4.56950139999,
            "dvar": 7.22214126587,
            "dvar2": 16.7624988556,
            "max": 26.507352829,
            "mean": 12.5516777039,
            "median": 11.7514066696,
            "min": 2.53466820717,
            "var": 25.5145645142
        },
        "barkbands_flatness_db": {
            "dmean": 0.0274861678481,
            "dmean2": 0.0396158471704,
            "dvar": 0.00081035902258,
            "dvar2": 0.00166606437415,
            "max": 0.632315576077,
            "mean": 0.190069019794,
            "median": 0.173574626446,
            "min": 0.0268306098878,
            "var": 0.00715008098632
        },
        "barkbands_kurtosis": {
            "dmean": 7.16640758514,
            "dmean2": 11.0253314972,
            "dvar": 664.721130371,
            "dvar2": 1533.42895508,
            "max": 788.704101563,
            "mean": 11.3295574188,
            "median": 3.38049817085,
            "min": -1.98119211197,
            "var": 1355.2277832
        },
        "barkbands_skewness": {
            "dmean": 0.740840852261,
            "dmean2": 1.09986615181,
            "dvar": 1.02229678631,
            "dvar2": 2.24731731415,
            "max": 21.2998447418,
            "mean": 1.74677729607,
            "median": 1.4191712141,
            "min": -8.10093212128,
            "var": 4.14641857147
        },
        "barkbands_spread": {
            "dmean": 5.48684310913,
            "dmean2": 8.42536735535,
            "dvar": 82.7320709229,
            "dvar2": 175.723983765,
            "max": 129.051223755,
            "mean": 17.3264331818,
            "median": 12.940164566,
            "min": 0.134221166372,
            "var": 293.343444824
        },
        "dissonance": {
            "dmean": 0.0344156287611,
            "dmean2": 0.0578318238258,
            "dvar": 0.00146219029557,
            "dvar2": 0.00402126181871,
            "max": 0.49995547533,
            "mean": 0.433178246021,
            "median": 0.45058619976,
            "min": 0.0365507937968,
            "var": 0.00357069144957
        },
        "dynamic_complexity": 4.68329143524,
        "erbbands": {
            "dmean": [
                0.204947158694,
                1.05024647713,
                2.57154750824,
                2.9673166275,
                3.15766310692,
                2.46972227097,
                2.84248113632,
                10.6695194244,
                23.2823448181,
                12.3911409378,
                7.82971811295,
                14.5400238037,
                37.1199035645,
                40.0654792786,
                20.1624622345,
                29.8876190186,
                25.2216091156,
                15.5348052979,
                19.8096199036,
                7.84929895401,
                8.15902614594,
                7.61221599579,
                5.92621946335,
                5.78285884857,
                6.95952415466,
                5.11319303513,
                3.17526316643,
                2.22266578674,
                1.45144665241,
                0.897257447243,
                0.518991231918,
                0.920535266399,
                1.42791175842,
                1.45344936848,
                0.697566509247,
                0.272617816925,
                0.0544201768935,
                0.00859153922647,
                0.000911425449885,
                3.37230558216e-05
            ],
            "dmean2": [
                0.32303121686,
                1.73819005489,
                4.60953712463,
                5.33451557159,
                5.41566705704,
                4.13078069687,
                4.40421056747,
                15.108417511,
                35.0827217102,
                17.865026474,
                11.2497386932,
                21.5728034973,
                56.2255401611,
                59.8173217773,
                28.1637992859,
                42.0391349792,
                34.9482460022,
                22.1566200256,
                29.6926555634,
                11.6898412704,
                12.3315782547,
                11.4303560257,
                8.57365608215,
                8.28676795959,
                9.9268693924,
                7.11984682083,
                4.61065483093,
                3.20207238197,
                2.16229200363,
                1.29927933216,
                0.750465512276,
                1.3703827858,
                2.12816286087,
                2.20347118378,
                1.0370811224,
                0.399907052517,
                0.0813266932964,
                0.0130207883194,
                0.00140093697701,
                5.04526833538e-05
            ],
            "dvar": [
                0.211260527372,
                6.9165225029,
                79.977973938,
                113.223953247,
                73.2139129639,
                36.1301078796,
                41.2730255127,
                565.770141602,
                2457.35473633,
                1341.57836914,
                468.307189941,
                1319.55847168,
                8173.06054688,
                11637.0566406,
                2586.26171875,
                6009.72949219,
                5832.31347656,
                2596.24707031,
                3591.06274414,
                379.796264648,
                458.318695068,
                503.976989746,
                228.152893066,
                180.031433105,
                268.236724854,
                159.477218628,
                57.0340805054,
                36.7367668152,
                17.1780433655,
                8.90182113647,
                2.9457218647,
                14.9916553497,
                34.1753578186,
                28.9969902039,
                5.42251014709,
                0.696278989315,
                0.0265611670911,
                0.000694826012477,
                8.35488572193e-06,
                6.46305498009e-09
            ],
            "dvar2": [
                0.549831926823,
                18.1122913361,
                226.591690063,
                324.207733154,
                206.530853271,
                101.120178223,
                100.049530029,
                1099.37561035,
                5373.67529297,
                2481.12036133,
                931.126281738,
                3001.89501953,
                18385.6386719,
                26743.7832031,
                5208.60839844,
                12653.8134766,
                11820.1894531,
                4950.70117188,
                7844.77978516,
                832.158996582,
                954.462341309,
                1068.90393066,
                438.849517822,
                345.633544922,
                513.144470215,
                299.704772949,
                114.456459045,
                72.0376052856,
                35.2013053894,
                16.7451496124,
                6.19611883163,
                33.1201972961,
                66.8517150879,
                59.5991859436,
                11.5674467087,
                1.43010914326,
                0.0565047487617,
                0.0016851486871,
                2.0887955543e-05,
                1.51541517113e-08
            ],
            "max": [
                4.02938318253,
                27.3807582855,
                85.8164596558,
                132.257583618,
                126.086387634,
                163.32774353,
                184.531387329,
                795.104309082,
                1164.16125488,
                1289.75854492,
                1061.52294922,
                928.764343262,
                2140.62646484,
                2146.66235352,
                1131.07299805,
                1484.97692871,
                1723.16503906,
                1298.03820801,
                1517.43713379,
                864.124328613,
                566.065979004,
                923.629638672,
                419.342315674,
                262.646026611,
                346.115905762,
                327.632629395,
                128.102325439,
                153.492645264,
                97.3997192383,
                130.548797607,
                81.3942489624,
                113.158973694,
                167.823806763,
                106.793586731,
                52.552696228,
                26.0460147858,
                4.17682504654,
                0.645940601826,
                0.0492434091866,
                0.00150227244012
            ],
            "mean": [
                0.296188533306,
                1.75741827488,
                2.76854467392,
                3.08790636063,
                4.3163690567,
                4.15179252625,
                5.7311668396,
                23.3742008209,
                48.9654083252,
                29.6733512878,
                14.8318929672,
                22.9842948914,
                58.9657897949,
                67.2007522583,
                33.0102767944,
                53.8620452881,
                51.0316047668,
                28.7947349548,
                34.6535835266,
                15.5301904678,
                14.8785743713,
                13.0834035873,
                10.8581008911,
                11.2031488419,
                12.8007249832,
                9.35498905182,
                5.61294317245,
                3.96062231064,
                2.47581863403,
                1.49242413044,
                0.842778146267,
                1.38012242317,
                2.17927527428,
                2.21585249901,
                1.07124614716,
                0.414460510015,
                0.0799079909921,
                0.0117538254708,
                0.00121207127813,
                7.06371865817e-05
            ],
            "median": [
                0.0511724948883,
                0.602856934071,
                0.75402712822,
                0.862430810928,
                1.68151402473,
                1.83579051495,
                2.85039782524,
                6.6014251709,
                12.0493421555,
                5.48293161392,
                4.0118689537,
                6.75091123581,
                13.7036085129,
                11.6720600128,
                7.32176351547,
                8.02379608154,
                5.08598423004,
                4.00793170929,
                4.99464273453,
                2.39581370354,
                2.09353089333,
                1.74819266796,
                1.3668462038,
                1.65091526508,
                2.19884705544,
                1.74910223484,
                0.990885794163,
                0.681323885918,
                0.431676208973,
                0.235733404756,
                0.155460491776,
                0.174022883177,
                0.240748018026,
                0.270727306604,
                0.198273569345,
                0.0815672948956,
                0.0167704503983,
                0.00209455611184,
                0.000209430188988,
                4.18909366999e-05
            ],
            "min": [
                1.68842668762e-21,
                6.14618176854e-21,
                2.31688830556e-20,
                4.4434429984e-20,
                1.34846505245e-19,
                1.68861929792e-19,
                1.36730073048e-19,
                1.17803767042e-19,
                2.57095566748e-19,
                1.58053028895e-18,
                1.25566906205e-18,
                1.26196463029e-18,
                2.13925967006e-18,
                1.11691509776e-18,
                5.29504738516e-18,
                3.34183221539e-18,
                6.87789429682e-18,
                1.05109426847e-17,
                6.7791707043e-18,
                6.89993493783e-18,
                1.30636758218e-17,
                9.06394405861e-18,
                6.54710849217e-18,
                1.32619551505e-17,
                1.01005676294e-17,
                1.19628117502e-17,
                2.35503564719e-17,
                1.66742174523e-17,
                2.53851969261e-17,
                1.87553889843e-17,
                1.57031421548e-17,
                1.47167971031e-17,
                1.31929624971e-17,
                1.25942351077e-17,
                1.26898580137e-17,
                8.24631738214e-18,
                3.0554502932e-18,
                1.66265846704e-18,
                3.41472642119e-19,
                3.76697727839e-20
            ],
            "var": [
                0.330093622208,
                9.58046340942,
                57.7195777893,
                74.1904144287,
                66.5623092651,
                44.3152961731,
                97.5720291138,
                2715.25634766,
                9210.11230469,
                9456.62109375,
                2259.71459961,
                2516.62915039,
                16724.0644531,
                33396.6015625,
                6200.03955078,
                16701.2226563,
                21697.3476563,
                8102.27734375,
                9296.67578125,
                1663.61193848,
                1165.60327148,
                1050.72839355,
                632.92376709,
                528.331481934,
                735.660583496,
                409.325836182,
                137.243911743,
                90.1708908081,
                42.5956420898,
                24.8106918335,
                5.1082034111,
                28.6223659515,
                72.6728439331,
                59.724407196,
                10.9124193192,
                1.43875730038,
                0.0508657023311,
                0.00103080412373,
                1.10383934953e-05,
                1.17392611187e-08
            ]
        },
        "erbbands_crest": {
            "dmean": 3.10767126083,
            "dmean2": 4.82289791107,
            "dvar": 8.68534946442,
            "dvar2": 19.8863639832,
            "max": 31.3858509064,
            "mean": 12.2384996414,
            "median": 11.0153532028,
            "min": 2.45714044571,
            "var": 34.6934547424
        },
        "erbbands_flatness_db": {
            "dmean": 0.0232324209064,
            "dmean2": 0.032909411937,
            "dvar": 0.000568714225665,
            "dvar2": 0.00112648110371,
            "max": 0.543787300587,
            "mean": 0.197050049901,
            "median": 0.185418069363,
            "min": 0.0454612523317,
            "var": 0.00681456923485
        },
        "erbbands_kurtosis": {
            "dmean": 2.35631632805,
            "dmean2": 3.53434371948,
            "dvar": 19.0051364899,
            "dvar2": 40.3530578613,
            "max": 171.852844238,
            "mean": 4.09553766251,
            "median": 1.45399475098,
            "min": -1.8738732338,
            "var": 114.849227905
        },
        "erbbands_skewness": {
            "dmean": 0.504638314247,
            "dmean2": 0.740774989128,
            "dvar": 0.295334249735,
            "dvar2": 0.609220683575,
            "max": 10.9285736084,
            "mean": 0.867480516434,
            "median": 0.714535236359,
            "min": -5.98650550842,
            "var": 1.76632797718
        },
        "erbbands_spread": {
            "dmean": 9.07656764984,
            "dmean2": 13.7104663849,
            "dvar": 182.707458496,
            "dvar2": 411.103637695,
            "max": 192.537399292,
            "mean": 29.2334594727,
            "median": 22.6421260834,
            "min": 0.856643974781,
            "var": 568.829345703
        },
        "gfcc": {
            "cov": [
                [
                    16726.4648438,
                    -606.352050781,
                    559.313842773,
                    2619.98071289,
                    88.2682189941,
                    493.280761719,
                    -58.2385292053,
                    260.66317749,
                    -636.202392578,
                    661.460571289,
                    -26.6280345917,
                    -156.545379639,
                    -144.824035645
                ],
                [
                    -606.352050781,
                    2824.57348633,
                    522.620788574,
                    67.1465606689,
                    563.504516602,
                    -29.7536888123,
                    280.273529053,
                    -135.832351685,
                    265.89151001,
                    -165.8256073,
                    35.5239753723,
                    -222.782562256,
                    -7.27632951736
                ],
                [
                    559.313842773,
                    522.620788574,
                    2102.62597656,
                    965.499328613,
                    37.5727348328,
                    376.19317627,
                    21.3443508148,
                    94.1136322021,
                    130.444610596,
                    73.3994903564,
                    96.5857315063,
                    -53.3986587524,
                    -63.3531837463
                ],
                [
                    2619.98071289,
                    67.1465606689,
                    965.499328613,
                    1465.46826172,
                    250.666427612,
                    171.670562744,
                    136.184463501,
                    110.876708984,
                    -27.0207824707,
                    186.487014771,
                    83.0365600586,
                    -2.67479586601,
                    -30.5791816711
                ],
                [
                    88.2682189941,
                    563.504516602,
                    37.5727348328,
                    250.666427612,
                    661.641906738,
                    104.581665039,
                    131.039077759,
                    46.4400062561,
                    89.9670562744,
                    -6.37185430527,
                    -27.5305690765,
                    24.847442627,
                    -5.29355239868
                ],
                [
                    493.280761719,
                    -29.7536888123,
                    376.19317627,
                    171.670562744,
                    104.581665039,
                    433.603759766,
                    89.3077926636,
                    19.7650260925,
                    72.363571167,
                    43.4667167664,
                    3.12974262238,
                    -6.30926084518,
                    -18.1980934143
                ],
                [
                    -58.2385292053,
                    280.273529053,
                    21.3443508148,
                    136.184463501,
                    131.039077759,
                    89.3077926636,
                    331.075836182,
                    64.983253479,
                    59.2456703186,
                    18.2601108551,
                    0.21363632381,
                    4.49920845032,
                    32.7408714294
                ],
                [
                    260.66317749,
                    -135.832351685,
                    94.1136322021,
                    110.876708984,
                    46.4400062561,
                    19.7650260925,
                    64.983253479,
                    224.534286499,
                    44.5913581848,
                    38.212310791,
                    19.0801734924,
                    25.7922897339,
                    24.0679531097
                ],
                [
                    -636.202392578,
                    265.89151001,
                    130.444610596,
                    -27.0207824707,
                    89.9670562744,
                    72.363571167,
                    59.2456703186,
                    44.5913581848,
                    263.315093994,
                    -47.4002494812,
                    22.8195915222,
                    14.1198034286,
                    -10.9089775085
                ],
                [
                    661.460571289,
                    -165.8256073,
                    73.3994903564,
                    186.487014771,
                    -6.37185430527,
                    43.4667167664,
                    18.2601108551,
                    38.212310791,
                    -47.4002494812,
                    204.989883423,
                    67.2458953857,
                    8.83459281921,
                    2.70660710335
                ],
                [
                    -26.6280345917,
                    35.5239753723,
                    96.5857315063,
                    83.0365600586,
                    -27.5305690765,
                    3.12974262238,
                    0.21363632381,
                    19.0801734924,
                    22.8195915222,
                    67.2458953857,
                    175.841629028,
                    12.9012479782,
                    10.2074394226
                ],
                [
                    -156.545379639,
                    -222.782562256,
                    -53.3986587524,
                    -2.67479586601,
                    24.847442627,
                    -6.30926084518,
                    4.49920845032,
                    25.7922897339,
                    14.1198034286,
                    8.83459281921,
                    12.9012479782,
                    161.998458862,
                    39.0038223267
                ],
                [
                    -144.824035645,
                    -7.27632951736,
                    -63.3531837463,
                    -30.5791816711,
                    -5.29355239868,
                    -18.1980934143,
                    32.7408714294,
                    24.0679531097,
                    -10.9089775085,
                    2.70660710335,
                    10.2074394226,
                    39.0038223267,
                    133.714614868
                ]
            ],
            "icov": [
                [
                    0.000136897084303,
                    -0.000129281033878,
                    0.00020351204148,
                    -0.000352210045094,
                    0.00020051257161,
                    -0.000318412610795,
                    0.000275921513094,
                    -0.000291015370749,
                    0.000285998539766,
                    -0.000195479791728,
                    0.000203355157282,
                    -5.12637889187e-05,
                    0.000133254536195
                ],
                [
                    -0.000129281033878,
                    0.00103665480856,
                    -0.000635155185591,
                    0.000619497324806,
                    -0.00107004935853,
                    0.00103108165786,
                    -0.00105333363172,
                    0.0012023455929,
                    -0.000812627549749,
                    0.000509789562784,
                    -0.000646717846394,
                    0.00136555731297,
                    -0.000528979406226
                ],
                [
                    0.00020351204148,
                    -0.000635155185591,
                    0.00142379221506,
                    -0.00128964358009,
                    0.000993984751403,
                    -0.00145239569247,
                    0.00113192538265,
                    -0.00104693241883,
                    0.000280060456134,
                    -8.88219365152e-05,
                    0.00028436636785,
                    -0.000454053020803,
                    0.00045386410784
                ],
                [
                    -0.000352210045094,
                    0.000619497324806,
                    -0.00128964358009,
                    0.00232570199296,
                    -0.00128311780281,
                    0.00127711996902,
                    -0.00137777428608,
                    0.000872674921993,
                    -0.000351024442352,
                    -0.000208253768506,
                    -0.000778710236773,
                    0.000425975042162,
                    -0.000212860191823
                ],
                [
                    0.00020051257161,
                    -0.00107004935853,
                    0.000993984751403,
                    -0.00128311780281,
                    0.00307254679501,
                    -0.00151658907998,
                    0.000780416536145,
                    -0.00139112467878,
                    0.000325659522787,
                    -0.000328663096298,
                    0.00112180237193,
                    -0.00157448486425,
                    0.000717845628969
                ],
                [
                    -0.000318412610795,
                    0.00103108165786,
                    -0.00145239569247,
                    0.00127711996902,
                    -0.00151658907998,
                    0.00448494637385,
                    -0.00199132203124,
                    0.0017711778637,
                    -0.00161691580433,
                    -0.000240849039983,
                    -0.000325487169903,
                    0.00110730272718,
                    -0.000390886561945
                ],
                [
                    0.000275921513094,
                    -0.00105333363172,
                    0.00113192538265,
                    -0.00137777428608,
                    0.000780416536145,
                    -0.00199132203124,
                    0.00513456948102,
                    -0.00210783723742,
                    0.000319079321343,
                    -0.000720584997907,
                    0.00098246242851,
                    -0.00079218915198,
                    -0.000458509079181
                ],
                [
                    -0.000291015370749,
                    0.0012023455929,
                    -0.00104693241883,
                    0.000872674921993,
                    -0.00139112467878,
                    0.0017711778637,
                    -0.00210783723742,
                    0.00684828031808,
                    -0.00210408330895,
                    -0.000287278468022,
                    -0.000712600478437,
                    0.000897029123735,
                    -0.00144988903776
                ],
                [
                    0.000285998539766,
                    -0.000812627549749,
                    0.000280060456134,
                    -0.000351024442352,
                    0.000325659522787,
                    -0.00161691580433,
                    0.000319079321343,
                    -0.00210408330895,
                    0.00612218957394,
                    0.00102176808286,
                    -0.00063333887374,
                    -0.00140496494714,
                    0.00134834495839
                ],
                [
                    -0.000195479791728,
                    0.000509789562784,
                    -8.88219365152e-05,
                    -0.000208253768506,
                    -0.000328663096298,
                    -0.000240849039983,
                    -0.000720584997907,
                    -0.000287278468022,
                    0.00102176808286,
                    0.00751786725596,
                    -0.0030312279705,
                    0.000334961427143,
                    -2.64543195954e-05
                ],
                [
                    0.000203355157282,
                    -0.000646717846394,
                    0.00028436636785,
                    -0.000778710236773,
                    0.00112180237193,
                    -0.000325487169903,
                    0.00098246242851,
                    -0.000712600478437,
                    -0.00063333887374,
                    -0.0030312279705,
                    0.0076492507942,
                    -0.00104119454045,
                    -0.000241006040596
                ],
                [
                    -5.12637889187e-05,
                    0.00136555731297,
                    -0.000454053020803,
                    0.000425975042162,
                    -0.00157448486425,
                    0.00110730272718,
                    -0.00079218915198,
                    0.000897029123735,
                    -0.00140496494714,
                    0.000334961427143,
                    -0.00104119454045,
                    0.00883485376835,
                    -0.0025970437564
                ],
                [
                    0.000133254536195,
                    -0.000528979406226,
                    0.00045386410784,
                    -0.000212860191823,
                    0.000717845628969,
                    -0.000390886561945,
                    -0.000458509079181,
                    -0.00144988903776,
                    0.00134834495839,
                    -2.64543195954e-05,
                    -0.000241006040596,
                    -0.0025970437564,
                    0.00899545568973
                ]
            ],
            "mean": [
                -53.0259819031,
                89.2718658447,
                -104.633255005,
                -2.68241548538,
                -52.3822364807,
                12.1190805435,
                -31.7348365784,
                16.9734783173,
                -29.9726352692,
                12.1964435577,
                -10.5954751968,
                3.54820585251,
                -3.13774800301
            ]
        },
        "hfc": {
            "dmean": 6.72219610214,
            "dmean2": 9.50082778931,
            "dvar": 94.5037231445,
            "dvar2": 186.736114502,
            "max": 157.5209198,
            "mean": 20.5145931244,
            "median": 13.5267457962,
            "min": 1.24404536292e-16,
            "var": 425.53237915
        },
        "melbands": {
            "dmean": [
                0.00153150060214,
                0.00130926759448,
                0.000519674678799,
                0.000205450007343,
                9.59951648838e-05,
                0.00023334895377,
                0.00033874734072,
                0.000118722011393,
                6.28785273875e-05,
                0.00010730579379,
                0.000200932117878,
                0.000185696146218,
                5.3309930081e-05,
                9.67616724665e-05,
                8.52706361911e-05,
                4.15243885072e-05,
                2.95406352961e-05,
                3.60876983905e-05,
                1.46443171616e-05,
                1.25906335597e-05,
                8.80926654645e-06,
                8.59122428665e-06,
                5.43520263818e-06,
                6.6048573899e-06,
                4.7415383051e-06,
                5.59868931305e-06,
