{
    "lowlevel": {
        "average_loudness": 0.841131150723,
        "barkbands": {
            "dmean": [
                0.000237800530158,
                0.00364341610111,
                0.00141922803596,
                0.00111892132554,
                0.0015227959957,
                0.00110254774336,
                0.00168295728508,
                0.000827066134661,
                0.00111798488069,
                0.000280422100332,
                0.000417367205955,
                0.000372893875465,
                0.000403119163821,
                0.000351611815859,
                0.000234308870859,
                0.000168208920513,
                0.000211267135455,
                0.000176179251866,
                0.000194958091015,
                0.000146261314512,
                5.29001990799e-05,
                8.44174937811e-05,
                9.91430060822e-05,
                0.000111477347673,
                5.99377854087e-05,
                4.63205215055e-05,
                3.95177221435e-06
            ],
            "dmean2": [
                0.000380575947929,
                0.00557307526469,
                0.00237281899899,
                0.00193654932082,
                0.0024651014246,
                0.00173919694498,
                0.00266136880964,
                0.00131240545306,
                0.00185350514948,
                0.000450589868706,
                0.000676405034028,
                0.00058937392896,
                0.000672063964885,
                0.000560272950679,
                0.000369675050024,
                0.000263648573309,
                0.000339635298587,
                0.000272797740763,
                0.000300934392726,
                0.000226240459597,
                8.37313200464e-05,
                0.000130048414576,
                0.000153784028953,
                0.00016996425984,
                9.09762675292e-05,
                6.799906987e-05,
                6.4058776843e-06
            ],
            "dvar": [
                2.4087992756e-07,
                4.78177862533e-05,
                1.59065275511e-05,
                9.34122635954e-06,
                1.58121692948e-05,
                1.42732978929e-05,
                2.5885849027e-05,
                5.06066498929e-06,
                6.22075276624e-06,
                5.25339601154e-07,
                1.11390932034e-06,
                7.25039058125e-07,
                6.4041597625e-07,
                7.18395199328e-07,
                5.0447903277e-07,
                2.69734556468e-07,
                2.29879333347e-07,
                1.71030436036e-07,
                1.68295670733e-07,
                1.00361660316e-07,
                1.3841593649e-08,
                8.78745609612e-08,
                1.2103635072e-07,
                3.32608209419e-07,
                1.2558135154e-07,
                1.72406391385e-08,
                1.27485064172e-10
            ],
            "dvar2": [
                6.11599432432e-07,
                0.000112484158308,
                4.14759124396e-05,
                2.53672478721e-05,
                3.85495732189e-05,
                3.65137093468e-05,
                6.09801609244e-05,
                1.20634085761e-05,
                1.65426881722e-05,
                1.37278493639e-06,
                2.77875415122e-06,
                1.66408790392e-06,
                1.63241202245e-06,
                1.72834347723e-06,
                1.20698575756e-06,
                6.50312415473e-07,
                5.77776972932e-07,
                4.00517023991e-07,
                3.87078273434e-07,
                2.30612315022e-07,
                3.18078683392e-08,
                1.91729839116e-07,
                2.8305467481e-07,
                7.48597472011e-07,
                2.73541047591e-07,
                4.02252986476e-08,
                3.18965104329e-10
            ],
            "max": [
                0.00565381534398,
                0.0710357502103,
                0.0488983020186,
                0.043177511543,
                0.0773847475648,
                0.0979848653078,
                0.0890595763922,
                0.0549382045865,
                0.0569256395102,
                0.0273455604911,
                0.0279502216727,
                0.0184772312641,
                0.0136501034722,
                0.0216658543795,
                0.0211263820529,
                0.0174129102379,
                0.00771899148822,
                0.00826721917838,
                0.00990445539355,
                0.0109970485792,
                0.00331442803144,
                0.00865395367146,
                0.0105581954122,
                0.0235908795148,
                0.0179678685963,
                0.00499095069245,
                0.000377263495466
            ],
            "mean": [
                0.000295762903988,
                0.00669164489955,
                0.00177357671782,
                0.00121726375073,
                0.00236944505014,
                0.00182259548455,
                0.00242107990198,
                0.00107172864955,
                0.0016927018296,
                0.000465372082544,
                0.000613498792518,
                0.000567013979889,
                0.000603656342719,
                0.000543011410628,
                0.000372934096958,
                0.00027400261024,
                0.000366820546333,
                0.000313639233354,
                0.000385916238884,
                0.000299548846669,
                0.000110498462163,
                0.000154994530021,
                0.000176647357875,
                0.000178773378138,
                9.27252767724e-05,
                5.96767167735e-05,
                4.12538520322e-06
            ],
            "median": [
                3.17767407978e-05,
                0.00236389553174,
                0.000471538805868,
                0.000310946546961,
                0.00086319365073,
                0.000561364577152,
                0.000433739915024,
                0.000250317069003,
                0.000633068149909,
                0.000104610560811,
                0.000221732392674,
                0.000157678165124,
                0.000170802421053,
                0.000177203532076,
                0.000101218793134,
                8.85754707269e-05,
                0.000154334120452,
                0.000119521588203,
                0.000173798733158,
                0.000151792468387,
                4.93217121402e-05,
                6.00515959377e-05,
                6.48011919111e-05,
                4.61191557406e-05,
                2.51917990681e-05,
                1.34002038976e-05,
                4.55265848132e-07
            ],
            "min": [
                6.62082674712e-24,
                2.90416397021e-23,
                7.88479648746e-24,
                3.28009058588e-23,
                1.303015957e-22,
                1.04772131987e-22,
                1.60423700319e-23,
                4.13695540321e-23,
                4.09119768418e-23,
                6.25153839597e-23,
                5.95102467402e-23,
                1.30594622817e-22,
                8.74666820495e-23,
                7.85646581022e-23,
                7.97714070279e-23,
                1.02864363395e-22,
                1.60992323881e-22,
                2.12371023965e-22,
                1.88334924432e-22,
                1.56568025893e-22,
                4.30779143639e-22,
                5.19764824693e-22,
                6.93184421513e-22,
                7.77929640725e-22,
                1.33267268417e-21,
                1.69749174703e-21,
                2.732115969e-21
            ],
            "var": [
                3.40212409355e-07,
                0.000126962171635,
                1.56627720571e-05,
                8.33746435092e-06,
                2.36115429288e-05,
                2.13089824683e-05,
                3.46366650774e-05,
                6.82355221215e-06,
                8.84657401912e-06,
                8.74284182828e-07,
                1.58619877766e-06,
                1.22417145576e-06,
                1.18881155231e-06,
                1.16052137855e-06,
                7.86532552866e-07,
                3.980617862e-07,
                3.68236754866e-07,
                3.81759207357e-07,
                3.55904916205e-07,
                2.26752575827e-07,
                2.80673422282e-08,
                1.49715319253e-07,
                2.03154399969e-07,
                5.21899551131e-07,
                1.48531853483e-07,
                2.43979414449e-08,
                1.66030245108e-10
            ]
        },
        "barkbands_crest": {
            "dmean": 2.83018374443,
            "dmean2": 4.42334651947,
            "dvar": 6.78371286392,
            "dvar2": 15.7105922699,
            "max": 26.2562866211,
            "mean": 10.5218286514,
            "median": 9.49704933167,
            "min": 2.6544239521,
            "var": 22.4247131348
        },
        "barkbands_flatness_db": {
            "dmean": 0.0227379593998,
            "dmean2": 0.0339752025902,
            "dvar": 0.000491175800562,
            "dvar2": 0.00102560617961,
            "max": 0.371574997902,
            "mean": 0.121288955212,
            "median": 0.112820729613,
            "min": 0.0243194177747,
            "var": 0.00283974176273
        },
        "barkbands_kurtosis": {
            "dmean": 3.11879897118,
            "dmean2": 4.81983470917,
            "dvar": 69.1913146973,
            "dvar2": 134.047012329,
            "max": 325.942230225,
            "mean": 4.37596607208,
            "median": 1.46807026863,
            "min": -1.96781122684,
            "var": 149.755645752
        },
        "barkbands_skewness": {
            "dmean": 0.558267533779,
            "dmean2": 0.842689394951,
            "dvar": 0.478817671537,
            "dvar2": 0.940730154514,
            "max": 15.855922699,
            "mean": 1.5203152895,
            "median": 1.32817864418,
            "min": -6.19888496399,
            "var": 1.75927937031
        },
        "barkbands_spread": {
            "dmean": 6.48255443573,
            "dmean2": 10.0297737122,
            "dvar": 76.3978271484,
            "dvar2": 166.64994812,
            "max": 123.503959656,
            "mean": 25.4686203003,
            "median": 22.6694984436,
            "min": 0.703107714653,
            "var": 244.954879761
        },
        "dissonance": {
            "dmean": 0.0184278544039,
            "dmean2": 0.0305381268263,
            "dvar": 0.000331750052283,
            "dvar2": 0.000859734078404,
            "max": 0.500000059605,
            "mean": 0.460734575987,
            "median": 0.468366265297,
            "min": 0.213417857885,
            "var": 0.000998044153675
        },
        "dynamic_complexity": 4.7275724411,
        "erbbands": {
            "dmean": [
                0.136433288455,
                0.744982838631,
                1.43362283707,
                2.60567617416,
                4.27998399734,
                6.04269695282,
                5.8934044838,
                10.437541008,
                18.2043762207,
                28.6200790405,
                17.3216495514,
                24.1673870087,
                13.3546724319,
                9.34893703461,
                14.7010030746,
                15.011259079,
                17.0701961517,
                17.4585323334,
                14.1162776947,
                10.2372055054,
                9.07587051392,
                11.9118270874,
                9.49312973022,
                7.41545534134,
                10.9786710739,
                6.1527671814,
                2.3645966053,
                2.45306706429,
                2.83813548088,
                3.22776389122,
                2.80891489983,
                2.54655623436,
                1.75421369076,
                0.81205290556,
                0.373555213213,
                0.205911278725,
                0.0907908380032,
                0.0112075665966,
                0.00058558001183,
                1.93197793124e-05
            ],
            "dmean2": [
                0.202967375517,
                1.17583465576,
                2.34672498703,
                4.4639878273,
                7.12362623215,
                9.84243011475,
                9.62257862091,
                16.3553657532,
                28.3475379944,
                45.0918159485,
                27.6535968781,
                40.1360855103,
                21.4503631592,
                15.1363897324,
                23.5923633575,
                23.8973026276,
                27.9910621643,
                27.7459049225,
                21.9745235443,
                16.0094165802,
                14.1140499115,
                18.9701900482,
                14.5433740616,
                11.3946237564,
                16.7669677734,
                9.44859695435,
                3.76644420624,
                3.8778026104,
                4.37732791901,
                5.04223203659,
                4.33340072632,
                3.85091304779,
                2.6994073391,
                1.25640141964,
                0.552030801773,
                0.296568006277,
                0.136082157493,
                0.0170403793454,
                0.000941884645727,
                2.93931680062e-05
            ],
            "dvar": [
                0.067649140954,
                2.12980389595,
                13.1744213104,
                54.1386032104,
                99.229637146,
                352.021728516,
                494.773132324,
                1645.94543457,
                4745.3984375,
                7664.76464844,
                1626.33813477,
                3640.89306641,
                1200.19018555,
                627.057495117,
                1138.00415039,
                1106.59973145,
                1119.40698242,
                1892.94592285,
                1814.00524902,
                680.816833496,
                727.477416992,
                768.899841309,
                487.330474854,
                271.55557251,
                542.686584473,
                180.306533813,
                19.1351795197,
                40.8339881897,
                111.332206726,
                104.892250061,
                113.807525635,
                134.438812256,
                101.631706238,
                27.6177482605,
                3.25972247124,
                0.41495808959,
                0.0653926059604,
                0.00107859703712,
                2.70747364084e-06,
                1.50165002655e-09
            ],
            "dvar2": [
                0.143874198198,
                5.40238523483,
                33.8148765564,
                144.573226929,
                251.499771118,
                878.956787109,
                1231.2454834,
                4434.68701172,
                11083.9833984,
                18709.2128906,
                3788.78857422,
                9764.95410156,
                3122.68212891,
                1687.82568359,
                2744.10449219,
                2574.69995117,
                2896.54614258,
                4642.56884766,
                4291.89208984,
                1516.18359375,
                1724.77404785,
                1926.03955078,
                1137.21520996,
                597.594482422,
                1242.8347168,
                422.271759033,
                47.1432952881,
                90.3200302124,
                246.421020508,
                236.929870605,
                267.927764893,
                295.883911133,
                240.388748169,
                60.9869651794,
                7.13898229599,
                0.918481826782,
                0.158932715654,
                0.00260954117402,
                6.64119625071e-06,
                3.44151174225e-09
            ],
            "max": [
                2.77725172043,
                15.4736366272,
                42.5294723511,
                130.488525391,
                153.85899353,
                401.698181152,
                669.580627441,
                1185.91918945,
                1447.04931641,
                1742.11230469,
                1294.30761719,
                1741.84387207,
                1084.00024414,
                898.739990234,
                744.254699707,
                791.291809082,
                760.59954834,
                1117.19873047,
                1302.47473145,
                584.890563965,
                866.013977051,
                486.318969727,
                508.713897705,
                390.821533203,
                696.676452637,
                421.306945801,
                81.0492248535,
                205.324859619,
                299.364654541,
                229.22227478,
                368.967224121,
                374.62512207,
                446.783111572,
                244.314987183,
                108.776016235,
                35.1976737976,
                5.16173410416,
                1.10486245155,
                0.0527323447168,
                0.00150369631592
            ],
            "mean": [
                0.244389027357,
                1.29002869129,
                2.07377481461,
                3.22658967972,
                5.54969787598,
                9.46713161469,
                9.10397434235,
                17.2933712006,
                24.854057312,
                43.1750984192,
                26.4947853088,
                36.5121002197,
                22.1290836334,
                15.6850128174,
                23.101688385,
                24.3565502167,
                28.3108901978,
                26.9650878906,
                23.4767951965,
                17.4727497101,
                16.2878875732,
                21.9059276581,
                18.2641925812,
                14.9955615997,
                22.5505046844,
                13.1853618622,
                5.33722352982,
                4.79607963562,
                5.21968746185,
                5.73194885254,
                4.90151309967,
                4.07731485367,
                2.68388748169,
                1.22981488705,
                0.568315565586,
                0.289342492819,
                0.108872100711,
                0.0135374041274,
                0.000635480158962,
                4.49336985184e-05
            ],
            "median": [
                0.0688525140285,
                0.482777863741,
                0.607798993587,
                1.1273291111,
                1.87579286098,
                3.36552333832,
                3.27127885818,
                5.16046714783,
                4.30469703674,
                9.08877372742,
                9.0077085495,
                13.5775299072,
                7.43823575974,
                6.97901821136,
                8.69492530823,
                7.47260332108,
                8.91053962708,
                8.75089073181,
                6.90563201904,
                5.55549669266,
                6.12947463989,
                9.42846775055,
                7.26123046875,
                7.26974916458,
                10.1909685135,
                6.90909433365,
                2.826151371,
                1.97055852413,
                2.03078317642,
                2.04960107803,
                1.77281975746,
                1.16438055038,
                0.638996601105,
                0.305857598782,
                0.16442707181,
                0.0808214843273,
                0.0192800909281,
                0.00236221542582,
                8.76815611264e-05,
                3.13265882141e-05
            ],
            "min": [
                1.12386955818e-21,
                5.21868127291e-21,
                8.26839966006e-21,
                6.94102632383e-20,
                3.8362300025e-19,
                3.94000627269e-19,
                3.91211244997e-19,
                9.61929575109e-19,
                2.23533902466e-19,
                6.12908418762e-19,
                8.1894199705e-19,
                1.01654944833e-18,
                1.98642626457e-18,
                1.70056370841e-18,
                3.37201872427e-18,
                4.70366122366e-18,
                4.93412532284e-18,
                4.2678627723e-18,
                2.94921838226e-18,
                6.00668740975e-18,
                5.13507354982e-18,
                1.0366614557e-17,
                1.11755268858e-17,
                1.19262272061e-17,
                8.4737275305e-18,
                7.9978761667e-18,
                1.20596398583e-17,
                1.82797055381e-17,
                1.67821297807e-17,
                2.24002759811e-17,
                1.9603120072e-17,
                1.47855010704e-17,
                1.35657686633e-17,
                1.38763402417e-17,
                9.45213247546e-18,
                4.95893825968e-18,
                4.03595152063e-18,
                1.37156285613e-18,
                3.62945992327e-19,
                4.07220595507e-20
            ],
            "var": [
                0.197784781456,
                4.7051115036,
                17.189250946,
                47.8821792603,
                122.239143372,
                495.171478271,
                576.061645508,
                2246.76953125,
                5778.84130859,
                11516.2753906,
                3006.48925781,
                4776.41601562,
                1694.89819336,
                786.83605957,
                1923.23083496,
                1926.69018555,
                2275.06689453,
                2939.92382812,
                2775.64648438,
                1283.33398438,
                1240.1796875,
                1301.53967285,
                1142.21179199,
                568.905639648,
                1219.71765137,
                428.274261475,
                46.0191726685,
                71.560508728,
                183.253982544,
                189.980621338,
                179.817993164,
                217.205673218,
                141.600494385,
                32.4008369446,
                4.00832033157,
                0.608597099781,
                0.0837806984782,
                0.00154460559133,
                3.62546188626e-06,
                2.9887303743e-09
            ]
        },
        "erbbands_crest": {
            "dmean": 2.6120402813,
            "dmean2": 4.23921632767,
            "dvar": 6.73269081116,
            "dvar2": 16.6461429596,
            "max": 29.4273052216,
            "mean": 8.96980857849,
            "median": 7.85808610916,
            "min": 2.42186164856,
            "var": 19.1865940094
        },
        "erbbands_flatness_db": {
            "dmean": 0.0185201615095,
            "dmean2": 0.0268775597215,
            "dvar": 0.000346738437656,
            "dvar2": 0.000705219397787,
            "max": 0.33351662755,
            "mean": 0.144189715385,
            "median": 0.135966941714,
            "min": 0.0423323065042,
            "var": 0.00197502830997
        },
        "erbbands_kurtosis": {
            "dmean": 0.917711913586,
            "dmean2": 1.44574189186,
            "dvar": 4.13849544525,
            "dvar2": 8.9610080719,
            "max": 50.3224945068,
            "mean": 0.36989825964,
            "median": -0.216137528419,
            "min": -1.85089898109,
            "var": 7.73042726517
        },
        "erbbands_skewness": {
            "dmean": 0.37039449811,
            "dmean2": 0.551500320435,
            "dvar": 0.178521364927,
            "dvar2": 0.355244129896,
            "max": 4.81514930725,
            "mean": 0.362997174263,
            "median": 0.375060737133,
            "min": -6.35850524902,
            "var": 0.716962575912
        },
        "erbbands_spread": {
            "dmean": 8.25263023376,
            "dmean2": 12.7732772827,
            "dvar": 100.478401184,
            "dvar2": 237.815551758,
            "max": 172.751342773,
            "mean": 40.9479370117,
            "median": 38.161026001,
            "min": 3.46141672134,
            "var": 292.092010498
        },
        "gfcc": {
            "cov": [
                [
                    18350.2050781,
                    488.772155762,
                    -164.373336792,
                    295.590332031,
                    -23.0166969299,
                    570.15826416,
                    197.346099854,
                    464.517791748,
                    103.574958801,
                    321.795410156,
                    -122.273918152,
                    54.3500061035,
                    -209.435440063
                ],
                [
                    488.772155762,
                    1279.64343262,
                    -105.246749878,
                    32.4224243164,
                    171.02166748,
                    -33.0349082947,
                    193.972854614,
                    104.947319031,
                    121.570785522,
                    4.37883281708,
                    147.693984985,
                    -46.7719955444,
                    42.8227577209
                ],
                [
                    -164.373336792,
                    -105.246749878,
                    823.914123535,
                    213.068862915,
                    172.567565918,
                    188.190460205,
                    52.0815963745,
                    47.3905181885,
                    39.8239936829,
                    62.7263526917,
                    -7.38963890076,
                    73.7552947998,
                    41.2410430908
                ],
                [
                    295.590332031,
                    32.4224243164,
                    213.068862915,
                    400.716491699,
                    131.258956909,
                    106.9740448,
                    47.5281982422,
                    43.3216362,
                    69.1459960938,
                    26.0361919403,
                    2.33615779877,
                    27.0753669739,
                    62.1070289612
                ],
                [
                    -23.0166969299,
                    171.02166748,
                    172.567565918,
                    131.258956909,
                    339.002471924,
                    177.659683228,
                    131.910064697,
                    108.536361694,
                    91.1694488525,
                    65.1254959106,
                    0.645387291908,
                    -4.71683549881,
                    41.7135353088
                ],
                [
                    570.15826416,
                    -33.0349082947,
                    188.190460205,
                    106.9740448,
                    177.659683228,
                    410.205810547,
                    264.738433838,
                    138.084243774,
                    85.1802368164,
                    88.8145217896,
                    -23.5909996033,
                    18.8422489166,
                    14.332862854
                ],
                [
                    197.346099854,
                    193.972854614,
                    52.0815963745,
                    47.5281982422,
                    131.910064697,
                    264.738433838,
                    398.147766113,
                    204.13117981,
                    108.978630066,
                    53.7152328491,
                    24.2788105011,
                    15.5313873291,
                    -1.9351426363
                ],
                [
                    464.517791748,
                    104.947319031,
                    47.3905181885,
                    43.3216362,
                    108.536361694,
                    138.084243774,
                    204.13117981,
                    229.069473267,
                    115.319061279,
                    65.99659729,
                    13.5993680954,
                    3.69528436661,
                    4.72112131119
                ],
                [
                    103.574958801,
                    121.570785522,
                    39.8239936829,
                    69.1459960938,
                    91.1694488525,
                    85.1802368164,
                    108.978630066,
                    115.319061279,
                    174.033035278,
                    83.1558227539,
                    32.5529212952,
                    -1.56535995007,
                    15.9147119522
                ],
                [
                    321.795410156,
                    4.37883281708,
                    62.7263526917,
                    26.0361919403,
                    65.1254959106,
                    88.8145217896,
                    53.7152328491,
                    65.99659729,
                    83.1558227539,
                    142.317047119,
                    23.2076206207,
                    13.8466291428,
                    5.35379552841
                ],
                [
                    -122.273918152,
                    147.693984985,
                    -7.38963890076,
                    2.33615779877,
                    0.645387291908,
                    -23.5909996033,
                    24.2788105011,
                    13.5993680954,
                    32.5529212952,
                    23.2076206207,
                    126.105949402,
                    21.0689487457,
                    -2.35545158386
                ],
                [
                    54.3500061035,
                    -46.7719955444,
                    73.7552947998,
                    27.0753669739,
                    -4.71683549881,
                    18.8422489166,
                    15.5313873291,
                    3.69528436661,
                    -1.56535995007,
                    13.8466291428,
                    21.0689487457,
                    93.9423675537,
                    23.6608009338
                ],
                [
                    -209.435440063,
                    42.8227577209,
                    41.2410430908,
                    62.1070289612,
                    41.7135353088,
                    14.332862854,
                    -1.9351426363,
                    4.72112131119,
                    15.9147119522,
                    5.35379552841,
                    -2.35545158386,
                    23.6608009338,
                    97.1118850708
                ]
            ],
            "icov": [
                [
                    8.00549241831e-05,
                    -0.000116185576189,
                    6.54149844195e-05,
                    -0.000118798132462,
                    0.000147615355672,
                    -0.000238882843405,
                    0.000268109841272,
                    -0.000311018258799,
                    0.000166846555658,
                    -0.000180470800842,
                    0.000182674222742,
                    -0.000184270960744,
                    0.00029632638325
                ],
                [
                    -0.000116185576189,
                    0.00143743294757,
                    -1.96214705284e-06,
                    0.000215131556615,
                    -0.000910836330149,
                    0.00115097442176,
                    -0.00137792748865,
                    0.000734102213755,
                    -0.000608905625995,
                    0.000596506462898,
                    -0.00156487594359,
                    0.00118014554027,
                    -0.00112154660746
                ],
                [
                    6.54149844195e-05,
                    -1.96214705284e-06,
                    0.00175839243457,
                    -0.000685425999109,
                    -0.000470068771392,
                    -0.000784488278441,
                    0.000666374282446,
                    -0.000345158769051,
                    0.000336380675435,
                    -0.000295564328553,
                    0.000136240734719,
                    -0.00128139555454,
                    0.000457987975096
                ],
                [
                    -0.000118798132462,
                    0.000215131556615,
                    -0.000685425999109,
                    0.0036784466356,
                    -0.000873202108778,
                    -0.000153579749167,
                    -5.45554139535e-05,
                    0.000659042329062,
                    -0.00155736284796,
                    0.00114837300498,
                    -0.000402411533287,
                    -1.19235292004e-05,
                    -0.00186283164658
                ],
                [
                    0.000147615355672,
                    -0.000910836330149,
                    -0.000470068771392,
                    -0.000873202108778,
                    0.00548153975978,
                    -0.0020353726577,
                    0.000941937149037,
                    -0.00157515518367,
                    -5.49474752916e-05,
                    -0.000958298915066,
                    0.000828481046483,
                    0.000773996231146,
                    -0.000587371992879
                ],
                [
                    -0.000238882843405,
                    0.00115097442176,
                    -0.000784488278441,
                    -0.000153579749167,
                    -0.0020353726577,
                    0.0074350470677,
                    -0.00544532947242,
                    0.00201142625883,
                    -6.89084481564e-05,
                    -0.00184771441855,
                    0.000783315044828,
                    0.000978473224677,
                    -0.00112695770804
                ],
                [
                    0.000268109841272,
                    -0.00137792748865,
                    0.000666374282446,
                    -5.45554139535e-05,
                    0.000941937149037,
                    -0.00544532947242,
                    0.00915128178895,
                    -0.00581639353186,
                    5.21201291122e-05,
                    0.00148512958549,
                    -0.000112125424494,
                    -0.00225496175699,
                    0.00225820741616
                ],
                [
                    -0.000311018258799,
                    0.000734102213755,
                    -0.000345158769051,
                    0.000659042329062,
                    -0.00157515518367,
                    0.00201142625883,
                    -0.00581639353186,
                    0.0117229847237,
                    -0.00447054766119,
                    -0.000518949411344,
                    0.000130342348712,
                    0.000875187979545,
                    -0.00102429464459
                ],
                [
                    0.000166846555658,
                    -0.000608905625995,
                    0.000336380675435,
                    -0.00155736284796,
                    -5.49474752916e-05,
                    -6.89084481564e-05,
                    5.21201291122e-05,
                    -0.00447054766119,
                    0.0123592214659,
                    -0.00525991665199,
                    -0.00105730898213,
                    0.00126634561457,
                    -0.000336009106832
                ],
                [
                    -0.000180470800842,
                    0.000596506462898,
                    -0.000295564328553,
                    0.00114837300498,
                    -0.000958298915066,
                    -0.00184771441855,
                    0.00148512958549,
                    -0.000518949411344,
                    -0.00525991665199,
                    0.0121385864913,
                    -0.00220412341878,
                    -0.000944204395637,
                    -0.000152619657456
                ],
                [
                    0.000182674222742,
                    -0.00156487594359,
                    0.000136240734719,
                    -0.000402411533287,
                    0.000828481046483,
                    0.000783315044828,
                    -0.000112125424494,
                    0.000130342348712,
                    -0.00105730898213,
                    -0.00220412341878,
                    0.0114654432982,
                    -0.00382332364097,
                    0.00230788090266
                ],
                [
                    -0.000184270960744,
                    0.00118014554027,
                    -0.00128139555454,
                    -1.19235292004e-05,
                    0.000773996231146,
                    0.000978473224677,
                    -0.00225496175699,
                    0.000875187979545,
                    0.00126634561457,
                    -0.000944204395637,
                    -0.00382332364097,
                    0.0147491525859,
                    -0.00477212620899
                ],
                [
                    0.00029632638325,
                    -0.00112154660746,
                    0.000457987975096,
                    -0.00186283164658,
                    -0.000587371992879,
                    -0.00112695770804,
                    0.00225820741616,
                    -0.00102429464459,
                    -0.000336009106832,
                    -0.000152619657456,
                    0.00230788090266,
                    -0.00477212620899,
                    0.0142234768718
                ]
            ],
            "mean": [
                -21.9229316711,
                73.8104324341,
                -113.924591064,
                30.1377811432,
                -61.4826622009,
                12.7656879425,
                -40.4497337341,
                13.9500160217,
                -26.0638618469,
                4.74636411667,
                -12.412976265,
                1.81485044956,
                -17.1176891327
            ]
        },
        "hfc": {
            "dmean": 6.82216310501,
            "dmean2": 10.1024684906,
            "dvar": 200.196090698,
            "dvar2": 441.826721191,
            "max": 494.102508545,
            "mean": 19.8364658356,
            "median": 14.1400032043,
            "min": 1.19011887798e-16,
            "var": 473.181976318
        },
        "melbands": {
            "dmean": [
                0.00111366657075,
                0.000721444084775,
                0.000485938129714,
                0.000358165736543,
                0.000215863386984,
                0.000231192345382,
                0.000292502634693,
                0.000281774526229,
                0.000157732836669,
                0.000146846432472,
                6.66804407956e-05,
                3.73566654162e-05,
                5.94583543716e-05,
                3.25913169945e-05,
                5.47293275304e-05,
                3.46119632013e-05,
                3.2635685784e-05,
                2.62409957941e-05,
                1.56281803356e-05,
                1.19271608128e-05,
                1.12739535325e-05,
                1.33794319481e-05,
                1.24103189592e-05,
                7.52144069338e-06,
                6.16419129074e-06,
                8.47784303915e-06,
                8.01553233032e-06,
