{
    "lowlevel": {
        "average_loudness": 0.913865327835,
        "barkbands": {
            "dmean": [
                0.000183216514415,
                0.00315855210647,
                0.00136780249886,
                0.000793352082837,
                0.000928549852688,
                0.00078282924369,
                0.00117412209511,
                0.000881494954228,
                0.0012007454643,
                0.00125769770239,
                0.00061131111579,
                0.000714180758223,
                0.00131129764486,
                0.00075823883526,
                0.000789030047599,
                0.00040702035767,
                0.000382499478292,
                0.000251089339145,
                0.000233098660829,
                0.00020371840219,
                0.000191891362192,
                0.000203717660042,
                0.000191965984413,
                0.000402642093832,
                0.000416543043684,
                0.000138995688758,
                1.76267767529e-05
            ],
            "dmean2": [
                0.00026788096875,
                0.00487997150049,
                0.00238601351157,
                0.00139438605402,
                0.00150909752119,
                0.00126558588818,
                0.00190502067562,
                0.00140695297159,
                0.00191109185107,
                0.00201406888664,
                0.000978583469987,
                0.0011302891653,
                0.00211597117595,
                0.00124516244978,
                0.00128209835384,
                0.000651905953418,
                0.000612567586359,
                0.000406783714425,
                0.000361327751307,
                0.000315599783789,
                0.000294031808153,
                0.000308327347739,
                0.000291962060146,
                0.000613073585555,
                0.000633611809462,
                0.000217048785998,
                2.93358789349e-05
            ],
            "dvar": [
                2.24340709565e-07,
                7.71606646595e-05,
                2.51906076301e-05,
                6.79596269038e-06,
                3.49211495632e-06,
                2.06118852475e-06,
                4.61401577923e-06,
                2.84754992208e-06,
                6.1712785282e-06,
                6.11945097262e-06,
                1.51552671923e-06,
                2.44536727223e-06,
                8.35856735648e-06,
                2.77835465567e-06,
                2.67191217063e-06,
                5.21841229784e-07,
                4.75826084312e-07,
                2.0494823616e-07,
                1.30480756866e-07,
                8.95128025036e-08,
                1.04165685855e-07,
                9.51418925865e-08,
                1.35888882369e-07,
                8.08188929113e-07,
                9.89194745671e-07,
                1.19679498312e-07,
                5.12247888551e-09
            ],
            "dvar2": [
                4.58692767324e-07,
                0.000174370317836,
                6.94205300533e-05,
                1.89499623957e-05,
                8.72117743711e-06,
                5.03857972944e-06,
                1.15930051834e-05,
                6.91706645739e-06,
                1.51530148287e-05,
                1.52028605953e-05,
                3.69776103071e-06,
                5.95454730501e-06,
                2.1376668883e-05,
                7.07243225406e-06,
                6.55270878269e-06,
                1.28623821638e-06,
                1.14945351015e-06,
                5.02258671986e-07,
                2.78452176872e-07,
                2.16098229089e-07,
                2.52899724273e-07,
                2.22590117005e-07,
                3.00841605849e-07,
                1.79790799848e-06,
                2.29812417274e-06,
                2.69878540848e-07,
                1.38187115084e-08
            ],
            "max": [
                0.00720657361671,
                0.109848350286,
                0.0682655721903,
                0.0318737253547,
                0.0500724166632,
                0.0321894958615,
                0.0355048924685,
                0.0312492903322,
                0.0485846064985,
                0.0450666472316,
                0.0275743715465,
                0.0367278456688,
                0.0496922545135,
                0.0351096466184,
                0.0312133524567,
                0.0178948901594,
                0.0170352123678,
                0.0112542398274,
                0.00893303193152,
                0.00422128848732,
                0.00587697280571,
                0.00578136462718,
                0.00681755878031,
                0.019797898829,
                0.0187722742558,
                0.00771296909079,
                0.00229839398526
            ],
            "mean": [
                0.000260450615315,
                0.00496050482616,
                0.0015657665208,
                0.000839458487462,
                0.00148562749382,
                0.00123187387362,
                0.00163999269716,
                0.001389857498,
                0.00182035961188,
                0.00195118831471,
                0.000872783537488,
                0.00101922440808,
                0.00191862753127,
                0.00106509635225,
                0.00117049575783,
                0.000698281102814,
                0.000654425472021,
                0.000426595302997,
                0.000442842196207,
                0.00037716209772,
                0.000361063343007,
                0.000394261063775,
                0.000336543656886,
                0.000696438422892,
                0.000687877996825,
                0.000204310490517,
                1.88389021787e-05
            ],
            "median": [
                9.08971742319e-06,
                0.00110931904055,
                0.000323718850268,
                0.000236185413087,
                0.000812070444226,
                0.00069750926923,
                0.000780511298217,
                0.000631165283266,
                0.00072143226862,
                0.000855206279084,
                0.000400902616093,
                0.000409054046031,
                0.000741261523217,
                0.00041645282181,
                0.000578062376007,
                0.00037524610525,
                0.000373055925593,
                0.000238952110521,
                0.000265876704361,
                0.000223215523874,
                0.000190721169929,
                0.000217054272071,
                0.00011507068848,
                0.000255018938333,
                0.000265239854343,
                5.8759978856e-05,
                2.72117677014e-06
            ],
            "min": [
                3.15896825141e-23,
                2.35573524713e-23,
                1.48966663185e-23,
                1.63050891123e-23,
                1.40828471164e-22,
                7.20759616124e-23,
                5.63572454327e-23,
                4.7574572985e-23,
                9.91831913126e-23,
                1.40849536905e-22,
                5.77595624432e-23,
                4.10717053979e-23,
                4.83337948083e-23,
                4.10389897584e-23,
                1.54116157847e-22,
                1.84275963706e-22,
                1.83125589936e-22,
                2.05653160227e-22,
                3.60401239835e-22,
                4.45273585559e-22,
                3.50639155553e-22,
                4.60303796563e-22,
                5.41237441829e-22,
                9.62453521325e-22,
                1.17668895809e-21,
                1.84042980896e-21,
                2.54591409922e-21
            ],
            "var": [
                4.44057832283e-07,
                0.00010870659753,
                2.02172523132e-05,
                4.96157099406e-06,
                5.05263187733e-06,
                3.34667151947e-06,
                6.71547104503e-06,
                5.34713171874e-06,
                1.09087632154e-05,
                1.09719467218e-05,
                2.49788877227e-06,
                3.87270893043e-06,
                1.30554763018e-05,
                4.11871724282e-06,
                4.10139000451e-06,
                1.19864773751e-06,
                8.65347146828e-07,
                3.48420968521e-07,
                3.16966037417e-07,
                1.97152161263e-07,
                2.2902811736e-07,
                2.45056554604e-07,
                3.06601577904e-07,
                1.63730021541e-06,
                1.72460238446e-06,
                1.89134610196e-07,
                4.46595427306e-09
            ]
        },
        "barkbands_crest": {
            "dmean": 2.87193989754,
            "dmean2": 4.68156242371,
            "dvar": 7.23057889938,
            "dvar2": 18.332408905,
            "max": 24.8044128418,
            "mean": 8.49956130981,
            "median": 7.60291337967,
            "min": 2.08753609657,
            "var": 15.0017881393
        },
        "barkbands_flatness_db": {
            "dmean": 0.0202670600265,
            "dmean2": 0.0307876821607,
            "dvar": 0.000387875392335,
            "dvar2": 0.000858173356391,
            "max": 0.321059018373,
            "mean": 0.0981036126614,
            "median": 0.0903672724962,
            "min": 0.0150158619508,
            "var": 0.00216882745735
        },
        "barkbands_kurtosis": {
            "dmean": 1.45645916462,
            "dmean2": 2.32747650146,
            "dvar": 6.48391437531,
            "dvar2": 15.9118003845,
            "max": 47.0914077759,
            "mean": 1.10054445267,
            "median": 0.167064368725,
            "min": -1.92847204208,
            "var": 10.0368881226
        },
        "barkbands_skewness": {
            "dmean": 0.439473748207,
            "dmean2": 0.667416572571,
            "dvar": 0.232188254595,
            "dvar2": 0.502944350243,
            "max": 5.8353061676,
            "mean": 0.769336819649,
            "median": 0.700665950775,
            "min": -5.8703494072,
            "var": 0.78540968895
        },
        "barkbands_spread": {
            "dmean": 7.96819019318,
            "dmean2": 12.1760091782,
            "dvar": 83.2470779419,
            "dvar2": 181.402389526,
            "max": 118.765022278,
            "mean": 30.6352806091,
            "median": 26.7868556976,
            "min": 2.46091103554,
            "var": 282.455108643
        },
        "dissonance": {
            "dmean": 0.0175578091294,
            "dmean2": 0.029426233843,
            "dvar": 0.000275906175375,
            "dvar2": 0.00074507878162,
            "max": 0.499976634979,
            "mean": 0.469007670879,
            "median": 0.475335240364,
            "min": 0.308514535427,
            "var": 0.000620906008407
        },
        "dynamic_complexity": 2.31902742386,
        "erbbands": {
            "dmean": [
                0.101283334196,
                0.707270562649,
                1.41544353962,
                2.16958189011,
                2.45012617111,
                3.84829616547,
                4.09496498108,
                8.01316070557,
                14.9722690582,
                17.160446167,
                17.5454044342,
                30.8093986511,
                30.5862598419,
                35.0018501282,
                25.5135936737,
                31.9280395508,
                60.874458313,
                38.3313598633,
                46.2656402588,
                23.3263378143,
                20.9541015625,
                17.7936153412,
                15.0048427582,
                10.5921592712,
                12.4850444794,
                9.25755977631,
                7.45660924911,
                8.07283210754,
                8.1094789505,
                5.1980714798,
                5.75341749191,
                6.92938137054,
                7.81274271011,
                5.53179550171,
                2.56981635094,
                0.688963115215,
                0.264675557613,
                0.0478315353394,
                0.00274928589351,
                6.88634390826e-05
            ],
            "dmean2": [
                0.153906494379,
                1.10312509537,
                2.38152694702,
                3.83267045021,
                4.19126749039,
                6.24694252014,
                6.5791721344,
                12.9353675842,
                24.263628006,
                27.5727367401,
                27.8883075714,
                48.8374328613,
                48.7039985657,
                55.4613380432,
                40.3476715088,
                50.2250785828,
                97.3784637451,
                61.9294548035,
                74.8528823853,
                36.9856910706,
                33.416633606,
                28.3755073547,
                24.4192504883,
                16.7449455261,
                19.2825031281,
                14.295800209,
                11.5770158768,
                12.2828836441,
                12.3075990677,
                7.9213218689,
                8.70339488983,
                10.5783033371,
                11.8898735046,
                8.46839237213,
                3.91986632347,
                1.0683978796,
                0.416620701551,
                0.0756264105439,
                0.004613770172,
                0.000110602879431
            ],
            "dvar": [
                0.0753232464194,
                4.0507311821,
                22.6565284729,
                61.7613601685,
                34.9207992554,
                76.3132553101,
                51.4321060181,
                252.482818604,
                725.317932129,
                1136.57543945,
                1269.37145996,
                4552.18457031,
                4681.27392578,
                5691.39501953,
                2664.05395508,
                5030.29492188,
                19340.0507813,
                6393.26513672,
                8930.39257813,
                2035.80554199,
                1283.03527832,
                958.499084473,
                823.982849121,
                237.713012695,
                438.029998779,
                193.103546143,
                161.372360229,
                186.917907715,
                164.971588135,
                71.4926376343,
                132.866897583,
                234.031967163,
                310.366577148,
                170.21244812,
                42.87525177,
                2.24205875397,
                0.561454415321,
                0.0219369065017,
                0.000163818869623,
                7.44580148648e-08
            ],
            "dvar2": [
                0.167645916343,
                9.35887527466,
                59.9636726379,
                171.630722046,
                96.6280441284,
                190.591964722,
                127.550773621,
                616.266235352,
                1799.01904297,
                2792.4543457,
                3070.88623047,
                11198.8398438,
                12031.5146484,
                13424.7783203,
                6164.63183594,
                12074.4990234,
                48878.3242188,
                16393.8476563,
                21939.65625,
                5073.28710938,
                3171.74609375,
                2401.93212891,
                2007.90319824,
                572.081237793,
                921.229736328,
                456.575469971,
                413.256988525,
                431.065155029,
                372.985656738,
                164.767410278,
                295.305877686,
                521.963195801,
                704.80657959,
                395.588500977,
                102.238395691,
                4.92637205124,
                1.29147064686,
                0.0551400482655,
                0.000445068057161,
                1.98322510414e-07
            ],
            "max": [
                3.39577364922,
                26.4655056,
                80.3679962158,
                99.1612548828,
                80.8424530029,
                260.89074707,
                164.471694946,
                409.879302979,
                444.242431641,
                733.214355469,
                796.870849609,
                1505.421875,
                1753.11181641,
                1288.54846191,
                1273.02416992,
                1819.56896973,
                2686.65039063,
                1639.41882324,
                2028.36999512,
                1202.30749512,
                1059.14978027,
                932.886230469,
                772.318725586,
                264.430267334,
                623.88873291,
                252.795150757,
                230.625,
                338.020812988,
                319.734741211,
                176.00163269,
                210.36289978,
                293.701690674,
                361.872253418,
                263.593658447,
                167.358627319,
                39.0721588135,
                17.0849056244,
                3.31010317802,
                0.431189149618,
                0.0084892725572
            ],
            "mean": [
                0.150894224644,
                1.06641232967,
                1.93582689762,
                2.42650341988,
                3.18696594238,
                5.75783586502,
                6.75490093231,
                12.3737983704,
                22.0058765411,
                26.1408119202,
                29.0068798065,
                48.3670654297,
                49.5143127441,
                54.6657371521,
                41.3650436401,
                49.4668197632,
                90.3994293213,
                61.0863723755,
                71.4949111938,
                41.2622146606,
                38.9506492615,
                33.293384552,
                26.5595417023,
                20.4253501892,
                23.830909729,
                17.818025589,
                13.8347730637,
                15.4680767059,
                15.4189777374,
                9.68500709534,
                10.0113296509,
                11.7711629868,
                12.9915590286,
                9.07642173767,
                4.05598831177,
                1.07602512836,
                0.365739196539,
                0.0633724555373,
                0.00284031056799,
                0.000114186630526
            ],
            "median": [
                0.0224018972367,
                0.277549803257,
                0.499892711639,
                0.69635784626,
                1.38150000572,
                2.7018392086,
                3.84462618828,
                6.5522942543,
                10.9772853851,
                12.8605804443,
                14.6527137756,
                19.9319343567,
                22.5490646362,
                26.998878479,
                20.6926994324,
                22.6284980774,
                36.2165031433,
                30.5339241028,
                34.7028045654,
                24.215965271,
                22.4196929932,
                20.3805236816,
                15.965303421,
                12.0086698532,
                14.2793331146,
                10.7809524536,
                7.09496593475,
                8.5280418396,
                8.37017154694,
                4.20134305954,
                3.40292668343,
                4.51048326492,
                4.51548290253,
                3.39360284805,
                1.48141121864,
                0.374851882458,
                0.0836805701256,
                0.0139419781044,
                0.00043027321226,
                5.54645666853e-05
            ],
            "min": [
                1.61422246764e-21,
                2.01478861726e-21,
                1.52876354261e-20,
                4.08055854055e-20,
                2.73618421935e-19,
                5.69024315916e-19,
                7.12086081737e-19,
                3.36798735616e-19,
                7.57012070262e-19,
                1.00981640494e-18,
                9.4352263513e-19,
                2.33594171303e-18,
                4.16878721443e-18,
                2.76242135441e-18,
                2.56461806812e-18,
                1.63457403088e-18,
                2.16871536488e-18,
                2.80500295798e-18,
                5.63470015238e-18,
                9.71189200322e-18,
                7.82236746587e-18,
                1.16051413349e-17,
                1.01851344394e-17,
                1.34825708373e-17,
                2.21651399658e-17,
                2.20684260086e-17,
                1.30049071208e-17,
                1.53449928019e-17,
                1.70252662869e-17,
                1.82362851734e-17,
                1.62369631631e-17,
                1.92542599573e-17,
                1.38515546019e-17,
                1.37799943799e-17,
                8.28269182239e-18,
                5.71422695083e-18,
                3.44919322786e-18,
                1.63806814518e-18,
                3.47938221829e-19,
                3.7771919896e-20
            ],
            "var": [
                0.114036038518,
                5.28021383286,
                22.2250156403,
                44.1661758423,
                31.9402065277,
                103.673545837,
                83.2662734985,
                398.932525635,
                1158.87133789,
                1776.13220215,
                2331.82763672,
                7934.06445313,
                8642.11035156,
                9295.06152344,
                5276.36474609,
                8133.203125,
                30268.5644531,
                9877.45019531,
                14143.8115234,
                3260.26831055,
                3541.08496094,
                1892.06872559,
                1371.27258301,
                527.625915527,
                1061.89489746,
                440.460418701,
                322.377807617,
                418.518707275,
                407.863861084,
                183.684143066,
                290.922149658,
                466.237304688,
                604.15222168,
                306.984863281,
                65.1441192627,
                3.94063806534,
                0.806265711784,
                0.0265949517488,
                0.000131923618028,
                6.81580303308e-08
            ]
        },
        "erbbands_crest": {
            "dmean": 3.15627145767,
            "dmean2": 5.11026334763,
            "dvar": 9.13670444489,
            "dvar2": 22.9964313507,
            "max": 30.3660011292,
            "mean": 9.1851234436,
            "median": 8.0382938385,
            "min": 2.23744344711,
            "var": 21.8235321045
        },
        "erbbands_flatness_db": {
            "dmean": 0.0193691626191,
            "dmean2": 0.0288153849542,
            "dvar": 0.00033251743298,
            "dvar2": 0.000718494935427,
            "max": 0.372799038887,
            "mean": 0.148776143789,
            "median": 0.143462687731,
            "min": 0.0440819375217,
            "var": 0.00227542966604
        },
        "erbbands_kurtosis": {
            "dmean": 1.13308489323,
            "dmean2": 1.81909322739,
            "dvar": 2.62428593636,
            "dvar2": 6.6457157135,
            "max": 31.7484760284,
            "mean": 0.834797561169,
            "median": 0.217870414257,
            "min": -1.82667589188,
            "var": 4.67120027542
        },
        "erbbands_skewness": {
            "dmean": 0.381660491228,
            "dmean2": 0.590871214867,
            "dvar": 0.146561220288,
            "dvar2": 0.332109093666,
            "max": 4.81517982483,
            "mean": 0.470054477453,
            "median": 0.435580790043,
            "min": -3.86678171158,
            "var": 0.532419741154
        },
        "erbbands_spread": {
            "dmean": 8.90204524994,
            "dmean2": 13.605257988,
            "dvar": 89.8108444214,
            "dvar2": 209.247070313,
            "max": 125.174133301,
            "mean": 35.0421600342,
            "median": 31.9934272766,
            "min": 4.01024007797,
            "var": 267.826904297
        },
        "gfcc": {
            "cov": [
                [
                    8577.75195313,
                    -696.711975098,
                    728.069946289,
                    817.245727539,
                    22.3763389587,
                    522.734680176,
                    30.64503479,
                    326.058441162,
                    -31.6220645905,
                    188.21685791,
                    -106.400566101,
                    119.618965149,
                    -131.026260376
                ],
                [
                    -696.711975098,
                    2423.49462891,
                    304.907989502,
                    416.607452393,
                    310.155670166,
                    -55.0393867493,
                    231.635696411,
                    47.6319198608,
                    131.6459198,
                    -161.654937744,
                    17.4002952576,
                    -130.633911133,
                    -8.03129482269
                ],
                [
                    728.069946289,
                    304.907989502,
                    1039.25061035,
                    403.129058838,
                    204.697662354,
                    231.506896973,
                    50.6404342651,
                    132.594772339,
                    76.5484313965,
                    -4.90700054169,
                    -27.1200695038,
                    28.9907455444,
                    -64.2061843872
                ],
                [
                    817.245727539,
                    416.607452393,
                    403.129058838,
                    512.396240234,
                    167.436035156,
                    123.624671936,
                    82.9189300537,
                    63.9415588379,
                    82.8381347656,
                    -8.14377593994,
                    -9.19734859467,
                    -2.75546336174,
                    -12.9497318268
                ],
                [
                    22.3763389587,
                    310.155670166,
                    204.697662354,
                    167.436035156,
                    315.896881104,
                    104.566520691,
                    84.4147033691,
                    47.3465995789,
                    40.0132827759,
                    15.7501926422,
                    7.47613954544,
                    21.0921287537,
                    -4.33892202377
                ],
                [
                    522.734680176,
                    -55.0393867493,
                    231.506896973,
                    123.624671936,
                    104.566520691,
                    270.720794678,
                    118.76424408,
                    86.4159164429,
                    14.4206562042,
                    45.2432403564,
                    26.3816490173,
                    21.9543266296,
                    -5.40984773636
                ],
                [
                    30.64503479,
                    231.635696411,
                    50.6404342651,
                    82.9189300537,
                    84.4147033691,
                    118.76424408,
                    230.525512695,
                    52.2522773743,
                    24.8411655426,
                    13.8438329697,
                    26.2257900238,
                    9.54629802704,
                    -1.9101126194
                ],
                [
                    326.058441162,
                    47.6319198608,
                    132.594772339,
                    63.9415588379,
                    47.3465995789,
                    86.4159164429,
                    52.2522773743,
                    143.395462036,
                    59.354850769,
                    28.8101787567,
                    16.439283371,
                    8.17316246033,
                    8.25411510468
                ],
                [
                    -31.6220645905,
                    131.6459198,
                    76.5484313965,
                    82.8381347656,
                    40.0132827759,
                    14.4206562042,
                    24.8411655426,
                    59.354850769,
                    138.843063354,
                    33.354724884,
                    12.5933637619,
                    0.478437304497,
                    16.6513137817
                ],
                [
                    188.21685791,
                    -161.654937744,
                    -4.90700054169,
                    -8.14377593994,
                    15.7501926422,
                    45.2432403564,
                    13.8438329697,
                    28.8101787567,
                    33.354724884,
                    102.826599121,
                    27.0217895508,
                    25.1716156006,
                    12.5671644211
                ],
                [
                    -106.400566101,
                    17.4002952576,
                    -27.1200695038,
                    -9.19734859467,
                    7.47613954544,
                    26.3816490173,
                    26.2257900238,
                    16.439283371,
                    12.5933637619,
                    27.0217895508,
                    97.9987411499,
                    33.3283119202,
                    13.4971504211
                ],
                [
                    119.618965149,
                    -130.633911133,
                    28.9907455444,
                    -2.75546336174,
                    21.0921287537,
                    21.9543266296,
                    9.54629802704,
                    8.17316246033,
                    0.478437304497,
                    25.1716156006,
                    33.3283119202,
                    95.680847168,
                    15.0925168991
                ],
                [
                    -131.026260376,
                    -8.03129482269,
                    -64.2061843872,
                    -12.9497318268,
                    -4.33892202377,
                    -5.40984773636,
                    -1.9101126194,
                    8.25411510468,
                    16.6513137817,
                    12.5671644211,
                    13.4971504211,
                    15.0925168991,
                    84.3627700806
                ]
            ],
            "icov": [
                [
                    0.000218253684579,
                    5.11987082064e-06,
                    0.000118468422443,
                    -0.000495690794196,
                    0.000264393282123,
                    -0.000287587434286,
                    0.000237357293372,
                    -0.000530049903318,
                    0.000431312626461,
                    -0.000431186752394,
                    0.00044906680705,
                    -0.000392353947973,
                    0.000383375678211
                ],
                [
                    5.11987082064e-06,
                    0.0008843006799,
                    -0.000202502997126,
                    -0.000348395988112,
                    -0.000700459524523,
                    0.000981051241979,
                    -0.000951797817834,
                    -1.30334728965e-06,
                    -0.000432160944911,
                    0.00123687670566,
                    -0.000885192770511,
                    0.00130931730382,
                    -0.000301568419673
                ],
                [
                    0.000118468422443,
                    -0.000202502997126,
                    0.00203670631163,
                    -0.00121810054407,
                    -1.27174153022e-05,
                    -0.00160247797612,
                    0.00121253624093,
                    -0.00117082998622,
                    -6.73299800837e-05,
                    0.000214330371819,
                    0.00113170105033,
                    -0.00143353140447,
                    0.00162317510694
                ],
                [
                    -0.000495690794196,
                    -0.000348395988112,
                    -0.00121810054407,
                    0.00465176673606,
                    -0.00116520968731,
                    -0.000144636680488,
                    -0.000704800884705,
                    0.00179434590973,
                    -0.00231445999816,
                    0.0013221220579,
                    -0.000582622073125,
                    0.000891732634045,
                    -0.00108322093729
                ],
                [
                    0.000264393282123,
                    -0.000700459524523,
                    -1.27174153022e-05,
                    -0.00116520968731,
                    0.00520852161571,
                    -0.00172150065191,
                    0.00016821466852,
                    -0.000530138728209,
                    0.000496798777021,
                    -0.00167943048291,
                    0.00146920280531,
                    -0.00222143135034,
                    0.0006830606726
                ],
                [
                    -0.000287587434286,
                    0.000981051241979,
                    -0.00160247797612,
                    -0.000144636680488,
                    -0.00172150065191,
                    0.00900766439736,
                    -0.00410599634051,
                    -0.00174375844654,
                    0.00161013135221,
                    -0.000989066204056,
                    -0.00240456382744,
                    0.00233567459509,
                    -0.00123195326887
                ],
                [
                    0.000237357293372,
                    -0.000951797817834,
                    0.00121253624093,
                    -0.000704800884705,
                    0.00016821466852,
                    -0.00410599634051,
                    0.00766241177917,
                    -0.00141071900725,
                    0.000269521697192,
                    -0.000727078819182,
                    0.000611548370216,
                    -0.00197630934417,
                    0.00146037549712
                ],
                [
                    -0.000530049903318,
                    -1.30334728965e-06,
                    -0.00117082998622,
                    0.00179434590973,
                    -0.000530138728209,
                    -0.00174375844654,
                    -0.00141071900725,
                    0.0123813152313,
                    -0.00501458812505,
                    0.00057046522852,
                    -0.00165341317188,
                    0.00141898624133,
                    -0.00190597877372
                ],
                [
                    0.000431312626461,
                    -0.000432160944911,
                    -6.73299800837e-05,
                    -0.00231445999816,
                    0.000496798777021,
                    0.00161013135221,
                    0.000269521697192,
                    -0.00501458812505,
                    0.0121823381633,
                    -0.0050541209057,
                    0.000572056102101,
                    -4.35510337411e-05,
                    -0.000887595640961
                ],
                [
                    -0.000431186752394,
                    0.00123687670566,
                    0.000214330371819,
                    0.0013221220579,
                    -0.00167943048291,
                    -0.000989066204056,
                    -0.000727078819182,
                    0.00057046522852,
                    -0.0050541209057,
                    0.0159167964011,
                    -0.0036208119709,
                    0.000113858062832,
                    -0.00122251454741
                ],
                [
                    0.00044906680705,
                    -0.000885192770511,
                    0.00113170105033,
                    -0.000582622073125,
                    0.00146920280531,
                    -0.00240456382744,
                    0.000611548370216,
                    -0.00165341317188,
                    0.000572056102101,
                    -0.0036208119709,
                    0.0146596692502,
                    -0.00608093617484,
                    0.000651003443636
                ],
                [
                    -0.000392353947973,
                    0.00130931730382,
                    -0.00143353140447,
                    0.000891732634045,
                    -0.00222143135034,
                    0.00233567459509,
                    -0.00197630934417,
                    0.00141898624133,
                    -4.35510337411e-05,
                    0.000113858062832,
                    -0.00608093617484,
                    0.0158532932401,
                    -0.00345856277272
                ],
                [
                    0.000383375678211,
                    -0.000301568419673,
                    0.00162317510694,
                    -0.00108322093729,
                    0.0006830606726,
                    -0.00123195326887,
                    0.00146037549712,
                    -0.00190597877372,
                    -0.000887595640961,
                    -0.00122251454741,
                    0.000651003443636,
                    -0.00345856277272,
                    0.01453693863
                ]
            ],
            "mean": [
                37.023601532,
                47.680355072,
                -127.747276306,
                12.4424724579,
                -65.8021697998,
                23.1758880615,
                -44.1785125732,
                15.9648389816,
                -25.9191398621,
                10.8097162247,
                -15.7412214279,
                1.32254695892,
                -9.84349727631
            ]
        },
        "hfc": {
            "dmean": 14.3918037415,
            "dmean2": 21.0871105194,
            "dvar": 477.328063965,
            "dvar2": 1039.63232422,
            "max": 384.688568115,
            "mean": 44.3815231323,
            "median": 33.7773590088,
            "min": 1.16769725412e-16,
            "var": 1547.97021484
        },
        "melbands": {
            "dmean": [
                0.000894388125744,
                0.000691677385475,
                0.000375174888177,
                0.000217066699406,
                0.000148615203216,
                0.000169596925844,
                0.00023602307192,
                0.000187668265426,
                0.000141704120324,
                0.000201127550099,
                0.000155782225193,
                0.000150734762428,
                8.15489038359e-05,
                8.32464720588e-05,
                0.000104841645225,
                0.000133001012728,
                7.49485698179e-05,
                7.95574233052e-05,
                4.43194403488e-05,
                3.15909092024e-05,
                2.61682980636e-05,
                2.11404858419e-05,
                1.88480862562e-05,
                1.08072945295e-05,
                9.15484179131e-06,
                1.02146323115e-05,
                8.67808194016e-06,
                6.21633353148e-06,
                5.00425858263e-06,
