{
    "lowlevel": {
        "average_loudness": 0.467662543058,
        "barkbands": {
            "dmean": [
                0.00271483021788,
                0.00888131465763,
                0.00368527066894,
                0.00148274272215,
                0.00209470116533,
                0.00157993426546,
                0.00158849800937,
                0.00113109766971,
                0.000750484585296,
                0.000446059508249,
                0.000345799606293,
                0.000388794898754,
                0.000398604053771,
                0.000327950285282,
                0.000338401645422,
                0.000267919531325,
                0.000300305517158,
                0.000278801395325,
                0.000157594433404,
                0.000171897176187,
                0.000174192668055,
                0.000182853153092,
                0.000119412470667,
                0.000128833358758,
                6.57980999677e-05,
                1.75787536136e-05,
                1.93333539755e-06
            ],
            "dmean2": [
                0.00417530816048,
                0.0130553254858,
                0.00689552677795,
                0.00276562059298,
                0.00388285936788,
                0.00266922428273,
                0.00267564295791,
                0.00178899127059,
                0.00117880734615,
                0.000671778048854,
                0.000524894276168,
                0.000592352880631,
                0.000613751297351,
                0.000513785518706,
                0.000494865817018,
                0.000403100595577,
                0.000458550290205,
                0.000444889214123,
                0.000246764859185,
                0.000273427402135,
                0.000276759761618,
                0.000281515181996,
                0.000182740826858,
                0.000194640277186,
                9.86090890365e-05,
                2.62687972281e-05,
                3.0987489481e-06
            ],
            "dvar": [
                2.1105446649e-05,
                0.000867848983034,
                0.000354613293894,
                4.85620876134e-05,
                0.00011067284504,
                2.01116708922e-05,
                1.77899491973e-05,
                6.12384337728e-06,
                3.76969660465e-06,
                2.24255791181e-06,
                2.03973718271e-06,
                1.61425532497e-06,
                1.47200898937e-06,
                7.93945730493e-07,
                6.89476109983e-07,
                6.49270361919e-07,
                6.45341970085e-07,
                1.48752508267e-06,
                3.96371007128e-07,
                2.5811820592e-07,
                4.07294834304e-07,
                2.57430400552e-07,
                1.58426715302e-07,
                1.86444950145e-07,
                5.35663779999e-08,
                5.10460207437e-09,
                1.50869872151e-10
            ],
            "dvar2": [
                4.81329843751e-05,
                0.00179976271465,
                0.0010161412647,
                0.000142846081872,
                0.000323912361637,
                5.47345080122e-05,
                4.68857542728e-05,
                1.39552912515e-05,
                8.77518141351e-06,
                4.85435612063e-06,
                4.69619271826e-06,
                3.59530281457e-06,
                3.32040849571e-06,
                1.86650049727e-06,
                1.37061738315e-06,
                1.38296263685e-06,
                1.49383208736e-06,
                3.88385979022e-06,
                1.0136493529e-06,
                5.74685770971e-07,
                9.87937255559e-07,
                5.67014467379e-07,
                3.45736339114e-07,
                4.03758320999e-07,
                1.18582157427e-07,
                1.1526371857e-08,
                3.91828541835e-10
            ],
            "max": [
                0.0546088367701,
                0.288503706455,
                0.171702593565,
                0.0832666456699,
                0.118421316147,
                0.0568843074143,
                0.0592500753701,
                0.0370026230812,
                0.0278190132231,
                0.040264826268,
                0.0328505896032,
                0.0213494990021,
                0.028778789565,
                0.0135456528515,
                0.0154944788665,
                0.0173481795937,
                0.0163667611778,
                0.0309054460377,
                0.0174328908324,
                0.0104677276686,
                0.0106288446113,
                0.0206087995321,
                0.00823703408241,
                0.00836351234466,
                0.00591242220253,
                0.00136117602233,
                0.000233029611991
            ],
            "mean": [
                0.00811917986721,
                0.0145133528858,
                0.0023704636842,
                0.00114610267337,
                0.00153351284098,
                0.00156148453243,
                0.00162629794795,
                0.00146859930828,
                0.000890260445885,
                0.00055862654699,
                0.000421259901486,
                0.00046519737225,
                0.000505670963321,
                0.000378656171961,
                0.000613100652117,
                0.000363272556569,
                0.000465164979687,
                0.0003322820412,
                0.000199018642888,
                0.000198810332222,
                0.00018035058747,
                0.000223099516006,
                0.000142420409247,
                0.00014325210941,
                6.98558869772e-05,
                1.82635940291e-05,
                1.81073278327e-06
            ],
            "median": [
                0.000429367297329,
                0.00190365861636,
                0.000207761244383,
                0.000297678692732,
                0.000296507554594,
                0.000196262510144,
                0.000256069557508,
                0.000176461180672,
                9.38527300605e-05,
                3.59077930625e-05,
                2.73741243291e-05,
                3.59794357792e-05,
                3.53181021637e-05,
                2.56860203081e-05,
                2.25023704843e-05,
                2.33376576944e-05,
                3.29930226144e-05,
                2.37256517721e-05,
                3.46982233168e-05,
                3.04828918161e-05,
                1.27355160657e-05,
                2.40687058977e-05,
                1.55981069838e-05,
                1.32399200083e-05,
                4.39669338448e-06,
                8.73330748163e-07,
                2.76913247887e-08
            ],
            "min": [
                1.19874159309e-23,
                1.93860421756e-23,
                6.74968165397e-24,
                2.70022966059e-24,
                6.20325379768e-23,
                5.29474478124e-23,
                3.52735935217e-23,
                3.06423015877e-23,
                6.5440101543e-23,
                1.22663882281e-22,
                1.05418896955e-22,
                1.25092198096e-22,
                1.02324328152e-22,
                1.50659167412e-22,
                1.89577096368e-22,
                2.02211997497e-22,
                1.68698964811e-22,
                3.11355321355e-22,
                1.53287197565e-22,
                3.67563314305e-22,
                4.17680442785e-22,
                7.40903059432e-22,
                7.38710152333e-22,
                8.12407633314e-22,
                8.42077083234e-22,
                1.50612948998e-21,
                2.68861002502e-21
            ],
            "var": [
                0.000149161802256,
                0.0013813865371,
                0.000202039358555,
                2.618950748e-05,
                6.0635866248e-05,
                1.59669962159e-05,
                1.53612454596e-05,
                1.05516210169e-05,
                4.9183572628e-06,
                3.36181869898e-06,
                2.91125957119e-06,
                2.31774583881e-06,
                2.46758827416e-06,
                1.11878330245e-06,
                2.87922125608e-06,
                1.09926270397e-06,
                1.19050093872e-06,
                1.34348465508e-06,
                3.60825822554e-07,
                2.91538356123e-07,
                3.93786933728e-07,
                3.66305471289e-07,
                2.15955878957e-07,
                2.30433087722e-07,
                6.30368646171e-08,
                5.96658367158e-09,
                1.31414157334e-10
            ]
        },
        "barkbands_crest": {
            "dmean": 3.08646178246,
            "dmean2": 4.84887123108,
            "dvar": 7.79575014114,
            "dvar2": 17.7348403931,
            "max": 26.6782398224,
            "mean": 12.1450471878,
            "median": 11.5293188095,
            "min": 2.74309396744,
            "var": 20.7385368347
        },
        "barkbands_flatness_db": {
            "dmean": 0.0382598601282,
            "dmean2": 0.0546040125191,
            "dvar": 0.00176466361154,
            "dvar2": 0.00325711071491,
            "max": 0.734621942043,
            "mean": 0.231762081385,
            "median": 0.209640130401,
            "min": 0.0319213829935,
            "var": 0.011586362496
        },
        "barkbands_kurtosis": {
            "dmean": 15.3087100983,
            "dmean2": 24.5790786743,
            "dvar": 3652.94213867,
            "dvar2": 9261.65820313,
            "max": 2183.99023438,
            "mean": 16.44480896,
            "median": 3.05667567253,
            "min": -1.9349616766,
            "var": 3486.71777344
        },
        "barkbands_skewness": {
            "dmean": 1.16480100155,
            "dmean2": 1.74355661869,
            "dvar": 3.1171875,
            "dvar2": 6.83596277237,
            "max": 40.88539505,
            "mean": 2.20215439796,
            "median": 1.57197844982,
            "min": -5.65578937531,
            "var": 6.97574996948
        },
        "barkbands_spread": {
            "dmean": 7.75513601303,
            "dmean2": 11.7409601212,
            "dvar": 137.968429565,
            "dvar2": 291.566925049,
            "max": 121.967926025,
            "mean": 17.6754131317,
            "median": 12.8423805237,
            "min": 0.0842626988888,
            "var": 283.735046387
        },
        "dissonance": {
            "dmean": 0.0374942533672,
            "dmean2": 0.0610246546566,
            "dvar": 0.00146975414827,
            "dvar2": 0.00380829512142,
            "max": 0.499999970198,
            "mean": 0.420843392611,
            "median": 0.43775382638,
            "min": 0.0611620657146,
            "var": 0.00400784332305
        },
        "dynamic_complexity": 5.43306922913,
        "erbbands": {
            "dmean": [
                0.323969811201,
                1.93820774555,
                4.29094409943,
                4.52363109589,
                5.83878326416,
                7.13271617889,
                8.53735733032,
                14.3051023483,
                22.9226932526,
                21.7623672485,
                23.6777591705,
                16.1637191772,
                16.3746891022,
                12.0204916,
                14.2364616394,
                13.9352407455,
                16.5508174896,
                15.7389230728,
                15.1054286957,
                17.1528301239,
                13.3828744888,
                16.3923397064,
                14.6035070419,
                9.44990539551,
                8.76910877228,
                7.75153303146,
                6.62393569946,
                7.7023973465,
                6.78309392929,
                4.47194719315,
                3.36365938187,
                2.80493092537,
                2.02183365822,
                0.987789809704,
                0.342037379742,
                0.110684424639,
                0.0269234608859,
                0.00355821358971,
                0.000311609677738,
                3.18513084494e-05
            ],
            "dmean2": [
                0.503380060196,
                2.9295630455,
                7.60000276566,
                8.43087768555,
                10.8121891022,
                13.3496990204,
                15.2067193985,
                23.8713493347,
                38.6794891357,
                35.0558624268,
                36.8384056091,
                25.111328125,
                24.4523544312,
                17.3416824341,
                20.8876476288,
                21.1042976379,
                25.0620918274,
                23.6080341339,
                22.6862506866,
                24.0040626526,
                19.6940460205,
                24.7447662354,
                22.2166061401,
                15.0601119995,
                13.5717601776,
                12.2697162628,
                10.3230619431,
                12.4327077866,
                10.5023336411,
                6.77731895447,
                5.1586151123,
                4.27728414536,
                3.04630613327,
                1.49995994568,
                0.504308640957,
                0.16441065073,
                0.0404923371971,
                0.00543461274356,
                0.000499185407534,
                4.98164918099e-05
            ],
            "dvar": [
                0.951402902603,
                54.5735092163,
                423.710998535,
                486.492156982,
                760.973022461,
                1416.83154297,
                1340.5769043,
                1472.01916504,
                4551.25097656,
                2346.11303711,
                2888.85839844,
                1832.61804199,
                2674.35253906,
                2101.72119141,
                3332.49731445,
                1991.99902344,
                2879.51464844,
                1963.89135742,
                1438.91015625,
                1917.40625,
                1436.14465332,
                1932.58581543,
                2630.93847656,
                2554.0769043,
                1097.4855957,
                499.887023926,
                477.276672363,
                807.996948242,
                384.282989502,
                202.027618408,
                131.009460449,
                91.3145980835,
                47.9767227173,
                12.7136306763,
                1.38724064827,
                0.173546656966,
                0.0136375650764,
                0.000347516790498,
                3.52874531018e-06,
                1.8463095941e-08
            ],
            "dvar2": [
                2.10788059235,
                116.90335083,
                1156.10351563,
                1407.18945313,
                2229.640625,
                4151.98583984,
                3848.19628906,
                3884.46459961,
                12278.7089844,
                5764.23046875,
                6738.84570313,
                4148.85595703,
                5672.140625,
                4735.62402344,
                7011.93994141,
                4641.69677734,
                6945.70556641,
                4368.64990234,
                3149.93237305,
                3611.29223633,
                3102.25,
                4422.16796875,
                6265.68310547,
                6778.96484375,
                2693.10766602,
                1137.71569824,
                1089.80114746,
                2061.67504883,
                858.499023438,
                451.058135986,
                286.79119873,
                200.240463257,
                103.846466064,
                29.0515727997,
                2.92231488228,
                0.377467542887,
                0.0314612537622,
                0.00084437103942,
                9.38604807743e-06,
                4.95430647618e-08
            ],
            "max": [
                11.1410322189,
                72.309387207,
                191.582962036,
                227.622497559,
                327.61932373,
                425.397857666,
                476.776123047,
                435.463806152,
                940.098144531,
                689.330688477,
                990.77532959,
                817.944396973,
                1083.03649902,
                1889.45507813,
                1538.49951172,
                918.464599609,
                1564.89111328,
                777.518920898,
                805.628845215,
                870.36505127,
                780.112854004,
                924.437072754,
                1383.1640625,
                1061.67944336,
                947.785827637,
                407.100891113,
                324.895690918,
                474.002288818,
                863.152404785,
                297.964599609,
                221.775054932,
                201.334777832,
                173.845550537,
                94.0070343018,
                28.1675720215,
                8.38418483734,
                2.07488274574,
                0.343424469233,
                0.0368680208921,
                0.00263951416127
            ],
            "mean": [
                0.727879047394,
                2.11169290543,
                3.08406472206,
                3.41018176079,
                4.51932382584,
                4.93637228012,
                7.0678486824,
                14.708199501,
                23.0703239441,
                26.3702335358,
                29.7049655914,
                19.7990055084,
                20.9327926636,
                17.2451572418,
                18.8183403015,
                17.4739284515,
                21.4232578278,
                20.6900253296,
                21.5619068146,
                34.5345039368,
                20.999956131,
                26.051410675,
                20.3722667694,
                11.2365512848,
                10.7438344955,
                9.07963562012,
                7.20433330536,
                7.80954265594,
                8.19653987885,
                5.72283124924,
                3.89389443398,
                3.12625074387,
                2.23431992531,
                1.03694534302,
                0.368849337101,
                0.116328723729,
                0.0276588108391,
                0.00363307655789,
                0.000303095555864,
                5.95633282501e-05
            ],
            "median": [
                0.081442207098,
                0.293730586767,
                0.278115868568,
                0.769439399242,
                1.2326310873,
                0.710112273693,
                0.638707995415,
                2.00530648232,
                3.71023845673,
                6.28651475906,
                4.91451692581,
                2.57534217834,
                1.89794790745,
                1.43267261982,
                1.42506074905,
                1.5269343853,
                1.5736027956,
                1.72596240044,
                1.30719292164,
                1.25001442432,
                1.64435970783,
                2.02249240875,
                1.65382432938,
                1.40768885612,
                2.2069709301,
                1.54238963127,
                0.874496102333,
                0.496437460184,
                0.791663110256,
                0.75751209259,
                0.376547157764,
                0.2923566401,
                0.186218723655,
                0.0640659630299,
                0.0228745304048,
                0.00616693170741,
                0.00124992965721,
                0.000121291683172,
                2.62319226749e-05,
                2.9033742976e-05
            ],
            "min": [
                6.38251934606e-22,
                3.76568763596e-21,
                9.50970372264e-21,
                6.63417995975e-21,
                2.31308214383e-20,
                2.34150222791e-19,
                6.12498757563e-19,
                3.16048134468e-19,
                6.80248003357e-19,
                2.85342001058e-19,
                7.19957118856e-19,
                1.54023677035e-18,
                4.46305713093e-18,
                2.4382856683e-18,
                5.80368322536e-18,
                4.72455787388e-18,
                4.69581872427e-18,
                6.0138830539e-18,
                9.75911988029e-18,
                1.03498136916e-17,
                1.19226645392e-17,
                9.5883922834e-18,
                1.88385967364e-17,
                9.39094344401e-18,
                7.22454335766e-18,
                1.97891877333e-17,
                1.60660461418e-17,
                1.84433566049e-17,
                2.2988462608e-17,
                2.26145289946e-17,
                2.18802721977e-17,
                1.7002441065e-17,
                1.48104207136e-17,
                8.57081620054e-18,
                6.73657545224e-18,
                4.82260814138e-18,
                3.27031376603e-18,
                1.52462290911e-18,
                3.98940808381e-19,
                3.33890291034e-20
            ],
            "var": [
                2.06545615196,
                63.3964958191,
                278.124481201,
                272.510559082,
                416.106933594,
                769.711914063,
                824.245483398,
                1320.92504883,
                3592.5456543,
                3001.671875,
                4275.00048828,
                2423.6809082,
                4097.12792969,
                3405.15869141,
                5170.66210938,
                2750.96484375,
                4463.43408203,
                3275.43994141,
                2499.48510742,
                9946.74511719,
                2799.45849609,
                3538.4934082,
                3201.4765625,
                2024.87463379,
                1035.65441895,
                557.422668457,
                509.606323242,
                744.784912109,
                524.159912109,
                270.194702148,
                179.967346191,
                112.24168396,
                59.3683815002,
                14.0592918396,
                1.80693078041,
                0.215021729469,
                0.0152398580685,
                0.000358832010534,
                2.8855599794e-06,
                1.76139351993e-08
            ]
        },
        "erbbands_crest": {
            "dmean": 3.48822140694,
            "dmean2": 5.62608146667,
            "dvar": 9.55840206146,
            "dvar2": 23.7556915283,
            "max": 32.9912605286,
            "mean": 11.5940647125,
            "median": 10.4542093277,
            "min": 2.67172431946,
            "var": 25.4732227325
        },
        "erbbands_flatness_db": {
            "dmean": 0.0280658528209,
            "dmean2": 0.041868980974,
            "dvar": 0.000793704763055,
            "dvar2": 0.00163578242064,
            "max": 0.69133067131,
            "mean": 0.216518759727,
            "median": 0.203716889024,
            "min": 0.0416069105268,
            "var": 0.00686081079766
        },
        "erbbands_kurtosis": {
            "dmean": 2.31268930435,
            "dmean2": 3.70837235451,
            "dvar": 14.0345649719,
            "dvar2": 33.1277618408,
            "max": 83.9929885864,
            "mean": 1.98881840706,
            "median": 0.380346029997,
            "min": -1.89486956596,
            "var": 24.8354949951
        },
        "erbbands_skewness": {
            "dmean": 0.677787303925,
            "dmean2": 1.01607978344,
            "dvar": 0.550553977489,
            "dvar2": 1.1646014452,
            "max": 6.19774341583,
            "mean": 0.312480300665,
            "median": 0.353203594685,
            "min": -5.37672758102,
            "var": 1.59343409538
        },
        "erbbands_spread": {
            "dmean": 12.3060302734,
            "dmean2": 19.4723644257,
            "dvar": 281.45526123,
            "dvar2": 701.606140137,
            "max": 215.340133667,
            "mean": 33.529045105,
            "median": 28.40832901,
            "min": 0.343905538321,
            "var": 543.235412598
        },
        "gfcc": {
            "cov": [
                [
                    22336.9453125,
                    -6185.63232422,
                    -1568.47790527,
                    3364.40820313,
                    -1659.36132813,
                    1619.25109863,
                    -940.481201172,
                    1031.26867676,
                    -22.0359687805,
                    557.776550293,
                    -174.260437012,
                    455.644989014,
                    77.6248245239
                ],
                [
                    -6185.63232422,
                    4889.56201172,
                    846.279296875,
                    -1181.92602539,
                    1329.94067383,
                    -618.078308105,
                    794.201171875,
                    -375.276611328,
                    214.685882568,
                    -421.044219971,
                    203.813980103,
                    -362.857971191,
                    -16.2794685364
                ],
                [
                    -1568.47790527,
                    846.279296875,
                    2119.57275391,
                    218.566711426,
                    393.783843994,
                    286.161834717,
                    217.275726318,
                    13.5591497421,
                    -63.2421417236,
                    14.7692689896,
                    79.2820510864,
                    -20.6437015533,
                    56.6319313049
                ],
                [
                    3364.40820313,
                    -1181.92602539,
                    218.566711426,
                    1597.01184082,
                    18.5241451263,
                    266.411743164,
                    -91.6554336548,
                    87.7582244873,
                    49.6489143372,
                    142.526733398,
                    -11.1028470993,
                    97.4434280396,
                    124.574920654
                ],
                [
                    -1659.36132813,
                    1329.94067383,
                    393.783843994,
                    18.5241451263,
                    988.179504395,
                    -28.2092533112,
                    347.77645874,
                    -42.828212738,
                    118.319007874,
                    -37.8910560608,
                    50.0624198914,
                    -94.4054107666,
                    57.7944641113
                ],
                [
                    1619.25109863,
                    -618.078308105,
                    286.161834717,
                    266.411743164,
                    -28.2092533112,
                    675.831420898,
                    137.863967896,
                    143.80065918,
                    -40.7176322937,
                    93.7846374512,
                    5.64618730545,
                    47.8552017212,
                    -0.810425281525
                ],
                [
                    -940.481201172,
                    794.201171875,
                    217.275726318,
                    -91.6554336548,
                    347.77645874,
                    137.863967896,
                    665.511535645,
                    12.511048317,
                    20.4763832092,
                    -47.2838363647,
                    53.2463951111,
                    -0.382863402367,
                    -17.8071098328
                ],
                [
                    1031.26867676,
                    -375.276611328,
                    13.5591497421,
                    87.7582244873,
                    -42.828212738,
                    143.80065918,
                    12.511048317,
                    312.074707031,
                    85.5216751099,
                    51.8682060242,
                    26.9984722137,
                    18.3425960541,
                    15.9867811203
                ],
                [
                    -22.0359687805,
                    214.685882568,
                    -63.2421417236,
                    49.6489143372,
                    118.319007874,
                    -40.7176322937,
                    20.4763832092,
                    85.5216751099,
                    318.397796631,
                    34.9023132324,
                    -9.4331111908,
                    -39.718120575,
                    35.3040237427
                ],
                [
                    557.776550293,
                    -421.044219971,
                    14.7692689896,
                    142.526733398,
                    -37.8910560608,
                    93.7846374512,
                    -47.2838363647,
                    51.8682060242,
                    34.9023132324,
                    205.148422241,
                    35.6227264404,
                    35.1130256653,
                    31.2782154083
                ],
                [
                    -174.260437012,
                    203.813980103,
                    79.2820510864,
                    -11.1028470993,
                    50.0624198914,
                    5.64618730545,
                    53.2463951111,
                    26.9984722137,
                    -9.4331111908,
                    35.6227264404,
                    220.557739258,
                    59.9036712646,
                    34.1059646606
                ],
                [
                    455.644989014,
                    -362.857971191,
                    -20.6437015533,
                    97.4434280396,
                    -94.4054107666,
                    47.8552017212,
                    -0.382863402367,
                    18.3425960541,
                    -39.718120575,
                    35.1130256653,
                    59.9036712646,
                    227.763397217,
                    50.9479789734
                ],
                [
                    77.6248245239,
                    -16.2794685364,
                    56.6319313049,
                    124.574920654,
                    57.7944641113,
                    -0.810425281525,
                    -17.8071098328,
                    15.9867811203,
                    35.3040237427,
                    31.2782154083,
                    34.1059646606,
                    50.9479789734,
                    173.104629517
                ]
            ],
            "icov": [
                [
                    0.000140647171065,
                    -9.99856056296e-05,
                    0.000161124029546,
                    -0.00030571143725,
                    0.000177509529749,
                    -0.000288611248834,
                    0.000174875327502,
                    -0.000381210295018,
                    0.000133904104587,
                    -0.000123890073155,
                    0.000153189044795,
                    -0.000149427665747,
                    9.62727281149e-05
                ],
                [
                    -9.99856056296e-05,
                    0.00126483850181,
                    -0.000485216267407,
                    0.000807878852356,
                    -0.000950903515331,
                    0.000810302328318,
                    -0.000838087173179,
                    0.00123877439182,
                    -0.000928954512347,
                    0.00152497703675,
                    -0.00134751235601,
                    0.00118609704077,
                    -0.00030789754237
                ],
                [
                    0.000161124029546,
                    -0.000485216267407,
                    0.000866105605382,
                    -0.000580325489864,
                    0.000245622126386,
                    -0.000750938372221,
                    0.000396497896872,
                    -0.00071479921462,
                    0.000599496881478,
                    -0.000546183844563,
                    0.00039958342677,
                    -0.000377494317945,
                    4.64778277092e-05
                ],
                [
                    -0.00030571143725,
                    0.000807878852356,
                    -0.000580325489864,
                    0.00172091636341,
                    -0.000869383104146,
                    0.000662474601995,
                    -0.00056403450435,
                    0.00128869980108,
                    -0.000791747472249,
                    0.000682420970406,
                    -0.000734461063985,
                    0.000615934317466,
                    -0.000717618793715
                ],
                [
                    0.000177509529749,
                    -0.000950903515331,
                    0.000245622126386,
                    -0.000869383104146,
                    0.00236192694865,
                    -0.000601656502113,
                    -5.86637506785e-05,
                    -0.000826359901112,
                    0.000247041170951,
                    -0.00103156850673,
                    0.000768459576648,
                    -0.000239126151428,
                    -0.000289858027827
                ],
                [
                    -0.000288611248834,
                    0.000810302328318,
                    -0.000750938372221,
                    0.000662474601995,
                    -0.000601656502113,
                    0.00305693224072,
                    -0.0013054467272,
                    0.00036299819476,
                    -0.000155140776769,
                    0.000153550150571,
                    -0.000556379614864,
                    0.000705464452039,
                    -7.21952019376e-05
                ],
                [
                    0.000174875327502,
                    -0.000838087173179,
                    0.000396497896872,
                    -0.00056403450435,
                    -5.86637506785e-05,
                    -0.0013054467272,
                    0.0027917411644,
                    -0.0010511057917,
                    0.000530925346538,
                    -0.000426667218562,
                    0.000552325684112,
                    -0.00121994770598,
                    0.000735733075999
                ],
                [
                    -0.000381210295018,
                    0.00123877439182,
                    -0.00071479921462,
                    0.00128869980108,
                    -0.000826359901112,
                    0.00036299819476,
                    -0.0010511057917,
                    0.0059441733174,
                    -0.00236760266125,
                    0.00128368672449,
                    -0.00198810826987,
                    0.00124696770217,
                    -0.000509998179041
                ],
                [
                    0.000133904104587,
                    -0.000928954512347,
                    0.000599496881478,
                    -0.000791747472249,
                    0.000247041170951,
                    -0.000155140776769,
                    0.000530925346538,
                    -0.00236760266125,
                    0.00478651700541,
                    -0.00189223140478,
                    0.0014477095101,
                    -0.00018197936879,
                    -0.000449649698567
                ],
                [
                    -0.000123890073155,
                    0.00152497703675,
                    -0.000546183844563,
                    0.000682420970406,
                    -0.00103156850673,
                    0.000153550150571,
                    -0.000426667218562,
                    0.00128368672449,
                    -0.00189223140478,
                    0.00793549977243,
                    -0.00263759749942,
                    0.00108652189374,
                    -0.000778822810389
                ],
                [
                    0.000153189044795,
                    -0.00134751235601,
                    0.00039958342677,
                    -0.000734461063985,
                    0.000768459576648,
                    -0.000556379614864,
                    0.000552325684112,
                    -0.00198810826987,
                    0.0014477095101,
                    -0.00263759749942,
                    0.00690171448514,
                    -0.00261188717559,
                    -0.000226086034672
                ],
                [
                    -0.000149427665747,
                    0.00118609704077,
                    -0.000377494317945,
                    0.000615934317466,
                    -0.000239126151428,
                    0.000705464452039,
                    -0.00121994770598,
                    0.00124696770217,
                    -0.00018197936879,
                    0.00108652189374,
                    -0.00261188717559,
                    0.00685806432739,
                    -0.00196178280748
                ],
                [
                    9.62727281149e-05,
                    -0.00030789754237,
                    4.64778277092e-05,
                    -0.000717618793715,
                    -0.000289858027827,
                    -7.21952019376e-05,
                    0.000735733075999,
                    -0.000509998179041,
                    -0.000449649698567,
                    -0.000778822810389,
                    -0.000226086034672,
                    -0.00196178280748,
                    0.00727954087779
                ]
            ],
            "mean": [
                -97.7770462036,
                114.544868469,
                -111.374984741,
                31.2982501984,
                -53.2304496765,
                8.04429626465,
                -26.8953819275,
                11.7982902527,
                -5.85380315781,
                4.19248008728,
                -5.04148292542,
                -4.45801782608,
                -8.96288776398
            ]
        },
        "hfc": {
            "dmean": 9.39888000488,
            "dmean2": 13.6981010437,
            "dvar": 479.340881348,
            "dvar2": 1112.5916748,
            "max": 398.686859131,
            "mean": 18.1002025604,
            "median": 10.4083213806,
            "min": 1.20881315982e-16,
            "var": 677.422424316
        },
        "melbands": {
            "dmean": [
                0.00257222889923,
                0.00218267738819,
                0.000817993597593,
                0.000473680091091,
                0.000301039253827,
                0.000328214489855,
                0.000342911458574,
                0.000239300352405,
                0.000186532604857,
                0.000101561243355,
                8.23805385153e-05,
                4.92170474899e-05,
                4.69313272333e-05,
                4.43164535682e-05,
                3.7953217543e-05,
                3.84735358239e-05,
                2.98393206322e-05,
                2.61135901383e-05,
                2.65087783191e-05,
                2.13591811189e-05,
                1.57356771524e-05,
                1.79104008566e-05,
                1.57076246978e-05,
                1.26786208057e-05,
                7.21145579519e-06,
                6.8100516728e-06,
