{
    "lowlevel": {
        "average_loudness": 0.600766956806,
        "barkbands": {
            "dmean": [
                0.00159420119599,
                0.00386880268343,
                0.00121876061894,
                0.000758665555622,
                0.00106982630678,
                0.00123889558017,
                0.000847057322972,
                0.000874179473612,
                0.000785031821579,
                0.000574831559788,
                0.000429139268817,
                0.000761333387345,
                0.00073071900988,
                0.00078789977124,
                0.000744230404962,
                0.000387485517422,
                0.000343104766216,
                0.000165796358488,
                0.000253663456533,
                0.000250573444646,
                0.000222040107474,
                0.000213457635255,
                0.000464151205961,
                0.000332573894411,
                0.000161330739502,
                2.74450612778e-05,
                3.66052972822e-06
            ],
            "dmean2": [
                0.0021044712048,
                0.0050298795104,
                0.00200799154118,
                0.00118083937559,
                0.00169560569339,
                0.00200771098025,
                0.00137598137371,
                0.00143855775241,
                0.00121528131422,
                0.000867257884238,
                0.000674486102071,
                0.00118841719814,
                0.00108483154327,
                0.00124122097623,
                0.00115584814921,
                0.000607117079198,
                0.00048452973715,
                0.000256061553955,
                0.000384983664844,
                0.000376822019462,
                0.000325213652104,
                0.000327363290126,
                0.000821522262413,
                0.000543326197658,
                0.000256797560723,
                4.5749333367e-05,
                6.28558291282e-06
            ],
            "dvar": [
                1.48125900523e-05,
                0.000100452751212,
                1.10307655632e-05,
                2.16439502765e-06,
                5.37510777576e-06,
                4.87485749545e-06,
                3.06655670101e-06,
                4.3622976591e-06,
                3.84033683076e-06,
                2.59016906057e-06,
                1.44032344451e-06,
                4.08447840528e-06,
                2.73308205578e-06,
                4.90033016831e-06,
                4.47337333753e-06,
                1.7727619479e-06,
                1.65040898992e-06,
                4.47691888894e-07,
                4.37945402609e-07,
                2.92378359745e-07,
                3.87549874858e-07,
                2.53509654158e-07,
                6.87603858296e-07,
                3.23960392734e-07,
                1.45336244373e-07,
                5.34032462696e-09,
                6.72333369534e-11
            ],
            "dvar2": [
                2.81883894786e-05,
                0.000179346621735,
                3.10978830385e-05,
                5.43003579878e-06,
                1.36183552968e-05,
                1.14507492981e-05,
                7.54735401642e-06,
                1.11714571176e-05,
                8.47132105264e-06,
                5.62109426028e-06,
                3.45987609762e-06,
                8.69083123689e-06,
                5.38244103154e-06,
                1.1292752788e-05,
                1.06118986878e-05,
                3.39654479831e-06,
                3.50697928297e-06,
                8.03479622391e-07,
                9.5666962352e-07,
                5.78412311825e-07,
                8.10421227015e-07,
                5.57348812436e-07,
                1.82996689091e-06,
                7.12092571575e-07,
                3.25336543483e-07,
                1.36433673248e-08,
                1.75198106023e-10
            ],
            "max": [
                0.0622870773077,
                0.181778758764,
                0.050620727241,
                0.0271977595985,
                0.0325451269746,
                0.0270357578993,
                0.0229389853776,
                0.026484882459,
                0.0296035334468,
                0.0253571160138,
                0.0248991455883,
                0.0231191962957,
                0.0187737103552,
                0.0240758489817,
                0.0253312252462,
                0.0154504468665,
                0.0164118297398,
                0.00770854577422,
                0.0197590235621,
                0.0143919847906,
                0.014141485095,
                0.0120153566822,
                0.00573906162754,
                0.00708105089143,
                0.00517310015857,
                0.00220028217882,
                0.000140275486046
            ],
            "mean": [
                0.00703375320882,
                0.0178502909839,
                0.00188568292651,
                0.00121972977649,
                0.00166950619314,
                0.00185641576536,
                0.00100400415249,
                0.000919659680221,
                0.000978715601377,
                0.000694377464242,
                0.000504762574565,
                0.000850065145642,
                0.000935130461585,
                0.00074710563058,
                0.000727531034499,
                0.000444959907327,
                0.000337805977324,
                0.000201724338694,
                0.00032047618879,
                0.000333711854182,
                0.000248077587457,
                0.000233968661632,
                0.000358993624104,
                0.000348873494659,
                0.00017308940005,
                2.76348782791e-05,
                3.37664050676e-06
            ],
            "median": [
                7.7218302863e-08,
                5.07577678945e-05,
                0.000631202186923,
                0.000448257895187,
                0.000648832763545,
                0.000827717594802,
                0.0002250871039,
                0.000198116802494,
                7.58162568673e-05,
                6.13590964349e-05,
                4.74706030218e-05,
                4.38236857008e-05,
                4.34166249761e-05,
                3.58986908395e-05,
                3.52770730387e-05,
                3.2764444768e-05,
                2.19511366595e-05,
                1.39263438541e-05,
                5.05034877278e-05,
                5.31354235136e-05,
                1.72962136276e-05,
                2.996362673e-05,
                2.6552052077e-05,
                7.65656441217e-05,
                4.63505311927e-05,
                6.73031445331e-06,
                7.67787810219e-07
            ],
            "min": [
                1.5099971551e-23,
                2.68759483046e-23,
                3.6050697244e-23,
                1.82418316181e-22,
                7.22774934856e-23,
                9.9887626746e-24,
                2.9952108249e-23,
                1.39758289838e-23,
                7.17972980754e-23,
                7.70135366815e-23,
                6.86816382877e-23,
                8.11713259012e-23,
                1.54925352431e-22,
                1.63180157027e-22,
                2.24862365031e-22,
                9.08862552341e-23,
                9.37497319676e-23,
                1.72519298268e-22,
                1.31750032675e-22,
                4.29278768063e-22,
                5.23519449192e-22,
                6.72486326947e-22,
                6.49372374258e-22,
                9.60585498702e-22,
                1.47740808679e-21,
                1.71555986769e-21,
                2.19174953059e-21
            ],
            "var": [
                0.000217795386561,
                0.0010961254593,
                1.22475266835e-05,
                4.75451633974e-06,
                7.96830317995e-06,
                8.4826224338e-06,
                3.98894098907e-06,
                4.43016824647e-06,
                6.6642701313e-06,
                4.04688398703e-06,
                1.95479242393e-06,
                5.44898921362e-06,
                4.93798597745e-06,
                5.17362786923e-06,
                4.69094266009e-06,
                2.3262182367e-06,
                1.81155553491e-06,
                6.5178812747e-07,
                5.93910954194e-07,
                4.75055998095e-07,
                5.88365764997e-07,
                3.66715255495e-07,
                5.78028561904e-07,
                4.61140558627e-07,
                1.73842082063e-07,
                4.84895679165e-09,
                5.88529711076e-11
            ]
        },
        "barkbands_crest": {
            "dmean": 2.63239622116,
            "dmean2": 4.23406887054,
            "dvar": 6.74812364578,
            "dvar2": 16.1687011719,
            "max": 25.8078231812,
            "mean": 11.0473031998,
            "median": 10.2216243744,
            "min": 2.55144333839,
            "var": 21.5353565216
        },
        "barkbands_flatness_db": {
            "dmean": 0.0372651182115,
            "dmean2": 0.0541194044054,
            "dvar": 0.00144738913514,
            "dvar2": 0.00261882808991,
            "max": 0.563035368919,
            "mean": 0.180352851748,
            "median": 0.162102252245,
            "min": 0.0346338003874,
            "var": 0.00706995511428
        },
        "barkbands_kurtosis": {
            "dmean": 10.8935661316,
            "dmean2": 17.8857841492,
            "dvar": 777.80255127,
            "dvar2": 2002.67529297,
            "max": 890.469726562,
            "mean": 13.8428640366,
            "median": 3.54123878479,
            "min": -1.95723795891,
            "var": 1025.28186035
        },
        "barkbands_skewness": {
            "dmean": 1.14839780331,
            "dmean2": 1.76845729351,
            "dvar": 1.92305803299,
            "dvar2": 4.37658834457,
            "max": 22.9769382477,
            "mean": 2.04338717461,
            "median": 1.65593004227,
            "min": -9.42789363861,
            "var": 5.41132974625
        },
        "barkbands_spread": {
            "dmean": 11.7887916565,
            "dmean2": 19.4367179871,
            "dvar": 255.857650757,
            "dvar2": 645.936218262,
            "max": 113.998031616,
            "mean": 22.3491134644,
            "median": 16.4840812683,
            "min": 0.216879978776,
            "var": 419.932952881
        },
        "dissonance": {
            "dmean": 0.0285186320543,
            "dmean2": 0.0453254766762,
            "dvar": 0.000883375876583,
            "dvar2": 0.00214621028863,
            "max": 0.499999850988,
            "mean": 0.44035089016,
            "median": 0.455277949572,
            "min": 0.103900760412,
            "var": 0.00291355932131
        },
        "dynamic_complexity": 4.27134513855,
        "erbbands": {
            "dmean": [
                0.221836999059,
                0.595622122288,
                1.26086938381,
                2.09091663361,
                2.43826723099,
                4.04096269608,
                8.93564319611,
                10.0474996567,
                10.1281499863,
                15.1487951279,
                19.6754550934,
                18.0297603607,
                16.414276123,
                18.1354408264,
                18.4449367523,
                32.4062194824,
                33.2864608765,
                40.4302024841,
                36.2556343079,
                30.1900444031,
                22.1932201385,
                15.6688604355,
                8.37441730499,
                10.2802906036,
                14.6190233231,
                11.357796669,
                10.5093755722,
                7.91997289658,
                8.29462242126,
                7.73045778275,
                13.7039880753,
                10.4053468704,
                3.66312909126,
                2.08769440651,
                1.01272702217,
                0.192502737045,
                0.0430912785232,
                0.00730243790895,
                0.000641224440187,
                3.17807644024e-05
            ],
            "dmean2": [
                0.272211581469,
                0.875530540943,
                2.10125088692,
                3.26451683044,
                3.88702702522,
                6.38407516479,
                14.0290164948,
                16.1207561493,
                16.5600681305,
                24.6294116974,
                31.7574558258,
                27.7294692993,
                23.6197471619,
                28.057718277,
                29.0535049438,
                49.131477356,
                47.8627243042,
                62.0101318359,
                56.1728401184,
                44.9747200012,
                31.9282207489,
                21.3685455322,
                12.356508255,
                15.6438293457,
                22.0988101959,
                16.9206829071,
                15.2545347214,
                11.6992292404,
                12.8885622025,
                13.097407341,
                24.1525821686,
                17.4108486176,
                5.94651174545,
                3.34500646591,
                1.62535309792,
                0.31302344799,
                0.073134586215,
                0.0123255429789,
                0.00108986825217,
                4.89311387355e-05
            ],
            "dvar": [
                0.305934846401,
                4.03852558136,
                17.3397254944,
                15.5566720963,
                31.7313575745,
                87.9906692505,
                331.819274902,
                354.528533936,
                457.73425293,
                1240.9654541,
                2165.76708984,
                2269.59814453,
                2098.4128418,
                2618.53076172,
                2312.46069336,
                7281.41064453,
                5466.48974609,
                12589.8017578,
                9410.41699219,
                8080.24609375,
                6399.68896484,
                2858.51123047,
                1018.38574219,
                1093.33447266,
                1347.62695312,
                600.918334961,
                688.885742188,
                585.53704834,
                427.187316895,
                185.037689209,
                592.76763916,
                301.286315918,
                46.8458786011,
                20.2871360779,
                7.31896209717,
                0.279510289431,
                0.0102985547855,
                0.000211469538044,
                2.09638642445e-06,
                3.21840065709e-09
            ],
            "dvar2": [
                0.507117211819,
                8.83116054535,
                49.7128677368,
                39.9079170227,
                88.2671127319,
                219.865036011,
                776.787841797,
                844.804260254,
                1113.96386719,
                3118.48193359,
                5369.21728516,
                5016.79003906,
                3799.60131836,
                6475.57275391,
                5202.8046875,
                14621.0761719,
                10769.6455078,
                28571.1933594,
                22072.3417969,
                14198.2978516,
                13425.828125,
                5506.03662109,
                1870.95446777,
                1992.04406738,
                2999.70361328,
                1166.83581543,
                1409.86828613,
                1221.95751953,
                984.39263916,
                440.433166504,
                1561.28137207,
                705.295959473,
                98.9441833496,
                44.0002059937,
                17.0946617126,
                0.68829780817,
                0.0264106728137,
                0.000518573448062,
                5.44611475561e-06,
                7.88876874935e-09
            ],
            "max": [
                9.01323604584,
                43.2309112549,
                61.2260894775,
                68.6748962402,
                67.1479568481,
                128.688354492,
                296.724853516,
                316.172821045,
                283.792388916,
                566.508666992,
                545.824035645,
                864.439575195,
                957.315917969,
                866.383544922,
                702.140869141,
                1044.34960938,
                918.667785645,
                1247.8737793,
                959.981872559,
                939.362182617,
                955.20916748,
                697.773742676,
                370.991119385,
                409.674926758,
                935.139648438,
                732.934509277,
                680.473327637,
                549.039978027,
                483.782836914,
                188.682846069,
                200.643554688,
                194.788269043,
                86.2199783325,
                59.1278533936,
                45.274772644,
                14.1623983383,
                2.55257773399,
                0.303735733032,
                0.023329436779,
                0.00102922611404
            ],
            "mean": [
                1.08785879612,
                1.76156520844,
                2.12687468529,
                3.50671052933,
                3.89611530304,
                5.93474197388,
                12.9153738022,
                14.7027873993,
                12.1144685745,
                17.9191703796,
                21.7951908112,
                23.4435596466,
                21.1820468903,
                20.8562049866,
                22.3156738281,
                38.7122039795,
                43.6253547668,
                40.9194831848,
                36.1744194031,
                35.8056182861,
                23.3166351318,
                16.7873096466,
                10.1222457886,
                12.6945400238,
                19.1317214966,
                15.1046638489,
                12.5431528091,
                8.77121734619,
                8.89202213287,
                6.77536487579,
                10.8899688721,
                10.0858249664,
                4.04506969452,
                2.23309612274,
                1.07214009762,
                0.202520310879,
                0.0405685268342,
                0.00694425497204,
                0.000619144877419,
                7.12132823537e-05
            ],
            "median": [
                0.000578159990255,
                0.0329688601196,
                0.603650152683,
                1.67885100842,
                1.36659991741,
                2.23934984207,
                5.08184146881,
                6.4074306488,
                3.81833863258,
                4.83467435837,
                5.26940441132,
                2.00571322441,
                1.79373419285,
                2.37310433388,
                1.91803133488,
                1.96019363403,
                2.26222705841,
                2.20400857925,
                2.1012942791,
                2.01530075073,
                1.96476852894,
                1.45115947723,
                0.849033176899,
                1.58327686787,
                2.70020842552,
                2.58281731606,
                1.43037343025,
                0.599055171013,
                1.00997626781,
                0.802348256111,
                0.863174676895,
                1.66040301323,
                1.00034546852,
                0.558165848255,
                0.272250533104,
                0.0521690323949,
                0.00915061961859,
                0.0014939121902,
                0.000167045116541,
                4.26594306191e-05
            ],
            "min": [
                1.19613941549e-21,
                4.74045657606e-21,
                3.86659147301e-20,
                3.20730235229e-19,
                5.59625527905e-19,
                1.32378017351e-19,
                4.36006577759e-20,
                1.13471020843e-19,
                3.03668859614e-19,
                6.28511319861e-19,
                5.43896843654e-19,
                1.4814242288e-18,
                1.05166533328e-18,
                3.94358811984e-18,
                2.62588671571e-18,
                3.36683457658e-18,
                7.42051319812e-18,
                7.56696387121e-18,
                1.05877273794e-17,
                8.24261161299e-18,
                5.49659821321e-18,
                5.81757241502e-18,
                8.74053711862e-18,
                7.0985240457e-18,
                9.94275976654e-18,
                1.7033835878e-17,
                2.29653478729e-17,
                1.99426231195e-17,
                2.71982825303e-17,
                1.85852925262e-17,
                1.99815436217e-17,
                1.75499519125e-17,
                1.81372286407e-17,
                1.56656377858e-17,
                9.86393689879e-18,
                6.81893741225e-18,
                3.24423958556e-18,
                1.23767747013e-18,
                2.46383965556e-19,
                3.2367499821e-20
            ],
            "var": [
                4.13743448257,
                19.8639564514,
                20.0314846039,
                29.4895362854,
                47.0099601746,
                126.772567749,
                463.196716309,
                638.275817871,
                562.504699707,
                1452.37670898,
                2330.66064453,
                4480.75585938,
                3980.56811523,
                2999.86669922,
                3520.55249023,
                10652.6181641,
                10214.6933594,
                13874.3574219,
                10423.234375,
                11731.671875,
                7232.15527344,
                3658.77563477,
                1500.78112793,
                1537.97387695,
                1883.35412598,
                966.514404297,
                1093.55981445,
                885.838806152,
                580.544189453,
                201.473220825,
                531.524841309,
                389.688568115,
                67.1072235107,
                26.1844902039,
                7.90345525742,
                0.271395206451,
                0.00940558873117,
                0.00022170493321,
                1.83633198958e-06,
                6.00057337152e-09
            ]
        },
        "erbbands_crest": {
            "dmean": 3.13174343109,
            "dmean2": 5.20957326889,
            "dvar": 8.02183246613,
            "dvar2": 20.261713028,
            "max": 28.4582519531,
            "mean": 9.80386924744,
            "median": 9.10323619843,
            "min": 2.13649487495,
            "var": 15.7611236572
        },
        "erbbands_flatness_db": {
            "dmean": 0.027386020869,
            "dmean2": 0.0428612194955,
            "dvar": 0.000751077779569,
            "dvar2": 0.00164129503537,
            "max": 0.485566884279,
            "mean": 0.165567085147,
            "median": 0.162062779069,
            "min": 0.0388793163002,
            "var": 0.00251892884262
        },
        "erbbands_kurtosis": {
            "dmean": 2.29253578186,
            "dmean2": 3.78304672241,
            "dvar": 14.3954715729,
            "dvar2": 35.4153442383,
            "max": 51.4076042175,
            "mean": 1.80741906166,
            "median": 0.432960033417,
            "min": -1.8792437315,
            "var": 18.174747467
        },
        "erbbands_skewness": {
            "dmean": 0.713910698891,
            "dmean2": 1.12033557892,
            "dvar": 0.706899523735,
            "dvar2": 1.64030897617,
            "max": 5.52225923538,
            "mean": 0.412654191256,
            "median": 0.475228697062,
            "min": -5.91392183304,
            "var": 1.3768209219
        },
        "erbbands_spread": {
            "dmean": 18.2568778992,
            "dmean2": 29.8111915588,
            "dvar": 470.170837402,
            "dvar2": 1163.77563477,
            "max": 190.281921387,
            "mean": 43.532283783,
            "median": 38.2245330811,
            "min": 1.82915151119,
            "var": 751.040527344
        },
        "gfcc": {
            "cov": [
                [
                    23882.9824219,
                    -252.428955078,
                    -2011.15771484,
                    405.923614502,
                    -563.646240234,
                    747.991699219,
                    -28.5157279968,
                    317.607421875,
                    -38.1655578613,
                    222.393218994,
                    99.4635772705,
                    -9.54935836792,
                    -34.1466636658
                ],
                [
                    -252.428955078,
                    3233.7512207,
                    695.396362305,
                    -359.907775879,
                    524.727722168,
                    -98.0656661987,
                    292.583496094,
                    148.936889648,
                    219.229248047,
                    -34.4288978577,
                    309.031707764,
                    -19.1114559174,
                    250.76423645
                ],
                [
                    -2011.15771484,
                    695.396362305,
                    2000.10595703,
                    493.660705566,
                    114.122947693,
                    138.705413818,
                    167.666152954,
                    157.624145508,
                    242.799987793,
                    116.216407776,
                    216.671890259,
                    128.282119751,
                    202.139770508
                ],
                [
                    405.923614502,
                    -359.907775879,
                    493.660705566,
                    903.721191406,
                    120.224365234,
                    21.4496860504,
                    -95.3027877808,
                    -2.15928578377,
                    199.850067139,
                    140.078948975,
                    108.21118927,
                    47.1448402405,
                    132.482284546
                ],
                [
                    -563.646240234,
                    524.727722168,
                    114.122947693,
                    120.224365234,
                    550.03503418,
                    37.4292869568,
                    96.1097183228,
                    87.3695297241,
                    156.511886597,
                    92.9014129639,
                    110.932609558,
                    19.9036426544,
                    140.037063599
                ],
                [
                    747.991699219,
                    -98.0656661987,
                    138.705413818,
                    21.4496860504,
                    37.4292869568,
                    332.257293701,
                    182.525543213,
                    85.661529541,
                    49.6381111145,
                    34.9285583496,
                    60.3267402649,
                    59.5182113647,
                    20.6720085144
                ],
                [
                    -28.5157279968,
                    292.583496094,
                    167.666152954,
                    -95.3027877808,
                    96.1097183228,
                    182.525543213,
                    498.119995117,
                    147.867248535,
                    30.2913990021,
                    22.0925655365,
                    64.8031158447,
                    102.896064758,
                    60.866153717
                ],
                [
                    317.607421875,
                    148.936889648,
                    157.624145508,
                    -2.15928578377,
                    87.3695297241,
                    85.661529541,
                    147.867248535,
                    269.236633301,
                    88.5417633057,
                    23.2718734741,
                    69.5601119995,
                    38.8818778992,
                    60.8506546021
                ],
                [
                    -38.1655578613,
                    219.229248047,
                    242.799987793,
                    199.850067139,
                    156.511886597,
                    49.6381111145,
                    30.2913990021,
                    88.5417633057,
                    341.719940186,
                    106.114250183,
                    90.1108932495,
                    27.7401371002,
                    93.7631835938
                ],
                [
                    222.393218994,
                    -34.4288978577,
                    116.216407776,
                    140.078948975,
                    92.9014129639,
                    34.9285583496,
                    22.0925655365,
                    23.2718734741,
                    106.114250183,
                    194.953598022,
                    49.5217552185,
                    -13.7727174759,
                    46.3099594116
                ],
                [
                    99.4635772705,
                    309.031707764,
                    216.671890259,
                    108.21118927,
                    110.932609558,
                    60.3267402649,
                    64.8031158447,
                    69.5601119995,
                    90.1108932495,
                    49.5217552185,
                    198.979812622,
                    44.76795578,
                    67.1951828003
                ],
                [
                    -9.54935836792,
                    -19.1114559174,
                    128.282119751,
                    47.1448402405,
                    19.9036426544,
                    59.5182113647,
                    102.896064758,
                    38.8818778992,
                    27.7401371002,
                    -13.7727174759,
                    44.76795578,
                    149.963638306,
                    33.0927696228
                ],
                [
                    -34.1466636658,
                    250.76423645,
                    202.139770508,
                    132.482284546,
                    140.037063599,
                    20.6720085144,
                    60.866153717,
                    60.8506546021,
                    93.7631835938,
                    46.3099594116,
                    67.1951828003,
                    33.0927696228,
                    152.007904053
                ]
            ],
            "icov": [
                [
                    7.66221564845e-05,
                    -0.000110756947834,
                    0.000171513253008,
                    -0.000173693391844,
                    0.000215289459447,
                    -0.000293110730127,
                    0.000115625298349,
                    -0.000186150195077,
                    9.6829404356e-05,
                    -0.000199267713469,
                    7.09724263288e-05,
                    -9.85371880233e-05,
                    -1.5964917111e-05
                ],
                [
                    -0.000110756947834,
                    0.000887847098056,
                    -0.00051894003991,
                    0.000862634857185,
                    -0.000757602683734,
                    0.000963345170021,
                    -0.000529244483914,
                    0.00057541631395,
                    -0.000492975290399,
                    0.000922644278035,
                    -0.0010962394299,
                    0.000864988192916,
                    -0.000683506776113
                ],
                [
                    0.000171513253008,
                    -0.00051894003991,
                    0.00117712584324,
                    -0.000876369769685,
                    0.000849723059218,
                    -0.000910042435862,
                    0.000276580190985,
                    -0.000647714012302,
                    0.000213318809983,
                    -0.000696466944646,
                    0.000168291808222,
                    -0.000654431409203,
                    -0.000268753588898
                ],
                [
                    -0.000173693391844,
                    0.000862634857185,
                    -0.000876369769685,
                    0.0026054114569,
                    -0.000822352361865,
                    0.000986034166999,
                    8.23680820758e-05,
                    0.00103603187017,
                    -0.00090723746689,
                    0.000237345244386,
                    -0.00116669049021,
                    0.000279914267594,
                    -0.00144955597352
                ],
                [
                    0.000215289459447,
                    -0.000757602683734,
                    0.000849723059218,
                    -0.000822352361865,
                    0.00354949245229,
                    -0.00105249334592,
                    0.0002711682464,
                    -0.000789948098827,
                    -4.13506022596e-05,
                    -0.00139825476799,
                    9.4154245744e-05,
                    -0.000395214767195,
                    -0.00153835269157
                ],
                [
                    -0.000293110730127,
                    0.000963345170021,
                    -0.000910042435862,
                    0.000986034166999,
                    -0.00105249334592,
                    0.0055906958878,
                    -0.00196922873147,
                    0.000466697558295,
                    -0.000823919195682,
                    0.0007777606952,
                    -0.00155098072719,
                    0.000323670974467,
                    0.000393154652556
                ],
                [
                    0.000115625298349,
                    -0.000529244483914,
                    0.000276580190985,
                    8.23680820758e-05,
                    0.0002711682464,
                    -0.00196922873147,
                    0.00375542649999,
                    -0.00146336271428,
                    0.000767172547057,
                    -0.0011258716695,
                    0.000707638042513,
                    -0.00213868403807,
                    -0.000417887466028
                ],
                [
                    -0.000186150195077,
                    0.00057541631395,
                    -0.000647714012302,
                    0.00103603187017,
                    -0.000789948098827,
                    0.000466697558295,
                    -0.00146336271428,
                    0.00576355867088,
                    -0.00133875594474,
                    0.00112554652151,
                    -0.00133975269273,
                    0.00072906143032,
                    -0.00117329217028
                ],
                [
                    9.6829404356e-05,
                    -0.000492975290399,
                    0.000213318809983,
                    -0.00090723746689,
                    -4.13506022596e-05,
                    -0.000823919195682,
                    0.000767172547057,
                    -0.00133875594474,
                    0.00486153597012,
                    -0.00204334384762,
                    0.000141423108289,
                    -0.000810404657386,
                    -0.000541410525329
                ],
                [
                    -0.000199267713469,
                    0.000922644278035,
                    -0.000696466944646,
                    0.000237345244386,
                    -0.00139825476799,
                    0.0007777606952,
                    -0.0011258716695,
                    0.00112554652151,
                    -0.00204334384762,
                    0.00820028223097,
                    -0.00166830501985,
                    0.00278292549774,
                    -0.000771150691435
                ],
                [
                    7.09724263288e-05,
                    -0.0010962394299,
                    0.000168291808222,
                    -0.00116669049021,
                    9.4154245744e-05,
                    -0.00155098072719,
                    0.000707638042513,
                    -0.00133975269273,
                    0.000141423108289,
                    -0.00166830501985,
                    0.00862034037709,
                    -0.00221971306019,
                    8.82115709828e-05
                ],
                [
                    -9.85371880233e-05,
                    0.000864988192916,
                    -0.000654431409203,
                    0.000279914267594,
                    -0.000395214767195,
                    0.000323670974467,
                    -0.00213868403807,
                    0.00072906143032,
                    -0.000810404657386,
                    0.00278292549774,
                    -0.00221971306019,
                    0.00983363389969,
                    -0.00144575175364
                ],
                [
                    -1.5964917111e-05,
                    -0.000683506776113,
                    -0.000268753588898,
                    -0.00144955597352,
                    -0.00153835269157,
                    0.000393154652556,
                    -0.000417887466028,
                    -0.00117329217028,
                    -0.000541410525329,
                    -0.000771150691435,
                    8.82115709828e-05,
                    -0.00144575175364,
                    0.0121687287465
                ]
            ],
            "mean": [
                -60.7449836731,
                66.0799026489,
                -92.869102478,
                26.7343654633,
                -69.2368469238,
                14.7694339752,
                -49.5389251709,
                3.07158374786,
                -28.8943786621,
                1.92806243896,
                -10.7154588699,
                -10.7043352127,
                -11.738820076
            ]
        },
        "hfc": {
            "dmean": 16.4658260345,
            "dmean2": 24.6752090454,
            "dvar": 720.804443359,
            "dvar2": 1294.19360352,
            "max": 255.109939575,
            "mean": 25.070810318,
            "median": 14.4127073288,
            "min": 1.1947886765e-16,
            "var": 1239.73291016
        },
        "melbands": {
            "dmean": [
                0.00148681458086,
                0.000652254850138,
                0.000351348688127,
                0.000211085163755,
                0.000279077183222,
                0.000223841983825,
                0.000160079755005,
                0.000168933343957,
                0.000167202219018,
                0.000110016939288,
                8.21328139864e-05,
                7.47775993659e-05,
                5.91754505876e-05,
                7.66213270254e-05,
                9.11155366339e-05,
                7.13433983037e-05,
                7.85317752161e-05,
                5.75931881031e-05,
                5.55935002922e-05,
                3.22852720274e-05,
                2.86740723823e-05,
                1.93542746274e-05,
                8.80400875758e-06,
                7.45700117477e-06,
                8.1925172708e-06,
                1.17510180644e-05,
                9.62825924944e-06,
