{
    "lowlevel": {
        "average_loudness": 0.930968999863,
        "barkbands": {
            "dmean": [
                0.000756243942305,
                0.0087562315166,
                0.00337778660469,
                0.00198302511126,
                0.00220530177467,
                0.00054449919844,
                0.000575322832447,
                0.000677391362842,
                0.000628055713605,
                0.00109385454562,
                0.00100986822508,
                0.000947863503825,
                0.000459795905044,
                0.000572166696656,
                0.000614803167991,
                0.000386262865504,
                0.000255628867308,
                0.000254985148786,
                0.00021225681121,
                0.000235940737184,
                0.000180895222002,
                0.000128423649585,
                9.89534746623e-05,
                9.62707708823e-05,
                0.000117356947158,
                5.83886467211e-05,
                2.92826789519e-05
            ],
            "dmean2": [
                0.001081962022,
                0.0114962356165,
                0.00610894337296,
                0.00371071579866,
                0.00396213727072,
                0.000920013408177,
                0.000981373596005,
                0.00108319905121,
                0.000974865688477,
                0.00168204621878,
                0.00154213269707,
                0.0014776714379,
                0.000702866236679,
                0.000900108076166,
                0.00100039690733,
                0.000606342509855,
                0.000409435859183,
                0.000399031385314,
                0.00033776028431,
                0.000369869929273,
                0.000274407328106,
                0.000187048208318,
                0.000146470061736,
                0.000145388010424,
                0.000173141728737,
                8.43295492814e-05,
                4.42248274339e-05
            ],
            "dvar": [
                1.63148013144e-06,
                0.000400877208449,
                0.000131703360239,
                4.07836123486e-05,
                3.40979604516e-05,
                1.16049693588e-06,
                1.22229710087e-06,
                1.40282543271e-06,
                1.42072565268e-06,
                3.96731411456e-06,
                4.0390009417e-06,
                3.01398540614e-06,
                7.75576211254e-07,
                1.33721027851e-06,
                1.40541385463e-06,
                5.89169587784e-07,
                2.35922215097e-07,
                1.31308169671e-07,
                9.88394361912e-08,
                1.27076674517e-07,
                6.51565770227e-08,
                4.5989445141e-08,
                3.26198943412e-08,
                2.65331046023e-08,
                4.41981917731e-08,
                1.6690091087e-08,
                3.78622999619e-09
            ],
            "dvar2": [
                3.01596969621e-06,
                0.000680620316416,
                0.000367114698747,
                0.000117199138913,
                9.67473752098e-05,
                3.04042714561e-06,
                3.22008645526e-06,
                3.36713833349e-06,
                3.13284067488e-06,
                8.8519500423e-06,
                8.42972349346e-06,
                6.64210347168e-06,
                1.77739514129e-06,
                3.25215796693e-06,
                3.58972920367e-06,
                1.30321939196e-06,
                5.74802527353e-07,
                3.15274490958e-07,
                2.37202129938e-07,
                3.05073257323e-07,
                1.46746714336e-07,
                9.21361120731e-08,
                6.81975436123e-08,
                5.98007829922e-08,
                8.93753551168e-08,
                3.21156399252e-08,
                8.04088351458e-09
            ],
            "max": [
                0.0189251210541,
                0.183586284518,
                0.106716826558,
                0.0569339506328,
                0.0471940785646,
                0.0189249981195,
                0.0226830542088,
                0.0187550690025,
                0.0335092432797,
                0.0402766875923,
                0.0564615726471,
                0.0369008742273,
                0.0232386216521,
                0.0223010424525,
                0.025758786127,
                0.0286565311253,
                0.0100772697479,
                0.00630549294874,
                0.00509461481124,
                0.0103043960407,
                0.00647319527343,
                0.00280928961001,
                0.00307840388268,
                0.00280292308889,
                0.00633838260546,
                0.00493212696165,
                0.00109889393207
            ],
            "mean": [
                0.00212489301339,
                0.0238843634725,
                0.00250628567301,
                0.00145135028288,
                0.00215883017518,
                0.000715745438356,
                0.000716604001354,
                0.000968013540842,
                0.000959278724622,
                0.00211322261021,
                0.00210900069214,
                0.00163872796111,
                0.000771187187638,
                0.00089297600789,
                0.000969392654952,
                0.000649474852253,
                0.000453967892099,
                0.000494283158332,
                0.00038879623753,
                0.000499670743011,
                0.000416629656684,
                0.000259149412159,
                0.000212018712773,
                0.000235615079873,
                0.000302384403767,
                0.000142910837894,
                7.49013197492e-05
            ],
            "median": [
                0.000109682012408,
                0.0031966578681,
                0.000215699052205,
                0.000216727901716,
                0.000524977687746,
                0.000321624160279,
                0.000271197583061,
                0.0004162574769,
                0.000342177809216,
                0.000626238121185,
                0.000476245710161,
                0.000565366412047,
                0.000258859276073,
                0.000394502159907,
                0.00035024061799,
                0.00025631886092,
                0.00021669556736,
                0.000297662278172,
                0.000244080001721,
                0.000307017035084,
                0.000298698287224,
                0.000117032250273,
                9.56559961196e-05,
                0.000151521235239,
                0.000204306808882,
                9.22446051845e-05,
                2.89940580842e-05
            ],
            "min": [
                1.46118062094e-10,
                6.36332764259e-10,
                3.38388050913e-09,
                1.29971446938e-08,
                4.19669348162e-08,
                5.97303113636e-08,
                6.84039775933e-08,
                1.90032665159e-08,
                3.44049801981e-08,
                7.17552950391e-08,
                6.01210032869e-08,
                5.38690052565e-08,
                7.2129935802e-08,
                2.19154642878e-07,
                1.78195534772e-07,
                8.81293402699e-08,
                7.70761232616e-08,
                1.08930770182e-07,
                9.28833401304e-08,
                2.77217878875e-07,
                6.0453800188e-08,
                7.52662998593e-08,
                7.44344532677e-08,
                6.12804598177e-08,
                5.45488738624e-08,
                3.77935691631e-08,
                1.48771954755e-08
            ],
            "var": [
                8.92534899322e-06,
                0.0012649075361,
                8.2248407125e-05,
                2.38759057538e-05,
                2.43486465479e-05,
                1.44407636071e-06,
                1.5438660057e-06,
                2.24917880587e-06,
                3.28796886606e-06,
                1.57548638526e-05,
                2.56755192822e-05,
                8.62547312863e-06,
                1.82570647667e-06,
                2.3910197342e-06,
                2.76748482975e-06,
                1.62619585353e-06,
                5.0368612392e-07,
                3.63093647593e-07,
                2.04283111316e-07,
                4.30053546552e-07,
                2.00216717872e-07,
                1.1386322285e-07,
                8.72224106274e-08,
                7.45160235738e-08,
                1.32895266347e-07,
                4.05639575263e-08,
                1.18617231593e-08
            ]
        },
        "barkbands_crest": {
            "dmean": 2.62373447418,
            "dmean2": 3.89624452591,
            "dvar": 8.02059745789,
            "dvar2": 16.470905304,
            "max": 26.0291309357,
            "mean": 12.7241067886,
            "median": 11.2531270981,
            "min": 2.24199318886,
            "var": 42.8622055054
        },
        "barkbands_flatness_db": {
            "dmean": 0.0244451500475,
            "dmean2": 0.0344270914793,
            "dvar": 0.000978516531177,
            "dvar2": 0.00168634287547,
            "max": 0.572496116161,
            "mean": 0.129972591996,
            "median": 0.118859224021,
            "min": 0.0154391536489,
            "var": 0.00527734262869
        },
        "barkbands_kurtosis": {
            "dmean": 11.0302181244,
            "dmean2": 15.2141609192,
            "dvar": 2087.24804688,
            "dvar2": 3533.5859375,
            "max": 1189.79443359,
            "mean": 16.3353633881,
            "median": 1.41109418869,
            "min": -1.94799780846,
            "var": 4130.38085938
        },
        "barkbands_skewness": {
            "dmean": 0.834418356419,
            "dmean2": 1.13150036335,
            "dvar": 2.32818365097,
            "dvar2": 3.35864663124,
            "max": 26.0344276428,
            "mean": 2.22371554375,
            "median": 1.17984771729,
            "min": -2.35739612579,
            "var": 9.11654090881
        },
        "barkbands_spread": {
            "dmean": 6.06879520416,
            "dmean2": 8.73886203766,
            "dvar": 53.3239135742,
            "dvar2": 102.062286377,
            "max": 125.4949646,
            "mean": 24.5191459656,
            "median": 22.4070358276,
            "min": 0.274633407593,
            "var": 222.076156616
        },
        "dissonance": {
            "dmean": 0.0179940145463,
            "dmean2": 0.0302492473274,
            "dvar": 0.000350836809957,
            "dvar2": 0.000928174878936,
            "max": 0.500000059605,
            "mean": 0.465957194567,
            "median": 0.474654972553,
            "min": 0.170815333724,
            "var": 0.000942418118939
        },
        "dynamic_complexity": 2.10255122185,
        "erbbands": {
            "dmean": [
                0.398215174675,
                1.97281455994,
                4.16592741013,
                5.03728628159,
                8.53264331818,
                6.23873806,
                4.02269363403,
                4.87530851364,
                7.55571508408,
                13.6269083023,
                12.100271225,
                12.0831184387,
                35.0109367371,
                27.8887195587,
                38.5738563538,
                41.496963501,
                21.1203613281,
                30.7395877838,
                19.7653274536,
                33.9905815125,
                16.6012687683,
                12.1079072952,
                11.9461641312,
                15.5995588303,
                7.72798919678,
                10.352560997,
                8.9027299881,
                6.54511499405,
                4.68232297897,
                3.48814058304,
                2.75152158737,
                2.20879983902,
                1.58722043037,
                1.29320180416,
                0.941249370575,
                0.344249367714,
                0.0909797400236,
                0.0236756838858,
                0.00493157561868,
                0.000366939406376
            ],
            "dmean2": [
                0.444652587175,
                2.78941130638,
                7.42115879059,
                9.08090400696,
                15.8282251358,
                11.0171937943,
                6.54865837097,
                8.43577194214,
                12.8710165024,
                22.2375183105,
                19.3175163269,
                18.5941448212,
                53.2671089172,
                45.3144569397,
                57.8734817505,
                64.0120925903,
                32.1678009033,
                47.8262023926,
                31.9428787231,
                54.0203857422,
                26.1767787933,
                19.1857376099,
                18.612329483,
                24.8184757233,
                12.0555992126,
                16.3670463562,
                13.6739244461,
                9.79898071289,
                6.87004852295,
                5.12390041351,
                4.10178184509,
                3.37883138657,
                2.39538693428,
                1.90214288235,
                1.41686165333,
                0.499781399965,
                0.133141085505,
                0.0344629324973,
                0.00741628883407,
                0.000567358685657
            ],
            "dvar": [
                0.601448118687,
                26.4613342285,
                202.079727173,
                241.148071289,
                722.76953125,
                229.379699707,
                85.4318313599,
                106.248214722,
                192.143661499,
                571.173583984,
                535.749755859,
                631.453857422,
                4535.74511719,
                3078.20703125,
                6988.55273438,
                6939.08056641,
                1371.09179688,
                3546.46337891,
                1309.57958984,
                4541.07177734,
                815.093139648,
                533.978881836,
                358.348968506,
                520.342407227,
                129.99369812,
                278.624786377,
                194.016555786,
                74.767578125,
                66.2847061157,
                36.7089538574,
                25.8698730469,
                13.7219018936,
                7.70416927338,
                5.43188381195,
                2.99169611931,
                0.640201628208,
                0.0378259755671,
                0.00202586897649,
                0.000104443177406,
                6.41282952074e-07
            ],
            "dvar2": [
                0.804445803165,
                60.0848922729,
                557.121826172,
                677.551757812,
                2072.87670898,
                640.733520508,
                213.290161133,
                289.199371338,
                515.280334473,
                1415.08557129,
                1321.34924316,
                1341.27966309,
                10022.8496094,
                7477.16064453,
                13355.3876953,
                14970.1230469,
                3119.56469727,
                8721.44335938,
                3193.68920898,
                11124.4951172,
                1894.73254395,
                1270.24853516,
                848.475463867,
                1333.31469727,
                314.275604248,
                681.320678711,
                444.901641846,
                163.605041504,
                140.600128174,
                74.3309326172,
                54.0817985535,
                31.2670955658,
                17.5203533173,
                11.0347099304,
                6.48280239105,
                1.224858284,
                0.0793146267533,
                0.00415662582964,
                0.00022029838874,
                1.45124488427e-06
            ],
            "max": [
                9.70772838593,
                48.5571060181,
                116.749435425,
                162.475723267,
                205.031738281,
                164.364196777,
                262.561462402,
                180.862823486,
                213.913452148,
                428.255310059,
                478.370330811,
                816.155151367,
                1598.09716797,
                1285.47387695,
                2671.37255859,
                1847.12353516,
                821.980224609,
                1248.09521484,
                811.591430664,
                1111.30493164,
                744.455505371,
                636.715148926,
                355.085418701,
                547.894287109,
                182.146133423,
                494.560760498,
                368.709075928,
                132.859161377,
                131.650283813,
                100.050003052,
                90.8345718384,
                71.1771011353,
                49.6707572937,
                66.6928482056,
                62.1079444885,
                34.8789215088,
                5.13599538803,
                0.966206789017,
                0.188672602177,
                0.0132644614205
            ],
            "mean": [
                1.15135502815,
                3.47227859497,
                3.24911189079,
                4.0727314949,
                6.27759218216,
                6.83252048492,
                6.07860422134,
                5.95857810974,
                10.0170755386,
                17.6520614624,
                19.6003417969,
                21.1113815308,
                71.8557815552,
                46.3078193665,
                88.5940856934,
                76.2547073364,
                39.8970870972,
                50.709022522,
                34.5228881836,
                58.2777252197,
                32.4000549316,
                23.5445861816,
                24.3073768616,
                29.6084575653,
                16.0809574127,
                22.2077312469,
                20.2462940216,
                15.0541124344,
                9.83834266663,
                7.09572887421,
                5.91756677628,
                5.19092130661,
                3.71785211563,
                3.11231970787,
                2.313570261,
                0.828508973122,
                0.216217800975,
                0.0595825910568,
                0.0119766592979,
                0.00093358225422
            ],
            "median": [
                0.0973605886102,
                0.556083679199,
                0.483110070229,
                0.796354174614,
                1.09074866772,
                1.53922832012,
                1.9684844017,
                2.61310958862,
                4.41870117188,
                6.618039608,
                8.75074100494,
                8.62317848206,
                19.3091621399,
                20.4842262268,
                22.038438797,
                26.7669429779,
                18.3320064545,
                23.5152378082,
                18.5661811829,
                22.7224254608,
                16.2758769989,
                12.2416143417,
                14.4732713699,
                19.1416740417,
                10.8114767075,
                13.632604599,
                13.39153862,
                10.3444824219,
                4.6219367981,
                3.04059290886,
                2.79035139084,
                3.07238054276,
                2.39169859886,
                1.93649446964,
                1.57974553108,
                0.560101866722,
                0.119393415749,
                0.0286656301469,
                0.00462113507092,
                0.000360354722943
            ],
            "min": [
                2.17542364567e-07,
                1.74493811755e-06,
                9.76007504505e-06,
                4.06330182159e-05,
                8.15817402327e-05,
                0.000123436242575,
                0.000134138244903,
                0.000607767142355,
                0.00113402958959,
                0.00068201526301,
                0.000518849119544,
                0.00094747840194,
                0.00191325310152,
                0.00235979841091,
                0.00306523172185,
                0.00233630463481,
                0.00372172193602,
                0.010152910836,
                0.0123917218298,
                0.00792353693396,
                0.0068163620308,
                0.0060153095983,
                0.0051889596507,
                0.003808402922,
                0.00838869158179,
                0.0124987931922,
                0.00472658593208,
                0.00199417350814,
                0.00469203526154,
                0.00132576830219,
                0.00252826837823,
                0.00171696639154,
                0.00118991476484,
                0.000225904412218,
                0.000375809817342,
                0.00026946872822,
                4.72395004181e-05,
                1.38586783578e-05,
                2.43777981268e-06,
                1.00708120954e-06
            ],
            "var": [
                2.75458097458,
                41.5999259949,
                131.871841431,
                152.338928223,
                421.368865967,
                215.94984436,
                173.591796875,
                99.1274795532,
                245.682632446,
                775.75579834,
                1129.18017578,
                1670.37744141,
                19719.3652344,
                5889.79394531,
                53146.28125,
                19728.0625,
                3533.96777344,
                6534.93066406,
                2505.7578125,
                9852.734375,
                2281.24047852,
                1293.67895508,
                999.226806641,
                1171.20959473,
                288.6640625,
                917.157592773,
                635.825744629,
                237.006149292,
                161.399490356,
                92.3693237305,
                67.1476974487,
                38.53099823,
                20.1408042908,
                16.1773166656,
                7.92035484314,
                1.53318572044,
                0.0881182253361,
                0.00604032259434,
                0.000303638225887,
                1.90516880139e-06
            ]
        },
        "erbbands_crest": {
            "dmean": 2.81336140633,
            "dmean2": 4.39923810959,
            "dvar": 7.57518863678,
            "dvar2": 17.2091178894,
            "max": 33.016166687,
            "mean": 10.246679306,
            "median": 8.66096115112,
            "min": 2.51022696495,
            "var": 32.3880386353
        },
        "erbbands_flatness_db": {
            "dmean": 0.0161289926618,
            "dmean2": 0.0236490722746,
            "dvar": 0.000265112001216,
            "dvar2": 0.000538241583854,
            "max": 0.418388575315,
            "mean": 0.13655975461,
            "median": 0.130965441465,
            "min": 0.0339913852513,
            "var": 0.00208001630381
        },
        "erbbands_kurtosis": {
            "dmean": 1.15659308434,
            "dmean2": 1.79367363453,
            "dvar": 3.8458006382,
            "dvar2": 8.83924007416,
            "max": 45.0871429443,
            "mean": 1.30504477024,
            "median": 0.367274284363,
            "min": -1.8743442297,
            "var": 12.1158056259
        },
        "erbbands_skewness": {
            "dmean": 0.372635751963,
            "dmean2": 0.554783880711,
            "dvar": 0.161241531372,
            "dvar2": 0.350479424,
            "max": 5.52450895309,
            "mean": 0.463474601507,
            "median": 0.404785424471,
            "min": -2.7010872364,
            "var": 0.764157831669
        },
        "erbbands_spread": {
            "dmean": 8.72197914124,
            "dmean2": 12.9613361359,
            "dvar": 126.587112427,
            "dvar2": 263.870483398,
            "max": 211.567733765,
            "mean": 37.6325416565,
            "median": 33.2153282166,
            "min": 1.89540183544,
            "var": 425.042419434
        },
        "gfcc": {
            "cov": [
                [
                    2979.52270508,
                    -444.617156982,
                    -261.116394043,
                    57.4839744568,
                    32.5657157898,
                    118.647125244,
                    177.695266724,
                    -22.8379821777,
                    111.71231842,
                    -60.5331115723,
                    16.9699707031,
                    74.909072876,
                    -96.0692596436
                ],
                [
                    -444.617156982,
                    1257.89538574,
                    648.469299316,
                    339.952423096,
                    239.775009155,
                    49.0117988586,
                    104.059272766,
                    166.722183228,
                    -63.4340934753,
                    94.7699432373,
                    12.5676469803,
                    -98.7092132568,
                    129.284866333
                ],
                [
                    -261.116394043,
                    648.469299316,
                    1269.3684082,
                    615.508544922,
                    497.735198975,
                    307.660461426,
                    259.953643799,
                    150.480117798,
                    170.314285278,
                    125.274612427,
                    132.519546509,
                    33.6235580444,
                    1.19302153587
                ],
                [
                    57.4839744568,
                    339.952423096,
                    615.508544922,
                    769.289001465,
                    592.91809082,
                    374.007232666,
                    333.899108887,
                    235.998794556,
                    255.908584595,
                    134.557159424,
                    150.115585327,
                    70.2319717407,
                    77.2821960449
                ],
                [
                    32.5657157898,
                    239.775009155,
                    497.735198975,
                    592.91809082,
                    720.956481934,
                    433.381591797,
                    415.751159668,
                    181.541915894,
                    271.215209961,
                    142.390411377,
                    183.817703247,
                    116.510269165,
                    51.6226615906
                ],
                [
                    118.647125244,
                    49.0117988586,
                    307.660461426,
                    374.007232666,
                    433.381591797,
                    478.742706299,
                    358.750579834,
                    147.05305481,
                    182.107925415,
                    103.327278137,
                    152.582901001,
                    118.163993835,
                    30.5380783081
                ],
                [
                    177.695266724,
                    104.059272766,
                    259.953643799,
                    333.899108887,
                    415.751159668,
                    358.750579834,
                    483.182128906,
                    149.375152588,
                    206.471450806,
                    121.721801758,
                    165.43031311,
                    117.754325867,
                    32.7667617798
                ],
                [
                    -22.8379821777,
                    166.722183228,
                    150.480117798,
                    235.998794556,
                    181.541915894,
                    147.05305481,
                    149.375152588,
                    307.42199707,
                    105.620124817,
                    89.4049072266,
                    56.8538703918,
                    34.2428855896,
                    136.158874512
                ],
                [
                    111.71231842,
                    -63.4340934753,
                    170.314285278,
                    255.908584595,
                    271.215209961,
                    182.107925415,
                    206.471450806,
                    105.620124817,
                    312.210632324,
                    82.2765884399,
                    102.386810303,
                    115.242393494,
                    12.150633812
                ],
                [
                    -60.5331115723,
                    94.7699432373,
                    125.274612427,
                    134.557159424,
                    142.390411377,
                    103.327278137,
                    121.721801758,
                    89.4049072266,
                    82.2765884399,
                    156.853485107,
                    88.4067153931,
                    21.5083904266,
                    44.8368988037
                ],
                [
                    16.9699707031,
                    12.5676469803,
                    132.519546509,
                    150.115585327,
                    183.817703247,
                    152.582901001,
                    165.43031311,
                    56.8538703918,
                    102.386810303,
                    88.4067153931,
                    157.302398682,
                    83.2333602905,
                    15.7747249603
                ],
                [
                    74.909072876,
                    -98.7092132568,
                    33.6235580444,
                    70.2319717407,
                    116.510269165,
                    118.163993835,
                    117.754325867,
                    34.2428855896,
                    115.242393494,
                    21.5083904266,
                    83.2333602905,
                    142.51348877,
                    17.1154842377
                ],
                [
                    -96.0692596436,
                    129.284866333,
                    1.19302153587,
                    77.2821960449,
                    51.6226615906,
                    30.5380783081,
                    32.7667617798,
                    136.158874512,
                    12.150633812,
                    44.8368988037,
                    15.7747249603,
                    17.1154842377,
                    151.418487549
                ]
            ],
            "icov": [
                [
                    0.000390831090044,
                    8.69240320753e-05,
                    0.000117199488159,
                    -0.000213290419197,
                    0.000152003078256,
                    -1.9288047497e-06,
                    -0.000264631264145,
                    -5.26053372596e-05,
                    -1.1790145436e-05,
                    0.000164440367371,
                    9.92023415165e-05,
                    -6.64983526804e-05,
                    0.000284258800093
                ],
                [
                    8.69240320753e-05,
                    0.0016138816718,
                    -0.000786010932643,
                    -0.000150260369992,
                    -0.000335062795784,
                    0.000711676897481,
                    -0.000598105951212,
                    -4.53244465461e-05,
                    0.000829881406389,
                    -0.00019960582722,
                    0.000239818124101,
                    0.000887486385182,
                    -0.00123183999676
                ],
                [
                    0.000117199488159,
                    -0.000786010932643,
                    0.00182556232903,
                    -0.001086261007,
                    2.4301936719e-05,
                    -0.000358013930963,
                    0.000336707627866,
                    -0.000147877653944,
                    -6.69346118229e-05,
                    -0.000210728409002,
                    -0.000182541407412,
                    -0.00046052588732,
                    0.00154837907758
                ],
                [
                    -0.000213290419197,
                    -0.000150260369992,
                    -0.001086261007,
                    0.00526958797127,
                    -0.00284369080327,
                    -0.000708289386239,
                    0.000669398461469,
                    -0.00110577326268,
                    -0.00149158982094,
                    0.000719882722478,
                    -0.000733224616852,
                    0.00193336757366,
                    -0.000961809942964
                ],
                [
                    0.000152003078256,
                    -0.000335062795784,
                    2.4301936719e-05,
                    -0.00284369080327,
                    0.00623892759904,
                    -0.00192934053484,
                    -0.00151318556163,
                    0.00102741247974,
                    -0.00120758044068,
                    -2.37985696003e-05,
                    -0.000657878699712,
                    -1.01544756035e-05,
                    -0.000326976034557
                ],
                [
                    -1.9288047497e-06,
                    0.000711676897481,
                    -0.000358013930963,
                    -0.000708289386239,
                    -0.00192934053484,
                    0.00680483924225,
                    -0.00266655348241,
                    -0.00100377073977,
                    0.00152105325833,
                    -0.000268093921477,
                    -0.000184355812962,
                    -0.00185972789768,
                    0.000707215920556
                ],
                [
                    -0.000264631264145,
                    -0.000598105951212,
                    0.000336707627866,
                    0.000669398461469,
                    -0.00151318556163,
                    -0.00266655348241,
                    0.0064468649216,
                    -0.000848041090649,
                    -0.0009262317908,
                    -0.000686851446517,
                    -0.00175606796984,
                    -0.00059506308753,
                    0.00094755430473
                ],
                [
                    -5.26053372596e-05,
                    -4.53244465461e-05,
                    -0.000147877653944,
                    -0.00110577326268,
                    0.00102741247974,
                    -0.00100377073977,
                    -0.000848041090649,
                    0.00776571035385,
                    -0.00152633152902,
                    -0.000834140402731,
                    0.000482328672661,
                    0.00122573494446,
                    -0.0061958739534
                ],
                [
                    -1.1790145436e-05,
                    0.000829881406389,
                    -6.69346118229e-05,
                    -0.00149158982094,
                    -0.00120758044068,
                    0.00152105325833,
                    -0.0009262317908,
                    -0.00152633152902,
                    0.00777396373451,
                    -0.00238474900834,
                    0.00152362894733,
                    -0.00489052571356,
                    0.00220003607683
                ],
                [
                    0.000164440367371,
                    -0.00019960582722,
                    -0.000210728409002,
                    0.000719882722478,
                    -2.37985696003e-05,
                    -0.000268093921477,
                    -0.000686851446517,
                    -0.000834140402731,
                    -0.00238474900834,
                    0.0126032112166,
                    -0.00710158469155,
                    0.00495299557224,
                    -0.00249072629958
                ],
                [
                    9.92023415165e-05,
                    0.000239818124101,
                    -0.000182541407412,
                    -0.000733224616852,
                    -0.000657878699712,
                    -0.000184355812962,
                    -0.00175606796984,
                    0.000482328672661,
                    0.00152362894733,
                    -0.00710158469155,
                    0.0166179481894,
                    -0.00750653492287,
                    0.00153945176862
                ],
                [
                    -6.64983526804e-05,
                    0.000887486385182,
                    -0.00046052588732,
                    0.00193336757366,
                    -1.01544756035e-05,
                    -0.00185972789768,
                    -0.00059506308753,
                    0.00122573494446,
                    -0.00489052571356,
                    0.00495299557224,
                    -0.00750653492287,
                    0.0167086254805,
                    -0.00455881468952
                ],
                [
                    0.000284258800093,
                    -0.00123183999676,
                    0.00154837907758,
                    -0.000961809942964,
                    -0.000326976034557,
                    0.000707215920556,
                    0.00094755430473,
                    -0.0061958739534,
                    0.00220003607683,
                    -0.00249072629958,
                    0.00153945176862,
                    -0.00455881468952,
                    0.0145662138239
                ]
            ],
            "mean": [
                40.2702522278,
                34.9643287659,
                -109.511497498,
                11.8007535934,
                -46.3367347717,
                18.9735374451,
                -26.8610248566,
                13.2555580139,
                -26.6201782227,
                8.2779083252,
                -14.4852495193,
                -0.160957604647,
                -5.91217184067
            ]
        },
        "hfc": {
            "dmean": 9.18719100952,
            "dmean2": 12.8479528427,
            "dvar": 139.616577148,
            "dvar2": 273.216156006,
            "max": 154.653045654,
            "mean": 34.9379005432,
            "median": 30.6970825195,
            "min": 0.127497226,
            "var": 548.253417969
        },
        "melbands": {
            "dmean": [
                0.00284012779593,
                0.00225267838687,
                0.000997222145088,
                0.000554724014364,
                0.00015995236754,
                0.00011261292093,
                0.000115068694868,
                0.000154448076501,
                0.00010336862033,
                8.24576782179e-05,
                0.000177075024112,
                0.000112149573397,
                0.000123572681332,
                0.00011008335423,
                8.34707607282e-05,
                4.66883720946e-05,
                6.36589611531e-05,
                3.06507281493e-05,
                5.00232563354e-05,
                4.11873406847e-05,
                1.79112903425e-05,
                1.54738318088e-05,
                1.02813119156e-05,
                1.20945051094e-05,
                1.41256095958e-05,
                6.02596355748e-06,
                6.90202523401e-06,
                7.93677281763e-06,
                6.85314444127e-06,
                4.47666525361e-06,
