{
    "lowlevel": {
        "average_loudness": 0.893307864666,
        "barkbands": {
            "dmean": [
                0.00208941870369,
                0.0122683178633,
                0.00230422685854,
                0.00276699475944,
                0.000800735142548,
                0.0004152735346,
                0.00035973629565,
                0.000319623854011,
                0.00151918083429,
                0.000497199653182,
                0.000983322272077,
                0.00028471252881,
                0.000207928940654,
                0.00034531741403,
                0.000541781191714,
                0.000201576156542,
                0.000115322596685,
                0.000149232932017,
                0.00024701244547,
                0.000198933194042,
                0.000195180633455,
                2.73692585324e-05,
                1.17851341201e-05,
                2.1124500563e-05,
                7.5161420682e-05,
                2.55666964222e-05,
                5.96495075555e-09
            ],
            "dmean2": [
                0.00333105283789,
                0.0200656726956,
                0.00426608417183,
                0.00511589180678,
                0.00134071754292,
                0.000664340215735,
                0.000568896473851,
                0.000515044375788,
                0.00228402786888,
                0.000745972036384,
                0.0013293750817,
                0.000430255167885,
                0.000306572997943,
                0.000517159991432,
                0.00080291647464,
                0.000299011706375,
                0.000179327224032,
                0.000215636377106,
                0.000357546727173,
                0.000285997084575,
                0.000284936017124,
                3.92205474782e-05,
                1.8671142243e-05,
                3.32019189955e-05,
                0.000111029723485,
                3.72918766516e-05,
                1.05641797532e-08
            ],
            "dvar": [
                3.06782676489e-05,
                0.000910043716431,
                8.36085091578e-05,
                0.000122237979667,
                4.9892341849e-06,
                5.39602751815e-07,
                7.24692085896e-07,
                1.48749029449e-06,
                1.83364863915e-05,
                2.460835276e-06,
                5.84042436458e-06,
                6.7373150614e-07,
                4.10693928643e-07,
                7.04698948084e-07,
                1.70317753145e-06,
                3.17417544693e-07,
                1.23981450884e-07,
                1.42712437423e-07,
                2.32241944786e-07,
                1.51438243279e-07,
                1.46846588223e-07,
                9.05116870342e-09,
                3.36569616621e-09,
                1.41710385648e-08,
                1.48550171275e-07,
                2.80100280747e-08,
                5.99560625011e-16
            ],
            "dvar2": [
                6.52593007544e-05,
                0.00221684179269,
                0.000237587388256,
                0.000348826288246,
                1.34244955916e-05,
                1.28073384076e-06,
                1.56240366778e-06,
                3.35001527674e-06,
                4.45039695478e-05,
                5.52427354705e-06,
                9.7851125247e-06,
                1.44798912061e-06,
                8.58635303302e-07,
                1.50847358782e-06,
                3.83073484045e-06,
                6.62552110953e-07,
                2.95270240258e-07,
                2.62550514663e-07,
                4.54133441963e-07,
                2.95230591973e-07,
                2.81876253894e-07,
                1.72323275649e-08,
                7.45385619894e-09,
                3.54592408769e-08,
                3.35594137368e-07,
                5.82944501559e-08,
                1.63960813463e-15
            ],
            "max": [
                0.0369311124086,
                0.19815172255,
                0.0665831491351,
                0.0873610079288,
                0.0286740809679,
                0.014211261645,
                0.0205489136279,
                0.0342226065695,
                0.0798867121339,
                0.0383351445198,
                0.057289775461,
                0.0256372708827,
                0.014091479592,
                0.0200826637447,
                0.0315073877573,
                0.0197346508503,
                0.012649692595,
                0.0213814489543,
                0.00841679889709,
                0.0118846539408,
                0.00924788415432,
                0.00306147453375,
                0.00231992313638,
                0.00405884999782,
                0.011550007388,
                0.00844241306186,
                9.57189058681e-07
            ],
            "mean": [
                0.00256494269706,
                0.0223031993955,
                0.00149163801689,
                0.00176745397039,
                0.000939562974963,
                0.000683232850861,
                0.000527536380105,
                0.00035999546526,
                0.00215895683505,
                0.000723881646991,
                0.0019917099271,
                0.000522053043824,
                0.000322818319546,
                0.000618936610408,
                0.000908911926672,
                0.000269575190032,
                0.000136973161716,
                0.000219308989472,
                0.000403977610404,
                0.000359585683327,
                0.000315150798997,
                3.12444026349e-05,
                1.39408557516e-05,
                2.63852743956e-05,
                0.00011092882778,
                3.54195472028e-05,
                5.08742070693e-09
            ],
            "median": [
                0.000551244360395,
                0.00574465235695,
                2.40982080868e-05,
                0.00011787875701,
                0.000260600761976,
                0.000342496379744,
                0.000222778238822,
                7.40657560527e-05,
                0.000251771649346,
                7.18896189937e-05,
                0.000139389667311,
                5.18783454027e-05,
                5.13871782459e-05,
                7.56807130529e-05,
                6.75512419548e-05,
                3.272255708e-05,
                1.72330001078e-05,
                3.14777207677e-05,
                9.20907841646e-05,
                7.81144481152e-05,
                7.79002657509e-05,
                4.19447724198e-06,
                2.25847520596e-06,
                6.34887874185e-06,
                2.70550444839e-05,
                4.44218039775e-06,
                8.81711315071e-10
            ],
            "min": [
                5.80299295301e-25,
                8.05450650058e-24,
                6.61133201727e-24,
                2.39492443695e-23,
                1.19649865643e-22,
                7.00269806081e-23,
                1.09822927528e-23,
                3.69356887391e-23,
                7.62821932026e-23,
                1.40545011352e-22,
                2.02204992412e-23,
                7.97191528816e-23,
                6.0722252635e-23,
                2.15391742765e-22,
                1.64251505866e-22,
                1.77745634293e-22,
                1.88596233029e-22,
                3.1406360075e-22,
                2.02272594636e-22,
                3.33405738083e-22,
                3.48735009411e-22,
                5.86959264537e-22,
                6.61929626231e-22,
                7.44785113366e-22,
                1.32238613992e-21,
                1.88269154889e-21,
                2.27419819269e-21
            ],
            "var": [
                4.1405983211e-05,
                0.00171343935654,
                5.01697832078e-05,
                7.10747262929e-05,
                4.2971946641e-06,
                9.67732944446e-07,
                1.1207720263e-06,
                1.81339339633e-06,
                2.90963125735e-05,
                4.38127881353e-06,
                3.01931722788e-05,
                2.59783814727e-06,
                9.52990660608e-07,
                2.48534865932e-06,
                5.03649744132e-06,
                5.91696675656e-07,
                1.69869878164e-07,
                3.86582826195e-07,
                5.83496614581e-07,
                5.29731039478e-07,
                3.5922329289e-07,
                1.29992008269e-08,
                4.65890792611e-09,
                1.38526701221e-08,
                2.1248831672e-07,
                4.680487109e-08,
                5.00279257989e-16
            ]
        },
        "barkbands_crest": {
            "dmean": 2.76552939415,
            "dmean2": 4.20759391785,
            "dvar": 7.49595117569,
            "dvar2": 16.4174118042,
            "max": 25.9192390442,
            "mean": 14.0929670334,
            "median": 13.5699443817,
            "min": 2.4110763073,
            "var": 33.4114685059
        },
        "barkbands_flatness_db": {
            "dmean": 0.0290217343718,
            "dmean2": 0.0405278131366,
            "dvar": 0.000911612412892,
            "dvar2": 0.00149836728815,
            "max": 0.585642874241,
            "mean": 0.205378741026,
            "median": 0.187706083059,
            "min": 0.0141216013581,
            "var": 0.00630710925907
        },
        "barkbands_kurtosis": {
            "dmean": 10.7446975708,
            "dmean2": 16.082277298,
            "dvar": 748.581726074,
            "dvar2": 1629.25732422,
            "max": 569.162963867,
            "mean": 15.1578035355,
            "median": 2.18530917168,
            "min": -1.94789457321,
            "var": 1568.55126953
        },
        "barkbands_skewness": {
            "dmean": 0.943865776062,
            "dmean2": 1.33342695236,
            "dvar": 1.53777575493,
            "dvar2": 3.09616136551,
            "max": 17.5757827759,
            "mean": 2.06131649017,
            "median": 1.30494046211,
            "min": -3.33510422707,
            "var": 6.60845375061
        },
        "barkbands_spread": {
            "dmean": 6.86284017563,
            "dmean2": 9.94883823395,
            "dvar": 99.0445632935,
            "dvar2": 194.728546143,
            "max": 131.074371338,
            "mean": 20.0273571014,
            "median": 16.6016120911,
            "min": 0.156484648585,
            "var": 282.834594727
        },
        "dissonance": {
            "dmean": 0.0255303550512,
            "dmean2": 0.0425973236561,
            "dvar": 0.000569957133848,
            "dvar2": 0.00153711833991,
            "max": 0.499999910593,
            "mean": 0.455070316792,
            "median": 0.462087213993,
            "min": 0.213229671121,
            "var": 0.00108862051275
        },
        "dynamic_complexity": 3.76630783081,
        "erbbands": {
            "dmean": [
                0.668013334274,
                1.81289255619,
                2.03124976158,
                7.34596681595,
                5.1311507225,
                2.30618643761,
                2.74938702583,
                3.20978736877,
                4.84448575974,
                5.00962305069,
                12.0941610336,
                32.0718727112,
                21.4974842072,
                27.9294605255,
                23.3126773834,
                8.84085941315,
                9.60402870178,
                13.0125684738,
                21.2016601562,
                24.7011909485,
                8.93114566803,
                6.43451309204,
                7.04758882523,
                13.0393686295,
                9.04221343994,
                8.0744972229,
                12.0344591141,
                3.64633178711,
                1.16268277168,
                0.456955760717,
                0.321134507656,
                0.373080819845,
                0.420138090849,
                0.710845053196,
                0.60797315836,
                0.197806596756,
                0.0284854788333,
                0.00201453152113,
                5.04472554894e-05,
                2.1177198505e-05
            ],
            "dmean2": [
                1.07971823215,
                2.73872256279,
                3.53622174263,
                13.7706041336,
                8.95517635345,
                3.73034453392,
                4.41524744034,
                5.0251750946,
                7.65321683884,
                7.86261510849,
                19.0169792175,
                49.4304008484,
                30.9074611664,
                37.3526039124,
                33.4952507019,
                13.0464725494,
                13.8700275421,
                18.9879989624,
                31.4198474884,
                36.8870544434,
                13.303185463,
                9.77756690979,
                10.0342340469,
                18.5931758881,
                12.8846168518,
                11.5758094788,
                17.3811168671,
                5.25625085831,
                1.65905630589,
                0.63800406456,
                0.503141403198,
                0.587218940258,
                0.660240888596,
                1.07875347137,
                0.902749836445,
                0.287903338671,
                0.0418342500925,
                0.00299295620061,
                7.28367667762e-05,
                3.08101843984e-05
            ],
            "dvar": [
                2.24134612083,
                27.9393978119,
                57.0940551758,
                887.308227539,
                333.918395996,
                29.980463028,
                30.9307918549,
                34.5431175232,
                142.702087402,
                168.583602905,
                1518.52307129,
                10030.1650391,
                3612.60742188,
                5995.08935547,
                2710.06445312,
                572.003540039,
                915.010986328,
                1012.08569336,
                2473.0769043,
                4064.2355957,
                466.15145874,
                356.763305664,
                392.889434814,
                664.030029297,
                302.28515625,
                241.376800537,
                507.545928955,
                64.2218017578,
                14.6993818283,
                3.98275589943,
                3.03338623047,
                6.11699485779,
                5.01063871384,
                15.7734222412,
                8.93316078186,
                1.37716603279,
                0.0300182886422,
                0.000109187014459,
                5.74228913308e-08,
                1.30876354199e-09
            ],
            "dvar2": [
                5.5532207489,
                63.0309104919,
                155.388061523,
                2544.11303711,
                916.878417969,
                76.1403121948,
                73.7291641235,
                79.7007904053,
                304.489074707,
                392.21295166,
                3592.04492188,
                25316.1972656,
                7609.75,
                9942.42773438,
                5172.60546875,
                1197.1394043,
                1919.83703613,
                2134.19824219,
                5311.89941406,
                8438.90039062,
                974.611633301,
                828.546508789,
                724.037353516,
                1307.38269043,
                561.377868652,
                466.156555176,
                976.966918945,
                120.505485535,
                28.2181682587,
                7.6627163887,
                6.92981958389,
                15.6150436401,
                12.0737524033,
                38.3050880432,
                20.0570526123,
                2.70224332809,
                0.0623634457588,
                0.000219046865823,
                1.12852426071e-07,
                2.60151922227e-09
            ],
            "max": [
                10.3961448669,
                38.8787193298,
                62.2730522156,
                222.595214844,
                176.439559937,
                72.8570175171,
                104.377532959,
                137.537948608,
                322.290100098,
                334.615722656,
                1022.35681152,
                1826.23376465,
                1347.66943359,
                1772.73364258,
                1403.94140625,
                785.183227539,
                737.428771973,
                1422.5045166,
                1581.2722168,
                1511.03161621,
                480.003631592,
                731.787414551,
                1227.25292969,
                500.784423828,
                422.809204102,
                403.972320557,
                357.935028076,
                245.418716431,
                112.997962952,
                80.1574859619,
                83.0316467285,
                110.64289856,
                82.06665802,
                120.872558594,
                101.8230896,
                54.6176681519,
                7.70147132874,
                0.458913296461,
                0.0107443369925,
                0.000787968980148
            ],
            "mean": [
                1.14569616318,
                3.03526592255,
                1.70087385178,
                4.65579462051,
                4.22080755234,
                3.05403804779,
                3.91666555405,
                5.74638652802,
                7.18114280701,
                7.16207122803,
                15.5439825058,
                43.0260124207,
                35.7499198914,
                62.4462356567,
                44.1439247131,
                18.2759399414,
                17.2444725037,
                25.6006507874,
                40.2595405579,
                38.5881652832,
                12.5675582886,
                8.15373325348,
                10.49584198,
                21.3226718903,
                16.5562934875,
                15.2241067886,
                20.6254081726,
                5.83392572403,
                1.4022796154,
                0.578253865242,
                0.388511687517,
                0.431966453791,
                0.552786111832,
                0.986910820007,
                0.87674510479,
                0.278715997934,
                0.0413605831563,
                0.00302107585594,
                9.05533597688e-05,
                5.03877490701e-05
            ],
            "median": [
                0.317761451006,
                0.695958316326,
                0.110077142715,
                0.231476962566,
                0.475021660328,
                1.06582522392,
                1.74145364761,
                2.95709252357,
                2.79442048073,
                3.25050926208,
                2.88422083855,
                5.69787979126,
                4.65894412994,
                5.49603652954,
                6.73373317719,
                3.05317687988,
                2.86564230919,
                3.7404665947,
                3.45436143875,
                4.29177474976,
                1.93261241913,
                1.30268597603,
                1.84859824181,
                4.54790973663,
                4.02967977524,
                3.81984782219,
                5.21175527573,
                1.60926294327,
                0.282822072506,
                0.0790098905563,
                0.0661291182041,
                0.0729547441006,
                0.153679072857,
                0.257839202881,
                0.183598488569,
                0.0392153896391,
                0.00550926616415,
                0.000397723866627,
                3.188176197e-05,
                2.60169181274e-05
            ],
            "min": [
                2.18635311615e-22,
                1.80687769926e-21,
                9.81769602267e-21,
                4.58621372589e-20,
                2.58339232799e-19,
                4.18994096273e-19,
                3.91151610444e-19,
                5.31445293893e-19,
                3.64734615305e-19,
                4.8828088988e-19,
                9.30732975294e-19,
                1.92206416829e-18,
                3.28041281413e-18,
                3.32710736651e-18,
                1.27682823872e-18,
                3.25985282642e-18,
                3.23938031305e-18,
                8.40757376101e-18,
                1.07406035915e-17,
                8.96535571013e-18,
                9.92939914529e-18,
                1.05465040064e-17,
                1.58872642873e-17,
                1.04090770466e-17,
                1.18925990054e-17,
                1.77585172321e-17,
                1.37480428744e-17,
                1.77015972798e-17,
                1.84791090053e-17,
                2.13703236219e-17,
                1.79503007115e-17,
                1.3586097454e-17,
                1.42354557416e-17,
                1.02193921244e-17,
                1.30713876266e-17,
                6.86078654739e-18,
                3.48472828659e-18,
                1.21128803045e-18,
                3.0396682558e-19,
                3.7609236734e-20
            ],
            "var": [
                4.45587110519,
                41.4342041016,
                41.709564209,
                510.294494629,
                222.47618103,
                35.1984138489,
                43.253238678,
                70.0772476196,
                231.950897217,
                213.070953369,
                1971.8927002,
                13075.6982422,
                8363.22167969,
                35273.0703125,
                9931.52832031,
                2398.94482422,
                2237.12036133,
                5168.61083984,
                10934.2314453,
                8335.10644531,
                805.598327637,
                505.162261963,
                1040.72644043,
                1686.93200684,
                979.990905762,
                881.061096191,
                1320.4654541,
                150.421813965,
                20.3629264832,
                6.60689592361,
                3.86443400383,
                5.50170135498,
                5.26241588593,
                18.1407432556,
                13.2999773026,
                2.43992972374,
                0.0578818134964,
                0.000238165157498,
                1.24451617012e-07,
                3.83899800838e-09
            ]
        },
        "erbbands_crest": {
            "dmean": 3.439473629,
            "dmean2": 5.52630853653,
            "dvar": 9.65861034393,
            "dvar2": 24.6058216095,
            "max": 32.7770576477,
            "mean": 11.3664007187,
            "median": 10.2172756195,
            "min": 3.09105587006,
            "var": 24.8537769318
        },
        "erbbands_flatness_db": {
            "dmean": 0.0221042372286,
            "dmean2": 0.0327739268541,
            "dvar": 0.000448238308309,
            "dvar2": 0.0010158570949,
            "max": 0.418025493622,
            "mean": 0.186560839415,
            "median": 0.184305101633,
            "min": 0.0558275729418,
            "var": 0.0022879645694
        },
        "erbbands_kurtosis": {
            "dmean": 1.73166835308,
            "dmean2": 2.77486515045,
            "dvar": 7.20744943619,
            "dvar2": 17.2665538788,
            "max": 104.025909424,
            "mean": 1.3816447258,
            "median": 0.425578713417,
            "min": -1.89159870148,
            "var": 12.3749284744
        },
        "erbbands_skewness": {
            "dmean": 0.55148768425,
            "dmean2": 0.821064829826,
            "dvar": 0.313179522753,
            "dvar2": 0.671803712845,
            "max": 8.36066246033,
            "mean": 0.440902382135,
            "median": 0.430951952934,
            "min": -3.58334136009,
            "var": 0.946606099606
        },
        "erbbands_spread": {
            "dmean": 10.4001922607,
            "dmean2": 16.1200885773,
            "dvar": 201.744140625,
            "dvar2": 452.304656982,
            "max": 240.153167725,
            "mean": 33.2430763245,
            "median": 28.3670921326,
            "min": 0.935879766941,
            "var": 489.474700928
        },
        "gfcc": {
            "cov": [
                [
                    4932.25732422,
                    -1024.76916504,
                    -909.35546875,
                    256.261901855,
                    206.585464478,
                    151.551483154,
                    246.806945801,
                    581.616455078,
                    -289.990478516,
                    380.940826416,
                    -242.291107178,
                    -121.855697632,
                    265.571624756
                ],
                [
                    -1024.76916504,
                    1481.02148438,
                    507.041931152,
                    37.6507148743,
                    344.248138428,
                    -55.8187255859,
                    235.623168945,
                    -214.020614624,
                    215.885009766,
                    -85.2191848755,
                    103.83694458,
                    -119.177886963,
                    61.1405258179
                ],
                [
                    -909.35546875,
                    507.041931152,
                    1599.99401855,
                    225.643081665,
                    178.89553833,
                    165.58706665,
                    -63.6603507996,
                    -15.8289804459,
                    249.259719849,
                    -112.618049622,
                    88.119102478,
                    78.7855834961,
                    -120.901733398
                ],
                [
                    256.261901855,
                    37.6507148743,
                    225.643081665,
                    541.54095459,
                    125.763725281,
                    -93.059211731,
                    42.0978889465,
                    64.3523025513,
                    120.375808716,
                    -30.9581775665,
                    5.05162000656,
                    38.5954551697,
                    15.4865341187
                ],
                [
                    206.585464478,
                    344.248138428,
                    178.89553833,
                    125.763725281,
                    456.742645264,
                    91.9687805176,
                    205.408828735,
                    95.2193450928,
                    102.184661865,
                    80.2171401978,
                    16.5967464447,
                    -27.3386688232,
                    142.916885376
                ],
                [
                    151.551483154,
                    -55.8187255859,
                    165.58706665,
                    -93.059211731,
                    91.9687805176,
                    407.129516602,
                    72.7797698975,
                    -36.4012489319,
                    103.104766846,
                    33.1127967834,
                    53.6561279297,
                    47.933216095,
                    10.7051763535
                ],
                [
                    246.806945801,
                    235.623168945,
                    -63.6603507996,
                    42.0978889465,
                    205.408828735,
                    72.7797698975,
                    348.212188721,
                    106.512237549,
                    27.8387336731,
                    76.5137939453,
                    36.9312057495,
                    -41.4718933105,
                    102.229438782
                ],
                [
                    581.616455078,
                    -214.020614624,
                    -15.8289804459,
                    64.3523025513,
                    95.2193450928,
                    -36.4012489319,
                    106.512237549,
                    361.482910156,
                    -6.66625213623,
                    108.986618042,
                    -43.7093162537,
                    -22.1274242401,
                    107.768447876
                ],
                [
                    -289.990478516,
                    215.885009766,
                    249.259719849,
                    120.375808716,
                    102.184661865,
                    103.104766846,
                    27.8387336731,
                    -6.66625213623,
                    345.963104248,
                    19.8941326141,
                    20.6230220795,
                    47.1131362915,
                    29.3210144043
                ],
                [
                    380.940826416,
                    -85.2191848755,
                    -112.618049622,
                    -30.9581775665,
                    80.2171401978,
                    33.1127967834,
                    76.5137939453,
                    108.986618042,
                    19.8941326141,
                    230.441833496,
                    -8.23597335815,
                    -28.3259735107,
                    118.397689819
                ],
                [
                    -242.291107178,
                    103.83694458,
                    88.119102478,
                    5.05162000656,
                    16.5967464447,
                    53.6561279297,
                    36.9312057495,
                    -43.7093162537,
                    20.6230220795,
                    -8.23597335815,
                    159.15574646,
                    39.844581604,
                    -30.6961517334
                ],
                [
                    -121.855697632,
                    -119.177886963,
                    78.7855834961,
                    38.5954551697,
                    -27.3386688232,
                    47.933216095,
                    -41.4718933105,
                    -22.1274242401,
                    47.1131362915,
                    -28.3259735107,
                    39.844581604,
                    163.532470703,
                    -20.8443984985
                ],
                [
                    265.571624756,
                    61.1405258179,
                    -120.901733398,
                    15.4865341187,
                    142.916885376,
                    10.7051763535,
                    102.229438782,
                    107.768447876,
                    29.3210144043,
                    118.397689819,
                    -30.6961517334,
                    -20.8443984985,
                    228.977798462
                ]
            ],
            "icov": [
                [
                    0.000435122812632,
                    3.68089359881e-07,
                    0.00025847251527,
                    -0.000500125635881,
                    -7.69136531744e-05,
                    -0.000601561681833,
                    8.9544475486e-05,
                    -0.000511059071869,
                    0.000501299335156,
                    -0.000440369796706,
                    0.000503508374095,
                    0.000115068542073,
                    0.000183706535609
                ],
                [
                    3.68089359881e-07,
                    0.00241084070876,
                    -0.000813406368252,
                    0.000953611335717,
                    -0.0012024496682,
                    0.00188092468306,
                    -0.00173266464844,
                    0.00216671871021,
                    -0.00142174295615,
                    0.00121244508773,
                    -0.00107987725642,
                    0.00176148023456,
                    -0.00115104112774
                ],
                [
                    0.00025847251527,
                    -0.000813406368252,
                    0.00134619767778,
                    -0.00083400256699,
                    -0.00017130280321,
                    -0.00129823875614,
                    0.00112316466402,
                    -0.00132107152604,
                    0.000339552672813,
                    -0.000323962420225,
                    0.000308712158585,
                    -0.000483662763145,
                    0.0010939349886
                ],
                [
                    -0.000500125635881,
                    0.000953611335717,
                    -0.00083400256699,
                    0.00354083906859,
                    -0.00103652384132,
                    0.00251807807945,
                    -0.00104919844307,
                    0.00109068572056,
                    -0.00194493797608,
                    0.00145990366582,
                    -0.000964753562585,
                    -0.000159419330885,
                    -0.000519762048498
                ],
                [
                    -7.69136531744e-05,
                    -0.0012024496682,
                    -0.00017130280321,
                    -0.00103652384132,
                    0.00475402129814,
                    -0.00134121614974,
                    -0.000838351785205,
                    -0.000902420491911,
                    0.000380629760912,
                    -0.000621487793978,
                    0.00040713881026,
                    -0.000249665084993,
                    -0.00141111342236
                ],
                [
                    -0.000601561681833,
                    0.00188092468306,
                    -0.00129823875614,
                    0.00251807807945,
                    -0.00134121614974,
                    0.00583179434761,
                    -0.00224783830345,
                    0.00286553567275,
                    -0.00261516193859,
                    0.0010382917244,
                    -0.00182442669757,
                    0.000103635320556,
                    -0.000878078397363
                ],
                [
                    8.9544475486e-05,
                    -0.00173266464844,
                    0.00112316466402,
                    -0.00104919844307,
                    -0.000838351785205,
                    -0.00224783830345,
                    0.00616881530732,
                    -0.00267484528013,
                    0.00114940898493,
                    -0.000856391503476,
                    -0.000764537078794,
                    -1.71907286131e-05,
                    0.000347502529621
                ],
                [
                    -0.000511059071869,
                    0.00216671871021,
                    -0.00132107152604,
                    0.00109068572056,
                    -0.000902420491911,
                    0.00286553567275,
                    -0.00267484528013,
                    0.00648252805695,
                    -0.00141000712756,
                    0.000161440751981,
                    -0.000436459376942,
                    0.0010646263836,
                    -0.0020491455216
                ],
                [
                    0.000501299335156,
                    -0.00142174295615,
                    0.000339552672813,
                    -0.00194493797608,
                    0.000380629760912,
                    -0.00261516193859,
                    0.00114940898493,
                    -0.00141000712756,
                    0.00537281436846,
                    -0.00173509656452,
                    0.00144074705895,
                    -0.00158447015565,
                    0.000402263423894
                ],
                [
                    -0.000440369796706,
                    0.00121244508773,
                    -0.000323962420225,
                    0.00145990366582,
                    -0.000621487793978,
                    0.0010382917244,
                    -0.000856391503476,
                    0.000161440751981,
                    -0.00173509656452,
                    0.00784233491868,
                    -0.00179668841884,
                    0.00163086969405,
                    -0.00336231966503
                ],
                [
                    0.000503508374095,
                    -0.00107987725642,
                    0.000308712158585,
                    -0.000964753562585,
                    0.00040713881026,
                    -0.00182442669757,
                    -0.000764537078794,
                    -0.000436459376942,
                    0.00144074705895,
                    -0.00179668841884,
                    0.00901759881526,
                    -0.00264853052795,
                    0.00202285079286
                ],
                [
                    0.000115068542073,
                    0.00176148023456,
                    -0.000483662763145,
                    -0.000159419330885,
                    -0.000249665084993,
                    0.000103635320556,
                    -1.71907286131e-05,
                    0.0010646263836,
                    -0.00158447015565,
                    0.00163086969405,
                    -0.00264853052795,
                    0.00903310347348,
                    -0.00136393320281
                ],
                [
                    0.000183706535609,
                    -0.00115104112774,
                    0.0010939349886,
                    -0.000519762048498,
                    -0.00141111342236,
                    -0.000878078397363,
                    0.000347502529621,
                    -0.0020491455216,
                    0.000402263423894,
                    -0.00336231966503,
                    0.00202285079286,
                    -0.00136393320281,
                    0.008639421314
                ]
            ],
            "mean": [
                -45.8930587769,
                95.8696594238,
                -115.009727478,
                22.4856204987,
                -47.381149292,
                13.42619133,
                -24.2993144989,
                26.6126766205,
                -34.0120773315,
                24.7801895142,
                -9.67300510406,
                -2.44306015968,
                11.0535774231
            ]
        },
        "hfc": {
            "dmean": 6.55268144608,
            "dmean2": 8.6769990921,
            "dvar": 83.6487426758,
            "dvar2": 155.735931396,
            "max": 225.056930542,
            "mean": 18.3694286346,
            "median": 11.6768350601,
            "min": 1.17394743083e-16,
            "var": 383.781066895
        },
        "melbands": {
            "dmean": [
                0.00444414326921,
                0.00125902204309,
                0.00120067968965,
                0.000239873959799,
                9.03008040041e-05,
                7.49184837332e-05,
                7.2170587373e-05,
                5.55879923922e-05,
                0.000133906374685,
                0.000203225616133,
                0.000107616710011,
                0.000108765758341,
                0.000111064458906,
                3.08006710839e-05,
                2.72757260973e-05,
                1.86679917533e-05,
                2.72873512586e-05,
                3.60953672498e-05,
                4.28837520303e-05,
                2.25621133723e-05,
                9.24828054849e-06,
                6.5053122853e-06,
                6.85306440573e-06,
                7.76862543717e-06,
                1.17426679935e-05,
                8.89430975803e-06,
                5.57933890377e-06,
