{
    "lowlevel": {
        "average_loudness": 0.92079859972,
        "barkbands": {
            "dmean": [
                0.00111257180106,
                0.0117317903787,
                0.00370814837515,
                0.00164527934976,
                0.00172309670597,
                0.000979571719654,
                0.000432520697359,
                0.000351753929863,
                0.00054356030887,
                0.000392801361158,
                0.000335413467837,
                0.00035186088644,
                0.000372349779354,
                0.000304608955048,
                0.00033782274113,
                0.000271122378763,
                0.000234595601796,
                0.000172690764884,
                0.000271734345006,
                0.000221134192543,
                0.000282683613477,
                0.000322786479956,
                0.000292364071356,
                0.000228218283155,
                0.00019918756152,
                0.000109516578959,
                1.30104535856e-05
            ],
            "dmean2": [
                0.00152279238682,
                0.0181114692241,
                0.00650081830099,
                0.00304099451751,
                0.0031139224302,
                0.00170597061515,
                0.00069159315899,
                0.000557068968192,
                0.000839939049911,
                0.00061639607884,
                0.000519024324603,
                0.00054712232668,
                0.000566254195292,
                0.000476715562399,
                0.000527085503563,
                0.000414612179156,
                0.000361605372746,
                0.000261511828285,
                0.000417991366703,
                0.000331802555593,
                0.000439183117123,
                0.00052108237287,
                0.000455947767477,
                0.000355456286343,
                0.000323233194649,
                0.000183752694284,
                2.11431142816e-05
            ],
            "dvar": [
                2.37477524934e-06,
                0.000985830556601,
                0.000179282855242,
                4.54852852272e-05,
                3.71846253984e-05,
                8.35536957311e-06,
                2.49109166361e-06,
                2.02064870791e-06,
                7.57136376706e-06,
                1.46148806834e-06,
                1.35022287395e-06,
                1.12759846616e-06,
                9.03902162008e-07,
                5.97943881075e-07,
                6.77082596212e-07,
                4.04772890761e-07,
                3.59635748737e-07,
                1.9021224773e-07,
                6.98003191246e-07,
                5.02816362768e-07,
                1.09572533802e-06,
                1.43465820202e-06,
                8.84446933469e-07,
                3.57061736622e-07,
                1.46278546254e-06,
                1.99262649403e-06,
                6.33353494095e-08
            ],
            "dvar2": [
                4.01341094403e-06,
                0.00226580305025,
                0.00049799028784,
                0.00013297823898,
                0.000106983090518,
                2.14984756894e-05,
                5.49626474822e-06,
                4.93494144393e-06,
                1.81517862075e-05,
                3.52476990884e-06,
                2.82238966065e-06,
                2.55076042777e-06,
                2.01573993763e-06,
                1.43354054671e-06,
                1.59834814895e-06,
                9.47413752783e-07,
                8.69047937613e-07,
                4.35205237181e-07,
                1.7087844526e-06,
                1.15299417303e-06,
                2.66421784545e-06,
                3.36033417625e-06,
                1.89800005046e-06,
                8.32857210753e-07,
                4.25826601713e-06,
                5.73060469833e-06,
                1.38332282518e-07
            ],
            "max": [
                0.0537362024188,
                0.246264904737,
                0.168031543493,
                0.105312138796,
                0.0665568187833,
                0.115852937102,
                0.0770202130079,
                0.0689351707697,
                0.153636023402,
                0.0350563712418,
                0.0619066692889,
                0.0233862008899,
                0.0200562197715,
                0.0179492272437,
                0.015157058835,
                0.015923043713,
                0.015271127224,
                0.01286030747,
                0.0137631129473,
                0.0127278352156,
                0.0251981560141,
                0.0537796393037,
                0.0313066393137,
                0.0139204366133,
                0.0839643031359,
                0.106922499835,
                0.0206495355815
            ],
            "mean": [
                0.00679956562817,
                0.0297575425357,
                0.00460404809564,
                0.00145767058711,
                0.00156065321062,
                0.00105565879494,
                0.00049038027646,
                0.000389184511732,
                0.000747188983951,
                0.000478086411022,
                0.000422154989792,
                0.000434696761658,
                0.00045649765525,
                0.00036980729783,
                0.000416863680584,
                0.000361777929356,
                0.000308419635985,
                0.00021949429356,
                0.000313913595164,
                0.000245445087785,
                0.000292346463539,
                0.000324327644194,
                0.000304450193653,
                0.0002548082266,
                0.000205718228244,
                0.00010141855455,
                1.31224696815e-05
            ],
            "median": [
                0.00718371523544,
                0.0220988541842,
                0.00255679711699,
                0.00040926632937,
                0.000516879779752,
                0.000364653940778,
                7.12510081939e-05,
                5.65792288398e-05,
                0.00021102806204,
                6.90702800057e-05,
                6.08298832958e-05,
                4.35207439295e-05,
                4.24003374064e-05,
                4.97369328514e-05,
                8.37538536871e-05,
                7.88996840129e-05,
                5.32937192474e-05,
                3.98695301556e-05,
                5.23191774846e-05,
                3.56921736966e-05,
                3.27946327161e-05,
                4.81801471324e-05,
                4.28644343629e-05,
                5.54848375032e-05,
                4.34196845163e-05,
                1.69222403201e-05,
                6.42113434424e-07
            ],
            "min": [
                2.6436294034e-23,
                1.20654642511e-23,
                2.0663345243e-23,
                1.62704596963e-23,
                2.03480343837e-23,
                4.65658754781e-23,
                3.89176071002e-23,
                2.33267021644e-23,
                6.84632500347e-23,
                7.35535359532e-23,
                1.17361487442e-22,
                1.03709498482e-22,
                1.77982696462e-22,
                7.48285245027e-23,
                6.73507731426e-23,
                1.23132023897e-22,
                1.10579378872e-22,
                1.88901276075e-22,
                2.22002270933e-22,
                2.23521528684e-22,
                4.68108243623e-22,
                3.80201295146e-22,
                6.42330787248e-22,
                6.14214370947e-22,
                1.18450365403e-21,
                1.45304301333e-21,
                2.11467713857e-21
            ],
            "var": [
                2.9711298339e-05,
                0.00111712317448,
                0.000116491471999,
                2.57695319306e-05,
                2.25221756409e-05,
                8.78900755197e-06,
                3.26977419718e-06,
                2.07492212212e-06,
                9.50039975578e-06,
                1.93373512047e-06,
                2.2446629373e-06,
                1.74475769654e-06,
                1.35839547966e-06,
                8.44167516334e-07,
                9.76522755991e-07,
                6.08539892255e-07,
                4.67167097895e-07,
                2.54465135185e-07,
                7.39641677683e-07,
                5.75089586619e-07,
                1.22341452879e-06,
                2.02608134714e-06,
                1.21102277717e-06,
                4.79085485949e-07,
                8.77257036791e-07,
                1.14765191483e-06,
                6.2253576516e-08
            ]
        },
        "barkbands_crest": {
            "dmean": 2.42044758797,
            "dmean2": 3.63151502609,
            "dvar": 8.72623729706,
            "dvar2": 19.742477417,
            "max": 26.2321643829,
            "mean": 14.7021360397,
            "median": 14.3307332993,
            "min": 2.12240505219,
            "var": 27.6174640656
        },
        "barkbands_flatness_db": {
            "dmean": 0.0362502261996,
            "dmean2": 0.0488581173122,
            "dvar": 0.00149246142246,
            "dvar2": 0.0027519154828,
            "max": 0.522083342075,
            "mean": 0.206480666995,
            "median": 0.200704753399,
            "min": 0.0203871205449,
            "var": 0.00743696978316
        },
        "barkbands_kurtosis": {
            "dmean": 18.6394348145,
            "dmean2": 28.9390926361,
            "dvar": 1529.30529785,
            "dvar2": 3735.95605469,
            "max": 1045.10839844,
            "mean": 30.1932621002,
            "median": 12.9409046173,
            "min": -1.94710528851,
            "var": 2157.73242188
        },
        "barkbands_skewness": {
            "dmean": 1.3525223732,
            "dmean2": 1.95751559734,
            "dvar": 2.42134451866,
            "dvar2": 5.30816698074,
            "max": 24.8181629181,
            "mean": 3.88991975784,
            "median": 3.45949602127,
            "min": -9.16510677338,
            "var": 7.98668861389
        },
        "barkbands_spread": {
            "dmean": 8.35538196564,
            "dmean2": 12.3431119919,
            "dvar": 116.52355957,
            "dvar2": 233.446868896,
            "max": 118.752082825,
            "mean": 18.2344055176,
            "median": 12.7831439972,
            "min": 0.163304358721,
            "var": 326.211364746
        },
        "dissonance": {
            "dmean": 0.0213408451527,
            "dmean2": 0.0347636342049,
            "dvar": 0.000553087098524,
            "dvar2": 0.00140437227674,
            "max": 0.5,
            "mean": 0.459363728762,
            "median": 0.469493657351,
            "min": 0.141812518239,
            "var": 0.00134360231459
        },
        "dynamic_complexity": 2.85451865196,
        "erbbands": {
            "dmean": [
                0.400711029768,
                2.56586790085,
                4.28821849823,
                4.68751525879,
                5.78641605377,
                5.26888036728,
                7.51779127121,
                7.72636222839,
                6.73392009735,
                5.4718670845,
                8.646027565,
                12.2628469467,
                10.7875585556,
                14.935965538,
                12.581700325,
                13.7738075256,
                15.7901916504,
                16.4046401978,
                16.383600235,
                15.0984106064,
                14.3808135986,
                12.3628892899,
                9.07339763641,
                11.3316555023,
                12.5869665146,
                11.4901151657,
                10.6105699539,
                11.7709922791,
                11.2302827835,
                10.9075050354,
                7.8053021431,
                4.86914873123,
                3.61219739914,
                2.22083735466,
                1.49150681496,
                0.597485125065,
                0.169213742018,
                0.0307543370873,
                0.00248300819658,
                8.80766529008e-05
            ],
            "dmean2": [
                0.629604756832,
                3.94028520584,
                6.93531703949,
                8.30045700073,
                10.3545007706,
                9.57070350647,
                13.7439489365,
                13.1390094757,
                10.8064088821,
                8.74839782715,
                13.5194158554,
                19.0134048462,
                16.6885223389,
                23.4166584015,
                19.1297283173,
                21.2664718628,
                23.5901966095,
                24.9851837158,
                25.1180324554,
                23.0309772491,
                22.0616989136,
                18.8900623322,
                13.5797510147,
                16.7706241608,
                19.3736438751,
                17.4770240784,
                16.2650699615,
                18.5417175293,
                17.9531211853,
                17.7979354858,
                11.9866704941,
                7.59938716888,
                5.5445599556,
                3.48252272606,
                2.49561238289,
                0.992311000824,
                0.286323279142,
                0.0514983683825,
                0.00400973111391,
                0.000140278585604
            ],
            "dvar": [
                0.917121589184,
                55.591999054,
                199.355438232,
                363.613677979,
                425.241973877,
                373.912719727,
                592.096313477,
                647.046508789,
                661.834289551,
                296.404449463,
                1417.66906738,
                3009.26049805,
                4157.79003906,
                1804.76977539,
                1919.45300293,
                1532.89428711,
                1700.26708984,
                1641.43225098,
                1481.26586914,
                1281.08666992,
                1187.71655273,
                1069.63439941,
                483.827301025,
                958.18927002,
                1514.04089355,
                1558.50402832,
                1420.55627441,
                2089.34350586,
                2505.08056641,
                1287.27282715,
                587.944213867,
                169.215011597,
                112.417266846,
                165.77532959,
                76.0172042847,
                4.64772987366,
                12.9135828018,
                0.655334472656,
                0.00313436309807,
                7.62277693411e-07
            ],
            "dvar2": [
                2.51407146454,
                122.135246277,
                518.573425293,
                1030.68115234,
                1224.1373291,
                1077.46936035,
                1691.82373047,
                1591.92541504,
                1349.63806152,
                691.22668457,
                3614.12109375,
                6870.78955078,
                11341.7392578,
                4261.63427734,
                3824.73022461,
                3589.07397461,
                3778.94311523,
                3933.38476563,
                3423.36401367,
                2977.1887207,
                2845.76025391,
                2588.03881836,
                1060.27734375,
                2067.84960938,
                3666.51757813,
                3716.52026367,
                3327.77148438,
                5314.16357422,
                5490.67724609,
                3094.70678711,
                1192.14709473,
                393.312133789,
                263.870025635,
                476.433410645,
                221.021469116,
                9.80839443207,
                38.2922096252,
                1.83143234253,
                0.00785644818097,
                1.68691769886e-06
            ],
            "max": [
                8.12718391418,
                58.4139709473,
                154.574783325,
                248.864395142,
                325.144439697,
                199.752532959,
                245.152297974,
                1176.38635254,
                1114.17224121,
                570.869384766,
                1681.20129395,
                2392.2956543,
                4282.25732422,
                758.100097656,
                2371.60791016,
                879.777770996,
                1010.09448242,
                1015.77880859,
                722.415222168,
                892.532714844,
                953.239196777,
                1003.06427002,
                489.637451172,
                726.461242676,
                759.937011719,
                593.579772949,
                1246.48974609,
                999.312805176,
                3104.76904297,
                879.409606934,
                1017.78839111,
                387.304351807,
                407.470825195,
                872.297180176,
                610.510803223,
                143.292602539,
                264.510498047,
                63.8349151611,
                4.65979003906,
                0.0669914036989
            ],
            "mean": [
                1.46300816536,
                4.29446983337,
                5.66952323914,
                5.09031581879,
                5.64921474457,
                4.53324842453,
                6.68878936768,
                8.95316123962,
                7.97863101959,
                6.08433628082,
                10.8934144974,
                17.3648910522,
                13.6405181885,
                19.1086788177,
                17.2437934875,
                17.5396709442,
                20.1547889709,
                20.6477909088,
                20.9987621307,
                20.2028694153,
                19.7452907562,
                16.8969078064,
                12.1514225006,
                14.8453407288,
                14.5012569427,
                12.3096008301,
                11.3046131134,
                11.8087034225,
                11.6397008896,
                10.5003070831,
                8.33684062958,
                5.38910484314,
                4.11232614517,
                2.41634106636,
                1.43071591854,
                0.586865723133,
                0.151345327497,
                0.0266139544547,
                0.00231085834093,
                0.0001395727013
            ],
            "median": [
                1.45894098282,
                1.78176736832,
                2.7196149826,
                2.29354190826,
                1.85105228424,
                1.19045495987,
                1.67131209373,
                2.73909115791,
                1.49835801125,
                1.13644480705,
                2.30304574966,
                5.35672569275,
                2.74605512619,
                2.94125890732,
                2.6261305809,
                2.07562351227,
                2.13004493713,
                2.80271100998,
                4.25895357132,
                4.97946643829,
                3.94132900238,
                3.13091230392,
                2.47615432739,
                2.65310359001,
                2.41404390335,
                1.75065422058,
                1.37643384933,
                1.33108329773,
                1.46855831146,
                1.40613889694,
                1.32325839996,
                1.14270210266,
                0.844629883766,
                0.525904774666,
                0.292285323143,
                0.112783148885,
                0.0230630226433,
                0.00253001833335,
                0.000135703303386,
                6.11597206444e-05
            ],
            "min": [
                6.57982241991e-22,
                1.94599408982e-21,
                1.39077947668e-20,
                6.38262124922e-20,
                3.62133468321e-20,
                8.1378028663e-20,
                2.81088948541e-19,
                2.91482783131e-19,
                2.29978311522e-19,
                7.96599797006e-19,
                6.4014334043e-19,
                1.79882811229e-18,
                1.78941913962e-18,
                3.85502726833e-18,
                4.49919334317e-18,
                4.84158407822e-18,
                6.61248636624e-18,
                6.51708886697e-18,
                4.86675973376e-18,
                4.08835796193e-18,
                6.51581294087e-18,
                6.840408953e-18,
                9.77093946407e-18,
                9.27176326135e-18,
                1.59843868718e-17,
                1.0759039793e-17,
                1.35901299595e-17,
                1.80687033444e-17,
                1.52083541452e-17,
                1.66532782023e-17,
                1.61907452736e-17,
                1.23385271106e-17,
                1.17303566273e-17,
                1.11446308627e-17,
                9.34766287282e-18,
                4.81821622592e-18,
                2.70615983787e-18,
                1.22630290953e-18,
                2.62598334074e-19,
                3.16464018909e-20
            ],
            "var": [
                1.17650949955,
                61.6799163818,
                156.610229492,
                221.680084229,
                262.637237549,
                225.254104614,
                364.594116211,
                805.338439941,
                1062.0559082,
                359.502868652,
                1413.33764648,
                4290.83935547,
                3782.81079102,
                2525.14086914,
                3396.03369141,
                2236.71557617,
                2607.13208008,
                2386.54003906,
                2251.25341797,
                1985.45910645,
                1790.22229004,
                1389.85766602,
                700.698120117,
                1343.8782959,
                1656.64660645,
                1602.15124512,
                1697.19311523,
                2142.32470703,
                4193.76269531,
                1462.04284668,
                872.384643555,
                234.376281738,
                140.53036499,
                107.33682251,
                44.7117042542,
                4.99262475967,
                6.78591680527,
                0.403208822012,
                0.00247127166949,
                8.96179528809e-07
            ]
        },
        "erbbands_crest": {
            "dmean": 2.87261199951,
            "dmean2": 4.69286108017,
            "dvar": 7.2959227562,
            "dvar2": 18.2581329346,
            "max": 33.756072998,
            "mean": 9.02179718018,
            "median": 8.27177047729,
            "min": 2.27821993828,
            "var": 15.4801778793
        },
        "erbbands_flatness_db": {
            "dmean": 0.0210808776319,
            "dmean2": 0.0316183082759,
            "dvar": 0.000422157812864,
            "dvar2": 0.000875197874848,
            "max": 0.387882351875,
            "mean": 0.132319703698,
            "median": 0.124498710036,
            "min": 0.0505224913359,
            "var": 0.00202645617537
        },
        "erbbands_kurtosis": {
            "dmean": 1.54215323925,
            "dmean2": 2.44467735291,
            "dvar": 5.65220880508,
            "dvar2": 13.2882680893,
            "max": 79.4796295166,
            "mean": 1.03779947758,
            "median": 0.172647699714,
            "min": -1.86573147774,
            "var": 9.80074977875
        },
        "erbbands_skewness": {
            "dmean": 0.555216908455,
            "dmean2": 0.82814091444,
            "dvar": 0.311134070158,
            "dvar2": 0.699970364571,
            "max": 5.0832157135,
            "mean": 0.156015962362,
            "median": 0.14888638258,
            "min": -7.07321500778,
            "var": 0.975833833218
        },
        "erbbands_spread": {
            "dmean": 17.3283729553,
            "dmean2": 26.3426475525,
            "dvar": 362.915344238,
            "dvar2": 804.154296875,
            "max": 196.750244141,
            "mean": 53.5226898193,
            "median": 47.1031455994,
            "min": 2.66993641853,
            "var": 980.218200684
        },
        "gfcc": {
            "cov": [
                [
                    6233.63769531,
                    -1236.98791504,
                    -858.111633301,
                    18.3015518188,
                    -292.932037354,
                    322.201751709,
                    -39.1095619202,
                    154.301712036,
                    -166.894485474,
                    267.227996826,
                    -43.5690612793,
                    187.049057007,
                    -179.630615234
                ],
                [
                    -1236.98791504,
                    1474.49328613,
                    182.831222534,
                    -85.513420105,
                    307.877380371,
                    -54.2904777527,
                    207.28414917,
                    -31.0076694489,
                    138.086013794,
                    -76.9521331787,
                    109.486610413,
                    -75.0509185791,
                    96.4096450806
                ],
                [
                    -858.111633301,
                    182.831222534,
                    1597.24584961,
                    387.676177979,
                    117.675872803,
                    196.420257568,
                    -56.7148170471,
                    81.2450866699,
                    185.201004028,
                    2.05840039253,
                    -31.0562038422,
                    116.79750824,
                    14.0313310623
                ],
                [
                    18.3015518188,
                    -85.513420105,
                    387.676177979,
                    747.586791992,
                    227.473205566,
                    -45.8172264099,
                    14.3790302277,
                    71.9131393433,
                    114.715927124,
                    13.7490692139,
                    3.42599129677,
                    50.1435928345,
                    78.343208313
                ],
                [
                    -292.932037354,
                    307.877380371,
                    117.675872803,
                    227.473205566,
                    461.973205566,
                    87.7945098877,
                    137.199111938,
                    63.1915206909,
                    70.9037246704,
                    2.59344816208,
                    33.7380485535,
                    -28.6878223419,
                    62.026134491
                ],
                [
                    322.201751709,
                    -54.2904777527,
                    196.420257568,
                    -45.8172264099,
                    87.7945098877,
                    435.674835205,
                    151.322097778,
                    52.0534820557,
                    -23.1214885712,
                    45.1553916931,
                    2.61882758141,
                    10.6897344589,
                    -22.5024528503
                ],
                [
                    -39.1095619202,
                    207.28414917,
                    -56.7148170471,
                    14.3790302277,
                    137.199111938,
                    151.322097778,
                    361.98248291,
                    84.1332244873,
                    -5.6057972908,
                    -6.03218221664,
                    12.5617189407,
                    -56.2298355103,
                    26.673658371
                ],
                [
                    154.301712036,
                    -31.0076694489,
                    81.2450866699,
                    71.9131393433,
                    63.1915206909,
                    52.0534820557,
                    84.1332244873,
                    277.189483643,
                    90.9906997681,
                    -16.1645011902,
                    -64.3765792847,
                    -45.7236442566,
                    11.9082965851
                ],
                [
                    -166.894485474,
                    138.086013794,
                    185.201004028,
                    114.715927124,
                    70.9037246704,
                    -23.1214885712,
                    -5.6057972908,
                    90.9906997681,
                    234.748931885,
                    18.2233963013,
                    -38.1862297058,
                    -24.7356948853,
                    4.16061115265
                ],
                [
                    267.227996826,
                    -76.9521331787,
                    2.05840039253,
                    13.7490692139,
                    2.59344816208,
                    45.1553916931,
                    -6.03218221664,
                    -16.1645011902,
                    18.2233963013,
                    127.459220886,
                    44.683757782,
                    3.18755674362,
                    -29.5738487244
                ],
                [
                    -43.5690612793,
                    109.486610413,
                    -31.0562038422,
                    3.42599129677,
                    33.7380485535,
                    2.61882758141,
                    12.5617189407,
                    -64.3765792847,
                    -38.1862297058,
                    44.683757782,
                    154.338973999,
                    50.3381080627,
                    4.58756399155
                ],
                [
                    187.049057007,
                    -75.0509185791,
                    116.79750824,
                    50.1435928345,
                    -28.6878223419,
                    10.6897344589,
                    -56.2298355103,
                    -45.7236442566,
                    -24.7356948853,
                    3.18755674362,
                    50.3381080627,
                    181.45375061,
                    22.6282482147
                ],
                [
                    -179.630615234,
                    96.4096450806,
                    14.0313310623,
                    78.343208313,
                    62.026134491,
                    -22.5024528503,
                    26.673658371,
                    11.9082965851,
                    4.16061115265,
                    -29.5738487244,
                    4.58756399155,
                    22.6282482147,
                    124.050964355
                ]
            ],
            "icov": [
                [
                    0.000284228328383,
                    2.80714830296e-05,
                    0.000257038336713,
                    -0.000182719712029,
                    0.000138446135679,
                    -0.000266423419816,
                    6.89745284035e-05,
                    -0.000291947188089,
                    0.000154301829753,
                    -0.000553023070097,
                    0.000317433848977,
                    -0.00050761050079,
                    0.000315559154842
                ],
                [
                    2.80714830296e-05,
                    0.0014275687281,
                    -0.000333653850248,
                    0.000747924263123,
                    -0.000773120264057,
                    0.000523292808793,
                    -0.000764005468227,
                    0.000597838836256,
                    -0.00111715111416,
                    0.00106898834929,
                    -0.00138780276757,
                    0.000629951944575,
                    -0.000686326005962
                ],
                [
                    0.000257038336713,
                    -0.000333653850248,
                    0.00125147821382,
                    -0.000793756917119,
                    0.000375520205125,
                    -0.00102873006836,
                    0.000577629660256,
                    -0.000394553440856,
                    -0.000253852660535,
                    -0.00037219162914,
                    0.000682704616338,
                    -0.00108475843444,
                    0.000622955150902
                ],
                [
                    -0.000182719712029,
                    0.000747924263123,
                    -0.000793756917119,
                    0.00258974917233,
                    -0.0014219658915,
                    0.00117750745267,
                    -0.000561335415114,
                    0.000238130582147,
                    -0.000857593258843,
                    0.000229791708989,
                    -0.000636831973679,
                    0.000100230572571,
                    -0.00128036539536
                ],
                [
                    0.000138446135679,
                    -0.000773120264057,
                    0.000375520205125,
                    -0.0014219658915,
                    0.00385627825744,
                    -0.00117689825129,
                    -0.00018916236877,
                    -0.000483986164909,
                    -0.000131728113047,
                    -0.000330685346853,
                    -0.000345753331203,
                    0.000335869000992,
                    -0.000520526547916
                ],
                [
                    -0.000266423419816,
                    0.000523292808793,
                    -0.00102873006836,
                    0.00117750745267,
                    -0.00117689825129,
                    0.00415046513081,
                    -0.00187186989933,
                    3.72454669559e-05,
                    0.000506201118696,
                    -0.000834413047414,
                    7.98422333901e-05,
                    -0.000127467515995,
                    0.000124882688397
                ],
                [
                    6.89745284035e-05,
                    -0.000764005468227,
                    0.000577629660256,
                    -0.000561335415114,
                    -0.00018916236877,
                    -0.00187186989933,
                    0.00465810252354,
                    -0.00136238872074,
                    0.000879665254615,
                    2.49723088928e-05,
                    -0.000224310249905,
                    0.000795030384324,
                    -0.000293240387691
                ],
                [
                    -0.000291947188089,
                    0.000597838836256,
                    -0.000394553440856,
                    0.000238130582147,
                    -0.000483986164909,
                    3.72454669559e-05,
                    -0.00136238872074,
                    0.00562841584906,
                    -0.00230484362692,
                    0.001507296809,
                    0.000581411411986,
                    0.0012521839235,
                    -0.00080501427874
                ],
                [
                    0.000154301829753,
                    -0.00111715111416,
                    -0.000253852660535,
                    -0.000857593258843,
                    -0.000131728113047,
                    0.000506201118696,
                    0.000879665254615,
                    -0.00230484362692,
                    0.00725164264441,
                    -0.00305722211488,
                    0.00256063323468,
                    -0.000353625975549,
                    0.000849521544296
                ],
                [
                    -0.000553023070097,
                    0.00106898834929,
                    -0.00037219162914,
                    0.000229791708989,
                    -0.000330685346853,
                    -0.000834413047414,
                    2.49723088928e-05,
                    0.001507296809,
                    -0.00305722211488,
                    0.012671505101,
                    -0.0054968255572,
                    0.00232968945056,
                    0.00103105825838
                ],
                [
                    0.000317433848977,
                    -0.00138780276757,
                    0.000682704616338,
                    -0.000636831973679,
                    -0.000345753331203,
                    7.98422333901e-05,
                    -0.000224310249905,
                    0.000581411411986,
                    0.00256063323468,
                    -0.0054968255572,
                    0.0115489931777,
                    -0.00402422249317,
                    0.000953606620897
                ],
                [
                    -0.00050761050079,
                    0.000629951944575,
                    -0.00108475843444,
                    0.000100230572571,
                    0.000335869000992,
                    -0.000127467515995,
                    0.000795030384324,
                    0.0012521839235,
                    -0.000353625975549,
                    0.00232968945056,
                    -0.00402422249317,
                    0.00893454439938,
                    -0.00256111565977
                ],
                [
                    0.000315559154842,
                    -0.000686326005962,
                    0.000622955150902,
                    -0.00128036539536,
                    -0.000520526547916,
                    0.000124882688397,
                    -0.000293240387691,
                    -0.00080501427874,
                    0.000849521544296,
                    0.00103105825838,
                    0.000953606620897,
                    -0.00256111565977,
                    0.0108621548861
                ]
            ],
            "mean": [
                -16.9436264038,
                71.8819503784,
                -77.4521102905,
                46.9340553284,
                -39.3392028809,
                33.9411315918,
                -31.9053821564,
                20.3280067444,
                -14.8244924545,
                6.82725334167,
                -14.4976119995,
                3.00340151787,
                -6.2285027504
            ]
        },
        "hfc": {
            "dmean": 14.7471466064,
            "dmean2": 21.6253967285,
            "dvar": 1408.02746582,
            "dvar2": 2983.36010742,
            "max": 1767.57421875,
            "mean": 23.1100749969,
            "median": 11.8367891312,
            "min": 1.12323477418e-16,
            "var": 2020.50598145
        },
        "melbands": {
            "dmean": [
                0.00341519736685,
                0.00242752861232,
                0.000835672835819,
                0.00040220777737,
                0.000249134609476,
                0.000173888314748,
                9.91128690657e-05,
                6.12786243437e-05,
                7.40685209166e-05,
                7.99254194135e-05,
                5.48632015125e-05,
                6.19098791503e-05,
                4.28363127867e-05,
                4.12454173784e-05,
                3.80928067898e-05,
                3.45936168742e-05,
                3.12527663482e-05,
                2.61344430328e-05,
                2.54798233073e-05,
                1.92160114239e-05,
                1.76159537659e-05,
                1.45232843352e-05,
                9.07890353119e-06,
                8.55169491842e-06,
                9.45443207456e-06,
                1.11855961222e-05,
                7.52294636186e-06,
                7.66278935771e-06,
