{
    "lowlevel": {
        "average_loudness": 0.848078489304,
        "barkbands": {
            "dmean": [
                0.00207693688571,
                0.00738363340497,
                0.00354085140862,
                0.00280035682954,
                0.00169982539956,
                0.000937195378356,
                0.000939257908612,
                0.000590876326896,
                0.000586286303587,
                0.00023192934168,
                0.000129576044856,
                0.000258720479906,
                0.000215415901039,
                0.000173501801328,
                0.000175046516233,
                0.000187855272088,
                0.00019279771368,
                0.000192731880816,
                0.000235463798163,
                0.000206133452593,
                0.000204121519346,
                0.000207439254154,
                0.000250410899753,
                0.000208694254979,
                0.000156226582476,
                7.25608479115e-05,
                2.3492384571e-05
            ],
            "dmean2": [
                0.00331093510613,
                0.0112215904519,
                0.00639645569026,
                0.00525440182537,
                0.0029928770382,
                0.00145397998858,
                0.00152068247553,
                0.000926227192394,
                0.000919190002605,
                0.00037664003321,
                0.000212355706026,
                0.00041798473103,
                0.000356818345608,
                0.0002805943368,
                0.000276420323644,
                0.000301970401779,
                0.00030685737147,
                0.000307916547172,
                0.000374051276594,
                0.000329496077029,
                0.000327116984408,
                0.000334273063345,
                0.000404971942771,
                0.00031419750303,
                0.000230740217376,
                0.000106470492028,
                3.49368201569e-05
            ],
            "dvar": [
                1.28442279674e-05,
                0.000300795742078,
                0.000251722085522,
                0.000163416276337,
                2.26793254114e-05,
                2.71877570412e-06,
                5.50793583898e-06,
                1.19491789974e-06,
                1.35075777052e-06,
                3.44348194403e-07,
                9.87013137888e-08,
                4.43985555876e-07,
                3.04824936848e-07,
                1.38417831863e-07,
                1.8897124221e-07,
                1.50570770074e-07,
                1.71927808879e-07,
                2.22349655132e-07,
                3.3267289723e-07,
                3.88859803024e-07,
                5.20351704836e-07,
                2.25985758107e-07,
                2.68081464583e-07,
                2.46401384629e-07,
                1.15776025211e-07,
                3.61421150785e-08,
                6.82759182524e-09
            ],
            "dvar2": [
                3.47202185367e-05,
                0.000764536962379,
                0.000696496688761,
                0.000474288361147,
                6.54234172544e-05,
                6.4662249315e-06,
                1.49011921167e-05,
                2.85299984171e-06,
                3.406832775e-06,
                8.54739312217e-07,
                2.52079104257e-07,
                1.19923663533e-06,
                7.92758044099e-07,
                3.27009047396e-07,
                4.45338571353e-07,
                3.80004109957e-07,
                4.01573487352e-07,
                5.05618174884e-07,
                8.04708065516e-07,
                9.28388601551e-07,
                1.26951908896e-06,
                5.09520873493e-07,
                6.15971998741e-07,
                4.83854023514e-07,
                2.20859305955e-07,
                7.57729452516e-08,
                1.3261175269e-08
            ],
            "max": [
                0.035687815398,
                0.144945040345,
                0.115817829967,
                0.104590624571,
                0.0464605055749,
                0.0264006201178,
                0.0350305922329,
                0.0207759588957,
                0.0211077556014,
                0.0161732211709,
                0.00736648915336,
                0.0167385842651,
                0.0106107369065,
                0.00749250501394,
                0.00984722096473,
                0.00670050596818,
                0.00604245625436,
                0.00810146704316,
                0.0155464624986,
                0.00857798475772,
                0.0136064821854,
                0.00607307488099,
                0.00619342084974,
                0.0127320708707,
                0.01084144786,
                0.00419876677915,
                0.00191829481628
            ],
            "mean": [
                0.00586055172607,
                0.0167555715889,
                0.00247440906242,
                0.00199303380214,
                0.0025887566153,
                0.00190592231229,
                0.0014846464619,
                0.000926794600673,
                0.000964435748756,
                0.000332499301294,
                0.000177545458428,
                0.000324727443513,
                0.00025289496989,
                0.000231863683439,
                0.000223318405915,
                0.00027390816831,
                0.000300174462609,
                0.00030516370316,
                0.000384740560548,
                0.000391928653698,
                0.000279954256257,
                0.00028557976475,
                0.000353380048182,
                0.000374869588995,
                0.000300543528283,
                0.000120784628962,
                2.99567363982e-05
            ],
            "median": [
                0.00540780089796,
                0.00853901728988,
                0.00021236660541,
                0.000352694623871,
                0.00164576037787,
                0.00112417014316,
                0.000593111675698,
                0.000451943691587,
                0.000495894229971,
                0.00012626228272,
                7.29232560843e-05,
                9.60415563895e-05,
                7.451151032e-05,
                8.93430842552e-05,
                7.12044056854e-05,
                0.000130686137709,
                0.000170813713339,
                0.000169318926055,
                0.000167444319231,
                0.000153786255396,
                0.000113806054287,
                0.000123260644614,
                0.000133222914883,
                0.00018647419347,
                0.000157929869602,
                5.24484566995e-05,
                6.33910394754e-06
            ],
            "min": [
                1.04400455438e-24,
                4.1934555934e-24,
                3.79476953203e-25,
                1.51158174e-24,
                1.94628614506e-23,
                1.46571744585e-23,
                1.42005013028e-23,
                1.87487246058e-23,
                2.00505218042e-23,
                1.67881338881e-23,
                2.92435975602e-23,
                3.97027729809e-23,
                3.12342565001e-23,
                3.73242342894e-23,
                3.56790743379e-23,
                7.06404872004e-23,
                6.70833745392e-23,
                1.15541250857e-22,
                1.67712686731e-22,
                2.14692950842e-22,
                2.23834977831e-22,
                3.31999975328e-22,
                4.75405800219e-22,
                5.87420666125e-22,
                8.04635699945e-22,
                1.37677982852e-21,
                2.12034017537e-21
            ],
            "var": [
                3.28926798829e-05,
                0.000620587612502,
                0.000156834648806,
                8.99324222701e-05,
                1.53208220581e-05,
                5.67479810343e-06,
                7.09539199306e-06,
                2.01991906579e-06,
                2.13790008274e-06,
                4.98169242746e-07,
                1.13640432176e-07,
                6.17691569005e-07,
                3.18573398772e-07,
                1.90667449829e-07,
                2.32280655155e-07,
                2.02575904495e-07,
                2.05397356012e-07,
                2.62086956582e-07,
                4.86052954329e-07,
                5.73288048145e-07,
                4.96784025472e-07,
                2.84569807718e-07,
                3.85645734013e-07,
                4.74205279488e-07,
                2.53994585364e-07,
                5.59734303351e-08,
                9.11025743733e-09
            ]
        },
        "barkbands_crest": {
            "dmean": 2.15533947945,
            "dmean2": 3.29675865173,
            "dvar": 5.11414051056,
            "dvar2": 11.3732452393,
            "max": 25.1973190308,
            "mean": 11.7560739517,
            "median": 10.7385177612,
            "min": 2.04533243179,
            "var": 21.4058589935
        },
        "barkbands_flatness_db": {
            "dmean": 0.0234770961106,
            "dmean2": 0.0349069833755,
            "dvar": 0.000709069019649,
            "dvar2": 0.00150295288768,
            "max": 0.405552864075,
            "mean": 0.141711682081,
            "median": 0.126342758536,
            "min": 0.0149328513071,
            "var": 0.00339985988103
        },
        "barkbands_kurtosis": {
            "dmean": 5.80647277832,
            "dmean2": 9.07353401184,
            "dvar": 152.461578369,
            "dvar2": 358.09552002,
            "max": 366.561676025,
            "mean": 8.5318775177,
            "median": 3.30712747574,
            "min": -1.95195901394,
            "var": 296.492767334
        },
        "barkbands_skewness": {
            "dmean": 0.714243352413,
            "dmean2": 1.08202636242,
            "dvar": 0.849517643452,
            "dvar2": 1.88336420059,
            "max": 15.9191427231,
            "mean": 2.28996682167,
            "median": 1.93779146671,
            "min": -2.14148139954,
            "var": 2.82550835609
        },
        "barkbands_spread": {
            "dmean": 8.21928405762,
            "dmean2": 12.3786144257,
            "dvar": 100.464363098,
            "dvar2": 192.764663696,
            "max": 135.724487305,
            "mean": 29.2377872467,
            "median": 26.7654724121,
            "min": 0.559594035149,
            "var": 373.827362061
        },
        "dissonance": {
            "dmean": 0.0158017519861,
            "dmean2": 0.0263527724892,
            "dvar": 0.000240123743424,
            "dvar2": 0.00064053182723,
            "max": 0.499997198582,
            "mean": 0.465075731277,
            "median": 0.469756364822,
            "min": 0.220039695501,
            "var": 0.000532375066541
        },
        "dynamic_complexity": 1.86603438854,
        "erbbands": {
            "dmean": [
                0.409921646118,
                1.05983293056,
                3.34257745743,
                7.55134820938,
                6.84930706024,
                5.5832490921,
                5.04945755005,
                10.0308179855,
                12.623213768,
                12.6937427521,
                11.4113035202,
                11.5877466202,
                11.1461906433,
                5.8185338974,
                7.15908765793,
                8.515873909,
                8.9667930603,
                8.93504047394,
                7.9227013588,
                8.48153209686,
                10.9583387375,
                11.5855369568,
                10.5140542984,
                11.2940120697,
                10.7731657028,
                9.7940196991,
                8.29694747925,
                7.81045293808,
                7.36901283264,
                8.42753410339,
                6.32804203033,
                4.91029787064,
                3.28023219109,
                1.92106950283,
                1.10084271431,
                0.434594601393,
                0.109831951559,
                0.0270639080554,
                0.00400814879686,
                0.000204699957976
            ],
            "dmean2": [
                0.615696251392,
                1.61865258217,
                5.90163898468,
                13.7799310684,
                12.5262804031,
                9.81479167938,
                8.11457633972,
                15.4774532318,
                19.9960842133,
                20.6208591461,
                17.7637462616,
                18.3848934174,
                17.6294879913,
                9.36460590363,
                11.5699806213,
                13.572511673,
                14.8273429871,
                14.3073711395,
                12.5565881729,
                13.4700546265,
                17.5693244934,
                18.3860225677,
                16.6085586548,
                18.0309352875,
                16.7178058624,
                15.7654972076,
                13.5004558563,
                12.311750412,
                11.7646875381,
                13.8326196671,
                10.1314325333,
                7.56269836426,
                4.93438482285,
                2.86522769928,
                1.63765060902,
                0.642991542816,
                0.161496162415,
                0.0396274328232,
                0.00588228087872,
                0.000302893051412
            ],
            "dvar": [
                0.786527216434,
                11.8137588501,
                213.208724976,
                1132.15991211,
                743.048583984,
                192.679138184,
                83.1834182739,
                340.668701172,
                859.979431152,
                764.075866699,
                455.195617676,
                592.258789062,
                486.825653076,
                196.017791748,
                278.351501465,
                499.549377441,
                573.953430176,
                392.719421387,
                338.243865967,
                366.694549561,
                516.061462402,
                573.566223145,
                702.541687012,
                726.539367676,
                691.86517334,
                1133.61474609,
                891.548950195,
                714.903930664,
                379.486450195,
                291.503601074,
                185.227432251,
                131.195419312,
                58.9310531616,
                15.5301160812,
                6.98370599747,
                1.21771514416,
                0.0825711190701,
                0.00740620680153,
                0.000195267042727,
                5.12287158472e-07
            ],
            "dvar2": [
                1.89834356308,
                30.0482940674,
                574.565734863,
                3187.47192383,
                2151.91333008,
                551.123046875,
                214.948135376,
                807.480163574,
                2253.34326172,
                2022.12902832,
                1084.6418457,
                1493.86120605,
                1195.68469238,
                496.078308105,
                743.785766602,
                1242.71508789,
                1497.19287109,
                952.169677734,
                804.419494629,
                865.611694336,
                1265.12390137,
                1325.27770996,
                1613.66088867,
                1826.1541748,
                1503.51086426,
                2768.16772461,
                2292.69238281,
                1646.85546875,
                868.969360352,
                691.73449707,
                413.029907227,
                271.33215332,
                112.933776855,
                29.5446014404,
                14.2418470383,
                2.6598508358,
                0.164825215936,
                0.0148562947288,
                0.000388374115573,
                9.79200081019e-07
            ],
            "max": [
                7.48443651199,
                33.4254226685,
                114.859100342,
                264.498809814,
                256.4480896,
                171.225296021,
                193.940917969,
                297.724212646,
                478.743011475,
                431.5730896,
                447.310546875,
                489.640991211,
                488.447906494,
                452.928985596,
                374.871185303,
                557.122741699,
                392.464050293,
                399.843505859,
                549.432495117,
                347.153839111,
                354.61050415,
                345.589172363,
                468.821472168,
                804.773376465,
                329.759613037,
                460.738647461,
                780.596313477,
                364.556945801,
                254.633789062,
                211.034988403,
                172.097579956,
                299.273406982,
                199.90713501,
                85.3710250854,
                108.54460144,
                26.5563201904,
                6.77120780945,
                2.27749300003,
                0.31459659338,
                0.013913472183
            ],
            "mean": [
                0.991670310497,
                1.80753326416,
                2.51793432236,
                5.56028699875,
                6.52089500427,
                8.67733001709,
                11.3317785263,
                19.4354782104,
                22.7078018188,
                19.6374607086,
                18.6632003784,
                19.1387042999,
                18.6389064789,
                9.15899658203,
                9.99158287048,
                10.7615013123,
                10.8648519516,
                12.3733406067,
                10.8810758591,
                12.3307409286,
                16.6152534485,
                18.996717453,
                16.6545143127,
                19.956029892,
                20.6250133514,
                16.7544708252,
                11.5591440201,
                10.655125618,
                10.2600641251,
                11.0831661224,
                9.24928951263,
                8.27341270447,
                5.89895057678,
                3.67183113098,
                1.96185791492,
                0.733464896679,
                0.1819845438,
                0.0379761569202,
                0.00526313250884,
                0.000291918084258
            ],
            "median": [
                0.656362950802,
                0.387613236904,
                0.280334293842,
                0.934263944626,
                2.19314050674,
                5.33142185211,
                7.41778850555,
                11.4204835892,
                9.14063072205,
                10.6248617172,
                10.0455389023,
                9.30082988739,
                10.067650795,
                4.37800216675,
                4.19740915298,
                3.03787493706,
                3.37587189674,
                4.71587514877,
                4.30874347687,
                5.0980591774,
                8.56170654297,
                11.1419267654,
                9.50406360626,
                10.0027112961,
                8.50196456909,
                6.98244905472,
                5.00888872147,
                4.30769872665,
                4.44589567184,
                4.50274324417,
                3.45830345154,
                3.56014442444,
                3.00999093056,
                1.92611527443,
                0.913448154926,
                0.317182898521,
                0.0789752453566,
                0.0131841888651,
                0.00112583814189,
                9.39566234592e-05
            ],
            "min": [
                1.37153603658e-22,
                1.13034341777e-21,
                1.3843541049e-21,
                7.17795427728e-21,
                1.68035586053e-20,
                5.52182220711e-20,
                5.55260237319e-20,
                1.36203301169e-19,
                2.22631138225e-19,
                2.93668090912e-19,
                4.5393960787e-19,
                4.86759342842e-19,
                7.14427261364e-19,
                6.85671671537e-19,
                1.55552554962e-18,
                2.10507663804e-18,
                1.82740182578e-18,
                2.12616291942e-18,
                1.77227644181e-18,
                3.48321785479e-18,
                3.84816415079e-18,
                4.69711781142e-18,
                6.89298000324e-18,
                6.40343383721e-18,
                8.5730404892e-18,
                9.9734382411e-18,
                7.9577785865e-18,
                1.02561553396e-17,
                1.12861523665e-17,
                1.47746947829e-17,
                1.21372426347e-17,
                1.16414975772e-17,
                9.77064912367e-18,
                9.82809847157e-18,
                5.42967516575e-18,
                3.71382546981e-18,
                2.19507699062e-18,
                9.62977302752e-19,
                2.66835980352e-19,
                2.70550470436e-20
            ],
            "var": [
                1.78347694874,
                15.3143539429,
                143.198181152,
                676.065795898,
                426.341003418,
                147.286315918,
                148.968017578,
                678.093994141,
                1565.9128418,
                884.070617676,
                710.85168457,
                875.71697998,
                771.588256836,
                282.967437744,
                371.551544189,
                654.424316406,
                586.471252441,
                545.20715332,
                423.751342773,
                496.130584717,
                671.596374512,
                724.668640137,
                791.366699219,
                1082.62658691,
                1294.4387207,
                1248.2130127,
                783.045532227,
                740.235168457,
                441.835571289,
                370.716094971,
                278.953796387,
                241.425933838,
                112.596054077,
                34.6808929443,
                13.3455028534,
                1.92895150185,
                0.130461364985,
                0.0107320006937,
                0.00025832792744,
                6.82892050463e-07
            ]
        },
        "erbbands_crest": {
            "dmean": 2.31789755821,
            "dmean2": 3.80612826347,
            "dvar": 5.44409370422,
            "dvar2": 14.1446695328,
            "max": 32.6558074951,
            "mean": 7.86848449707,
            "median": 7.05625534058,
            "min": 2.42293071747,
            "var": 12.806886673
        },
        "erbbands_flatness_db": {
            "dmean": 0.0129971224815,
            "dmean2": 0.0203085783869,
            "dvar": 0.000171263629454,
            "dvar2": 0.000395951676182,
            "max": 0.344778209925,
            "mean": 0.128343909979,
            "median": 0.107200294733,
            "min": 0.0370744094253,
            "var": 0.00342862354591
        },
        "erbbands_kurtosis": {
            "dmean": 0.751856505871,
            "dmean2": 1.21258831024,
            "dvar": 1.57088947296,
            "dvar2": 3.7055182457,
            "max": 40.0512428284,
            "mean": -0.274294495583,
            "median": -0.717098474503,
            "min": -1.81169009209,
            "var": 2.8032348156
        },
        "erbbands_skewness": {
            "dmean": 0.393019974232,
            "dmean2": 0.590932905674,
            "dvar": 0.157011300325,
            "dvar2": 0.334486722946,
            "max": 5.46698236465,
            "mean": 0.224060297012,
            "median": 0.243969261646,
            "min": -4.65291023254,
            "var": 0.594343543053
        },
        "erbbands_spread": {
            "dmean": 10.3121271133,
            "dmean2": 16.1321372986,
            "dvar": 113.811607361,
            "dvar2": 263.968353271,
            "max": 193.214431763,
            "mean": 56.5611457825,
            "median": 55.0250205994,
            "min": 4.94208288193,
            "var": 409.854614258
        },
        "gfcc": {
            "cov": [
                [
                    13854.3125,
                    -1454.62463379,
                    819.801940918,
                    889.465637207,
                    -385.698974609,
                    1470.34814453,
                    -440.41317749,
                    582.57421875,
                    31.2064533234,
                    437.798980713,
                    84.2367477417,
                    401.200134277,
                    -142.984390259
                ],
                [
                    -1454.62463379,
                    2091.0769043,
                    -918.936401367,
                    -173.105133057,
                    266.505157471,
                    -939.523925781,
                    248.86541748,
                    -424.513946533,
                    -92.0433578491,
                    -305.083129883,
                    -29.2465801239,
                    -273.477081299,
                    59.4631881714
                ],
                [
                    819.801940918,
                    -918.936401367,
                    1294.68615723,
                    232.54524231,
                    88.7680130005,
                    875.631530762,
                    -98.8890991211,
                    365.109710693,
                    243.258102417,
                    262.64831543,
                    68.5292434692,
                    240.364334106,
                    -15.444943428
                ],
                [
                    889.465637207,
                    -173.105133057,
                    232.54524231,
                    420.805755615,
                    26.6840705872,
                    210.193557739,
                    30.5752925873,
                    116.314369202,
                    87.6552505493,
                    65.0183792114,
                    51.2584190369,
                    65.0844268799,
                    26.7628326416
                ],
                [
                    -385.698974609,
                    266.505157471,
                    88.7680130005,
                    26.6840705872,
                    336.835327148,
                    35.5218009949,
                    149.949630737,
                    18.5724563599,
                    99.2324905396,
                    49.7192878723,
                    57.6634635925,
                    17.8949642181,
                    44.0472717285
                ],
                [
                    1470.34814453,
                    -939.523925781,
                    875.631530762,
                    210.193557739,
                    35.5218009949,
                    983.532592773,
                    -33.7704315186,
                    348.101989746,
                    182.164871216,
                    267.107818604,
                    97.5799484253,
                    204.189926147,
                    -21.3898887634
                ],
                [
                    -440.41317749,
                    248.86541748,
                    -98.8890991211,
                    30.5752925873,
                    149.949630737,
                    -33.7704315186,
                    341.21496582,
                    15.9451570511,
                    17.5925979614,
                    27.4907932281,
                    64.7891311646,
                    -7.8130273819,
                    28.7271518707
                ],
                [
                    582.57421875,
                    -424.513946533,
                    365.109710693,
                    116.314369202,
                    18.5724563599,
                    348.101989746,
                    15.9451570511,
                    303.898345947,
                    112.637489319,
                    115.522903442,
                    60.1772880554,
                    111.15940094,
                    16.7260494232
                ],
                [
                    31.2064533234,
                    -92.0433578491,
                    243.258102417,
                    87.6552505493,
                    99.2324905396,
                    182.164871216,
                    17.5925979614,
                    112.637489319,
                    251.830245972,
                    95.9900360107,
                    32.4566955566,
                    77.7081375122,
                    37.8080940247
                ],
                [
                    437.798980713,
                    -305.083129883,
                    262.64831543,
                    65.0183792114,
                    49.7192878723,
                    267.107818604,
                    27.4907932281,
                    115.522903442,
                    95.9900360107,
                    202.07661438,
                    76.5415420532,
                    83.7132263184,
                    21.4246520996
                ],
                [
                    84.2367477417,
                    -29.2465801239,
                    68.5292434692,
                    51.2584190369,
                    57.6634635925,
                    97.5799484253,
                    64.7891311646,
                    60.1772880554,
                    32.4566955566,
                    76.5415420532,
                    145.186889648,
                    57.9058952332,
                    23.5528812408
                ],
                [
                    401.200134277,
                    -273.477081299,
                    240.364334106,
                    65.0844268799,
                    17.8949642181,
                    204.189926147,
                    -7.8130273819,
                    111.15940094,
                    77.7081375122,
                    83.7132263184,
                    57.9058952332,
                    174.297088623,
                    42.7751731873
                ],
                [
                    -142.984390259,
                    59.4631881714,
                    -15.444943428,
                    26.7628326416,
                    44.0472717285,
                    -21.3898887634,
                    28.7271518707,
                    16.7260494232,
                    37.8080940247,
                    21.4246520996,
                    23.5528812408,
                    42.7751731873,
                    90.8969955444
                ]
            ],
            "icov": [
                [
                    0.000130800515763,
                    -0.00012030871585,
                    0.00019637242076,
                    -0.00027101879823,
                    7.14066700311e-05,
                    -0.000256422790699,
                    0.000223760915105,
                    -0.000162164520589,
                    0.000208425160963,
                    -0.000324432534399,
                    0.000220510031795,
                    -0.000351618655259,
                    0.000359906232916
                ],
                [
                    -0.00012030871585,
                    0.00155149050988,
                    -9.9043638329e-05,
                    0.000244532624492,
                    -0.000993847032078,
                    0.000895773118827,
                    -0.00063774001319,
                    0.00094605225604,
                    -0.00077219796367,
                    0.00154779292643,
                    -0.000993347726762,
                    0.00135253893677,
                    -0.000995895941742
                ],
                [
                    0.00019637242076,
                    -9.9043638329e-05,
                    0.00276278890669,
                    -0.000694263435435,
                    -0.00074916187441,
                    -0.00182173482608,
                    0.00108021928463,
                    -0.000816263258457,
                    -0.000117900817713,
                    -0.000862427812535,
                    0.00107299874071,
                    -0.00164559052791,
                    0.00153938331641
                ],
                [
                    -0.00027101879823,
                    0.000244532624492,
                    -0.000694263435435,
                    0.00347106577829,
                    0.000180647271918,
                    0.000214324842091,
                    -0.000780623871833,
                    1.56379846885e-05,
                    -0.000952915754169,
                    0.00113649934065,
                    -0.00108736508992,
                    0.000979852746241,
                    -0.00157038879115
                ],
                [
                    7.14066700311e-05,
                    -0.000993847032078,
                    -0.00074916187441,
                    0.000180647271918,
                    0.00537333264947,
                    -0.000351025140844,
                    -0.00152130506467,
                    0.000276674894849,
                    -0.00113153026905,
                    -0.000767713296227,
                    -0.000529356941115,
                    0.000139395386213,
                    -0.000951382215135
                ],
                [
                    -0.000256422790699,
                    0.000895773118827,
                    -0.00182173482608,
                    0.000214324842091,
                    -0.000351025140844,
                    0.00430117500946,
                    -0.000708733161446,
                    -0.000633830786683,
                    -0.000466301920824,
                    -0.000623597530648,
                    -0.000899641658179,
                    0.000478844303871,
                    0.000509577454068
                ],
                [
                    0.000223760915105,
                    -0.00063774001319,
                    0.00108021928463,
                    -0.000780623871833,
                    -0.00152130506467,
                    -0.000708733161446,
                    0.00479482393712,
                    -0.00125962856691,
                    0.000928203342482,
                    -0.00136717781425,
                    -0.000436980364611,
                    -0.000507013464812,
                    0.000757407222409
                ],
                [
                    -0.000162164520589,
                    0.00094605225604,
                    -0.000816263258457,
                    1.56379846885e-05,
                    0.000276674894849,
                    -0.000633830786683,
                    -0.00125962856691,
                    0.00720473984256,
                    -0.00168834417127,
                    0.00112934352364,
                    -0.00146268494427,
                    9.41960533964e-05,
                    -0.00145742006134
                ],
                [
                    0.000208425160963,
                    -0.00077219796367,
                    -0.000117900817713,
                    -0.000952915754169,
                    -0.00113153026905,
                    -0.000466301920824,
                    0.000928203342482,
                    -0.00168834417127,
                    0.00694466661662,
                    -0.00263470131904,
                    0.00174252572469,
                    -0.00171254004817,
                    -0.000363734056009
                ],
                [
                    -0.000324432534399,
                    0.00154779292643,
                    -0.000862427812535,
                    0.00113649934065,
                    -0.000767713296227,
                    -0.000623597530648,
                    -0.00136717781425,
                    0.00112934352364,
                    -0.00263470131904,
                    0.0118752233684,
                    -0.00448618503287,
                    0.0016323227901,
                    -0.00286333682016
                ],
                [
                    0.000220510031795,
                    -0.000993347726762,
                    0.00107299874071,
                    -0.00108736508992,
                    -0.000529356941115,
                    -0.000899641658179,
                    -0.000436980364611,
                    -0.00146268494427,
                    0.00174252572469,
                    -0.00448618503287,
                    0.0113578913733,
                    -0.00378982233815,
                    0.00112429168075
                ],
                [
                    -0.000351618655259,
                    0.00135253893677,
                    -0.00164559052791,
                    0.000979852746241,
                    0.000139395386213,
                    0.000478844303871,
                    -0.000507013464812,
                    9.41960533964e-05,
                    -0.00171254004817,
                    0.0016323227901,
                    -0.00378982233815,
                    0.0127501273528,
                    -0.00650848494843
                ],
                [
                    0.000359906232916,
                    -0.000995895941742,
                    0.00153938331641,
                    -0.00157038879115,
                    -0.000951382215135,
                    0.000509577454068,
                    0.000757407222409,
                    -0.00145742006134,
                    -0.000363734056009,
                    -0.00286333682016,
                    0.00112429168075,
                    -0.00650848494843,
                    0.0171504840255
                ]
            ],
            "mean": [
                8.19847488403,
                62.9120254517,
                -95.6970977783,
                32.3736228943,
                -61.1969642639,
                1.57939171791,
                -38.255947113,
                15.7003755569,
                -17.4001407623,
                5.32893180847,
                -10.1901378632,
                4.75014877319,
                -5.57550811768
            ]
        },
        "hfc": {
            "dmean": 10.9039783478,
            "dmean2": 16.3980522156,
            "dvar": 622.793029785,
            "dvar2": 1292.85681152,
            "max": 285.180206299,
            "mean": 25.7494354248,
            "median": 18.9730415344,
            "min": 1.10793226372e-16,
            "var": 906.385742188
        },
        "melbands": {
            "dmean": [
                0.00269204331562,
                0.00149320438504,
                0.00126919709146,
                0.000417936884332,
                0.000194910171558,
                0.000211171296542,
                0.000195199128939,
                0.00014202168677,
                8.34861348267e-05,
                8.37639599922e-05,
                5.7464454585e-05,
                2.57327083091e-05,
                2.02334485948e-05,
                3.17517879012e-05,
                1.68337719515e-05,
                2.33831615333e-05,
                1.60626805155e-05,
                1.3136036614e-05,
                1.46843804032e-05,
                1.09598922791e-05,
                1.33951753014e-05,
                1.30777289087e-05,
                9.1205120043e-06,
                1.02927870103e-05,
                9.50558478507e-06,
                9.40424433793e-06,
                6.93870333635e-06,
                7.31135378373e-06,
