{
    "lowlevel": {
        "average_loudness": 0.645598471165,
        "barkbands": {
            "dmean": [
                0.000317422964144,
                0.00398635724559,
                0.00186656042933,
                0.00109375710599,
                0.00147153064609,
                0.000670164998155,
                0.000698653107975,
                0.00061032368103,
                0.00092498032609,
                0.000796805368736,
                0.000755832064897,
                0.000608705158811,
                0.00053636188386,
                0.00034170303843,
                0.000338192767231,
                0.00030544155743,
                0.000246959622018,
                0.000184342366992,
                0.000133831505082,
                8.68271745276e-05,
                3.36671728292e-05,
                2.51997844316e-05,
                2.24983868975e-05,
                3.9192942495e-05,
                3.42156999977e-05,
                2.01123148145e-05,
                5.06785772814e-06
            ],
            "dmean2": [
                0.000510289566591,
                0.00666949152946,
                0.00312516628765,
                0.00189664261416,
                0.00248624244705,
                0.00106044567656,
                0.00112967588939,
                0.000933720206376,
                0.00143293861765,
                0.00125203037169,
                0.00117141124792,
                0.000942771090195,
                0.000852853700053,
                0.000553143501747,
                0.000547865522094,
                0.0004933156888,
                0.00039609381929,
                0.000292087730486,
                0.000215187828871,
                0.000133353460114,
                5.37734595127e-05,
                3.65324158338e-05,
                3.08663620672e-05,
                5.69313742744e-05,
                4.91145292472e-05,
                2.93743123621e-05,
                7.62835225032e-06
            ],
            "dvar": [
                6.93054289513e-07,
                6.74244220136e-05,
                3.20871404256e-05,
                8.55564940139e-06,
                1.33683533932e-05,
                2.17983233597e-06,
                2.15066188503e-06,
                1.81370864993e-06,
                6.0743418544e-06,
                7.14280849934e-06,
                9.95495429379e-06,
                3.10625841848e-06,
                1.64577102169e-06,
                9.02736871922e-07,
                8.24822166123e-07,
                7.98464100171e-07,
                2.64714373088e-07,
                1.70230151753e-07,
                8.22685635171e-08,
                3.45711228533e-08,
                5.00649166568e-09,
                4.8720187884e-09,
                6.81440814887e-09,
                8.96842990983e-08,
                6.6147201494e-08,
                3.78555427005e-08,
                7.20371229335e-09
            ],
            "dvar2": [
                1.72191892034e-06,
                0.000179204056622,
                8.44385431265e-05,
                2.58694835793e-05,
                3.72985268768e-05,
                5.45109696759e-06,
                5.53194286113e-06,
                4.15366548623e-06,
                1.48301160152e-05,
                1.73990956682e-05,
                2.20659730985e-05,
                7.11371285433e-06,
                4.08414689446e-06,
                2.11914357351e-06,
                1.90557625501e-06,
                1.93109849533e-06,
                6.15362353074e-07,
                3.9050840428e-07,
                2.07484163184e-07,
                7.18878254702e-08,
                1.215589851e-08,
                1.03108837024e-08,
                1.14111280425e-08,
                1.88225754982e-07,
                1.24761768916e-07,
                7.39511492043e-08,
                1.68346421248e-08
            ],
            "max": [
                0.0204670149833,
                0.1094494313,
                0.0634255483747,
                0.0384414866567,
                0.0453858114779,
                0.0373373962939,
                0.0367738120258,
                0.0276137907058,
                0.0585159361362,
                0.0626969635487,
                0.108010455966,
                0.0586508885026,
                0.0270335450768,
                0.0336743667722,
                0.0222423933446,
                0.0282382946461,
                0.013843675144,
                0.00972141418606,
                0.0104001816362,
                0.00729402387515,
                0.00259854691103,
                0.00257263286039,
                0.0049780649133,
                0.0137574160472,
                0.0126687930897,
                0.010993828997,
                0.00716651137918
            ],
            "mean": [
                0.000608359579928,
                0.00701327761635,
                0.00203680503182,
                0.00120673095807,
                0.00219944841228,
                0.00126406480558,
                0.00122210476547,
                0.00109842268284,
                0.00169136933982,
                0.00142174120992,
                0.00124185113236,
                0.00102662446443,
                0.000976075651124,
                0.000522290938534,
                0.000560239423066,
                0.000514781568199,
                0.000479901733343,
                0.000347289373167,
                0.00030227022944,
                0.000205067524803,
                8.13081423985e-05,
                4.69603583042e-05,
                4.17071605625e-05,
                6.31298316875e-05,
                4.72614992759e-05,
                2.79901414615e-05,
                6.04332808507e-06
            ],
            "median": [
                7.18185183359e-05,
                0.00223480397835,
                0.000582332024351,
                0.000359020195901,
                0.00101831834763,
                0.000553864578251,
                0.000487287616124,
                0.000421219214331,
                0.000479360693134,
                0.00034840538865,
                0.00026777619496,
                0.000229538185522,
                0.000290259718895,
                0.000172685162397,
                0.000215596242924,
                0.00018054638349,
                0.000200581300305,
                0.00014283330529,
                0.000131552951643,
                9.52075133682e-05,
                3.56107520929e-05,
                1.73290554812e-05,
                1.11418721644e-05,
                1.06941606646e-05,
                5.74501382289e-06,
                2.8804579415e-06,
                4.37436909806e-07
            ],
            "min": [
                3.25954934803e-25,
                1.70317376855e-24,
                1.2690504976e-24,
                1.19488179529e-24,
                6.29684315107e-24,
                8.75304046557e-24,
                1.13243120758e-23,
                6.89321883998e-24,
                1.97540457879e-23,
                1.60664776211e-23,
                1.1248138089e-23,
                2.48540757164e-23,
                3.06218480021e-23,
                3.91872776229e-23,
                5.15682002503e-23,
                4.91609123119e-23,
                6.40477683562e-23,
                9.68755649056e-23,
                1.40714029535e-22,
                1.86373286107e-22,
                2.59234991046e-22,
                3.37058631079e-22,
                4.38686634866e-22,
                5.8515359348e-22,
                8.22419578244e-22,
                1.33849616897e-21,
                1.82890622983e-21
            ],
            "var": [
                1.48248659571e-06,
                0.000123666308355,
                2.7403319109e-05,
                7.46500518289e-06,
                1.38139976116e-05,
                5.75883314013e-06,
                4.30684804087e-06,
                4.34476169175e-06,
                1.32722516355e-05,
                1.48994768097e-05,
                2.36122814385e-05,
                7.80630398367e-06,
                4.37729158875e-06,
                1.49913330461e-06,
                1.44428759086e-06,
                1.30110765895e-06,
                7.53066785819e-07,
                3.61535654747e-07,
                2.11673565786e-07,
                1.16119906579e-07,
                1.46971279591e-08,
                9.61017576628e-09,
                1.79891994634e-08,
                1.89430750197e-07,
                1.15640617082e-07,
                6.95717332633e-08,
                7.76068898034e-09
            ]
        },
        "barkbands_crest": {
            "dmean": 2.60689973831,
            "dmean2": 4.2782998085,
            "dvar": 6.87491559982,
            "dvar2": 18.355386734,
            "max": 26.7143421173,
            "mean": 10.3473186493,
            "median": 9.35425758362,
            "min": 2.426633358,
            "var": 21.8780994415
        },
        "barkbands_flatness_db": {
            "dmean": 0.021440980956,
            "dmean2": 0.0322334319353,
            "dvar": 0.000741069496144,
            "dvar2": 0.0014861181844,
            "max": 0.69712126255,
            "mean": 0.156549096107,
            "median": 0.13141104579,
            "min": 0.021727912128,
            "var": 0.00711529934779
        },
        "barkbands_kurtosis": {
            "dmean": 5.47173452377,
            "dmean2": 8.78161811829,
            "dvar": 1103.84130859,
            "dvar2": 3080.86572266,
            "max": 1506.3269043,
            "mean": 7.43416547775,
            "median": 1.13133716583,
            "min": -1.95219111443,
            "var": 1606.09692383
        },
        "barkbands_skewness": {
            "dmean": 0.567936360836,
            "dmean2": 0.868411362171,
            "dvar": 1.02689301968,
            "dvar2": 2.58384513855,
            "max": 35.5694351196,
            "mean": 1.32631969452,
            "median": 1.01910328865,
            "min": -6.47376918793,
            "var": 3.07754540443
        },
        "barkbands_spread": {
            "dmean": 4.67445230484,
            "dmean2": 7.24808979034,
            "dvar": 64.6791000366,
            "dvar2": 139.740844727,
            "max": 121.585746765,
            "mean": 19.0489311218,
            "median": 18.3211021423,
            "min": 0.0533111281693,
            "var": 183.31590271
        },
        "dissonance": {
            "dmean": 0.0206230245531,
            "dmean2": 0.0343324281275,
            "dvar": 0.000452497013612,
            "dvar2": 0.00118411611766,
            "max": 0.500000178814,
            "mean": 0.452599555254,
            "median": 0.466604590416,
            "min": 0.171035170555,
            "var": 0.00183440942783
        },
        "dynamic_complexity": 6.83633184433,
        "erbbands": {
            "dmean": [
                0.158961355686,
                0.813933610916,
                1.86674380302,
                2.73816800117,
                5.10665464401,
                5.04856348038,
                3.43110466003,
                7.24814558029,
                8.43704509735,
                12.5644903183,
                10.674369812,
                24.2462463379,
                22.9251441956,
                23.8099746704,
                31.3684444427,
                24.3179531097,
                24.1228656769,
                18.4152374268,
                16.4328861237,
                15.2402391434,
                14.2792882919,
                12.2023010254,
                10.8975372314,
                6.39258098602,
                6.66799354553,
                3.89387655258,
                1.71868407726,
                1.17255449295,
                0.920038998127,
                0.79702013731,
                0.630952477455,
                0.604505479336,
                0.770560503006,
                0.450992703438,
                0.214925765991,
                0.0857354700565,
                0.0409970805049,
                0.00875677820295,
                0.000907991954591,
                3.13494820148e-05
            ],
            "dmean2": [
                0.263291060925,
                1.37738931179,
                3.12221169472,
                4.64727401733,
                8.74569702148,
                8.45047092438,
                5.54857158661,
                11.425160408,
                13.5179929733,
                19.5381069183,
                16.6152248383,
                37.2364845276,
                35.5673446655,
                37.0811843872,
                47.8460235596,
                37.3975791931,
                38.1336555481,
                29.3509559631,
                26.0398159027,
                24.6362037659,
                22.5271244049,
                19.3221702576,
                17.0821456909,
                10.1543664932,
                10.6791620255,
                5.95940256119,
                2.72399568558,
                1.84846770763,
                1.32947552204,
                1.10206103325,
                0.877028226852,
                0.878176093102,
                1.12437260151,
                0.636330604553,
                0.315450161695,
                0.130242884159,
                0.0595857985318,
                0.0130077460781,
                0.00136684661265,
                4.60791779915e-05
            ],
            "dvar": [
                0.130829006433,
                2.63004469872,
                24.9442520142,
                62.3173294067,
                184.136962891,
                126.244178772,
                42.739315033,
                280.718933105,
                403.409484863,
                653.272827148,
                669.397827148,
                4214.47363281,
                5588.01953125,
                8458.78417969,
                18742.2675781,
                5607.74023438,
                3220.265625,
                1895.28564453,
                1976.09204102,
                1633.26782227,
                1883.45178223,
                594.47644043,
                582.037353516,
                163.842727661,
                268.475830078,
                68.4020080566,
                12.8667554855,
                6.79693126678,
                6.43111276627,
                5.66331481934,
                6.02561855316,
                14.5753002167,
                39.0795059204,
                13.0776367188,
                2.74017763138,
                0.504576385021,
                0.181484162807,
                0.015733057633,
                0.000239319866523,
                1.08892635353e-07
            ],
            "dvar2": [
                0.336772352457,
                7.17422389984,
                65.9709243774,
                169.325790405,
                524.265563965,
                347.606994629,
                109.656112671,
                696.612487793,
                1104.70983887,
                1518.33752441,
                1513.67004395,
                10163.8964844,
                13274.8916016,
                20107.1191406,
                40275.4921875,
                12713.5380859,
                7883.51708984,
                4684.21337891,
                4320.375,
                4017.64282227,
                4309.46337891,
                1400.58203125,
                1334.40979004,
                394.561004639,
                688.196655273,
                142.885177612,
                30.7409152985,
                16.7252788544,
                13.8313703537,
                10.53312397,
                10.5621299744,
                31.0416660309,
                80.845489502,
                24.6330432892,
                5.80902051926,
                1.05502188206,
                0.347497969866,
                0.0316075310111,
                0.000564212678,
                2.22874163569e-07
            ],
            "max": [
                4.7784113884,
                21.2273979187,
                60.0121498108,
                96.8732452393,
                142.253829956,
                198.271224976,
                167.105041504,
                429.415679932,
                755.41418457,
                477.033081055,
                711.374206543,
                1455.03161621,
                2373.66210938,
                2948.21484375,
                5328.17675781,
                2990.76196289,
                1281.03735352,
                1012.90783691,
                1739.05114746,
                1067.84741211,
                1336.75402832,
                541.052185059,
                677.242431641,
                320.833740234,
                712.70715332,
                298.709991455,
                140.037078857,
                100.468322754,
                107.081466675,
                96.9179382324,
                150.807037354,
                205.800842285,
                282.7684021,
                207.527145386,
                85.7943572998,
                43.1607055664,
                24.7745800018,
                8.62409877777,
                1.30603647232,
                0.0287375580519
            ],
            "mean": [
                0.270003855228,
                1.2839962244,
                2.34964036942,
                3.30016160011,
                5.92016220093,
                7.68007087708,
                6.66128730774,
                13.3312683105,
                15.700299263,
                23.4975948334,
                20.0459384918,
                46.0490837097,
                42.595867157,
                43.1323127747,
                56.6208152771,
                44.3699798584,
                45.7141914368,
                33.0631256104,
                28.8733043671,
                27.9219665527,
                26.9737529755,
                24.9565925598,
                22.1217937469,
                14.4552707672,
                15.0357694626,
                9.60279369354,
                4.53334665298,
                2.67396879196,
                1.74922299385,
                1.44173693657,
                1.15067791939,
                1.01680862904,
                1.19594812393,
                0.635796546936,
                0.282575488091,
                0.114142633975,
                0.0568373315036,
                0.0112549895421,
                0.00109323428478,
                6.45118780085e-05
            ],
            "median": [
                0.0653754621744,
                0.432865858078,
                0.829667210579,
                1.11215233803,
                1.94179463387,
                3.51162052155,
                3.59806752205,
                5.61378908157,
                7.1614818573,
                10.7214689255,
                9.06411170959,
                13.7565498352,
                12.9500293732,
                12.774725914,
                12.9650011063,
                12.5975379944,
                15.7843952179,
                13.6962871552,
                12.7394981384,
                11.0509757996,
                10.9227800369,
                11.0363922119,
                9.71076965332,
                6.7809677124,
                6.89238071442,
                4.63872241974,
                2.03607344627,
                1.13059389591,
                0.662746429443,
                0.462388634682,
                0.316306948662,
                0.233896002173,
                0.155945688486,
                0.0660235434771,
                0.0398599207401,
                0.0154712451622,
                0.0047156624496,
                0.00075378397014,
                9.16339922696e-05,
                3.58641591447e-05
            ],
            "min": [
                3.57413722613e-23,
                4.99835396193e-22,
                1.91385157989e-21,
                3.83571889535e-21,
                8.2979277461e-21,
                2.33789481571e-20,
                4.61467520131e-20,
                8.94299598419e-20,
                1.61891731134e-19,
                2.72903065802e-19,
                3.84695414065e-19,
                5.0303086437e-19,
                3.12758592269e-19,
                6.34083415262e-19,
                8.07639297762e-19,
                1.38017297913e-18,
                1.77860168516e-18,
                2.08085968484e-18,
                3.02722668391e-18,
                3.03821701911e-18,
                3.69196804931e-18,
                4.83031746469e-18,
                5.10957239872e-18,
                5.81781064304e-18,
                7.31590462914e-18,
                8.85112041317e-18,
                9.54853541277e-18,
                1.12312350185e-17,
                1.03887805159e-17,
                1.19810196498e-17,
                1.25226748857e-17,
                1.13206218098e-17,
                9.27296763632e-18,
                7.09062860675e-18,
                6.54678010146e-18,
                4.19867242278e-18,
                2.28278481212e-18,
                8.99594898508e-19,
                2.61947963318e-19,
                2.46010865095e-20
            ],
            "var": [
                0.235561281443,
                4.25579595566,
                23.8784103394,
                60.0921401978,
                158.639053345,
                160.767211914,
                93.3547592163,
                721.591247559,
                777.986877441,
                1450.21850586,
                1501.50585938,
                9678.89746094,
                11377.4853516,
                17298.78125,
                51282.6953125,
                14220.9912109,
                8529.45605469,
                3712.15551758,
                3619.08374023,
                2895.1340332,
                3240.70214844,
                1757.47766113,
                1425.50939941,
                485.620391846,
                560.396179199,
                230.496871948,
                49.9765663147,
                17.1764621735,
                12.8245859146,
                13.3221616745,
                15.0449380875,
                28.6273899078,
                83.7579803467,
                24.299539566,
                3.84082365036,
                0.731674253941,
                0.348869234324,
                0.0234400592744,
                0.000251999910688,
                1.55290493353e-07
            ]
        },
        "erbbands_crest": {
            "dmean": 2.58214235306,
            "dmean2": 4.08697366714,
            "dvar": 7.37193012238,
            "dvar2": 18.2596035004,
            "max": 32.3318824768,
            "mean": 10.0430927277,
            "median": 8.76198196411,
            "min": 2.44842410088,
            "var": 26.4619884491
        },
        "erbbands_flatness_db": {
            "dmean": 0.0183337070048,
            "dmean2": 0.0263667479157,
            "dvar": 0.000465887918836,
            "dvar2": 0.000888418755494,
            "max": 0.517399966717,
            "mean": 0.182865440845,
            "median": 0.17222827673,
            "min": 0.0396247729659,
            "var": 0.00380931119435
        },
        "erbbands_kurtosis": {
            "dmean": 1.21743369102,
            "dmean2": 1.86020004749,
            "dvar": 19.7165699005,
            "dvar2": 30.824930191,
            "max": 359.289581299,
            "mean": 1.50980532169,
            "median": 0.193426251411,
            "min": -1.83029174805,
            "var": 71.0913085938
        },
        "erbbands_skewness": {
            "dmean": 0.356599032879,
            "dmean2": 0.535653650761,
            "dvar": 0.206647768617,
            "dvar2": 0.41696369648,
            "max": 15.1537284851,
            "mean": 0.403270214796,
            "median": 0.317715108395,
            "min": -5.30088949203,
            "var": 0.950846016407
        },
        "erbbands_spread": {
            "dmean": 6.43696069717,
            "dmean2": 9.85548782349,
            "dvar": 109.975601196,
            "dvar2": 250.066711426,
            "max": 194.662109375,
            "mean": 28.2704429626,
            "median": 25.9594764709,
            "min": 0.513414978981,
            "var": 292.53302002
        },
        "gfcc": {
            "cov": [
                [
                    35837.65625,
                    -3316.07861328,
                    -4387.27539062,
                    1888.01611328,
                    -1073.30529785,
                    1035.89282227,
                    186.868179321,
                    1196.62890625,
                    -154.951705933,
                    593.396057129,
                    -33.5245246887,
                    581.01171875,
                    -95.1196517944
                ],
                [
                    -3316.07861328,
                    2273.91967773,
                    59.9168548584,
                    -399.805389404,
                    358.554992676,
                    -355.581634521,
                    92.2381439209,
                    -275.758605957,
                    133.037322998,
                    -165.305587769,
                    73.1708450317,
                    -122.480117798,
                    82.7337875366
                ],
                [
                    -4387.27539062,
                    59.9168548584,
                    1427.2545166,
                    -140.852005005,
                    42.7827110291,
                    45.1536216736,
                    -103.041107178,
                    -112.468490601,
                    -7.73907327652,
                    -45.0878257751,
                    -39.6713943481,
                    -57.1559562683,
                    -14.9461097717
                ],
                [
                    1888.01611328,
                    -399.805389404,
                    -140.852005005,
                    602.199768066,
                    8.46357917786,
                    106.343345642,
                    59.3441429138,
                    54.6661262512,
                    107.794433594,
                    78.3631896973,
                    -33.4183502197,
                    44.3267059326,
                    32.2777023315
                ],
                [
                    -1073.30529785,
                    358.554992676,
                    42.7827110291,
                    8.46357917786,
                    338.118865967,
                    -22.1649017334,
                    71.7382354736,
                    -29.5294647217,
                    95.0573043823,
                    -20.5173397064,
                    12.5568418503,
                    9.26344108582,
                    33.2220420837
                ],
                [
                    1035.89282227,
                    -355.581634521,
                    45.1536216736,
                    106.343345642,
                    -22.1649017334,
                    245.018936157,
                    41.1028862,
                    61.7460365295,
                    -5.57621145248,
                    49.4369621277,
                    -1.62408530712,
                    32.8288993835,
                    -20.6595687866
                ],
                [
                    186.868179321,
                    92.2381439209,
                    -103.041107178,
                    59.3441429138,
                    71.7382354736,
                    41.1028862,
                    197.915206909,
                    34.0081100464,
                    55.5372581482,
                    11.147313118,
                    26.0975856781,
                    10.83705616,
                    19.9114646912
                ],
                [
                    1196.62890625,
                    -275.758605957,
                    -112.468490601,
                    54.6661262512,
                    -29.5294647217,
                    61.7460365295,
                    34.0081100464,
                    187.860748291,
                    18.2256298065,
                    36.685092926,
                    5.59751987457,
                    26.5941028595,
                    -13.7357196808
                ],
                [
                    -154.951705933,
                    133.037322998,
                    -7.73907327652,
                    107.794433594,
                    95.0573043823,
                    -5.57621145248,
                    55.5372581482,
                    18.2256298065,
                    169.833084106,
                    34.9502906799,
                    -6.31539440155,
                    15.8199195862,
                    34.594455719
                ],
                [
                    593.396057129,
                    -165.305587769,
                    -45.0878257751,
                    78.3631896973,
                    -20.5173397064,
                    49.4369621277,
                    11.147313118,
                    36.685092926,
                    34.9502906799,
                    103.145843506,
                    14.212896347,
                    27.1383113861,
                    3.94991517067
                ],
                [
                    -33.5245246887,
                    73.1708450317,
                    -39.6713943481,
                    -33.4183502197,
                    12.5568418503,
                    -1.62408530712,
                    26.0975856781,
                    5.59751987457,
                    -6.31539440155,
                    14.212896347,
                    91.6942596436,
                    20.4250278473,
                    0.755973637104
                ],
                [
                    581.01171875,
                    -122.480117798,
                    -57.1559562683,
                    44.3267059326,
                    9.26344108582,
                    32.8288993835,
                    10.83705616,
                    26.5941028595,
                    15.8199195862,
                    27.1383113861,
                    20.4250278473,
                    94.3255691528,
                    27.4409313202
                ],
                [
                    -95.1196517944,
                    82.7337875366,
                    -14.9461097717,
                    32.2777023315,
                    33.2220420837,
                    -20.6595687866,
                    19.9114646912,
                    -13.7357196808,
                    34.594455719,
                    3.94991517067,
                    0.755973637104,
                    27.4409313202,
                    83.7312164307
                ]
            ],
            "icov": [
                [
                    0.000103061058326,
                    -9.21332393773e-05,
                    0.000269046315225,
                    -0.000236131891143,
                    0.000232172416872,
                    -0.000327903399011,
                    0.00012994062854,
                    -0.000383165694075,
                    0.000233387181652,
                    -0.000131504319143,
                    0.000209432037082,
                    -0.000375039235223,
                    0.00011118115799
                ],
                [
                    -9.21332393773e-05,
                    0.00119778432418,
                    -0.000149795989273,
                    0.00077722716378,
                    -0.000786191318184,
                    0.00100111891516,
                    -0.000500084890518,
                    0.00138168013655,
                    -0.00126549380366,
                    0.000950675515924,
                    -0.00113985943608,
                    0.00145196251106,
                    -0.000697554089129
                ],
                [
                    0.000269046315225,
                    -0.000149795989273,
                    0.00154959061183,
                    -0.000350617832737,
                    0.000438415474491,
                    -0.00137122592423,
                    0.000816265586764,
                    -0.000483132287627,
                    0.00019569543656,
                    -4.86003045808e-05,
                    0.000596136960667,
                    -0.000462161347969,
                    0.000147287079017
                ],
                [
                    -0.000236131891143,
                    0.00077722716378,
                    -0.000350617832737,
                    0.00313273095526,
                    -0.000621151120868,
                    0.000255222374108,
                    -0.000666969513986,
                    0.00147451879457,
                    -0.00228145625442,
                    -0.000119009542686,
                    9.70788387349e-05,
                    0.00110192433931,
                    -0.00101030722726
                ],
                [
                    0.000232172416872,
                    -0.000786191318184,
                    0.000438415474491,
                    -0.000621151120868,
                    0.00488545047119,
                    -0.00113862310536,
                    -0.000499483896419,
                    -0.00070587778464,
                    -0.00131270615384,
                    0.00076745293336,
                    0.000378621509299,
                    -0.00187888985965,
                    0.000260422966676
                ],
                [
                    -0.000327903399011,
                    0.00100111891516,
                    -0.00137122592423,
                    0.000255222374108,
                    -0.00113862310536,
                    0.00752215599641,
                    -0.00230772886425,
                    0.000756674213335,
                    0.000239791916101,
                    -0.00122152629774,
                    -0.00030710772262,
                    -7.4812094681e-05,
                    0.0012616708409
                ],
                [
                    0.00012994062854,
                    -0.000500084890518,
                    0.000816265586764,
                    -0.000666969513986,
                    -0.000499483896419,
                    -0.00230772886425,
                    0.00728889461607,
                    -0.00163643981796,
                    -0.00104828528129,
                    0.00060710060643,
                    -0.00166110217106,
                    0.000508212659042,
                    -0.00107551529072
                ],
                [
                    -0.000383165694075,
                    0.00138168013655,
                    -0.000483132287627,
                    0.00147451879457,
                    -0.00070587778464,
                    0.000756674213335,
                    -0.00163643981796,
                    0.00915970467031,
                    -0.00277861766517,
                    0.000333226838848,
                    -0.00137888011523,
                    0.00104336021468,
                    0.000706179009285
                ],
                [
                    0.000233387181652,
                    -0.00126549380366,
                    0.00019569543656,
                    -0.00228145625442,
                    -0.00131270615384,
                    0.000239791916101,
                    -0.00104828528129,
                    -0.00277861766517,
                    0.0113748479635,
                    -0.00455334037542,
                    0.00291032181121,
                    -0.00184810010251,
                    -0.00110201060306
                ],
                [
                    -0.000131504319143,
                    0.000950675515924,
                    -4.86003045808e-05,
                    -0.000119009542686,
                    0.00076745293336,
                    -0.00122152629774,
                    0.00060710060643,
                    0.000333226838848,
                    -0.00455334037542,
                    0.0147470235825,
                    -0.00372218806297,
                    -0.000290273223072,
                    -0.000432816945249
                ],
                [
                    0.000209432037082,
                    -0.00113985943608,
                    0.000596136960667,
                    9.70788387349e-05,
                    0.000378621509299,
                    -0.00030710772262,
                    -0.00166110217106,
                    -0.00137888011523,
                    0.00291032181121,
                    -0.00372218806297,
                    0.0145390713587,
                    -0.00490134814754,
                    0.00182419340126
                ],
                [
                    -0.000375039235223,
                    0.00145196251106,
                    -0.000462161347969,
                    0.00110192433931,
                    -0.00187888985965,
                    -7.4812094681e-05,
                    0.000508212659042,
                    0.00104336021468,
                    -0.00184810010251,
                    -0.000290273223072,
                    -0.00490134814754,
                    0.0171730183065,
                    -0.0063972058706
                ],
                [
                    0.00011118115799,
                    -0.000697554089129,
                    0.000147287079017,
                    -0.00101030722726,
                    0.000260422966676,
                    0.0012616708409,
                    -0.00107551529072,
                    0.000706179009285,
                    -0.00110201060306,
                    -0.000432816945249,
                    0.00182419340126,
                    -0.0063972058706,
                    0.0163096468896
                ]
            ],
            "mean": [
                -75.2203216553,
                118.166908264,
                -115.033554077,
                17.4720211029,
                -42.3483200073,
                7.37935161591,
                -30.3853111267,
                9.89759922028,
                -21.5654144287,
                1.59521639347,
                -9.62679576874,
                -2.45762038231,
                -9.07575893402
            ]
        },
        "hfc": {
            "dmean": 4.84143733978,
            "dmean2": 7.08773756027,
            "dvar": 89.6226272583,
            "dvar2": 177.823776245,
            "max": 294.962036133,
            "mean": 18.5883026123,
            "median": 13.9329662323,
            "min": 1.06845159483e-16,
            "var": 407.295043945
        },
        "melbands": {
            "dmean": [
                0.00121433846653,
                0.000964162813034,
                0.00053076405311,
                0.000365544168744,
                0.00013709605264,
                0.000150015519466,
                0.000136670496431,
                0.000138928880915,
                8.65288238856e-05,
                0.000161288495292,
                0.000115015085612,
                9.72511188593e-05,
                9.68978638411e-05,
                8.08916374808e-05,
                5.27600859641e-05,
                5.72271419514e-05,
                3.59174737241e-05,
                2.74451049336e-05,
                2.48303713306e-05,
                2.43843496719e-05,
                1.65685469256e-05,
                1.41935324791e-05,
                1.32448958539e-05,
                8.12876623968e-06,
                5.55383576284e-06,
                5.72399494558e-06,
                4.17160617872e-06,
