{
    "lowlevel": {
        "average_loudness": 0.625835478306,
        "barkbands": {
            "dmean": [
                0.000100086268503,
                0.00301478779875,
                0.00210175500251,
                0.000619334110525,
                0.000796506181359,
                0.000913724827114,
                0.000566603033803,
                0.000378178548999,
                0.00112536002416,
                0.000813591876067,
                0.000705254846253,
                0.000323248066707,
                0.000258901622146,
                0.000275998114375,
                0.000373764254618,
                0.000178236587089,
                9.75690418272e-05,
                0.000135136418976,
                7.89928890299e-05,
                0.000105543978862,
                6.76757917972e-05,
                5.66874732613e-05,
                4.53382344858e-05,
                3.25809814967e-05,
                3.32592207997e-05,
                2.51220626524e-06,
                2.01197622118e-07
            ],
            "dmean2": [
                0.000164425757248,
                0.0050978907384,
                0.00365414889529,
                0.0010789996013,
                0.00130067032296,
                0.00141211238224,
                0.000875283381902,
                0.000570471805986,
                0.00171246204991,
                0.00127368001267,
                0.00104932091199,
                0.000488580903038,
                0.00039425608702,
                0.00041799218161,
                0.00056165229762,
                0.000275917176623,
                0.000148913037265,
                0.000204760799534,
                0.00011528905452,
                0.000150652995217,
                0.000102722282463,
                8.27940748422e-05,
                6.64895851514e-05,
                4.55944827991e-05,
                4.50023908343e-05,
                3.5485513763e-06,
                3.21714509255e-07
            ],
            "dvar": [
                1.11644986589e-07,
                0.000104170343548,
                5.37977575732e-05,
                3.62767127626e-06,
                2.55947747974e-06,
                2.70819100479e-06,
                2.11815972762e-06,
                1.97267263502e-06,
                1.05586332211e-05,
                8.05891977507e-06,
                6.81599613017e-06,
                1.06450136172e-06,
                9.8234647794e-07,
                1.15863065275e-06,
                1.43555644172e-06,
                6.68069162657e-07,
                8.57958113443e-08,
                1.57505922971e-07,
                8.74351471225e-08,
                1.00387644864e-07,
                1.04779012133e-07,
                3.18715223102e-08,
                2.00397032302e-08,
                2.29249241812e-08,
                3.99796036277e-08,
                1.75917724832e-10,
                1.21381821695e-12
            ],
            "dvar2": [
                2.98628521023e-07,
                0.00028410422965,
                0.000150839288835,
                1.04452701635e-05,
                6.77484240441e-06,
                6.2497356339e-06,
                4.71478006148e-06,
                4.20841479354e-06,
                2.48557626037e-05,
                1.93669693545e-05,
                1.49027437146e-05,
                2.3780507945e-06,
                2.1168107196e-06,
                2.55626378021e-06,
                3.30931811732e-06,
                1.59227420227e-06,
                1.88631332776e-07,
                3.47858616578e-07,
                1.80256279236e-07,
                1.93134567894e-07,
                2.499323557e-07,
                6.53483738233e-08,
                4.24938626509e-08,
                4.0798784795e-08,
                6.25425045087e-08,
                3.2751004686e-10,
                2.91541010083e-12
            ],
            "max": [
                0.00931722577661,
                0.12771704793,
                0.0987680852413,
                0.0250140186399,
                0.0322995632887,
                0.03512930125,
                0.0435449331999,
                0.0325603336096,
                0.0644411370158,
                0.0772765874863,
                0.0804986506701,
                0.0337725095451,
                0.0358736105263,
                0.0302892941982,
                0.0336753539741,
                0.0203795470297,
                0.00945890229195,
                0.0132302753627,
                0.0132894087583,
                0.0101241348311,
                0.0193518772721,
                0.00570719828829,
                0.00506396777928,
                0.00523043936118,
                0.00665984628722,
                0.0008822887321,
                4.90543861815e-05
            ],
            "mean": [
                0.000124906000565,
                0.00464148726314,
                0.00343599845655,
                0.000924353545997,
                0.0017244523624,
                0.00194219162222,
                0.00113010650966,
                0.00060042279074,
                0.00256258109584,
                0.0015399371041,
                0.00166333944071,
                0.000597260659561,
                0.000476141693071,
                0.000427142775152,
                0.000647107604891,
                0.000253594043897,
                0.000183420692338,
                0.000256361643551,
                0.00014485794236,
                0.000219947294681,
                0.000117342860904,
                0.000115212358651,
                9.24147752812e-05,
                5.76694365009e-05,
                5.85916313867e-05,
                4.35425135947e-06,
                2.71455604661e-07
            ],
            "median": [
                3.0131173844e-05,
                0.0026183812879,
                0.00143424177077,
                0.000203936782782,
                0.000847889459692,
                0.000811098900158,
                0.000240216279053,
                0.000114483118523,
                0.000255306687905,
                7.747161726e-05,
                9.10299568204e-05,
                9.65406143223e-05,
                5.17379594385e-05,
                3.52075549017e-05,
                4.55523186247e-05,
                2.0308951207e-05,
                2.04006701097e-05,
                3.03461529256e-05,
                1.53962155309e-05,
                2.37386502704e-05,
                9.31359318201e-06,
                9.45822921494e-06,
                1.39867015605e-05,
                5.85269299336e-06,
                2.9391105727e-06,
                2.65712969849e-07,
                1.1464674543e-08
            ],
            "min": [
                5.32994123048e-23,
                3.06065661887e-23,
                4.32388861648e-23,
                9.27875362334e-23,
                9.58790379448e-23,
                6.04494708449e-23,
                4.0409172678e-23,
                2.74496931518e-23,
                6.95980359131e-23,
                9.92241742144e-23,
                8.52895269253e-23,
                6.36642872929e-23,
                8.87787028853e-23,
                1.2912682404e-22,
                8.201114091e-23,
                1.90097908648e-22,
                1.20886345159e-22,
                1.84999759364e-22,
                2.7557405482e-22,
                3.35314327089e-22,
                3.38635620827e-22,
                5.24793945493e-22,
                8.61052911428e-22,
                8.86524056233e-22,
                1.2409283376e-21,
                1.94347357194e-21,
                2.40893371679e-21
            ],
            "var": [
                1.33897827936e-07,
                8.37888073875e-05,
                4.44909310318e-05,
                3.75627564608e-06,
                7.02614534021e-06,
                9.41278449318e-06,
                8.03825605544e-06,
                4.34538378613e-06,
                4.73552718177e-05,
                2.96151702059e-05,
                3.80834098905e-05,
                3.84477971238e-06,
                2.59086505139e-06,
                2.27666714636e-06,
                3.10794621328e-06,
                9.55450900619e-07,
                2.41203707674e-07,
                3.98143555458e-07,
                2.24219860456e-07,
                3.31182747004e-07,
                1.5520548402e-07,
                8.57667856735e-08,
                4.75354440255e-08,
                5.59862236571e-08,
                1.08200211457e-07,
                4.30496527315e-10,
                1.80538038946e-12
            ]
        },
        "barkbands_crest": {
            "dmean": 2.28879642487,
            "dmean2": 3.63779401779,
            "dvar": 5.38903331757,
            "dvar2": 13.7011356354,
            "max": 26.6131191254,
            "mean": 12.4380435944,
            "median": 11.5915412903,
            "min": 2.79460811615,
            "var": 26.1337966919
        },
        "barkbands_flatness_db": {
            "dmean": 0.020386563614,
            "dmean2": 0.0305718109012,
            "dvar": 0.000540097244084,
            "dvar2": 0.00115366256796,
            "max": 0.541519224644,
            "mean": 0.213683307171,
            "median": 0.195496246219,
            "min": 0.0406935252249,
            "var": 0.00937798991799
        },
        "barkbands_kurtosis": {
            "dmean": 4.67887544632,
            "dmean2": 7.41748476028,
            "dvar": 112.595207214,
            "dvar2": 271.315002441,
            "max": 444.487365723,
            "mean": 10.4853553772,
            "median": 3.53152275085,
            "min": -1.95672035217,
            "var": 468.883239746
        },
        "barkbands_skewness": {
            "dmean": 0.568423628807,
            "dmean2": 0.86584341526,
            "dvar": 0.523177146912,
            "dvar2": 1.17302143574,
            "max": 17.1845932007,
            "mean": 1.92666113377,
            "median": 1.56365525723,
            "min": -2.92142128944,
            "var": 3.42123436928
        },
        "barkbands_spread": {
            "dmean": 3.94931912422,
            "dmean2": 5.8393740654,
            "dvar": 47.7682609558,
            "dvar2": 87.8372573853,
            "max": 133.907089233,
            "mean": 15.3151159286,
            "median": 10.601108551,
            "min": 0.107615455985,
            "var": 238.706680298
        },
        "dissonance": {
            "dmean": 0.0286614634097,
            "dmean2": 0.0481483489275,
            "dvar": 0.00071948976256,
            "dvar2": 0.00198770966381,
            "max": 0.499999970198,
            "mean": 0.431847512722,
            "median": 0.4411483109,
            "min": 0.157701522112,
            "var": 0.0020652867388
        },
        "dynamic_complexity": 5.7102766037,
        "erbbands": {
            "dmean": [
                0.0577027052641,
                0.790761947632,
                2.45779943466,
                2.16619515419,
                2.09142684937,
                2.97990942001,
                7.15451192856,
                6.0257024765,
                7.31405067444,
                6.76936435699,
                12.2335157394,
                26.4849739075,
                27.3719978333,
                28.9051761627,
                15.2757453918,
                12.2024250031,
                10.8910198212,
                14.6092720032,
                12.8954486847,
                17.3840255737,
                6.25291538239,
                5.49919557571,
                6.36723661423,
                5.56577157974,
                3.12047886848,
                5.0693321228,
                3.14435720444,
                2.2545568943,
                1.75517725945,
                2.08979082108,
                1.11735236645,
                0.591680765152,
                0.633518397808,
                0.540472984314,
                0.138325661421,
                0.0223316513002,
                0.00301826163195,
                0.000474763190141,
                3.58753932233e-05,
                8.9766954261e-06
            ],
            "dmean2": [
                0.0970922708511,
                1.34822285175,
                4.21709537506,
                3.78548598289,
                3.54542636871,
                4.84698534012,
                11.2267608643,
                9.04971981049,
                11.176653862,
                10.634355545,
                18.1050891876,
                40.420375824,
                42.5855522156,
                41.833568573,
                21.9855461121,
                18.5929927826,
                16.5016326904,
                21.4963684082,
                19.1224212646,
                25.6827125549,
                9.58444213867,
                8.20363044739,
                9.52245044708,
                7.89572572708,
                4.35711479187,
                7.21416711807,
                4.57346916199,
                3.35387945175,
                2.54878377914,
                2.97862243652,
                1.6278591156,
                0.857548713684,
                0.87731719017,
                0.72733771801,
                0.19309283793,
                0.0310793314129,
                0.0042757820338,
                0.000684580183588,
                5.74832956772e-05,
                1.40012771226e-05
            ],
            "dvar": [
                0.0315650179982,
                7.38306331635,
                70.7502746582,
                53.4832115173,
                26.0343093872,
                39.5886230469,
                181.880126953,
                171.855957031,
                387.698913574,
                535.118164063,
                1534.12805176,
                6775.64501953,
                8418.07324219,
                11092.1240234,
                3679.8515625,
                1651.38891602,
                1436.06103516,
                3188.31274414,
                1795.1373291,
                3683.42895508,
                609.588928223,
                298.028656006,
                328.689086914,
                405.270294189,
                101.934608459,
                254.212387085,
                183.240493774,
                100.224624634,
                35.5224685669,
                40.6670837402,
                13.9610748291,
                6.53585529327,
                9.88425159454,
                11.6374530792,
                0.642884016037,
                0.0152797857299,
                0.000225525043788,
                7.55382734496e-06,
                3.25894191633e-08,
                3.39022310225e-10
            ],
            "dvar2": [
                0.0846409499645,
                20.1946163177,
                194.404953003,
                153.940872192,
                73.1933288574,
                100.846580505,
                463.61932373,
                344.156402588,
                819.645629883,
                1261.54370117,
                3141.15454102,
                16464.0429688,
                22180.3183594,
                23168.6875,
                7252.10253906,
                4039.08569336,
                2942.15649414,
                6875.38525391,
                4025.80883789,
                8105.80322266,
                1475.28930664,
                625.150695801,
                730.090270996,
                784.174865723,
                203.35635376,
                496.848907471,
                404.790527344,
                229.683441162,
                74.3559646606,
                81.7403717041,
                30.0140457153,
                12.3545589447,
                17.3132534027,
                18.1148281097,
                1.15336275101,
                0.0258442126215,
                0.000398447999032,
                1.64559514815e-05,
                8.05361679568e-08,
                8.55315929194e-10
            ],
            "max": [
                2.34741830826,
                32.9787483215,
                104.452957153,
                108.82308197,
                107.179733276,
                201.492507935,
                289.47265625,
                412.8097229,
                783.01763916,
                710.274108887,
                934.617126465,
                1709.00549316,
                2939.09838867,
                3458.20263672,
                2547.53759766,
                1733.50170898,
                1229.35241699,
                1562.07580566,
                1065.33044434,
                1369.00805664,
                814.432312012,
                578.604492188,
                502.72253418,
                960.068359375,
                389.299835205,
                512.356628418,
                761.346740723,
                386.670623779,
                202.63331604,
                221.241210938,
                161.295028687,
                106.569946289,
                100.765480042,
                129.092590332,
                34.5198249817,
                8.60271072388,
                0.89651954174,
                0.147779300809,
                0.00790498312563,
                0.000230651829042
            ],
            "mean": [
                0.0921077951789,
                1.19601082802,
                4.11843585968,
                3.42826271057,
                3.75442957878,
                6.38415765762,
                13.9706325531,
                13.3113918304,
                16.1975250244,
                11.5787324905,
                24.4606876373,
                61.0048828125,
                53.1830215454,
                71.2733383179,
                34.6327285767,
                25.5188999176,
                21.9184207916,
                25.4845371246,
                24.812297821,
                30.5210285187,
                11.5098800659,
                11.0813007355,
                13.4061670303,
                11.9183721542,
                6.60981988907,
                10.199133873,
                6.08842277527,
                4.20448112488,
                3.62231040001,
                4.53559684753,
                2.2863471508,
                1.08505570889,
                1.10759830475,
                0.932612836361,
                0.238387212157,
                0.0384453758597,
                0.00563880382106,
                0.000835751066916,
                5.91969255765e-05,
                3.02584576275e-05
            ],
            "median": [
                0.0383006520569,
                0.645158171654,
                2.07341146469,
                1.46959125996,
                1.73663914204,
                2.70921039581,
                5.69582462311,
                5.09717798233,
                3.83899092674,
                3.22615170479,
                5.45913505554,
                6.23106050491,
                4.30378770828,
                4.56355524063,
                3.19095492363,
                4.52602720261,
                3.4265871048,
                2.81075525284,
                2.28062582016,
                2.04776334763,
                1.29228448868,
                1.40678966045,
                1.73229002953,
                1.18680250645,
                0.863623380661,
                1.17606568336,
                0.689802229404,
                0.336669266224,
                0.295527458191,
                0.429092615843,
                0.390760958195,
                0.142501994967,
                0.0949497148395,
                0.0448987148702,
                0.0115576609969,
                0.00203884742223,
                0.000403948943131,
                6.12958756392e-05,
                1.44394316521e-05,
                2.07092925848e-05
            ],
            "min": [
                1.639472277e-21,
                5.12396949667e-21,
                4.15459120538e-20,
                1.90543302999e-19,
                3.02356279078e-19,
                2.28652702891e-19,
                4.64109741803e-19,
                6.14672071225e-19,
                5.74844255309e-19,
                6.60852634246e-19,
                8.59523943191e-19,
                1.37507320385e-18,
                2.06196687965e-18,
                3.7156266556e-18,
                3.38204125817e-18,
                2.78631487999e-18,
                4.26080237218e-18,
                6.15362446504e-18,
                4.02191261127e-18,
                7.78598806253e-18,
                9.92830064944e-18,
                7.85445049311e-18,
                9.38236640823e-18,
                1.15451211096e-17,
                1.36663298376e-17,
                1.77010496863e-17,
                1.63255161564e-17,
                1.18815081678e-17,
                2.13670264799e-17,
                1.78092498735e-17,
                2.5582208187e-17,
                1.82975196998e-17,
                1.5000665637e-17,
                1.22502958905e-17,
                9.13223360844e-18,
                6.33239556621e-18,
                3.6175892094e-18,
                1.67505749083e-18,
                3.32600457965e-19,
                3.75642135518e-20
            ],
            "var": [
                0.030621515587,
                5.79386949539,
                60.866771698,
                42.2202224731,
                36.9939575195,
                135.460281372,
                503.288604736,
                673.355285645,
                2062.60083008,
                864.954040527,
                5269.26318359,
                29800.1835938,
                27342.0917969,
                61549.078125,
                12483.6191406,
                6844.94873047,
                4221.97753906,
                6460.48291016,
                4285.12695313,
                7940.86083984,
                1075.11401367,
                890.217590332,
                1017.84545898,
                1197.90625,
                262.170776367,
                772.953308105,
                319.144805908,
                201.547348022,
                93.4946365356,
                113.759971619,
                30.0597572327,
                15.0059375763,
                24.5156440735,
                30.5936470032,
                1.53878033161,
                0.0392669774592,
                0.000640537065919,
                1.45812909977e-05,
                4.71227217247e-08,
                8.69805893977e-10
            ]
        },
        "erbbands_crest": {
            "dmean": 2.74719023705,
            "dmean2": 4.37297534943,
            "dvar": 7.36362552643,
            "dvar2": 17.8254127502,
            "max": 32.454334259,
            "mean": 12.1220884323,
            "median": 10.7358322144,
            "min": 2.18545293808,
            "var": 34.751247406
        },
        "erbbands_flatness_db": {
            "dmean": 0.0163062438369,
            "dmean2": 0.0238564889878,
            "dvar": 0.000263838155661,
            "dvar2": 0.00054015906062,
            "max": 0.414594590664,
            "mean": 0.204837694764,
            "median": 0.202480703592,
            "min": 0.0297993365675,
            "var": 0.00298938597552
        },
        "erbbands_kurtosis": {
            "dmean": 1.53148138523,
            "dmean2": 2.39155435562,
            "dvar": 5.580930233,
            "dvar2": 12.9673471451,
            "max": 82.828338623,
            "mean": 2.36107730865,
            "median": 0.859229326248,
            "min": -1.86692595482,
            "var": 23.7483825684
        },
        "erbbands_skewness": {
            "dmean": 0.398739129305,
            "dmean2": 0.602610111237,
            "dvar": 0.164989158511,
            "dvar2": 0.345137029886,
            "max": 7.29835510254,
            "mean": 0.79312390089,
            "median": 0.717174828053,
            "min": -3.3511197567,
            "var": 1.04137003422
        },
        "erbbands_spread": {
            "dmean": 6.81544876099,
            "dmean2": 10.3172664642,
            "dvar": 97.1212387085,
            "dvar2": 208.413742065,
            "max": 167.41734314,
            "mean": 29.4230442047,
            "median": 24.3007545471,
            "min": 1.94552135468,
            "var": 424.50793457
        },
        "gfcc": {
            "cov": [
                [
                    22112.6933594,
                    -2881.41918945,
                    -3867.78808594,
                    1740.86791992,
                    -1475.11865234,
                    787.587585449,
                    -444.822479248,
                    368.058990479,
                    -59.804977417,
                    -6.87085294724,
                    -361.3465271,
                    -160.250045776,
                    255.799743652
                ],
                [
                    -2881.41918945,
                    2218.00805664,
                    648.631164551,
                    -594.990661621,
                    696.931884766,
                    -234.843551636,
                    318.847991943,
                    -201.920455933,
                    193.74307251,
                    -152.886764526,
                    139.84753418,
                    -70.1829986572,
                    15.7483520508
                ],
                [
                    -3867.78808594,
                    648.631164551,
                    1600.12561035,
                    -175.917999268,
                    367.774078369,
                    44.0037193298,
                    46.1049079895,
                    -7.21811962128,
                    5.35328960419,
                    36.0393829346,
                    80.377532959,
                    58.4336662292,
                    -51.7764778137
                ],
                [
                    1740.86791992,
                    -594.990661621,
                    -175.917999268,
                    671.011047363,
                    -103.151977539,
                    70.525428772,
                    -69.045463562,
                    48.2555427551,
                    15.0113182068,
                    12.7326364517,
                    -15.5470218658,
                    31.5402030945,
                    29.5048713684
                ],
                [
                    -1475.11865234,
                    696.931884766,
                    367.774078369,
                    -103.151977539,
                    521.872253418,
                    -15.6152820587,
                    146.276275635,
                    -28.5286197662,
                    107.586204529,
                    -19.7741012573,
                    15.2627105713,
                    5.80705165863,
                    15.1234760284
                ],
                [
                    787.587585449,
                    -234.843551636,
                    44.0037193298,
                    70.525428772,
                    -15.6152820587,
                    343.373199463,
                    67.6503601074,
                    22.4001979828,
                    3.10626959801,
                    29.7765197754,
                    -37.5489959717,
                    -18.1760025024,
                    0.122070737183
                ],
                [
                    -444.822479248,
                    318.847991943,
                    46.1049079895,
                    -69.045463562,
                    146.276275635,
                    67.6503601074,
                    333.109436035,
                    10.0924158096,
                    43.9923667908,
                    -12.5763626099,
                    27.026134491,
                    -26.4869365692,
                    -14.9127912521
                ],
                [
                    368.058990479,
                    -201.920455933,
                    -7.21811962128,
                    48.2555427551,
                    -28.5286197662,
                    22.4001979828,
                    10.0924158096,
                    192.373916626,
                    20.1765346527,
                    29.6275787354,
                    0.814283788204,
                    -10.9614524841,
                    13.5330038071
                ],
                [
                    -59.804977417,
                    193.74307251,
                    5.35328960419,
                    15.0113182068,
                    107.586204529,
                    3.10626959801,
                    43.9923667908,
                    20.1765346527,
                    190.671020508,
                    24.1427116394,
                    7.73997354507,
                    4.56928634644,
                    21.143863678
                ],
                [
                    -6.87085294724,
                    -152.886764526,
                    36.0393829346,
                    12.7326364517,
                    -19.7741012573,
                    29.7765197754,
                    -12.5763626099,
                    29.6275787354,
                    24.1427116394,
                    141.063049316,
                    20.4052314758,
                    20.6907958984,
                    -2.81085205078
                ],
                [
                    -361.3465271,
                    139.84753418,
                    80.377532959,
                    -15.5470218658,
                    15.2627105713,
                    -37.5489959717,
                    27.026134491,
                    0.814283788204,
                    7.73997354507,
                    20.4052314758,
                    139.716964722,
                    23.0881080627,
                    -0.79037219286
                ],
                [
                    -160.250045776,
                    -70.1829986572,
                    58.4336662292,
                    31.5402030945,
                    5.80705165863,
                    -18.1760025024,
                    -26.4869365692,
                    -10.9614524841,
                    4.56928634644,
                    20.6907958984,
                    23.0881080627,
                    147.536575317,
                    31.5260429382
                ],
                [
                    255.799743652,
                    15.7483520508,
                    -51.7764778137,
                    29.5048713684,
                    15.1234760284,
                    0.122070737183,
                    -14.9127912521,
                    13.5330038071,
                    21.143863678,
                    -2.81085205078,
                    -0.79037219286,
                    31.5260429382,
                    110.456588745
                ]
            ],
            "icov": [
                [
                    0.000167557271197,
                    -0.00030376232462,
                    0.000401679630158,
                    -0.000419998337748,
                    0.000343682942912,
                    -0.000534508901183,
                    0.000280338514131,
                    -0.000422269687988,
                    0.000191724771867,
                    -0.00016478546604,
                    0.000258847197983,
                    -0.000113927540951,
                    -7.65678851167e-06
                ],
                [
                    -0.00030376232462,
                    0.00275976466946,
                    -0.00115961919073,
                    0.00197490723804,
                    -0.00220764614642,
                    0.00204019690864,
                    -0.00142604310531,
                    0.00249666185118,
                    -0.00184683757834,
                    0.00206449232064,
                    -0.00207968987525,
                    0.00159982044715,
                    -0.00102495157626
                ],
                [
                    0.000401679630158,
                    -0.00115961919073,
                    0.0019202393014,
                    -0.00108032231219,
                    0.000379034347134,
                    -0.00177881063428,
                    0.00114353070967,
                    -0.0015251202276,
                    0.00107903289609,
                    -0.000880348612554,
                    0.000469952647109,
                    -0.000931936316192,
                    0.000755503191613
                ],
                [
                    -0.000419998337748,
                    0.00197490723804,
                    -0.00108032231219,
                    0.00341511005536,
                    -0.00158179202117,
                    0.00147971324623,
                    -0.000838521809783,
                    0.00163461186457,
                    -0.00155677949078,
                    0.00152588658966,
                    -0.00158176990226,
                    0.000623262196314,
                    -0.000678473617882
                ],
                [
                    0.000343682942912,
                    -0.00220764614642,
                    0.000379034347134,
                    -0.00158179202117,
                    0.00505992071703,
                    -0.00142305798363,
                    1.31631877593e-05,
                    -0.00153391412459,
                    -0.000120015953144,
                    -0.0011191200465,
                    0.00213355640881,
                    -0.00113789353054,
                    -4.79390982946e-05
                ],
                [
                    -0.000534508901183,
                    0.00204019690864,
                    -0.00177881063428,
                    0.00147971324623,
                    -0.00142305798363,
                    0.00574622675776,
                    -0.0024349084124,
                    0.00218275072984,
                    -0.00124996923842,
                    0.000444733770564,
                    -0.000323400483467,
                    0.00147857505362,
                    -0.000863525550812
                ],
                [
                    0.000280338514131,
                    -0.00142604310531,
                    0.00114353070967,
                    -0.000838521809783,
                    1.31631877593e-05,
                    -0.0024349084124,
                    0.00488648330793,
                    -0.00185751565732,
                    0.000605794251896,
                    -0.000413817935623,
                    -8.74979959917e-05,
                    -0.000410584616475,
                    0.00119237566832
                ],
                [
                    -0.000422269687988,
                    0.00249666185118,
                    -0.0015251202276,
                    0.00163461186457,
                    -0.00153391412459,
                    0.00218275072984,
                    -0.00185751565732,
                    0.00816815439612,
                    -0.00222587143071,
                    0.000651874928735,
                    -0.00181613350287,
                    0.00222831568681,
                    -0.00177983485628
                ],
                [
                    0.000191724771867,
                    -0.00184683757834,
                    0.00107903289609,
                    -0.00155677949078,
                    -0.000120015953144,
                    -0.00124996923842,
                    0.000605794251896,
                    -0.00222587143071,
                    0.00779356062412,
                    -0.00273174536414,
                    0.00125363876577,
                    -0.000991837121546,
                    -0.000156060574227
                ],
                [
                    -0.00016478546604,
                    0.00206449232064,
                    -0.000880348612554,
                    0.00152588658966,
                    -0.0011191200465,
                    0.000444733770564,
                    -0.000413817935623,
                    0.000651874928735,
                    -0.00273174536414,
                    0.0098481234163,
                    -0.00279052881524,
                    3.2681007724e-05,
                    2.82498840534e-05
                ],
                [
                    0.000258847197983,
                    -0.00207968987525,
                    0.000469952647109,
                    -0.00158176990226,
                    0.00213355640881,
                    -0.000323400483467,
                    -8.74979959917e-05,
                    -0.00181613350287,
                    0.00125363876577,
                    -0.00279052881524,
                    0.0098678348586,
                    -0.00215783738531,
                    0.000634307507426
                ],
                [
                    -0.000113927540951,
                    0.00159982044715,
                    -0.000931936316192,
                    0.000623262196314,
                    -0.00113789353054,
                    0.00147857505362,
                    -0.000410584616475,
                    0.00222831568681,
                    -0.000991837121546,
                    3.2681007724e-05,
                    -0.00215783738531,
                    0.00900394935161,
                    -0.00313648255542
                ],
                [
                    -7.65678851167e-06,
                    -0.00102495157626,
                    0.000755503191613,
                    -0.000678473617882,
                    -4.79390982946e-05,
                    -0.000863525550812,
                    0.00119237566832,
                    -0.00177983485628,
                    -0.000156060574227,
                    2.82498840534e-05,
                    0.000634307507426,
                    -0.00313648255542,
                    0.0110694654286
                ]
            ],
            "mean": [
                -88.6716384888,
                133.286209106,
                -105.730331421,
                27.7344398499,
                -57.8392372131,
                16.7777500153,
                -29.7747650146,
                3.34271192551,
                -16.9858798981,
                -5.49184894562,
                -6.64310741425,
                -5.80334615707,
                -4.99195957184
            ]
        },
        "hfc": {
            "dmean": 4.11846399307,
            "dmean2": 5.95561027527,
            "dvar": 48.0288352966,
            "dvar2": 95.8093261719,
            "max": 148.952697754,
            "mean": 16.7803211212,
            "median": 7.80552530289,
            "min": 1.20493533711e-16,
            "var": 368.911895752
        },
        "melbands": {
            "dmean": [
                0.000675819639582,
                0.00119852798525,
                0.000361292273737,
                0.000185977551155,
                0.000203498551855,
                0.000144743753481,
                0.000112814523163,
                6.75435876474e-05,
                0.000118566051242,
                0.000173859982169,
                0.000138900664751,
                0.000115661183372,
                6.82917961967e-05,
                3.41508493875e-05,
                2.80510430457e-05,
                2.93547309411e-05,
                2.95534355246e-05,
                2.07495231734e-05,
                3.01456329908e-05,
                1.87994337466e-05,
                5.89665387452e-06,
                6.66875303068e-06,
                5.01875410919e-06,
                6.75085220792e-06,
                4.96041184306e-06,
                1.88857200101e-06,
