{
    "lowlevel": {
        "average_loudness": 0.933896064758,
        "barkbands": {
            "dmean": [
                0.000537926505785,
                0.00625801505521,
                0.00345878000371,
                0.00223938026465,
                0.0018520464655,
                0.00148727477062,
                0.00185641413555,
                0.000952352420427,
                0.00101734697819,
                0.000451658212114,
                0.000542705471162,
                0.000447995582363,
                0.000364105973858,
                0.000220711619477,
                0.000168095197296,
                0.000228265795158,
                0.000224024988711,
                0.000130217988044,
                0.000140604475746,
                0.000121694167319,
                0.000119020507555,
                0.000121355406009,
                8.46498660394e-05,
                8.91248782864e-05,
                8.66651171236e-05,
                5.7083027059e-05,
                1.91416038433e-05
            ],
            "dmean2": [
                0.000906263012439,
                0.00986878480762,
                0.00591605063528,
                0.00385513249785,
                0.00312245241366,
                0.00232418812811,
                0.00280658109114,
                0.00145789375529,
                0.00150624860544,
                0.000678048178088,
                0.000814906496089,
                0.000699107185937,
                0.000567917712033,
                0.000350385613274,
                0.000267980765784,
                0.000357429817086,
                0.000362350489013,
                0.000209661971894,
                0.000224394956604,
                0.000206694778171,
                0.00020587585459,
                0.000204991782084,
                0.000129707783344,
                0.000136744012707,
                0.0001278284617,
                8.2829821622e-05,
                2.81799002551e-05
            ],
            "dvar": [
                1.86694887816e-06,
                0.000165408127941,
                8.30588542158e-05,
                2.26887841563e-05,
                1.01064897535e-05,
                7.8867733464e-06,
                1.47389628182e-05,
                5.91746311329e-06,
                6.17751311438e-06,
                1.21738958114e-06,
                2.68127018899e-06,
                1.47939522321e-06,
                7.02294414623e-07,
                1.75834415472e-07,
                1.21518112906e-07,
                2.97343234479e-07,
                2.0145868973e-07,
                6.90738772846e-08,
                7.93225467532e-08,
                8.83288961973e-08,
                9.53074135168e-08,
                8.51226147347e-08,
                3.42979156187e-08,
                3.60896095231e-08,
                2.93065838264e-08,
                2.91320638723e-08,
                4.48331549663e-09
            ],
            "dvar2": [
                4.73406726087e-06,
                0.000404503400205,
                0.000222826842219,
                6.24824533588e-05,
                2.78340903606e-05,
                1.7848704374e-05,
                3.31722912961e-05,
                1.37824908961e-05,
                1.27175981106e-05,
                2.62748335444e-06,
                5.74458135816e-06,
                3.45222110809e-06,
                1.53172732098e-06,
                4.26196720582e-07,
                2.89101848239e-07,
                7.06367757175e-07,
                4.93790878409e-07,
                1.7521671225e-07,
                1.84894872746e-07,
                2.45040610025e-07,
                2.65188191406e-07,
                2.30875656371e-07,
                7.51555262468e-08,
                8.13616480855e-08,
                6.26335463494e-08,
                6.54135661193e-08,
                1.02429060789e-08
            ],
            "max": [
                0.0358586981893,
                0.15827934444,
                0.0992316305637,
                0.0644179284573,
                0.0470506772399,
                0.0551394671202,
                0.0623372644186,
                0.0416819825768,
                0.0641801059246,
                0.0204220209271,
                0.0475249662995,
                0.0350448898971,
                0.0172044709325,
                0.00677471980453,
                0.00735060451552,
                0.012508562766,
                0.00946431420743,
                0.00567434867844,
                0.00611519580707,
                0.00426868069917,
                0.00397313991562,
                0.00360334431753,
                0.00339450268075,
                0.00436850544065,
                0.00314613291994,
                0.00418459996581,
                0.00125422887504
            ],
            "mean": [
                0.000572194461711,
                0.00916185509413,
                0.00399410864338,
                0.00284498604015,
                0.0030023031868,
                0.00280283764005,
                0.00411084387451,
                0.00155718449969,
                0.00221842410974,
                0.000843422545586,
                0.000922111794353,
                0.000773554958869,
                0.000621339015197,
                0.000363233935786,
                0.000282911612885,
                0.00039868731983,
                0.000391984183807,
                0.000218127577682,
                0.000238426786382,
                0.0001732174278,
                0.000159734088811,
                0.000169260412804,
                0.000151318774442,
                0.000165314675542,
                0.000154134468175,
                8.39974672999e-05,
                2.52217942034e-05
            ],
            "median": [
                4.28939965786e-05,
                0.00280649447814,
                0.00174885429442,
                0.00130424147937,
                0.00173672777601,
                0.00148429675028,
                0.00138928100932,
                0.000496876600664,
                0.000605828361586,
                0.000201184957405,
                0.000214229890844,
                0.000208636454772,
                0.000186561868759,
                0.000147131388076,
                0.000116000170237,
                0.000154345936608,
                0.000163553340826,
                9.4983362942e-05,
                0.000100029705209,
                4.99999659951e-05,
                3.89172346331e-05,
                3.76116440748e-05,
                4.06548933825e-05,
                5.02273687744e-05,
                4.94536143378e-05,
                9.26322172745e-06,
                5.32862145519e-07
            ],
            "min": [
                7.14170864461e-25,
                2.64907281975e-24,
                4.67195376939e-24,
                3.68922832455e-24,
                1.89917395185e-23,
                5.2885921395e-24,
                2.36092342753e-23,
                1.67483327e-23,
                1.59048999751e-23,
                1.76281271795e-23,
                1.76113007764e-23,
                3.44910561255e-23,
                4.67502007172e-23,
                5.2960404064e-23,
                9.0413607645e-23,
                7.8708060393e-23,
                1.11765560616e-22,
                1.33781747091e-22,
                1.75169126225e-22,
                2.33344121753e-22,
                3.03338096421e-22,
                3.6116235808e-22,
                3.87849055498e-22,
                6.4715997914e-22,
                9.74963921271e-22,
                1.4862849303e-21,
                2.18689267177e-21
            ],
            "var": [
                2.60746696767e-06,
                0.000273385405308,
                6.50916190352e-05,
                2.16379776248e-05,
                1.55151101353e-05,
                1.75172954187e-05,
                4.80748676637e-05,
                1.12784273369e-05,
                2.05356682272e-05,
                3.31470664605e-06,
                5.99149962e-06,
                4.26091355621e-06,
                1.48598803662e-06,
                3.65593933793e-07,
                2.50160667292e-07,
                5.99477687047e-07,
                4.46807717935e-07,
                1.3434514301e-07,
                1.50682708977e-07,
                1.05372023995e-07,
                9.61453494597e-08,
                9.9935213882e-08,
                7.555810555e-08,
                8.53797104128e-08,
                6.43660058586e-08,
                4.93021374837e-08,
                6.99558233563e-09
            ]
        },
        "barkbands_crest": {
            "dmean": 2.74597454071,
            "dmean2": 4.41660165787,
            "dvar": 6.38651180267,
            "dvar2": 15.8315610886,
            "max": 26.1501121521,
            "mean": 10.726565361,
            "median": 9.86755943298,
            "min": 2.79596471786,
            "var": 19.1424827576
        },
        "barkbands_flatness_db": {
            "dmean": 0.0249243285507,
            "dmean2": 0.0367696247995,
            "dvar": 0.000669927103445,
            "dvar2": 0.0014008465223,
            "max": 0.499914556742,
            "mean": 0.153824672103,
            "median": 0.136812657118,
            "min": 0.021945649758,
            "var": 0.00588639406487
        },
        "barkbands_kurtosis": {
            "dmean": 4.47580480576,
            "dmean2": 6.97944736481,
            "dvar": 124.043663025,
            "dvar2": 281.740875244,
            "max": 413.061279297,
            "mean": 7.0627412796,
            "median": 3.33331012726,
            "min": -1.84294712543,
            "var": 231.404510498
        },
        "barkbands_skewness": {
            "dmean": 0.606013357639,
            "dmean2": 0.923345029354,
            "dvar": 0.492933392525,
            "dvar2": 1.0838739872,
            "max": 15.686545372,
            "mean": 1.82027065754,
            "median": 1.60328435898,
            "min": -2.45545530319,
            "var": 1.90035510063
        },
        "barkbands_spread": {
            "dmean": 5.65345621109,
            "dmean2": 8.70897674561,
            "dvar": 64.4911956787,
            "dvar2": 134.839981079,
            "max": 94.7615585327,
            "mean": 18.7849693298,
            "median": 15.1046180725,
            "min": 0.249593660235,
            "var": 216.988693237
        },
        "dissonance": {
            "dmean": 0.0258543416858,
            "dmean2": 0.0422739312053,
            "dvar": 0.000699673721101,
            "dvar2": 0.00177989643998,
            "max": 0.500000119209,
            "mean": 0.442331850529,
            "median": 0.45556050539,
            "min": 0.163862213492,
            "var": 0.00212310417555
        },
        "dynamic_complexity": 3.28252792358,
        "erbbands": {
            "dmean": [
                0.223072424531,
                1.37637448311,
                3.29872369766,
                6.63780212402,
                6.17507553101,
                6.8079328537,
                8.01446437836,
                14.0532083511,
                25.3642139435,
                23.4439754486,
                21.41015625,
                22.036857605,
                13.6979722977,
                14.4510812759,
                21.2743358612,
                15.3878965378,
                16.6153736115,
                10.4276418686,
                8.51242828369,
                9.94728279114,
                12.7093248367,
                12.2961988449,
                6.90424346924,
                7.08283042908,
                6.52813625336,
                5.93161010742,
                5.03277587891,
                4.63320350647,
                4.34942817688,
                3.23825407028,
                2.52634215355,
                1.81992733479,
                1.62503790855,
                1.01461076736,
                0.691007018089,
                0.187771603465,
                0.125147879124,
                0.0405385382473,
                0.00262213824317,
                5.02548573422e-05
            ],
            "dmean2": [
                0.363145172596,
                2.2044095993,
                5.51225280762,
                11.5035009384,
                10.6250810623,
                11.4158563614,
                12.9536476135,
                21.8777179718,
                38.5228919983,
                35.1582145691,
                32.2031593323,
                32.5747375488,
                20.4142341614,
                20.9055709839,
                31.9717769623,
                23.7560825348,
                25.7780532837,
                16.1309089661,
                13.4644727707,
                15.4856748581,
                19.9372253418,
                19.715795517,
                10.9097118378,
                11.2316513062,
                10.5835390091,
                10.1322240829,
                8.6779127121,
                7.9386973381,
                7.36966848373,
                5.3633646965,
                3.88716745377,
                2.78735613823,
                2.49800133705,
                1.54795324802,
                1.03237354755,
                0.272289901972,
                0.184401586652,
                0.0590264238417,
                0.0038782004267,
                7.45525685488e-05
            ],
            "dvar": [
                0.251292586327,
                8.81558513641,
                67.7872161865,
                263.324645996,
                157.830108643,
                125.475692749,
                201.947479248,
                902.915405273,
                3223.5168457,
                3344.75341797,
                3121.64208984,
                3146.32348633,
                1366.10510254,
                1253.18225098,
                4038.70751953,
                1446.61828613,
                1503.68774414,
                414.888458252,
                285.273590088,
                486.937652588,
                833.996520996,
                584.32043457,
                189.75390625,
                205.141098022,
                189.850585938,
                230.11579895,
                153.916412354,
                152.137054443,
                114.054405212,
                57.8831443787,
                30.2646331787,
                16.4128990173,
                11.7191314697,
                4.7905421257,
                2.09896969795,
                0.194266691804,
                0.162696540356,
                0.0199654009193,
                8.4434323071e-05,
                1.85743331826e-08
            ],
            "dvar2": [
                0.633833289146,
                21.2012672424,
                171.654022217,
                712.068237305,
                445.071716309,
                331.276306152,
                487.548706055,
                2054.56445313,
                7339.71435547,
                7675.72949219,
                7320.046875,
                6720.11572266,
                2857.86889648,
                2377.84228516,
                9228.68652344,
                3386.06347656,
                3269.84301758,
                976.278808594,
                666.593322754,
                1129.31518555,
                1922.59741211,
                1438.87756348,
                463.784301758,
                482.234893799,
                478.607818604,
                643.428405762,
                425.254699707,
                426.623504639,
                310.871337891,
                146.610168457,
                67.122253418,
                37.2322769165,
                27.0845546722,
                10.7378692627,
                4.7472615242,
                0.425113171339,
                0.372403293848,
                0.0460438504815,
                0.00019280743436,
                4.17812699993e-08
            ],
            "max": [
                5.86522436142,
                30.172290802,
                90.0419311523,
                170.65574646,
                209.426132202,
                180.47026062,
                269.817565918,
                699.850769043,
                1036.35778809,
                1208.03588867,
                1114.94165039,
                1307.15991211,
                920.054931641,
                1202.46264648,
                1936.18408203,
                834.288513184,
                843.368774414,
                339.467071533,
                323.861480713,
                641.547973633,
                728.172546387,
                526.795532227,
                303.666290283,
                297.239257813,
                272.898895264,
                222.904968262,
                159.655212402,
                176.969619751,
                144.332550049,
                104.482299805,
                101.886810303,
                68.3723602295,
                77.8951339722,
                44.1559104919,
                19.4103145599,
                8.04021549225,
                10.2651090622,
                2.92773628235,
                0.155463457108,
                0.00253456411883
            ],
            "mean": [
                0.310667544603,
                1.85452222824,
                4.29543399811,
                8.07527446747,
                8.88279151917,
                10.7248706818,
                13.9871397018,
                27.6349315643,
                57.2883644104,
                45.9432907104,
                41.3235816956,
                48.1420326233,
                28.4413280487,
                30.1551036835,
                36.5810623169,
                28.0566616058,
                29.7534732819,
                19.8436794281,
                14.9384593964,
                18.483417511,
                23.7084884644,
                22.8565559387,
                13.0039358139,
                12.6285829544,
                10.5813550949,
                8.42102146149,
                6.79987812042,
                6.36672210693,
                5.99770498276,
                4.90445899963,
                4.43772220612,
                3.30320215225,
                2.88322782516,
                1.83057689667,
                1.067461133,
                0.303065747023,
                0.175933167338,
                0.0544532611966,
                0.00349188316613,
                9.80747499852e-05
            ],
            "median": [
                0.0572617277503,
                0.680158615112,
                1.89151453972,
                4.17903614044,
                5.01803302765,
                5.85163116455,
                7.61606407166,
                14.123374939,
                15.2255039215,
                20.9936504364,
                14.8172473907,
                13.8014688492,
                9.49641704559,
                8.38717269897,
                10.7423400879,
                9.71181488037,
                10.5854530334,
                7.86293888092,
                6.59695529938,
                8.25258159637,
                9.68918514252,
                10.3785076141,
                5.92771720886,
                5.33321666718,
                4.42607975006,
                2.43487453461,
                1.9118616581,
                1.39637887478,
                1.32697677612,
                1.1480256319,
                1.15743279457,
                0.938975214958,
                0.865904808044,
                0.580284953117,
                0.290202826262,
                0.0644352957606,
                0.0135174393654,
                0.00183141045272,
                0.000113623071229,
                4.68500438728e-05
            ],
            "min": [
                1.50032635149e-22,
                3.61524779713e-22,
                4.12808079376e-21,
                1.10755461209e-20,
                2.53245302722e-20,
                6.48117012568e-20,
                7.61009200853e-20,
                5.36510250031e-20,
                3.08592471264e-19,
                4.24787307391e-19,
                6.48396638389e-19,
                4.96905436838e-19,
                4.21586868053e-19,
                1.09561964308e-18,
                9.51018442444e-19,
                2.01614789796e-18,
                2.0632105457e-18,
                2.74829145519e-18,
                2.46197550065e-18,
                5.21402297621e-18,
                4.80923221729e-18,
                5.83717907708e-18,
                7.55238894882e-18,
                7.62465392867e-18,
                6.04662120818e-18,
                1.16464962296e-17,
                1.14409782433e-17,
                1.11238148626e-17,
                1.16763284984e-17,
                1.28854217085e-17,
                1.00427510134e-17,
                1.13240380658e-17,
                1.04876947736e-17,
                8.88096508967e-18,
                8.50918214591e-18,
                5.0298392187e-18,
                2.75592281672e-18,
                1.16427408296e-18,
                2.78629637183e-19,
                3.13081593373e-20
            ],
            "var": [
                0.408387631178,
                11.8935699463,
                65.1294555664,
                205.339035034,
                178.495040894,
                206.882904053,
                388.221160889,
                1812.70507813,
                11710.0771484,
                7405.29150391,
                6114.3984375,
                11309.2441406,
                3560.33251953,
                4658.32226563,
                7753.17236328,
                3532.64111328,
                3093.93359375,
                1143.93566895,
                552.299438477,
                1231.3828125,
                1823.50390625,
                1359.7175293,
                462.684295654,
                407.25592041,
                299.641571045,
                268.238586426,
                160.241455078,
                157.612701416,
                128.665283203,
                87.4898223877,
                63.6450424194,
                37.0830764771,
                26.023267746,
                9.93320560455,
                3.68714094162,
                0.391714990139,
                0.250813305378,
                0.0303300581872,
                0.000130642627482,
                3.14084473985e-08
            ]
        },
        "erbbands_crest": {
            "dmean": 2.85716581345,
            "dmean2": 4.51025533676,
            "dvar": 8.02495098114,
            "dvar2": 19.2439651489,
            "max": 31.4806346893,
            "mean": 10.4467458725,
            "median": 9.21910858154,
            "min": 2.20848321915,
            "var": 27.7347145081
        },
        "erbbands_flatness_db": {
            "dmean": 0.0196673981845,
            "dmean2": 0.0276293829083,
            "dvar": 0.000442097341875,
            "dvar2": 0.000841204891913,
            "max": 0.42305675149,
            "mean": 0.16385166347,
            "median": 0.151615157723,
            "min": 0.0354868173599,
            "var": 0.00466302782297
        },
        "erbbands_kurtosis": {
            "dmean": 1.45340549946,
            "dmean2": 2.23365688324,
            "dvar": 7.96618413925,
            "dvar2": 15.913693428,
            "max": 156.950164795,
            "mean": 1.77030014992,
            "median": 0.496367156506,
            "min": -1.87481892109,
            "var": 23.2938499451
        },
        "erbbands_skewness": {
            "dmean": 0.410008996725,
            "dmean2": 0.617191493511,
            "dvar": 0.180108979344,
            "dvar2": 0.403123825788,
            "max": 9.76152324677,
            "mean": 0.754015266895,
            "median": 0.703765153885,
            "min": -2.67271113396,
            "var": 0.796310007572
        },
        "erbbands_spread": {
            "dmean": 8.78758907318,
            "dmean2": 13.2539682388,
            "dvar": 126.888442993,
            "dvar2": 277.11227417,
            "max": 141.911087036,
            "mean": 36.086479187,
            "median": 31.8963031769,
            "min": 1.35466456413,
            "var": 470.711029053
        },
        "gfcc": {
            "cov": [
                [
                    21901.5351563,
                    -2370.16674805,
                    -504.478424072,
                    2028.40820313,
                    40.1016044617,
                    1022.39123535,
                    -268.12020874,
                    487.462677002,
                    -337.76776123,
                    357.823425293,
                    -348.00491333,
                    246.673477173,
                    -283.729858398
                ],
                [
                    -2370.16674805,
                    2470.47045898,
                    -204.92918396,
                    -551.135742188,
                    291.485992432,
                    -292.816223145,
                    102.055473328,
                    -200.343521118,
                    125.498504639,
                    -238.70954895,
                    191.822921753,
                    -177.759796143,
                    122.291770935
                ],
                [
                    -504.478424072,
                    -204.92918396,
                    718.485107422,
                    128.483642578,
                    145.402420044,
                    70.5044555664,
                    100.591056824,
                    26.7655906677,
                    45.5473899841,
                    108.655067444,
                    8.49005794525,
                    74.0429229736,
                    -35.0656547546
                ],
                [
                    2028.40820313,
                    -551.135742188,
                    128.483642578,
                    843.342895508,
                    84.8573226929,
                    151.535385132,
                    -16.6099529266,
                    46.2810325623,
                    6.89010763168,
                    75.5283660889,
                    -32.6026916504,
                    27.8323440552,
                    35.0632324219
                ],
                [
                    40.1016044617,
                    291.485992432,
                    145.402420044,
                    84.8573226929,
                    401.314941406,
                    63.2794837952,
                    95.4060668945,
                    2.80876159668,
                    88.7862014771,
                    55.4397315979,
                    28.4527626038,
                    16.6996192932,
                    25.0258102417
                ],
                [
                    1022.39123535,
                    -292.816223145,
                    70.5044555664,
                    151.535385132,
                    63.2794837952,
                    339.328369141,
                    98.7962417603,
                    103.469902039,
                    3.50087928772,
                    81.9487380981,
                    -3.35507535934,
                    31.7871646881,
                    -11.0680885315
                ],
                [
                    -268.12020874,
                    102.055473328,
                    100.591056824,
                    -16.6099529266,
                    95.4060668945,
                    98.7962417603,
                    325.202941895,
                    45.4673728943,
                    56.0739631653,
                    19.5021381378,
                    9.04825687408,
                    44.3287010193,
                    -7.25950336456
                ],
                [
                    487.462677002,
                    -200.343521118,
                    26.7655906677,
                    46.2810325623,
                    2.80876159668,
                    103.469902039,
                    45.4673728943,
                    215.677001953,
                    34.1998519897,
                    34.1887779236,
                    2.29449105263,
                    23.7428798676,
                    6.35925626755
                ],
                [
                    -337.76776123,
                    125.498504639,
                    45.5473899841,
                    6.89010763168,
                    88.7862014771,
                    3.50087928772,
                    56.0739631653,
                    34.1998519897,
                    165.571609497,
                    46.2481765747,
                    14.4039468765,
                    -0.562711715698,
                    15.2851457596
                ],
                [
                    357.823425293,
                    -238.70954895,
                    108.655067444,
                    75.5283660889,
                    55.4397315979,
                    81.9487380981,
                    19.5021381378,
                    34.1887779236,
                    46.2481765747,
                    171.882202148,
                    13.6979227066,
                    25.2354621887,
                    -8.56151199341
                ],
                [
                    -348.00491333,
                    191.822921753,
                    8.49005794525,
                    -32.6026916504,
                    28.4527626038,
                    -3.35507535934,
                    9.04825687408,
                    2.29449105263,
                    14.4039468765,
                    13.6979227066,
                    116.193328857,
                    7.16460418701,
                    14.1669273376
                ],
                [
                    246.673477173,
                    -177.759796143,
                    74.0429229736,
                    27.8323440552,
                    16.6996192932,
                    31.7871646881,
                    44.3287010193,
                    23.7428798676,
                    -0.562711715698,
                    25.2354621887,
                    7.16460418701,
                    114.933776855,
                    2.85746979713
                ],
                [
                    -283.729858398,
                    122.291770935,
                    -35.0656547546,
                    35.0632324219,
                    25.0258102417,
                    -11.0680885315,
                    -7.25950336456,
                    6.35925626755,
                    15.2851457596,
                    -8.56151199341,
                    14.1669273376,
                    2.85746979713,
                    113.103164673
                ]
            ],
            "icov": [
                [
                    9.97223323793e-05,
                    -9.97389579425e-05,
                    0.000166557583725,
                    -0.000254869781202,
                    -4.60089040644e-06,
                    -0.000182195028174,
                    0.000156013702508,
                    -0.000204776850296,
                    0.00024014741939,
                    -0.000246944488026,
                    0.000338895770255,
                    -0.000356571108568,
                    0.000408783787861
                ],
                [
                    -9.97389579425e-05,
                    0.0013453210704,
                    -9.62620979408e-05,
                    0.000833219382912,
                    -0.000944942759816,
                    0.000528690696228,
                    -0.000637452758383,
                    0.000907682057004,
                    -0.000887743313797,
                    0.00175976904575,
                    -0.00205347244628,
                    0.00197562295943,
                    -0.00136362249032
                ],
                [
                    0.000166557583725,
                    -9.62620979408e-05,
                    0.00206269836053,
                    -0.000585803645663,
                    -0.000525539915543,
                    -9.88139217952e-05,
                    -7.9554891272e-05,
                    -0.000307942624204,
                    0.000392752088374,
                    -0.00112798530608,
                    0.000487823708681,
                    -0.00130836782046,
                    0.00129532825667
                ],
                [
                    -0.000254869781202,
                    0.000833219382912,
                    -0.000585803645663,
                    0.00234212889336,
                    -0.000627428642474,
                    2.58852778643e-05,
                    -0.000254888029303,
                    0.000837247353047,
                    -0.000841304776259,
                    0.00106985250022,
                    -0.00114547426347,
                    0.00153912825044,
                    -0.00207077851519
                ],
                [
                    -4.60089040644e-06,
                    -0.000944942759816,
                    -0.000525539915543,
                    -0.000627428642474,
                    0.00403887499124,
                    -0.000712959619705,
                    -0.000198091162019,
                    0.000128745872644,
                    -0.000936825526878,
                    -0.00131085829344,
                    0.00074582756497,
                    -0.00106468691956,
                    1.9216164219e-05
                ],
                [
                    -0.000182195028174,
                    0.000528690696228,
                    -9.88139217952e-05,
                    2.58852778643e-05,
                    -0.000712959619705,
                    0.00501437811181,
                    -0.0016399937449,
                    -0.00121418130584,
                    0.000715410511475,
                    -0.000880468462128,
                    -0.000922852137592,
                    0.00113381247502,
                    -0.000532281468622
                ],
                [
                    0.000156013702508,
                    -0.000637452758383,
                    -7.9554891272e-05,
                    -0.000254888029303,
                    -0.000198091162019,
                    -0.0016399937449,
                    0.00450815446675,
                    -0.000717739923857,
                    -0.000616641133092,
                    -7.93306608102e-05,
                    0.00118948274758,
                    -0.00240888469853,
                    0.00133722019382
                ],
                [
                    -0.000204776850296,
                    0.000907682057004,
                    -0.000307942624204,
                    0.000837247353047,
                    0.000128745872644,
                    -0.00121418130584,
                    -0.000717739923857,
                    0.00665589282289,
                    -0.00228496245109,
                    0.00133585964795,
                    -0.00170497782528,
                    0.000904901186004,
                    -0.00181713956408
                ],
                [
                    0.00024014741939,
                    -0.000887743313797,
                    0.000392752088374,
                    -0.000841304776259,
                    -0.000936825526878,
                    0.000715410511475,
                    -0.000616641133092,
                    -0.00228496245109,
                    0.00910567585379,
                    -0.00358153739944,
                    0.0015144685749,
                    -0.000568802293856,
                    0.000634057214484
                ],
                [
                    -0.000246944488026,
                    0.00175976904575,
                    -0.00112798530608,
                    0.00106985250022,
                    -0.00131085829344,
                    -0.000880468462128,
                    -7.93306608102e-05,
                    0.00133585964795,
                    -0.00358153739944,
                    0.0105260126293,
                    -0.00372947822325,
                    0.0018459931016,
                    -0.00137860269751
                ],
                [
                    0.000338895770255,
                    -0.00205347244628,
                    0.000487823708681,
                    -0.00114547426347,
                    0.00074582756497,
                    -0.000922852137592,
                    0.00118948274758,
                    -0.00170497782528,
                    0.0015144685749,
                    -0.00372947822325,
                    0.0126939350739,
                    -0.00390256941319,
                    0.00151529256254
                ],
                [
                    -0.000356571108568,
                    0.00197562295943,
                    -0.00130836782046,
                    0.00153912825044,
                    -0.00106468691956,
                    0.00113381247502,
                    -0.00240888469853,
                    0.000904901186004,
                    -0.000568802293856,
                    0.0018459931016,
                    -0.00390256941319,
                    0.0134948268533,
                    -0.003407869488
                ],
                [
                    0.000408783787861,
                    -0.00136362249032,
                    0.00129532825667,
                    -0.00207077851519,
                    1.9216164219e-05,
                    -0.000532281468622,
                    0.00133722019382,
                    -0.00181713956408,
                    0.000634057214484,
                    -0.00137860269751,
                    0.00151529256254,
                    -0.003407869488,
                    0.0122228311375
                ]
            ],
            "mean": [
                -13.3272037506,
                99.3931884766,
                -98.1923751831,
                17.6319541931,
                -59.2737350464,
                10.2651033401,
                -43.6424064636,
                12.6411943436,
                -21.8572006226,
                1.69979310036,
                -12.6732158661,
                -0.71116489172,
                -12.4974918365
            ]
        },
        "hfc": {
            "dmean": 7.20791482925,
            "dmean2": 10.9053268433,
            "dvar": 119.183952332,
            "dvar2": 279.492462158,
            "max": 144.978912354,
            "mean": 23.2507152557,
            "median": 19.3905258179,
            "min": 1.10613655388e-16,
            "var": 376.021728516
        },
        "melbands": {
            "dmean": [
                0.00181083148345,
                0.00163176096976,
                0.00108982494567,
                0.000429341976997,
                0.000282985944068,
                0.000313652912155,
                0.000372447015252,
                0.000239441927988,
                0.000188603851711,
                0.000130518950755,
                7.00633681845e-05,
                6.08226946497e-05,
                7.92624559836e-05,
                4.97842556797e-05,
                4.5230226533e-05,
                3.2810610719e-05,
                1.95096163225e-05,
                1.60301788128e-05,
                1.27227349367e-05,
                1.36681092044e-05,
                1.69050435943e-05,
                1.48138806253e-05,
                8.51452114148e-06,
                6.19187812845e-06,
                6.10754159425e-06,
                5.45818511455e-06,
                4.44535362476e-06,
