{
    "lowlevel": {
        "average_loudness": 0.961219727993,
        "barkbands": {
            "dmean": [
                0.00113570666872,
                0.0151898451149,
                0.00555479852483,
                0.00213003135286,
                0.00187353009824,
                0.00133946503047,
                0.000778139044996,
                0.000642310711555,
                0.00119242188521,
                0.000734016008209,
                0.000835560262203,
                0.000698791758623,
                0.000639568024781,
                0.000566318281926,
                0.000440810603322,
                0.000294608733384,
                0.000198932844796,
                0.000188056612387,
                0.00022847969376,
                0.000200326379854,
                0.000165725330589,
                0.000121234661492,
                0.000116916817205,
                0.000135709458846,
                0.000163544973475,
                9.48044398683e-05,
                2.12557133636e-05
            ],
            "dmean2": [
                0.0019245503936,
                0.0221508126706,
                0.0101013574749,
                0.00372626492754,
                0.00331644434482,
                0.00222053518519,
                0.00124720844906,
                0.00103388470598,
                0.00188097555656,
                0.00118177337572,
                0.0012748579029,
                0.00108243443538,
                0.000999087933451,
                0.000882273772731,
                0.000705652870238,
                0.000468876678497,
                0.000315531360684,
                0.000301451334963,
                0.00037797621917,
                0.000320302671753,
                0.000280498003121,
                0.000199244648684,
                0.000191466722754,
                0.000215803171159,
                0.000257504638284,
                0.00015578676539,
                3.59190962627e-05
            ],
            "dvar": [
                6.63842683934e-06,
                0.00126609264407,
                0.000288315059152,
                3.60613339581e-05,
                1.88596713997e-05,
                7.57693396736e-06,
                3.80998631044e-06,
                3.4814358969e-06,
                8.81632513483e-06,
                5.81322456128e-06,
                6.74520333632e-06,
                4.2597389438e-06,
                3.32425338456e-06,
                2.1861735604e-06,
                1.13876967589e-06,
                5.23086100657e-07,
                1.79381089538e-07,
                1.25470563717e-07,
                1.8767704546e-07,
                1.87937203577e-07,
                1.35173777949e-07,
                7.52725242137e-08,
                6.34663592791e-08,
                1.0556704666e-07,
                2.11020122265e-07,
                5.84674033632e-08,
                3.84265774755e-09
            ],
            "dvar2": [
                1.8039949282e-05,
                0.00218721409328,
                0.000812864978798,
                0.000100547928014,
                5.32284466317e-05,
                1.94734438992e-05,
                9.18261594052e-06,
                8.16558531369e-06,
                2.1040728825e-05,
                1.38377336043e-05,
                1.53300807142e-05,
                9.96333346848e-06,
                7.6999549492e-06,
                5.0825665312e-06,
                2.81960137727e-06,
                1.21164316624e-06,
                4.02864969828e-07,
                3.05306087967e-07,
                4.8109114914e-07,
                4.29296562743e-07,
                3.64338688996e-07,
                1.96671351205e-07,
                1.62380644042e-07,
                2.41081806962e-07,
                4.60030776139e-07,
                1.48197585759e-07,
                9.92408377698e-09
            ],
            "max": [
                0.0366778671741,
                0.258158922195,
                0.138967424631,
                0.0748425573111,
                0.0555758327246,
                0.055938154459,
                0.0596594326198,
                0.0665646791458,
                0.0629420876503,
                0.0529978871346,
                0.0751173719764,
                0.0566938519478,
                0.0394738912582,
                0.0449791774154,
                0.0192349348217,
                0.0224127024412,
                0.00911078508943,
                0.00646461406723,
                0.00669685704634,
                0.0119700906798,
                0.00356804043986,
                0.00502254534513,
                0.00459239026532,
                0.00721233710647,
                0.0105289146304,
                0.00688226427883,
                0.00183150009252
            ],
            "mean": [
                0.00186664634384,
                0.0215053837746,
                0.00440094387159,
                0.00227501988411,
                0.00240341667086,
                0.00190986285452,
                0.00122266169637,
                0.000783307594247,
                0.00151420990005,
                0.000857104314491,
                0.00122341921087,
                0.00110721727833,
                0.00083553470904,
                0.000725566351321,
                0.00055024959147,
                0.000363033846952,
                0.000273926823866,
                0.000256502942648,
                0.000278731662547,
                0.0002489402832,
                0.00017848169955,
                0.000135784299346,
                0.000137154202093,
                0.000147465252667,
                0.000189133905224,
                9.51087858994e-05,
                2.08605288208e-05
            ],
            "median": [
                0.000517089734785,
                0.00701740058139,
                0.000827830925118,
                0.000847319082823,
                0.0012664583046,
                0.000727382721379,
                0.000341163628036,
                0.000222004469833,
                0.000327525631292,
                0.000165538338479,
                0.000155729227117,
                0.000126534665469,
                0.000137044946314,
                0.000125474645756,
                0.000124136771774,
                0.000101086508948,
                8.69329742272e-05,
                0.000100737073808,
                0.000106131396024,
                8.46166076371e-05,
                6.21272047283e-05,
                4.52138447145e-05,
                5.07723198098e-05,
                3.19362588925e-05,
                3.99844211643e-05,
                1.8060203729e-05,
                2.72152283287e-06
            ],
            "min": [
                1.82750546529e-23,
                1.10704826689e-23,
                1.7774990992e-23,
                2.24535530491e-23,
                4.73160285565e-23,
                2.41390017048e-23,
                1.09238126007e-22,
                2.20771496459e-23,
                6.6081275065e-23,
                6.14625260194e-23,
                1.96512524788e-23,
                1.02210422948e-22,
                2.81709979024e-22,
                6.3486358138e-23,
                1.74612278778e-22,
                2.34480308649e-22,
                1.9243772058e-22,
                3.25654352963e-22,
                2.52371320569e-22,
                2.79759081829e-22,
                2.19457216326e-22,
                4.80409626983e-22,
                5.86102044101e-22,
                8.2708115297e-22,
                1.40442615945e-21,
                1.62901649999e-21,
                2.65890644582e-21
            ],
            "var": [
                8.41232122184e-06,
                0.00179726420902,
                0.000179307506187,
                2.52408590313e-05,
                1.47730434037e-05,
                1.0009842299e-05,
                9.11854112928e-06,
                3.9234732867e-06,
                1.22652418213e-05,
                6.89461830916e-06,
                1.48637691382e-05,
                1.13744044938e-05,
                5.56273198526e-06,
                3.28460942001e-06,
                1.68711437709e-06,
                7.24970220745e-07,
                3.27098547359e-07,
                1.83798022135e-07,
                2.17605460762e-07,
                2.63315996563e-07,
                1.15733016059e-07,
                7.0491452675e-08,
                6.25693132861e-08,
                1.32888686721e-07,
                3.04117321548e-07,
                5.91494995206e-08,
                4.22769241837e-09
            ]
        },
        "barkbands_crest": {
            "dmean": 3.44734168053,
            "dmean2": 5.15760040283,
            "dvar": 10.8626642227,
            "dvar2": 21.9289550781,
            "max": 26.4249515533,
            "mean": 12.1748762131,
            "median": 11.3117809296,
            "min": 2.63468194008,
            "var": 26.6334953308
        },
        "barkbands_flatness_db": {
            "dmean": 0.0374400392175,
            "dmean2": 0.0532227419317,
            "dvar": 0.00144833175,
            "dvar2": 0.00271813827567,
            "max": 0.459871172905,
            "mean": 0.149029865861,
            "median": 0.138103082776,
            "min": 0.0184499118477,
            "var": 0.00435351161286
        },
        "barkbands_kurtosis": {
            "dmean": 9.66243934631,
            "dmean2": 14.584608078,
            "dvar": 756.158630371,
            "dvar2": 1584.56298828,
            "max": 1009.52038574,
            "mean": 11.2914028168,
            "median": 2.96919107437,
            "min": -1.90292418003,
            "var": 956.194030762
        },
        "barkbands_skewness": {
            "dmean": 1.05800461769,
            "dmean2": 1.51718330383,
            "dvar": 1.94190502167,
            "dvar2": 3.62649154663,
            "max": 25.7678661346,
            "mean": 2.09357094765,
            "median": 1.62111675739,
            "min": -18.9431648254,
            "var": 4.81848573685
        },
        "barkbands_spread": {
            "dmean": 8.79668617249,
            "dmean2": 13.5534009933,
            "dvar": 134.039871216,
            "dvar2": 285.516113281,
            "max": 123.143890381,
            "mean": 21.0470905304,
            "median": 18.0421333313,
            "min": 0.169894039631,
            "var": 259.287811279
        },
        "dissonance": {
            "dmean": 0.0237090867013,
            "dmean2": 0.0393098145723,
            "dvar": 0.000634743308183,
            "dvar2": 0.00160882133059,
            "max": 0.500000119209,
            "mean": 0.459163963795,
            "median": 0.468672484159,
            "min": 0,
            "var": 0.00128311605658
        },
        "dynamic_complexity": 4.05949020386,
        "erbbands": {
            "dmean": [
                0.585786759853,
                3.10637664795,
                6.73730421066,
                6.74067592621,
                5.96648740768,
                6.55592346191,
                8.16993045807,
                12.3944120407,
                10.767375946,
                11.4235906601,
                16.3439121246,
                25.7419013977,
                25.5138683319,
                24.7704029083,
                33.565776825,
                24.5726833344,
                27.1556015015,
                25.0301074982,
                28.2781410217,
                17.5907020569,
                13.9574279785,
                11.2229833603,
                9.46576786041,
                13.398859024,
                9.01214885712,
                9.37879371643,
                7.9222445488,
                5.60482692719,
                4.70192623138,
                3.79935956001,
                3.28730654716,
                2.12395119667,
                2.81168842316,
                1.98004817963,
                1.0743547678,
                0.497062623501,
                0.174045011401,
                0.0285118687898,
                0.00377370789647,
                0.00018670517602
            ],
            "dmean2": [
                0.904666185379,
                4.8323764801,
                12.1912975311,
                11.5966253281,
                10.6240186691,
                11.4907445908,
                13.6637716293,
                20.482749939,
                17.3591175079,
                18.3568992615,
                25.7499542236,
                40.6901321411,
                40.1335639954,
                37.6226043701,
                51.0885543823,
                37.1225090027,
                41.9473953247,
                38.4708137512,
                44.021320343,
                28.1721954346,
                21.6234283447,
                17.6477928162,
                14.8852472305,
                22.1171321869,
                14.4167642593,
                15.2017774582,
                13.1845121384,
                9.47278308868,
                7.78288841248,
                6.21913766861,
                5.39505910873,
                3.37391877174,
                4.49319934845,
                3.12029099464,
                1.70631611347,
                0.806651711464,
                0.287998318672,
                0.0479708462954,
                0.00640703737736,
                0.000303190143313
            ],
            "dvar": [
                1.99979746342,
                61.0169258118,
                372.780853271,
                344.555236816,
                318.595703125,
                212.11630249,
                281.694030762,
                708.961608887,
                670.783752441,
                967.913208008,
                2313.98193359,
                4141.15722656,
                6131.31396484,
                5083.95654297,
                10870.265625,
                5257.55419922,
                5714.36914063,
                4011.41821289,
                5007.35058594,
                2715.5715332,
                884.694213867,
                554.328979492,
                314.242218018,
                646.246643066,
                317.008331299,
                452.46295166,
                286.213989258,
                173.343963623,
                116.191085815,
                73.0515213013,
                52.166973114,
                20.8992805481,
                51.9264259338,
                31.6694831848,
                9.60158824921,
                1.58944118023,
                0.205906510353,
                0.00535342236981,
                0.000117422627227,
                3.64421453014e-07
            ],
            "dvar2": [
                4.66221237183,
                109.336380005,
                1052.90930176,
                942.824768066,
                915.078063965,
                594.081115723,
                734.425292969,
                1780.7208252,
                1652.35717773,
                2306.82373047,
                5110.22802734,
                10140.3632813,
                14942.7744141,
                11217.2099609,
                24211.7617188,
                11757.5087891,
                13119.5107422,
                8806.25683594,
                12065.9570313,
                7051.10644531,
                2060.39697266,
                1262.13134766,
                742.099365234,
                1681.03271484,
                744.093078613,
                1057.19897461,
                750.85369873,
                466.528259277,
                303.785552979,
                190.86340332,
                134.245300293,
                49.9771347046,
                117.67515564,
                69.3784561157,
                21.6998767853,
                3.94530439377,
                0.530206024647,
                0.0137644698843,
                0.000300549116218,
                9.15753389563e-07
            ],
            "max": [
                11.2027664185,
                56.8149299622,
                157.014846802,
                183.127792358,
                283.426757813,
                154.786651611,
                264.546081543,
                604.041137695,
                607.557006836,
                775.943969727,
                1606.66137695,
                1542.27233887,
                1549.06604004,
                2593.03857422,
                3760.73022461,
                2379.58618164,
                1786.53149414,
                1258.41674805,
                1838.96484375,
                1532.06689453,
                671.55267334,
                626.724853516,
                414.537628174,
                502.844421387,
                329.564361572,
                534.397766113,
                295.946990967,
                162.359527588,
                196.677749634,
                146.448028564,
                142.412017822,
                73.7903594971,
                166.791107178,
                139.758865356,
                68.8957061768,
                34.61977005,
                12.6818037033,
                1.43586468697,
                0.287198245525,
                0.0249373689294
            ],
            "mean": [
                0.761428594589,
                4.20242929459,
                5.87292861938,
                6.76803874969,
                6.90941667557,
                8.56355571747,
                11.5797986984,
                17.2675952911,
                15.8629455566,
                17.0619850159,
                21.7071857452,
                32.9182777405,
                30.732881546,
                35.6602592468,
                53.1810531616,
                38.124874115,
                37.7587547302,
                34.7882156372,
                37.883026123,
                23.0395889282,
                19.6314792633,
                15.9482784271,
                13.6343326569,
                16.4904098511,
                11.8650684357,
                11.5740919113,
                8.99269008636,
                5.84664106369,
                5.09068441391,
                4.4879193306,
                3.79156017303,
                2.44189786911,
                2.95079779625,
                2.27739810944,
                1.20453667641,
                0.508609890938,
                0.169285774231,
                0.0277202669531,
                0.00368533097208,
                0.000233352839132
            ],
            "median": [
                0.277374207973,
                0.933881640434,
                1.17894113064,
                2.376080513,
                3.18353104591,
                3.95330238342,
                4.92380523682,
                6.26975154877,
                5.2722530365,
                5.81458902359,
                6.83395767212,
                7.4990401268,
                7.79324150085,
                8.05621623993,
                7.13912439346,
                6.16171646118,
                7.57301139832,
                7.20977210999,
                9.02969455719,
                6.46113204956,
                6.01606702805,
                5.6912279129,
                5.70990180969,
                6.31426429749,
                5.08543539047,
                3.83731937408,
                3.23032951355,
                1.87640213966,
                1.62121319771,
                1.66114628315,
                1.36918413639,
                0.720098018646,
                0.531100928783,
                0.45367333293,
                0.245750337839,
                0.0944657251239,
                0.0329550951719,
                0.00455569801852,
                0.000500534486491,
                6.56094416627e-05
            ],
            "min": [
                3.73054644486e-22,
                2.64579131142e-21,
                1.91447107678e-20,
                4.87422767542e-20,
                1.15628721471e-19,
                1.3701157295e-19,
                2.05301846563e-19,
                2.17216000345e-19,
                1.44661202253e-18,
                8.29521068397e-19,
                8.62746587158e-19,
                1.65517920333e-18,
                1.23685235747e-18,
                1.98630673697e-18,
                1.01431223496e-18,
                5.87473886716e-18,
                1.24285549669e-17,
                5.25088379866e-18,
                8.12854175216e-18,
                1.03482900249e-17,
                1.12706907065e-17,
                1.09464152269e-17,
                1.66209453665e-17,
                1.61878236716e-17,
                1.11843884717e-17,
                1.4223696542e-17,
                9.06936457317e-18,
                9.72545693808e-18,
                1.68036579833e-17,
                2.07327791278e-17,
                1.49105873227e-17,
                1.54465490744e-17,
                1.63096574497e-17,
                1.65674267809e-17,
                8.72891274947e-18,
                5.32954784774e-18,
                3.18243492494e-18,
                1.46890795216e-18,
                3.21103397083e-19,
                4.20210271493e-20
            ],
            "var": [
                1.98609244823,
                85.804107666,
                259.764709473,
                240.825149536,
                212.983581543,
                183.571289063,
                368.733001709,
                949.764709473,
                1161.98461914,
                1671.26916504,
                3256.75537109,
                5683.30908203,
                7052.68310547,
                10477.9873047,
                23695.2910156,
                10806.9472656,
                10025.0253906,
                7090.88867188,
                7445.2265625,
                3392.72436523,
                1478.16162109,
                930.168762207,
                508.32119751,
                737.289489746,
                449.42376709,
                600.241638184,
                279.636169434,
                144.541183472,
                106.819061279,
                67.7055587769,
                50.4250259399,
                24.114200592,
                66.8714523315,
                46.5389480591,
                12.5080194473,
                1.72588014603,
                0.195015415549,
                0.00552868284285,
                0.000125237376778,
                4.93215566166e-07
            ]
        },
        "erbbands_crest": {
            "dmean": 3.31514501572,
            "dmean2": 5.33331298828,
            "dvar": 10.4493150711,
            "dvar2": 24.9229450226,
            "max": 32.196849823,
            "mean": 9.93694400787,
            "median": 8.64758491516,
            "min": 2.29772162437,
            "var": 26.774066925
        },
        "erbbands_flatness_db": {
            "dmean": 0.0260892082006,
            "dmean2": 0.0362200662494,
            "dvar": 0.000643284001853,
            "dvar2": 0.00118317035958,
            "max": 0.392794281244,
            "mean": 0.146229147911,
            "median": 0.141334950924,
            "min": 0.0365928895772,
            "var": 0.00309509038925
        },
        "erbbands_kurtosis": {
            "dmean": 1.53655588627,
            "dmean2": 2.42282795906,
            "dvar": 6.26124429703,
            "dvar2": 14.2032995224,
            "max": 50.8891296387,
            "mean": 1.15132522583,
            "median": 0.080989792943,
            "min": -1.83871483803,
            "var": 12.0736150742
        },
        "erbbands_skewness": {
            "dmean": 0.527483701706,
            "dmean2": 0.817800223827,
            "dvar": 0.301237016916,
            "dvar2": 0.666710317135,
            "max": 5.246758461,
            "mean": 0.449087381363,
            "median": 0.384598970413,
            "min": -5.49933099747,
            "var": 0.763458669186
        },
        "erbbands_spread": {
            "dmean": 12.970457077,
            "dmean2": 19.1788978577,
            "dvar": 244.659622192,
            "dvar2": 520.284545898,
            "max": 195.599655151,
            "mean": 41.9033470154,
            "median": 36.643787384,
            "min": 1.97305190563,
            "var": 700.135192871
        },
        "gfcc": {
            "cov": [
                [
                    14859.0205078,
                    748.14855957,
                    720.484985352,
                    1231.55041504,
                    260.126678467,
                    844.251464844,
                    164.462554932,
                    -35.1912956238,
                    -624.711608887,
                    -130.791183472,
                    -97.3810348511,
                    65.876991272,
                    -209.1769104
                ],
                [
                    748.14855957,
                    2119.17211914,
                    367.228363037,
                    414.032012939,
                    485.653320313,
                    3.75061273575,
                    203.279174805,
                    -28.839422226,
                    -12.8997068405,
                    -118.104682922,
                    88.5657501221,
                    -7.19690275192,
                    44.8241004944
                ],
                [
                    720.484985352,
                    367.228363037,
                    1465.22729492,
                    564.192138672,
                    276.947418213,
                    242.910461426,
                    -14.0742950439,
                    66.9882965088,
                    -42.587677002,
                    -61.5236625671,
                    -46.2569999695,
                    -53.8509864807,
                    -50.0604896545
                ],
                [
                    1231.55041504,
                    414.032012939,
                    564.192138672,
                    697.546447754,
                    287.241760254,
                    103.116157532,
                    35.7552261353,
                    41.3282432556,
                    5.62814569473,
                    -50.4373664856,
                    7.53684663773,
                    -20.7315673828,
                    -3.04687404633
                ],
                [
                    260.126678467,
                    485.653320313,
                    276.947418213,
                    287.241760254,
                    441.222229004,
                    176.318603516,
                    167.805480957,
                    25.0094738007,
                    29.3308982849,
                    -7.51539564133,
                    -1.7007484436,
                    -35.1110992432,
                    -12.7943344116
                ],
                [
                    844.251464844,
                    3.75061273575,
                    242.910461426,
                    103.116157532,
                    176.318603516,
                    435.661865234,
                    212.516616821,
                    21.7039718628,
                    -32.8209991455,
                    38.2595939636,
                    -3.71664094925,
                    -22.4380092621,
                    -40.6390647888
                ],
                [
                    164.462554932,
                    203.279174805,
                    -14.0742950439,
                    35.7552261353,
                    167.805480957,
                    212.516616821,
                    322.057189941,
                    27.3715381622,
                    3.04284715652,
                    24.0546131134,
                    19.5890254974,
                    -9.31551933289,
                    -21.3483524323
                ],
                [
                    -35.1912956238,
                    -28.839422226,
                    66.9882965088,
                    41.3282432556,
                    25.0094738007,
                    21.7039718628,
                    27.3715381622,
                    221.288421631,
                    114.160957336,
                    21.5883674622,
                    1.73658967018,
                    3.41314196587,
                    27.2593479156
                ],
                [
                    -624.711608887,
                    -12.8997068405,
                    -42.587677002,
                    5.62814569473,
                    29.3308982849,
                    -32.8209991455,
                    3.04284715652,
                    114.160957336,
                    224.60774231,
                    58.5403900146,
                    9.876537323,
                    13.2934074402,
                    36.9159431458
                ],
                [
                    -130.791183472,
                    -118.104682922,
                    -61.5236625671,
                    -50.4373664856,
                    -7.51539564133,
                    38.2595939636,
                    24.0546131134,
                    21.5883674622,
                    58.5403900146,
                    129.467330933,
                    39.8580932617,
                    3.01324701309,
                    4.25430059433
                ],
                [
                    -97.3810348511,
                    88.5657501221,
                    -46.2569999695,
                    7.53684663773,
                    -1.7007484436,
                    -3.71664094925,
                    19.5890254974,
                    1.73658967018,
                    9.876537323,
                    39.8580932617,
                    128.011810303,
                    51.9425239563,
                    14.7835865021
                ],
                [
                    65.876991272,
                    -7.19690275192,
                    -53.8509864807,
                    -20.7315673828,
                    -35.1110992432,
                    -22.4380092621,
                    -9.31551933289,
                    3.41314196587,
                    13.2934074402,
                    3.01324701309,
                    51.9425239563,
                    115.554992676,
                    43.2574081421
                ],
                [
                    -209.1769104,
                    44.8241004944,
                    -50.0604896545,
                    -3.04687404633,
                    -12.7943344116,
                    -40.6390647888,
                    -21.3483524323,
                    27.2593479156,
                    36.9159431458,
                    4.25430059433,
                    14.7835865021,
                    43.2574081421,
                    104.290504456
                ]
            ],
            "icov": [
                [
                    0.000134016940137,
                    -0.000103051585029,
                    0.000137088645715,
                    -0.000349300535163,
                    0.000201734175789,
                    -0.000345524313161,
                    0.000183446551091,
                    -0.000227015450946,
                    0.000453475251561,
                    -0.000233228274737,
                    0.000373800139641,
                    -0.000398708449211,
                    0.000317070866004
                ],
                [
                    -0.000103051585029,
                    0.000919354904909,
                    -0.000255946593825,
                    0.000237351632677,
                    -0.000971820787527,
                    0.000805582618341,
                    -0.000660724879708,
                    0.00044383778004,
                    -0.000380098092137,
                    0.00100635981653,
                    -0.00118407723494,
                    0.000681691279169,
                    -0.000795735511929
                ],
                [
                    0.000137088645715,
                    -0.000255946593825,
                    0.00137099251151,
                    -0.00112732232083,
                    0.000118294701679,
                    -0.00114980642684,
                    0.00103401963133,
                    -0.00069679308217,
                    0.000721866032109,
                    -0.000188037432963,
                    0.000759920279961,
                    -0.000462508032797,
                    0.000806645199191
                ],
                [
                    -0.000349300535163,
                    0.000237351632677,
                    -0.00112732232083,
                    0.00359354075044,
                    -0.00188361154869,
                    0.000999438809231,
                    -0.000157733476954,
                    0.000425407633884,
                    -0.00126327539328,
                    0.00139450340066,
                    -0.00173542893026,
                    0.0012296611676,
                    -0.0010976131307
                ],
                [
                    0.000201734175789,
                    -0.000971820787527,
                    0.000118294701679,
                    -0.00188361154869,
                    0.00544538348913,
                    -0.00160265539307,
                    -0.00104838353582,
                    6.85876439093e-05,
                    -0.000382650090614,
                    -0.000635957112536,
                    0.00130284018815,
                    5.2613853768e-05,
                    0.000589943141676
                ],
                [
                    -0.000345524313161,
                    0.000805582618341,
                    -0.00114980642684,
                    0.000999438809231,
                    -0.00160265539307,
                    0.00568461045623,
                    -0.00335702951998,
                    0.000378676777473,
                    1.13838013931e-05,
                    -0.000795316358563,
                    -0.000628011010122,
                    0.00071836321149,
                    -0.000510153186042
                ],
                [
                    0.000183446551091,
                    -0.000660724879708,
                    0.00103401963133,
                    -0.000157733476954,
                    -0.00104838353582,
                    -0.00335702951998,
                    0.0064443317242,
                    -0.00120535015594,
                    0.000779832596891,
                    -0.000474830303574,
                    0.000136224611197,
                    -0.00076324341353,
                    0.00138170772698
                ],
                [
                    -0.000227015450946,
                    0.00044383778004,
                    -0.00069679308217,
                    0.000425407633884,
                    6.85876439093e-05,
                    0.000378676777473,
                    -0.00120535015594,
                    0.00711765745655,
                    -0.00436476198956,
                    0.00126080459449,
                    -0.00103461032268,
                    0.00131254713051,
                    -0.001823480241
                ],
                [
                    0.000453475251561,
                    -0.000380098092137,
                    0.000721866032109,
                    -0.00126327539328,
                    -0.000382650090614,
                    1.13838013931e-05,
                    0.000779832596891,
                    -0.00436476198956,
                    0.00926171895117,
                    -0.00435460498556,
                    0.00238221464679,
                    -0.00215302081779,
                    9.50683461269e-05
                ],
                [
                    -0.000233228274737,
                    0.00100635981653,
                    -0.000188037432963,
                    0.00139450340066,
                    -0.000635957112536,
                    -0.000795316358563,
                    -0.000474830303574,
                    0.00126080459449,
                    -0.00435460498556,
                    0.012637283653,
                    -0.00573194632307,
                    0.00314337247983,
                    -0.00122989632655
                ],
                [
                    0.000373800139641,
                    -0.00118407723494,
                    0.000759920279961,
                    -0.00173542893026,
                    0.00130284018815,
                    -0.000628011010122,
                    0.000136224611197,
                    -0.00103461032268,
                    0.00238221464679,
                    -0.00573194632307,
                    0.0134348468855,
                    -0.00688952906057,
                    0.00212991330773
                ],
                [
                    -0.000398708449211,
                    0.000681691279169,
                    -0.000462508032797,
                    0.0012296611676,
                    5.2613853768e-05,
                    0.00071836321149,
                    -0.00076324341353,
                    0.00131254713051,
                    -0.00215302081779,
                    0.00314337247983,
                    -0.00688952906057,
                    0.014444869943,
                    -0.00587261235341
                ],
                [
                    0.000317070866004,
                    -0.000795735511929,
                    0.000806645199191,
                    -0.0010976131307,
                    0.000589943141676,
                    -0.000510153186042,
                    0.00138170772698,
                    -0.001823480241,
                    9.50683461269e-05,
                    -0.00122989632655,
                    0.00212991330773,
                    -0.00587261235341,
                    0.0137051567435
                ]
            ],
            "mean": [
                -11.3988275528,
                71.8293304443,
                -100.066818237,
                22.4738674164,
                -47.9897079468,
                15.5405683517,
                -32.2151832581,
                13.1065168381,
                -20.9233455658,
                8.60090923309,
                -12.5519523621,
                3.40593719482,
                -7.82339286804
            ]
        },
        "hfc": {
            "dmean": 12.1597585678,
            "dmean2": 18.4743423462,
            "dvar": 368.032867432,
            "dvar2": 885.258239746,
            "max": 307.516723633,
            "mean": 23.6813411713,
            "median": 16.8536720276,
            "min": 1.17264233835e-16,
            "var": 591.420898438
        },
        "melbands": {
            "dmean": [
                0.00475573074073,
                0.00354810105637,
                0.00112629344221,
                0.000436478119809,
                0.000282005406916,
                0.000267737108516,
                0.000165859120898,
                0.000125963881146,
                0.000140827047289,
                0.00017292976554,
                0.000130035259645,
                0.000102098434581,
                0.000109646527562,
                8.87605565367e-05,
                5.67823226447e-05,
                6.76027484587e-05,
                4.63012729597e-05,
                5.21347792528e-05,
                3.08019698423e-05,
                2.21034970309e-05,
                1.54146637215e-05,
                1.27866396724e-05,
                9.28725148697e-06,
                8.49681055115e-06,
                1.19520327644e-05,
                7.90174362919e-06,
                6.40716416456e-06,
                6.39986683382e-06,
                5.62321247344e-06,
