{
    "lowlevel": {
        "average_loudness": 0.696171462536,
        "barkbands": {
            "dmean": [
                0.000406386068789,
                0.00519355805591,
                0.000570740434341,
                0.000231541722314,
                0.000638789730147,
                0.000608565111179,
                0.000492199964356,
                0.000327927467879,
                0.000465857650852,
                0.000296895799693,
                0.000425962265581,
                0.000292874727165,
                0.000262421381194,
                0.000280935986666,
                0.000322802981827,
                0.000352304225089,
                0.000411672779592,
                0.000281806511339,
                8.85255722096e-05,
                9.06716741156e-05,
                0.000126906568767,
                0.000164830562426,
                0.000200243812287,
                0.00023091735784,
                0.000249838689342,
                0.000166866870131,
                5.59424188395e-05
            ],
            "dmean2": [
                0.000713977671694,
                0.00869560055435,
                0.000989435007796,
                0.000382742931833,
                0.000987108098343,
                0.000900561863091,
                0.00074882718036,
                0.000488217017846,
                0.000673668982927,
                0.000468248937977,
                0.000625623215456,
                0.000473646010505,
                0.000403522717534,
                0.00045346756815,
                0.000523063587025,
                0.00057200685842,
                0.000637455610558,
                0.000455692905234,
                0.000142725519254,
                0.000143603538163,
                0.000199190166313,
                0.000251176825259,
                0.000315279059578,
                0.000366323802155,
                0.000398016301915,
                0.000260004278971,
                8.74396428117e-05
            ],
            "dvar": [
                9.55584482654e-07,
                0.000216946442379,
                3.00899273498e-06,
                3.99811113994e-07,
                1.73377236479e-06,
                1.97958138415e-06,
                1.38596942634e-06,
                7.7778014429e-07,
                9.23444247292e-07,
                6.33231991287e-07,
                1.04626690245e-06,
                5.47901152004e-07,
                4.52250390026e-07,
                4.04172880053e-07,
                4.51555280279e-07,
                5.40186078979e-07,
                9.6627354651e-07,
                4.42321123728e-07,
                4.80107296141e-08,
                7.0972305366e-08,
                1.63812501341e-07,
                2.45468214644e-07,
                2.52646856325e-07,
                2.71406548791e-07,
                4.05796157565e-07,
                1.55075525754e-07,
                1.98680112362e-08
            ],
            "dvar2": [
                2.81169127447e-06,
                0.000584957306273,
                8.56164206198e-06,
                1.12302268462e-06,
                3.94054268327e-06,
                4.24612244387e-06,
                2.84522525362e-06,
                1.68278177171e-06,
                1.80298854957e-06,
                1.37803260714e-06,
                2.11228780245e-06,
                1.19662490761e-06,
                1.03981983557e-06,
                9.46476859554e-07,
                1.09890322619e-06,
                1.35159893944e-06,
                2.28854355555e-06,
                1.13296687232e-06,
                1.14030207499e-07,
                1.57976472792e-07,
                3.86153971021e-07,
                5.27064003109e-07,
                5.60997420962e-07,
                6.22328457212e-07,
                9.61325895332e-07,
                3.43639271705e-07,
                4.45014443073e-08
            ],
            "max": [
                0.01188425906,
                0.140131801367,
                0.0237377230078,
                0.0131937097758,
                0.0220124814659,
                0.0298463087529,
                0.0354042574763,
                0.0258895028383,
                0.0216626357287,
                0.0218262542039,
                0.0228748153895,
                0.0191390626132,
                0.0150952525437,
                0.0125797325745,
                0.014511661604,
                0.012640375644,
                0.022055439651,
                0.0124227143824,
                0.00575100490823,
                0.00844225473702,
                0.0108182840049,
                0.0110912248492,
                0.0119654387236,
                0.0075043682009,
                0.0093518262729,
                0.00656413519755,
                0.00185384042561
            ],
            "mean": [
                0.000498451525345,
                0.00839788466692,
                0.00103852257598,
                0.000444210396381,
                0.00131931295618,
                0.00131690804847,
                0.00127308489755,
                0.000936523836572,
                0.00104505044874,
                0.000514935934916,
                0.000880747858901,
                0.000445167388534,
                0.000452360603958,
                0.000492515682708,
                0.000465328572318,
                0.000604454311542,
                0.00104002573062,
                0.000543907633983,
                0.000158302471391,
                0.000139286377816,
                0.000179704977199,
                0.000242530732066,
                0.000274941150565,
                0.000310009374516,
                0.000335140939569,
                0.000244177907007,
                6.58011922496e-05
            ],
            "median": [
                1.73845783138e-05,
                0.00095063704066,
                0.000283138186205,
                0.000125042162836,
                0.00052464613691,
                0.000396802672185,
                0.000308490125462,
                0.000174575572601,
                0.000390825269278,
                0.000102451318526,
                0.000185976721696,
                0.000103785190731,
                8.3488994278e-05,
                9.2887567007e-05,
                0.000132863555336,
                0.000116500232252,
                0.000126251485199,
                0.000110404340376,
                4.24506506533e-05,
                4.23543388024e-05,
                3.49727961293e-05,
                2.95199970424e-05,
                4.03882841056e-05,
                5.14775492775e-05,
                5.44455178897e-05,
                2.89205345325e-05,
                3.8428447624e-06
            ],
            "min": [
                1.61758517065e-25,
                2.90014298841e-24,
                2.11672206799e-24,
                8.79138640253e-25,
                1.41981331423e-23,
                7.02925869194e-24,
                7.39053963159e-24,
                8.8421849033e-24,
                2.23521197362e-23,
                2.288709207e-23,
                2.41378752114e-23,
                3.09996303342e-23,
                2.91124667896e-23,
                3.12399299877e-23,
                5.0778307515e-23,
                7.00388955632e-23,
                6.40522995732e-23,
                7.02027766831e-23,
                1.12891132599e-22,
                1.93771728547e-22,
                3.23600462088e-22,
                3.83404524806e-22,
                3.41594089035e-22,
                6.78247005796e-22,
                8.17394143002e-22,
                1.37637785024e-21,
                2.07718259237e-21
            ],
            "var": [
                1.07525124804e-06,
                0.0002804378164,
                3.14345106744e-06,
                7.25799907286e-07,
                4.41660677097e-06,
                5.98712404098e-06,
                5.78780418437e-06,
                6.14677719568e-06,
                3.26271515405e-06,
                1.67716461874e-06,
                3.36594075634e-06,
                1.0233110288e-06,
                9.58737359724e-07,
                1.37265544708e-06,
                7.61825333484e-07,
                1.21556945487e-06,
                5.76190723223e-06,
                1.22203584851e-06,
                8.88239455321e-08,
                1.00630217048e-07,
                2.47681413157e-07,
                4.41508632321e-07,
                4.63466960809e-07,
                5.01690180954e-07,
                5.66207006614e-07,
                2.77640168633e-07,
                2.9091177467e-08
            ]
        },
        "barkbands_crest": {
            "dmean": 2.51247286797,
            "dmean2": 4.06621408463,
            "dvar": 8.82190418243,
            "dvar2": 21.111913681,
            "max": 26.5424118042,
            "mean": 10.8669376373,
            "median": 9.26880741119,
            "min": 2.26578187943,
            "var": 31.9142589569
        },
        "barkbands_flatness_db": {
            "dmean": 0.0291189458221,
            "dmean2": 0.045577481389,
            "dvar": 0.00168650993146,
            "dvar2": 0.00389680219814,
            "max": 0.547838926315,
            "mean": 0.143785119057,
            "median": 0.119496144354,
            "min": 0.0143214706331,
            "var": 0.00799946952611
        },
        "barkbands_kurtosis": {
            "dmean": 4.51067209244,
            "dmean2": 7.6543507576,
            "dvar": 285.457061768,
            "dvar2": 763.786743164,
            "max": 465.473358154,
            "mean": 6.2672495842,
            "median": 0.817338228226,
            "min": -1.92347109318,
            "var": 400.046905518
        },
        "barkbands_skewness": {
            "dmean": 0.643893003464,
            "dmean2": 1.01559066772,
            "dvar": 0.95204782486,
            "dvar2": 2.3047003746,
            "max": 18.601650238,
            "mean": 1.38936603069,
            "median": 0.991436779499,
            "min": -3.11487984657,
            "var": 3.18839883804
        },
        "barkbands_spread": {
            "dmean": 8.27326774597,
            "dmean2": 12.8738260269,
            "dvar": 140.314712524,
            "dvar2": 304.923553467,
            "max": 141.869338989,
            "mean": 27.4785499573,
            "median": 23.1021060944,
            "min": 0.215394452214,
            "var": 415.141113281
        },
        "dissonance": {
            "dmean": 0.0226253885776,
            "dmean2": 0.0371842496097,
            "dvar": 0.000713794550393,
            "dvar2": 0.00183067983016,
            "max": 0.5,
            "mean": 0.446488022804,
            "median": 0.464944660664,
            "min": 0.1782271415,
            "var": 0.00291803991422
        },
        "dynamic_complexity": 6.35331249237,
        "erbbands": {
            "dmean": [
                0.174803301692,
                1.12462067604,
                0.876543283463,
                0.670377910137,
                1.11430382729,
                2.69503521919,
                5.05426168442,
                4.01328897476,
                4.68711280823,
                8.10358142853,
                7.98134613037,
                10.671128273,
                9.6240940094,
                11.9469842911,
                15.5673799515,
                11.6186342239,
                11.6583032608,
                13.37840271,
                13.0527420044,
                16.3991355896,
                19.3066883087,
                19.6028194427,
                18.1836719513,
                5.81780958176,
                4.00888729095,
                4.19492864609,
                4.22308921814,
                5.91846132278,
                6.36387681961,
                5.27968645096,
                5.60445308685,
                4.5710067749,
                4.20344829559,
                2.88240075111,
                1.80710566044,
                0.81386333704,
                0.303600847721,
                0.0698582008481,
                0.00971055496484,
                0.000484376621898
            ],
            "dmean2": [
                0.300899147987,
                1.85504055023,
                1.51351737976,
                1.09965133667,
                1.79189014435,
                4.15101337433,
                7.61448860168,
                6.04382753372,
                7.25862693787,
                12.1647167206,
                11.6539716721,
                15.4040250778,
                15.0874767303,
                17.8568077087,
                23.103925705,
                18.5903968811,
                17.7295417786,
                21.122051239,
                21.2976150513,
                26.9289035797,
                30.5104312897,
                30.3546543121,
                28.9989719391,
                9.25222301483,
                6.37924575806,
                6.60782051086,
                6.60513830185,
                9.33999156952,
                9.72468852997,
                8.06549167633,
                8.85308742523,
                7.34133911133,
                6.7352437973,
                4.60976791382,
                2.88260579109,
                1.26809966564,
                0.476515382528,
                0.108411438763,
                0.0153336869553,
                0.000772340630647
            ],
            "dvar": [
                0.234997034073,
                10.2695016861,
                7.07167577744,
                3.63691687584,
                6.00116825104,
                37.3890762329,
                150.52633667,
                106.755134583,
                118.826301575,
                391.567901611,
                352.576324463,
                583.595703125,
                631.74798584,
                821.668823242,
                1798.08740234,
                802.909912109,
                789.18572998,
                908.332763672,
                761.602478027,
                1117.42089844,
                1730.02954102,
                1983.94018555,
                1755.5859375,
                191.049133301,
                110.742095947,
                156.672744751,
                169.126342773,
                348.920715332,
                433.688781738,
                204.171768188,
                192.381958008,
                109.911338806,
                94.8923187256,
                54.0517425537,
                25.725725174,
                3.88975524902,
                0.519791901112,
                0.0289557948709,
                0.000615935306996,
                1.8139455733e-06
            ],
            "dvar2": [
                0.656874716282,
                27.156457901,
                19.2055358887,
                10.2010993958,
                15.1917619705,
                82.5282821655,
                323.06362915,
                239.775680542,
                271.652008057,
                821.890930176,
                784.647766113,
                1151.6673584,
                1361.53369141,
                1845.94702148,
                3471.7355957,
                1739.64196777,
                1759.38928223,
                1984.46264648,
                1914.4888916,
                2734.5378418,
                4283.68847656,
                4684.40917969,
                4395.22021484,
                449.439697266,
                257.160247803,
                350.670837402,
                387.01550293,
                804.389404297,
                974.77520752,
                410.202514648,
                425.126434326,
                250.38092041,
                224.624069214,
                127.658790588,
                61.834941864,
                8.5273103714,
                1.195302248,
                0.0652378872037,
                0.00140217144508,
                4.36938626081e-06
            ],
            "max": [
                5.03769636154,
                30.8439235687,
                33.1340827942,
                35.6987457275,
                47.8816757202,
                126.067718506,
                244.476165771,
                226.213485718,
                285.533477783,
                476.005767822,
                677.612487793,
                613.182373047,
                825.143676758,
                791.858032227,
                1021.61987305,
                745.991638184,
                649.690856934,
                667.78704834,
                476.320739746,
                900.68347168,
                847.047912598,
                941.498474121,
                769.490905762,
                411.73348999,
                352.550628662,
                368.697113037,
                291.574920654,
                470.44921875,
                491.063537598,
                375.91809082,
                336.978973389,
                162.313796997,
                143.252960205,
                150.61000061,
                88.4696807861,
                40.8566093445,
                10.5661411285,
                1.98316049576,
                0.425650537014,
                0.017828559503
            ],
            "mean": [
                0.300376951694,
                1.65028607845,
                1.55585241318,
                1.40068268776,
                2.10816550255,
                5.36648607254,
                10.181804657,
                8.99015712738,
                11.9820652008,
                23.5860042572,
                22.6643257141,
                24.4112949371,
                18.318901062,
                25.5546131134,
                26.8757820129,
                19.2791824341,
                22.308134079,
                26.1062717438,
                21.3605232239,
                28.6662044525,
                42.0216598511,
                52.7077293396,
                37.5701828003,
                11.377702713,
                7.17914581299,
                6.3366484642,
                6.03090333939,
                8.42721176147,
                9.0773859024,
                7.66078042984,
                7.726790905,
                6.29875135422,
                5.40488147736,
                3.77431058884,
                2.39556193352,
                1.1691647768,
                0.435642570257,
                0.0942434445024,
                0.0114029850811,
                0.000519068038557
            ],
            "median": [
                0.0188512522727,
                0.239047735929,
                0.482076346874,
                0.612345814705,
                0.895062208176,
                1.93201684952,
                3.40694570541,
                2.60135746002,
                3.7051615715,
                6.22679042816,
                6.20754337311,
                8.05856513977,
                4.73215055466,
                6.39709568024,
                5.17354011536,
                5.30633544922,
                5.20554065704,
                6.06101560593,
                6.58442735672,
                7.73320960999,
                6.97699260712,
                7.2775349617,
                7.07978343964,
                3.51422524452,
                2.0523557663,
                1.78747403622,
                1.45736134052,
                1.3617246151,
                1.03558588028,
                1.07928717136,
                1.15925645828,
                0.913057982922,
                0.894397616386,
                0.578351736069,
                0.354758441448,
                0.151511490345,
                0.0481558889151,
                0.00964632909745,
                0.000663832295686,
                5.48871903447e-05
            ],
            "min": [
                5.94926709193e-23,
                3.38854305692e-22,
                2.76786911422e-21,
                5.14623915362e-21,
                2.21851132756e-20,
                3.05618323985e-20,
                3.93118006168e-20,
                6.40822895152e-20,
                1.44345873249e-19,
                1.74469232068e-19,
                3.07823942927e-19,
                5.47199620743e-19,
                8.40307400188e-19,
                9.5855550539e-19,
                1.46925940052e-18,
                1.63359671698e-18,
                1.59629593784e-18,
                2.06172100021e-18,
                3.47968248485e-18,
                1.81265422944e-18,
                4.42964854676e-18,
                4.27543395644e-18,
                4.65680681863e-18,
                6.30032949617e-18,
                7.77748712737e-18,
                9.89419433842e-18,
                9.27766767656e-18,
                1.29497374826e-17,
                1.21604789653e-17,
                1.31352732669e-17,
                9.0422917789e-18,
                1.12989074916e-17,
                1.12388442529e-17,
                7.17279576572e-18,
                5.72662142513e-18,
                4.1612664883e-18,
                2.53854678278e-18,
                9.93773753945e-19,
                2.43122133907e-19,
                3.00667324901e-20
            ],
            "var": [
                0.348756194115,
                11.9916315079,
                7.35343027115,
                5.05086803436,
                11.6193389893,
                87.3486709595,
                389.885406494,
                305.25769043,
                408.327667236,
                2064.77514648,
                3180.68530273,
                1980.6817627,
                1992.79223633,
                2461.31054688,
                5240.70703125,
                1606.66564941,
                1922.23693848,
                2891.7043457,
                1514.42138672,
                2312.34912109,
                6101.83544922,
                13823.6806641,
                5659.31103516,
                404.377319336,
                194.352905273,
                217.871139526,
                243.767288208,
                554.680236816,
                710.419189453,
                424.062408447,
                350.459014893,
                203.217422485,
                160.251754761,
                76.4383163452,
                32.6080436707,
                6.99193143845,
                0.846169292927,
                0.0461030043662,
                0.000891435774975,
                2.03077206606e-06
            ]
        },
        "erbbands_crest": {
            "dmean": 2.48543477058,
            "dmean2": 3.96500778198,
            "dvar": 7.27585458755,
            "dvar2": 16.8748264313,
            "max": 33.7734527588,
            "mean": 10.5737667084,
            "median": 9.24232769012,
            "min": 2.26480460167,
            "var": 30.2211704254
        },
        "erbbands_flatness_db": {
            "dmean": 0.0231384318322,
            "dmean2": 0.0344817973673,
            "dvar": 0.00100570556242,
            "dvar2": 0.00213430984877,
            "max": 0.439597755671,
            "mean": 0.168255493045,
            "median": 0.151095271111,
            "min": 0.0321388207376,
            "var": 0.0064882603474
        },
        "erbbands_kurtosis": {
            "dmean": 1.3164639473,
            "dmean2": 2.09818172455,
            "dvar": 4.82207298279,
            "dvar2": 11.3573961258,
            "max": 34.3635368347,
            "mean": 1.88443827629,
            "median": 0.40166592598,
            "min": -1.87951874733,
            "var": 17.6669178009
        },
        "erbbands_skewness": {
            "dmean": 0.421165764332,
            "dmean2": 0.641675889492,
            "dvar": 0.222148314118,
            "dvar2": 0.474491536617,
            "max": 5.26733350754,
            "mean": 0.322330087423,
            "median": 0.212746918201,
            "min": -3.97751402855,
            "var": 1.43649184704
        },
        "erbbands_spread": {
            "dmean": 9.43894958496,
            "dmean2": 14.578040123,
            "dvar": 173.649261475,
            "dvar2": 403.268066406,
            "max": 185.137008667,
            "mean": 34.7181358337,
            "median": 30.1238899231,
            "min": 2.2575211525,
            "var": 500.249389648
        },
        "gfcc": {
            "cov": [
                [
                    35792.859375,
                    -3372.41210938,
                    2125.85009766,
                    2558.32324219,
                    939.559082031,
                    1915.4354248,
                    -511.982147217,
                    1384.68371582,
                    220.667663574,
                    778.82623291,
                    4.16238498688,
                    925.855285645,
                    -177.011734009
                ],
                [
                    -3372.41210938,
                    2719.71508789,
                    -339.004302979,
                    -88.5676269531,
                    428.686767578,
                    -127.284973145,
                    221.25402832,
                    -51.3679618835,
                    109.734153748,
                    -139.827194214,
                    52.1218681335,
                    -218.437850952,
                    19.4314613342
                ],
                [
                    2125.85009766,
                    -339.004302979,
                    1720.20996094,
                    767.475585938,
                    468.442871094,
                    503.47744751,
                    195.949386597,
                    195.661193848,
                    152.898956299,
                    198.722808838,
                    46.198097229,
                    63.8757972717,
                    -45.4505844116
                ],
                [
                    2558.32324219,
                    -88.5676269531,
                    767.475585938,
                    1105.75231934,
                    468.373748779,
                    331.837280273,
                    141.808227539,
                    224.79335022,
                    119.885543823,
                    104.210220337,
                    -17.208688736,
                    45.412651062,
                    -4.67412853241
                ],
                [
                    939.559082031,
                    428.686767578,
                    468.442871094,
                    468.373748779,
                    737.810241699,
                    250.148681641,
                    201.347579956,
                    226.742721558,
                    189.615188599,
                    51.1198310852,
                    37.6100349426,
                    32.261631012,
                    7.83841466904
                ],
                [
                    1915.4354248,
                    -127.284973145,
                    503.47744751,
                    331.837280273,
                    250.148681641,
                    481.899353027,
                    164.693145752,
                    143.179779053,
                    36.0330543518,
                    106.981544495,
                    31.119720459,
                    40.6547584534,
                    -14.0897159576
                ],
                [
                    -511.982147217,
                    221.25402832,
                    195.949386597,
                    141.808227539,
                    201.347579956,
                    164.693145752,
                    330.2940979,
                    71.9724349976,
                    76.3923416138,
                    29.7021961212,
                    42.31016922,
                    -28.0687828064,
                    0.385665267706
                ],
                [
                    1384.68371582,
                    -51.3679618835,
                    195.661193848,
                    224.79335022,
                    226.742721558,
                    143.179779053,
                    71.9724349976,
                    288.083648682,
                    132.359344482,
                    59.4227714539,
                    20.6496906281,
                    55.2858505249,
                    -1.55813550949
                ],
                [
                    220.667663574,
                    109.734153748,
                    152.898956299,
                    119.885543823,
                    189.615188599,
                    36.0330543518,
                    76.3923416138,
                    132.359344482,
                    249.711044312,
                    74.307182312,
                    28.1208229065,
                    17.1144580841,
                    4.53546524048
                ],
                [
                    778.82623291,
                    -139.827194214,
                    198.722808838,
                    104.210220337,
                    51.1198310852,
                    106.981544495,
                    29.7021961212,
                    59.4227714539,
                    74.307182312,
                    171.070678711,
                    43.7454872131,
                    19.6439437866,
                    -12.1440896988
                ],
                [
                    4.16238498688,
                    52.1218681335,
                    46.198097229,
                    -17.208688736,
                    37.6100349426,
                    31.119720459,
                    42.31016922,
                    20.6496906281,
                    28.1208229065,
                    43.7454872131,
                    150.164047241,
                    52.3926391602,
                    -4.54628419876
                ],
                [
                    925.855285645,
                    -218.437850952,
                    63.8757972717,
                    45.412651062,
                    32.261631012,
                    40.6547584534,
                    -28.0687828064,
                    55.2858505249,
                    17.1144580841,
                    19.6439437866,
                    52.3926391602,
                    170.055084229,
                    28.0597743988
                ],
                [
                    -177.011734009,
                    19.4314613342,
                    -45.4505844116,
                    -4.67412853241,
                    7.83841466904,
                    -14.0897159576,
                    0.385665267706,
                    -1.55813550949,
                    4.53546524048,
                    -12.1440896988,
                    -4.54628419876,
                    28.0597743988,
                    101.384689331
                ]
            ],
            "icov": [
                [
                    6.24537278782e-05,
                    2.37525127886e-05,
                    3.94406852138e-05,
                    -8.44704845804e-05,
                    2.13310181607e-06,
                    -0.000209687190363,
                    0.000207871460589,
                    -0.000168885468156,
                    4.13675224991e-05,
                    -0.000111083070806,
                    7.33617707738e-05,
                    -0.000197969231522,
                    0.000128507323097
                ],
                [
                    2.37525127886e-05,
                    0.000610246905126,
                    0.000161735617439,
                    1.34687461468e-05,
                    -0.000528633827344,
                    1.87626592378e-05,
                    -6.73850227031e-05,
                    0.000192109291675,
                    -0.000189800994121,
                    0.000396675401134,
                    -0.000487961136969,
                    0.000757702451665,
                    -0.000131257722387
                ],
                [
                    3.94406852138e-05,
                    0.000161735617439,
                    0.00115219922736,
                    -0.000513561361004,
                    -0.000296360609354,
                    -0.000794148538262,
                    0.000103124490124,
                    0.000307373789838,
                    -0.000284940178972,
                    -0.000426100508776,
                    -7.36709625926e-05,
                    -0.000110913257231,
                    0.000436695292592
                ],
                [
                    -8.44704845804e-05,
                    1.34687461468e-05,
                    -0.000513561361004,
                    0.00177670549601,
                    -0.000665042782202,
                    0.000110895940452,
                    -0.000282087741653,
                    -0.000237159183598,
                    0.00019004564092,
                    -9.0079716756e-05,
                    0.000526453368366,
                    0.000202061739401,
                    -0.000285730930045
                ],
                [
                    2.13310181607e-06,
                    -0.000528633827344,
                    -0.000296360609354,
                    -0.000665042782202,
                    0.00315778818913,
                    -0.000596996454988,
                    -0.000448540784419,
                    -0.00100225256756,
                    -0.00107556197327,
                    0.00068955932511,
                    -1.4186340195e-05,
                    -0.00055420974968,
                    -0.000115816488687
                ],
                [
                    -0.000209687190363,
                    1.87626592378e-05,
                    -0.000794148538262,
                    0.000110895940452,
                    -0.000596996454988,
                    0.00505041144788,
                    -0.00221198867075,
                    -0.000560516724363,
                    0.00170146720484,
                    -0.00137155200355,
                    7.57648522267e-05,
                    0.000163330580108,
                    -0.000254984537605
                ],
                [
                    0.000207871460589,
                    -6.73850227031e-05,
                    0.000103124490124,
                    -0.000282087741653,
                    -0.000448540784419,
                    -0.00221198867075,
                    0.00532969739288,
                    -0.00053655449301,
                    -0.000804726791102,
                    0.000367812201148,
                    -0.00118023774121,
                    0.000907648529392,
                    -0.000116249029816
                ],
                [
                    -0.000168885468156,
                    0.000192109291675,
                    0.000307373789838,
                    -0.000237159183598,
                    -0.00100225256756,
                    -0.000560516724363,
                    -0.00053655449301,
                    0.00677489256486,
                    -0.00265955273062,
                    0.000342550192727,
                    4.62656462332e-05,
                    -0.000680481549352,
                    0.000251345423749
                ],
                [
                    4.13675224991e-05,
                    -0.000189800994121,
                    -0.000284940178972,
                    0.00019004564092,
                    -0.00107556197327,
                    0.00170146720484,
                    -0.000804726791102,
                    -0.00265955273062,
                    0.00725397001952,
                    -0.00302303116769,
                    0.000302603672026,
                    -0.000305403140374,
                    -0.000317092024488
                ],
                [
                    -0.000111083070806,
                    0.000396675401134,
                    -0.000426100508776,
                    -9.0079716756e-05,
                    0.00068955932511,
                    -0.00137155200355,
                    0.000367812201148,
                    0.000342550192727,
                    -0.00302303116769,
                    0.00955127924681,
                    -0.00279185432009,
                    0.00150036276318,
                    3.36692464771e-05
                ],
                [
                    7.33617707738e-05,
                    -0.000487961136969,
                    -7.36709625926e-05,
                    0.000526453368366,
                    -1.4186340195e-05,
                    7.57648522267e-05,
                    -0.00118023774121,
                    4.62656462332e-05,
                    0.000302603672026,
                    -0.00279185432009,
                    0.00950675550848,
                    -0.00424603186548,
                    0.00148318370339
                ],
                [
                    -0.000197969231522,
                    0.000757702451665,
                    -0.000110913257231,
                    0.000202061739401,
                    -0.00055420974968,
                    0.000163330580108,
                    0.000907648529392,
                    -0.000680481549352,
                    -0.000305403140374,
                    0.00150036276318,
                    -0.00424603186548,
                    0.0100600514561,
                    -0.00326093076728
                ],
                [
                    0.000128507323097,
                    -0.000131257722387,
                    0.000436695292592,
                    -0.000285730930045,
                    -0.000115816488687,
                    -0.000254984537605,
                    -0.000116249029816,
                    0.000251345423749,
                    -0.000317092024488,
                    3.36692464771e-05,
                    0.00148318370339,
                    -0.00326093076728,
                    0.0112606054172
                ]
            ],
            "mean": [
                -58.0215377808,
                58.795627594,
                -110.082382202,
                1.63040518761,
                -56.8995056152,
                7.62740516663,
                -45.1484985352,
                11.5568752289,
                -19.3184490204,
                2.58298611641,
                -17.4429626465,
                5.58388900757,
                -10.0286693573
            ]
        },
        "hfc": {
            "dmean": 11.7957925797,
            "dmean2": 18.1715126038,
            "dvar": 554.589294434,
            "dvar2": 1256.83520508,
            "max": 279.842346191,
            "mean": 28.7034854889,
            "median": 13.962726593,
            "min": 1.06176751226e-16,
            "var": 1429.03662109
        },
        "melbands": {
            "dmean": [
                0.00152536074165,
                0.000784993055277,
                0.000117547431728,
                0.00013088225387,
                0.000158116570674,
                9.48875094764e-05,
                8.42952431412e-05,
                8.31808793009e-05,
                7.23730845493e-05,
                6.87298670528e-05,
                4.77297835459e-05,
                4.61748059024e-05,
                5.25976756762e-05,
                3.56948621629e-05,
                2.7573785701e-05,
                2.95624140563e-05,
                2.80445383396e-05,
                2.0655692424e-05,
                2.76885166386e-05,
                2.73844761978e-05,
                2.41247998929e-05,
                2.46529016295e-05,
                1.94504100364e-05,
                1.1330866073e-05,
                4.80543212689e-06,
                3.20223830386e-06,
                3.1027195746e-06,
                2.93175639854e-06,
