{
    "lowlevel": {
        "average_loudness": 0.922448515892,
        "barkbands": {
            "dmean": [
                0.000221411508392,
                0.00287659419701,
                0.00160253583454,
                0.000530205375981,
                0.00103746773675,
                0.000885645044036,
                0.000976926647127,
                0.00103770638816,
                0.000967203988694,
                0.000501141068526,
                0.000618749530986,
                0.000561012304388,
                0.000460648094304,
                0.000531359342858,
                0.000385687337257,
                0.000388568791095,
                0.000375857634936,
                0.000334918964654,
                0.000258679880062,
                0.00026966657606,
                0.000327801681124,
                0.000441822427092,
                0.000492810737342,
                0.00045910695917,
                0.000250844226684,
                0.00011730298138,
                5.48378920939e-05
            ],
            "dmean2": [
                0.000400744844228,
                0.0043658898212,
                0.00296823703684,
                0.000996318412945,
                0.00164390495047,
                0.00142369500827,
                0.00169767753687,
                0.00173745304346,
                0.00156018137932,
                0.000797077489551,
                0.00101047346834,
                0.000903820269741,
                0.000747622456402,
                0.000858286919538,
                0.000616995384917,
                0.000613034411799,
                0.000598397280555,
                0.000520239002071,
                0.000395830080379,
                0.000419420772232,
                0.000499033427332,
                0.000688662403263,
                0.000767323130276,
                0.000689813983627,
                0.000383859005524,
                0.000182814575965,
                8.79760627868e-05
            ],
            "dvar": [
                3.02922785522e-07,
                7.88965917309e-05,
                5.8477067796e-05,
                5.341549695e-06,
                4.29012288805e-06,
                4.65290213469e-06,
                5.45074499314e-06,
                4.88769001095e-06,
                7.81999915489e-06,
                2.35320067077e-06,
                3.06863739752e-06,
                3.76012121706e-06,
                2.24448012887e-06,
                2.03719696401e-06,
                1.21727578062e-06,
                1.21635582673e-06,
                7.35901267035e-07,
                5.54929101781e-07,
                3.12378546141e-07,
                5.59501927455e-07,
                8.3549360852e-07,
                1.50045468672e-06,
                1.95445318241e-06,
                1.28206352201e-06,
                4.10029770137e-07,
                1.09720645014e-07,
                3.10469943088e-08
            ],
            "dvar2": [
                9.8612167676e-07,
                0.000161512580235,
                0.000166854806594,
                1.56999576575e-05,
                9.93518460746e-06,
                1.09889560918e-05,
                1.45306294144e-05,
                1.22591509353e-05,
                1.92293027794e-05,
                5.5105933825e-06,
                7.69056896388e-06,
                9.21219725569e-06,
                5.75449894313e-06,
                4.97425298818e-06,
                3.0016844903e-06,
                2.91020523946e-06,
                1.70741645888e-06,
                1.26080453811e-06,
                7.11241852969e-07,
                1.36496134928e-06,
                1.64622861121e-06,
                3.21218999488e-06,
                4.69738097308e-06,
                2.87032185042e-06,
                9.27344558477e-07,
                2.48270083603e-07,
                7.52756932343e-08
            ],
            "max": [
                0.00441193114966,
                0.0935235992074,
                0.0705311521888,
                0.0247035808861,
                0.0467277802527,
                0.0445164069533,
                0.0447819083929,
                0.0428784005344,
                0.0731816217303,
                0.0711244940758,
                0.0312226098031,
                0.0635195150971,
                0.0356089361012,
                0.0312739610672,
                0.0379217751324,
                0.0199047252536,
                0.0358831621706,
                0.0191528890282,
                0.0143305519596,
                0.00593030219898,
                0.00656339712441,
                0.00931307207793,
                0.0110366055742,
                0.011292940937,
                0.0107374060899,
                0.0024147995282,
                0.00137901573908
            ],
            "mean": [
                0.000196938199224,
                0.00391250988469,
                0.00104409223422,
                0.000458245223854,
                0.00141352752689,
                0.0011123289587,
                0.000928495661356,
                0.00109400611836,
                0.00103416701313,
                0.000605183711741,
                0.000709919899236,
                0.000638301309664,
                0.00049393257359,
                0.000598996994086,
                0.000485880038468,
                0.000464882992674,
                0.00047721885494,
                0.000455747096566,
                0.000309602794005,
                0.000257979758317,
                0.00032100910903,
                0.000429242005339,
                0.00043923969497,
                0.000458968512248,
                0.000250495591899,
                0.000102815232822,
                4.28311795986e-05
            ],
            "median": [
                3.20429971907e-05,
                0.000203494812013,
                7.98732144176e-05,
                0.00013371341629,
                0.000634658383206,
                0.000402304285672,
                0.000264142174274,
                0.000310525589157,
                0.000206705677556,
                0.000164060911629,
                0.000141469412483,
                0.000104132603155,
                8.89943548827e-05,
                0.000101211408037,
                9.06244968064e-05,
                8.44314490678e-05,
                0.000107089275843,
                8.5965366452e-05,
                6.68300417601e-05,
                2.74330013781e-05,
                1.80330898729e-05,
                3.70491834474e-05,
                2.46558120125e-05,
                2.3919645173e-05,
                1.40476849992e-05,
                2.28953831538e-06,
                1.37804818223e-07
            ],
            "min": [
                1.0783522731e-25,
                2.09494871814e-24,
                1.21021823736e-24,
                1.81679917328e-25,
                8.22577688057e-24,
                5.10934243145e-24,
                5.52126390248e-24,
                3.29797777025e-24,
                1.1814851819e-23,
                7.16780317728e-24,
                1.05738828961e-23,
                1.12880599729e-23,
                1.84170527713e-23,
                2.19092832007e-23,
                3.16935975834e-23,
                5.47522605894e-23,
                5.98893543586e-23,
                8.00932812099e-23,
                1.06318797921e-22,
                1.41430416211e-22,
                2.37956042419e-22,
                2.56483545183e-22,
                3.14442607394e-22,
                4.97394042086e-22,
                6.74183551719e-22,
                1.18327267761e-21,
                1.82506941233e-21
            ],
            "var": [
                2.51484664204e-07,
                0.000135391543154,
                3.39250182151e-05,
                2.90999855679e-06,
                6.19045522399e-06,
                5.58197007194e-06,
                4.83181793243e-06,
                5.35076333108e-06,
                8.08583445178e-06,
                2.88030219053e-06,
                3.53379914486e-06,
                4.08709320254e-06,
                2.3912098186e-06,
                2.41287898461e-06,
                1.68559927261e-06,
                1.5403480802e-06,
                1.1290474049e-06,
                9.00530267245e-07,
                3.78942587531e-07,
                5.23723826973e-07,
                9.63667844189e-07,
                1.58425575592e-06,
                1.80704216746e-06,
                1.47455466504e-06,
                4.77218407013e-07,
                1.08466259974e-07,
                2.65277400047e-08
            ]
        },
        "barkbands_crest": {
            "dmean": 3.21162486076,
            "dmean2": 5.04925107956,
            "dvar": 8.74030971527,
            "dvar2": 19.3704528809,
            "max": 26.37733078,
            "mean": 9.63737487793,
            "median": 8.25539112091,
            "min": 2.11472702026,
            "var": 24.425113678
        },
        "barkbands_flatness_db": {
            "dmean": 0.0282024256885,
            "dmean2": 0.0416532941163,
            "dvar": 0.000832986959722,
            "dvar2": 0.00153886014596,
            "max": 0.480518519878,
            "mean": 0.123242884874,
            "median": 0.117727994919,
            "min": 0.0134024797007,
            "var": 0.00332682742737
        },
        "barkbands_kurtosis": {
            "dmean": 4.30164051056,
            "dmean2": 6.69553899765,
            "dvar": 292.602050781,
            "dvar2": 624.620056152,
            "max": 1028.58996582,
            "mean": 3.98563528061,
            "median": 0.76008105278,
            "min": -1.95210421085,
            "var": 447.526702881
        },
        "barkbands_skewness": {
            "dmean": 0.818294644356,
            "dmean2": 1.20651912689,
            "dvar": 0.891456604004,
            "dvar2": 1.7652066946,
            "max": 27.2881088257,
            "mean": 0.904784917831,
            "median": 0.756134033203,
            "min": -9.67123508453,
            "var": 2.84596967697
        },
        "barkbands_spread": {
            "dmean": 9.49440097809,
            "dmean2": 14.6975402832,
            "dvar": 136.020553589,
            "dvar2": 276.639099121,
            "max": 122.857009888,
            "mean": 25.1847801208,
            "median": 19.8835754395,
            "min": 0.170197203755,
            "var": 329.089324951
        },
        "dissonance": {
            "dmean": 0.0214964319021,
            "dmean2": 0.0359228216112,
            "dvar": 0.000446799211204,
            "dvar2": 0.00119078729767,
            "max": 0.500000059605,
            "mean": 0.465103715658,
            "median": 0.47172626853,
            "min": 0.275413900614,
            "var": 0.000774545420427
        },
        "dynamic_complexity": 3.3190703392,
        "erbbands": {
            "dmean": [
                0.096900805831,
                0.695337593555,
                1.7767469883,
                1.90005624294,
                1.63162076473,
                4.12696790695,
                7.79810523987,
                6.60297489166,
                9.13683795929,
                22.1863441467,
                22.7203121185,
                21.1890354156,
                13.4770879745,
                21.4580745697,
                20.0792789459,
                22.7466430664,
                20.080953598,
                27.8650684357,
                17.8077545166,
                20.51222229,
                19.4922771454,
                20.508600235,
                20.039358139,
                13.4077062607,
                11.8285427094,
                12.6352567673,
                12.8722419739,
                13.1327133179,
                16.569103241,
                14.5126628876,
                12.8368301392,
                10.9077167511,
                6.96673583984,
                3.44773888588,
                1.47737705708,
                0.58267056942,
                0.20580881834,
                0.0522236004472,
                0.00998977106065,
                0.000586199574172
            ],
            "dmean2": [
                0.139523074031,
                0.999931931496,
                3.14101409912,
                3.56775093079,
                2.8244407177,
                6.59518575668,
                12.3480920792,
                10.6837816238,
                15.4456100464,
                38.1325950623,
                37.7888031006,
                34.287902832,
                20.760509491,
                34.5133285522,
                32.3211174011,
                35.9510116577,
                31.8540058136,
                44.616355896,
                27.9698066711,
                32.5296478271,
                29.906791687,
                32.0103721619,
                30.8104553223,
                20.7873287201,
                17.9801082611,
                19.4062309265,
                19.5203495026,
                20.103094101,
                26.0930576324,
                22.1688861847,
                20.0214691162,
                16.8407611847,
                10.3556165695,
                5.30620098114,
                2.2607152462,
                0.915661871433,
                0.319956630468,
                0.0819264948368,
                0.0161257646978,
                0.000932960421778
            ],
            "dvar": [
                0.0657226890326,
                5.38213920593,
                64.6326522827,
                75.8272781372,
                22.2631988525,
                79.4929275513,
                311.305358887,
                363.416442871,
                503.85748291,
                2604.61621094,
                2246.01806641,
                4503.08496094,
                1881.49597168,
                3731.44335938,
                4136.08447266,
                6146.32275391,
                3825.41113281,
                5389.70605469,
                1633.72790527,
                4178.25732422,
                2735.59619141,
                1856.79089355,
                1980.8067627,
                720.311645508,
                656.099060059,
                1254.6081543,
                1327.23620605,
                1315.92358398,
                2126.01855469,
                1630.2121582,
                1290.99279785,
                837.234069824,
                283.906738281,
                75.0837249756,
                15.5123443604,
                2.56700515747,
                0.354649573565,
                0.0260627847165,
                0.00103629822843,
                3.43942633663e-06
            ],
            "dvar2": [
                0.1170277372,
                11.8370103836,
                176.486862183,
                220.675537109,
                63.2019767761,
                187.511627197,
                717.220397949,
                882.932495117,
                1270.39147949,
                6901.36035156,
                5754.77783203,
                11203.2753906,
                4194.48046875,
                9030.09179688,
                10433.3808594,
                14727.875,
                9509.5,
                13210.7236328,
                3761.97558594,
                10442.7695313,
                6353.98193359,
                4347.69677734,
                4427.77636719,
                1718.30908203,
                1425.67041016,
                3036.4128418,
                2495.98266602,
                2786.19848633,
                4607.63134766,
                3545.57470703,
                3123.23950195,
                1964.85949707,
                635.928771973,
                171.038162231,
                35.27394104,
                5.98279047012,
                0.807692289352,
                0.0622793547809,
                0.00253233662806,
                8.16190004116e-06
            ],
            "max": [
                2.55174684525,
                24.3012123108,
                76.811958313,
                85.9912338257,
                51.5414772034,
                226.961013794,
                359.009185791,
                476.209136963,
                653.776245117,
                952.79675293,
                644.501525879,
                1888.17419434,
                2115.86450195,
                1636.45471191,
                1396.29907227,
                2812.19921875,
                1537.92700195,
                1283.66967773,
                869.747070313,
                2316.72290039,
                1054.89624023,
                1259.01416016,
                1282.30944824,
                487.300079346,
                577.299194336,
                289.240112305,
                266.832641602,
                264.177734375,
                354.908569336,
                284.209716797,
                303.336517334,
                235.373413086,
                227.470748901,
                155.859313965,
                73.928276062,
                18.638879776,
                4.29133462906,
                1.25437819958,
                0.257107406855,
                0.0170990694314
            ],
            "mean": [
                0.131879881024,
                0.795020878315,
                1.30804491043,
                1.47414934635,
                1.87509906292,
                5.3741145134,
                9.90851688385,
                7.96613264084,
                10.1618471146,
                21.7775306702,
                24.4761314392,
                22.771282196,
                17.5351810455,
                27.0523471832,
                24.0154590607,
                27.3431396484,
                23.4427757263,
                32.7823066711,
                23.214466095,
                26.5071105957,
                25.1562633514,
                27.5337810516,
                27.8274745941,
                16.9537563324,
                14.3338708878,
                12.2289886475,
                13.2011957169,
                12.5965843201,
                15.8901453018,
                13.7556209564,
                11.5690965652,
                10.1310853958,
                7.14391326904,
                3.49210715294,
                1.43672978878,
                0.513683974743,
                0.177479714155,
                0.0421100594103,
                0.00773333990946,
                0.000483781070216
            ],
            "median": [
                0.00664731999859,
                0.0411473140121,
                0.0974699258804,
                0.344434380531,
                0.987788796425,
                2.15771961212,
                3.24658679962,
                2.8803024292,
                3.71003675461,
                5.46852970123,
                8.02975654602,
                5.23957252502,
                5.4319653511,
                6.12219810486,
                5.22470664978,
                4.9090795517,
                4.91096782684,
                6.03832054138,
                5.19976711273,
                5.15150642395,
                5.23995304108,
                6.51063203812,
                5.51915550232,
                3.91905212402,
                3.07376289368,
                1.32685887814,
                0.669065833092,
                0.927319049835,
                1.36851453781,
                0.90160381794,
                0.692913651466,
                0.515877366066,
                0.359436064959,
                0.204001441598,
                0.0686444267631,
                0.0167667455971,
                0.00308275758289,
                0.000325019063894,
                4.25310681749e-05,
                2.28600947594e-05
            ],
            "min": [
                6.07948909472e-23,
                3.99068626567e-22,
                1.91128279635e-21,
                5.20315022989e-21,
                8.24824844174e-21,
                2.54546561223e-20,
                2.80760577225e-20,
                4.51647690726e-20,
                9.95171753804e-20,
                1.22655452753e-19,
                2.15358126839e-19,
                3.64773079204e-19,
                3.21326296409e-19,
                5.99555914217e-19,
                5.82202078556e-19,
                7.18891865323e-19,
                8.81769880091e-19,
                1.69067145547e-18,
                1.65547171508e-18,
                2.56592708144e-18,
                3.04710238646e-18,
                3.91568152751e-18,
                4.39288119572e-18,
                5.32929473047e-18,
                5.83914321745e-18,
                7.51008445075e-18,
                9.04273597489e-18,
                9.18884584957e-18,
                8.72265926404e-18,
                9.55583280013e-18,
                9.58895393904e-18,
                1.07900673378e-17,
                9.58365502004e-18,
                7.65295095025e-18,
                5.0307180981e-18,
                3.76354936439e-18,
                2.23404836441e-18,
                9.03641052474e-19,
                2.17025697105e-19,
                2.64593041347e-20
            ],
            "var": [
                0.136620134115,
                7.12204837799,
                42.902256012,
                41.7755241394,
                14.7806091309,
                106.574333191,
                418.827789307,
                392.917785645,
                545.65814209,
                2418.08081055,
                2254.9284668,
                4400.64599609,
                2651.9777832,
                4838.28515625,
                4617.20068359,
                7144.11865234,
                4337.98974609,
                6657.30615234,
                2384.32666016,
                5416.32324219,
                3859.67016602,
                2939.94897461,
                3329.64331055,
                945.859680176,
                830.828979492,
                1187.48999023,
                1616.72387695,
                1418.18444824,
                2192.08520508,
                1706.50830078,
                1195.18713379,
                827.967102051,
                351.742126465,
                88.7893676758,
                17.3760948181,
                2.51070070267,
                0.344164431095,
                0.0231908001006,
                0.000870814430527,
                3.04386799144e-06
            ]
        },
        "erbbands_crest": {
            "dmean": 3.28799414635,
            "dmean2": 5.40233898163,
            "dvar": 9.75253391266,
            "dvar2": 24.2199268341,
            "max": 31.3174610138,
            "mean": 9.07985782623,
            "median": 8.06591796875,
            "min": 2.24979829788,
            "var": 20.3214740753
        },
        "erbbands_flatness_db": {
            "dmean": 0.02631357871,
            "dmean2": 0.0387329012156,
            "dvar": 0.000627636502031,
            "dvar2": 0.0012146771187,
            "max": 0.366499423981,
            "mean": 0.167072877288,
            "median": 0.16976365447,
            "min": 0.0519153885543,
            "var": 0.00237433123402
        },
        "erbbands_kurtosis": {
            "dmean": 1.44652998447,
            "dmean2": 2.382771492,
            "dvar": 3.3937933445,
            "dvar2": 8.356798172,
            "max": 37.5955200195,
            "mean": 0.702325940132,
            "median": 0.0721134990454,
            "min": -1.89974272251,
            "var": 5.09118700027
        },
        "erbbands_skewness": {
            "dmean": 0.549870252609,
            "dmean2": 0.834196150303,
            "dvar": 0.261432737112,
            "dvar2": 0.569293320179,
            "max": 3.61731266975,
            "mean": 0.092417113483,
            "median": 0.166867554188,
            "min": -4.81126976013,
            "var": 0.76234793663
        },
        "erbbands_spread": {
            "dmean": 12.5675487518,
            "dmean2": 19.8992233276,
            "dvar": 205.285308838,
            "dvar2": 479.407897949,
            "max": 198.072906494,
            "mean": 35.3121986389,
            "median": 30.5643768311,
            "min": 2.95255756378,
            "var": 436.4637146
        },
        "gfcc": {
            "cov": [
                [
                    49040.734375,
                    452.417663574,
                    -4240.74853516,
                    906.281860352,
                    -2658.29296875,
                    488.58303833,
                    -1648.10070801,
                    429.673797607,
                    -577.147033691,
                    115.14365387,
                    -426.380157471,
                    164.073623657,
                    -375.895233154
                ],
                [
                    452.417663574,
                    3033.85888672,
                    -820.369873047,
                    58.9488296509,
                    275.847747803,
                    26.4348735809,
                    -6.14229345322,
                    25.0860557556,
                    -30.3445892334,
                    -183.084945679,
                    96.8227233887,
                    -112.894989014,
                    58.5245132446
                ],
                [
                    -4240.74853516,
                    -820.369873047,
                    1625.26696777,
                    84.7573242188,
                    223.056503296,
                    103.657798767,
                    197.929244995,
                    -30.838508606,
                    82.8930664063,
                    97.1809234619,
                    32.9617919922,
                    -1.16456973553,
                    51.8196678162
                ],
                [
                    906.281860352,
                    58.9488296509,
                    84.7573242188,
                    330.451873779,
                    65.0997467041,
                    28.6177177429,
                    -9.73480319977,
                    53.0427894592,
                    82.5477523804,
                    32.3781814575,
                    4.76714992523,
                    0.186897695065,
                    29.7242984772
                ],
                [
                    -2658.29296875,
                    275.847747803,
                    223.056503296,
                    65.0997467041,
                    462.978363037,
                    12.7581920624,
                    161.920440674,
                    41.2705764771,
                    123.045768738,
                    8.89935398102,
                    56.661113739,
                    -6.50851678848,
                    49.6245231628
                ],
                [
                    488.58303833,
                    26.4348735809,
                    103.657798767,
                    28.6177177429,
                    12.7581920624,
                    288.218963623,
                    84.3254852295,
                    52.5730361938,
                    -6.92336654663,
                    41.6283531189,
                    35.3638153076,
                    12.9141988754,
                    -10.3800764084
                ],
                [
                    -1648.10070801,
                    -6.14229345322,
                    197.929244995,
                    -9.73480319977,
                    161.920440674,
                    84.3254852295,
                    375.126861572,
                    23.6976566315,
                    45.4503746033,
                    27.03058815,
                    71.9849243164,
                    11.0737581253,
                    3.69959878922
                ],
                [
                    429.673797607,
                    25.0860557556,
                    -30.838508606,
                    53.0427894592,
                    41.2705764771,
                    52.5730361938,
                    23.6976566315,
                    163.125823975,
                    69.4935379028,
                    10.8210611343,
                    23.7679843903,
                    21.8980197906,
                    13.6350450516
                ],
                [
                    -577.147033691,
                    -30.3445892334,
                    82.8930664063,
                    82.5477523804,
                    123.045768738,
                    -6.92336654663,
                    45.4503746033,
                    69.4935379028,
                    189.365386963,
                    52.7608222961,
                    17.772480011,
                    2.31782531738,
                    26.081401825
                ],
                [
                    115.14365387,
                    -183.084945679,
                    97.1809234619,
                    32.3781814575,
                    8.89935398102,
                    41.6283531189,
                    27.03058815,
                    10.8210611343,
                    52.7608222961,
                    110.327804565,
                    20.7223720551,
                    0.408469766378,
                    -2.54128456116
                ],
                [
                    -426.380157471,
                    96.8227233887,
                    32.9617919922,
                    4.76714992523,
                    56.661113739,
                    35.3638153076,
                    71.9849243164,
                    23.7679843903,
                    17.772480011,
                    20.7223720551,
                    100.753227234,
                    32.2722969055,
                    12.146270752
                ],
                [
                    164.073623657,
                    -112.894989014,
                    -1.16456973553,
                    0.186897695065,
                    -6.50851678848,
                    12.9141988754,
                    11.0737581253,
                    21.8980197906,
                    2.31782531738,
                    0.408469766378,
                    32.2722969055,
                    96.5540161133,
                    33.8165283203
                ],
                [
                    -375.895233154,
                    58.5245132446,
                    51.8196678162,
                    29.7242984772,
                    49.6245231628,
                    -10.3800764084,
                    3.69959878922,
                    13.6350450516,
                    26.081401825,
                    -2.54128456116,
                    12.146270752,
                    33.8165283203,
                    94.0080108643
                ]
            ],
            "icov": [
                [
                    5.67618117202e-05,
                    -1.87465266208e-05,
                    0.000108359279693,
                    -0.000215951600694,
                    0.00023750863329,
                    -9.91355336737e-05,
                    8.77247002791e-05,
                    -0.000144495643326,
                    0.000113110065286,
                    -0.000192563486053,
                    0.000162960903253,
                    -0.000166828467627,
                    0.00013074024173
                ],
                [
                    -1.87465266208e-05,
                    0.000634979573078,
                    0.000332004972734,
                    -8.61422449816e-05,
                    -0.000469436432468,
                    -0.000292198965326,
                    0.000108306317998,
                    0.000202450566576,
                    2.30831283261e-05,
                    0.0010854578577,
                    -0.00112545280717,
                    0.00136746536009,
                    -0.000767674238887
                ],
                [
                    0.000108359279693,
                    0.000332004972734,
                    0.00117076502647,
                    -0.000610703718849,
                    -3.05447283608e-05,
                    -0.000582579756156,
                    -1.72916370502e-05,
                    0.000199317728402,
                    0.000229872384807,
                    -0.00031454404234,
                    -8.78175633261e-05,
                    0.000462594791315,
                    -0.000529436045326
                ],
                [
                    -0.000215951600694,
                    -8.61422449816e-05,
                    -0.000610703718849,
                    0.00448333192617,
                    -0.000988920568489,
                    7.59168033255e-05,
                    0.00011663101759,
                    -8.75734476722e-05,
                    -0.00156948133372,
                    9.54392089625e-05,
                    -0.000200978174689,
                    0.000681262055878,
                    -0.00113336974755
                ],
                [
                    0.00023750863329,
                    -0.000469436432468,
                    -3.05447283608e-05,
                    -0.000988920568489,
                    0.00470480741933,
                    -0.000170287064975,
                    -0.000726654252503,
                    -0.000549073971342,
                    -0.00152897601947,
                    -6.35107717244e-05,
                    -2.4351551474e-05,
                    -0.000250548968324,
                    -0.000306908244966
                ],
                [
                    -9.91355336737e-05,
                    -0.000292198965326,
                    -0.000582579756156,
                    7.59168033255e-05,
                    -0.000170287064975,
                    0.00487854005769,
                    -0.00104057940189,
                    -0.00166931853164,
                    0.00148989527952,
                    -0.00195420137607,
                    -0.000199932735995,
                    -0.000573322293349,
                    0.000760160794016
                ],
                [
                    8.77247002791e-05,
                    0.000108306317998,
                    -1.72916370502e-05,
                    0.00011663101759,
                    -0.000726654252503,
                    -0.00104057940189,
                    0.00398491183296,
                    -6.23191954219e-05,
                    -0.000174419081304,
                    -5.04392846779e-06,
                    -0.00184329843614,
                    1.42223352668e-05,
                    0.000658201868646
                ],
                [
                    -0.000144495643326,
                    0.000202450566576,
                    0.000199317728402,
                    -8.75734476722e-05,
                    -0.000549073971342,
                    -0.00166931853164,
                    -6.23191954219e-05,
                    0.00909662991762,
                    -0.0039082034491,
                    0.00229788012803,
                    -0.00160912727006,
                    -0.000615176861174,
                    -0.000421799632022
                ],
                [
                    0.000113110065286,
                    2.30831283261e-05,
                    0.000229872384807,
                    -0.00156948133372,
                    -0.00152897601947,
                    0.00148989527952,
                    -0.000174419081304,
                    -0.0039082034491,
                    0.0100993476808,
                    -0.00489232875407,
                    0.00111857382581,
                    0.000118137359095,
                    -0.000768437399529
                ],
                [
                    -0.000192563486053,
                    0.0010854578577,
                    -0.00031454404234,
                    9.54392089625e-05,
                    -6.35107717244e-05,
                    -0.00195420137607,
                    -5.04392846779e-06,
                    0.00229788012803,
                    -0.00489232875407,
                    0.0150408959016,
                    -0.00475402688608,
                    0.00317557551898,
                    -0.000582016771659
                ],
                [
                    0.000162960903253,
                    -0.00112545280717,
                    -8.78175633261e-05,
                    -0.000200978174689,
                    -2.4351551474e-05,
                    -0.000199932735995,
                    -0.00184329843614,
                    -0.00160912727006,
                    0.00111857382581,
                    -0.00475402688608,
                    0.0163514036685,
                    -0.00707908067852,
                    0.0017558777472
                ],
                [
                    -0.000166828467627,
                    0.00136746536009,
                    0.000462594791315,
                    0.000681262055878,
                    -0.000250548968324,
                    -0.000573322293349,
                    1.42223352668e-05,
                    -0.000615176861174,
                    0.000118137359095,
                    0.00317557551898,
                    -0.00707908067852,
                    0.0172691587359,
                    -0.00707550300285
                ],
                [
                    0.00013074024173,
                    -0.000767674238887,
                    -0.000529436045326,
                    -0.00113336974755,
                    -0.000306908244966,
                    0.000760160794016,
                    0.000658201868646,
                    -0.000421799632022,
                    -0.000768437399529,
                    -0.000582016771659,
                    0.0017558777472,
                    -0.00707550300285,
                    0.0150852836668
                ]
            ],
            "mean": [
                -63.4913635254,
                73.21824646,
                -122.846618652,
                19.9342765808,
                -62.6035461426,
                13.1139411926,
                -43.3159217834,
                10.1251344681,
                -16.9363555908,
                -1.52832317352,
                -9.33130550385,
                1.35196363926,
                -7.72595262527
            ]
        },
        "hfc": {
            "dmean": 21.6043605804,
            "dmean2": 32.2942008972,
            "dvar": 2304.22167969,
            "dvar2": 5169.77832031,
            "max": 394.880523682,
            "mean": 28.7237415314,
            "median": 12.2493801117,
            "min": 1.03645889572e-16,
            "var": 2687.29418945
        },
        "melbands": {
            "dmean": [
                0.000764263735618,
                0.000874577730428,
                0.000317842845106,
                0.000183153708349,
                0.000261071691057,
                0.000152597567649,
                0.000157979811775,
                0.000243764225161,
                0.000199056565179,
                0.000124819489429,
                6.69953078614e-05,
                8.51519143907e-05,
                7.31299223844e-05,
                5.74323821638e-05,
                6.50028232485e-05,
                4.19460047851e-05,
                5.6204975408e-05,
                2.93122357107e-05,
                3.14656681439e-05,
                2.91230971925e-05,
                2.25174844672e-05,
                2.24854575208e-05,
                2.15906511585e-05,
                1.50577434397e-05,
                1.12285488285e-05,
                9.63168440649e-06,
                7.74192903918e-06,
