{
    "lowlevel": {
        "average_loudness": 0.780184924603,
        "barkbands": {
            "dmean": [
                2.74779239362e-07,
                1.67747512023e-05,
                0.000171562103787,
                0.000242563794018,
                0.00151560851373,
                0.00172239658423,
                0.000863255641889,
                0.00117027072702,
                0.00132863793988,
                0.000321125029586,
                0.000523993803654,
                0.000160170020536,
                0.000212423707126,
                6.79883596604e-05,
                4.71726889373e-05,
                2.05708383874e-05,
                1.97305544134e-05,
                9.03084492165e-06,
                1.97992085305e-05,
                1.34336614792e-05,
                1.99587702809e-05,
                2.33640093938e-05,
                1.00767374533e-05,
                9.03659747564e-06,
                9.96595736069e-06,
                2.94634901365e-06,
                5.48932064248e-08
            ],
            "dmean2": [
                4.26185494007e-07,
                2.63633155555e-05,
                0.000302052503685,
                0.000380507437512,
                0.00225500063971,
                0.00254634162411,
                0.0012648095144,
                0.00167328154203,
                0.0019242943963,
                0.000465597579023,
                0.000789766840171,
                0.000236147796386,
                0.000313786556944,
                0.000101807418105,
                6.46372136544e-05,
                3.09808565362e-05,
                2.85248715954e-05,
                1.39033454616e-05,
                2.94361852866e-05,
                2.02507180802e-05,
                2.99914845527e-05,
                3.33161187882e-05,
                1.45337216964e-05,
                1.37112765515e-05,
                1.44339301187e-05,
                4.17624278271e-06,
                8.5029128627e-08
            ],
            "dvar": [
                3.52449921462e-13,
                3.00233926609e-09,
                2.42465205247e-07,
                3.44188009649e-07,
                1.59494356922e-05,
                1.70467028511e-05,
                5.23882454218e-06,
                9.92920013232e-06,
                1.32801378641e-05,
                1.45277124375e-06,
                2.77076514976e-06,
                3.6325371866e-07,
                6.66003927563e-07,
                7.04627538539e-08,
                4.01788113891e-08,
                7.21473680798e-09,
                6.32089269814e-09,
                9.68310875926e-10,
                3.05166292236e-09,
                2.04179917418e-09,
                6.62597043899e-09,
                1.28735493377e-08,
                4.53850912407e-09,
                3.48521878024e-09,
                4.17878220915e-09,
                2.88202628429e-10,
                1.17345992949e-13
            ],
            "dvar2": [
                8.17000980757e-13,
                7.04951741426e-09,
                7.40378993669e-07,
                8.43676275508e-07,
                3.49284309777e-05,
                3.75238778361e-05,
                1.09442398752e-05,
                1.93067589862e-05,
                2.85392688966e-05,
                3.18739716931e-06,
                6.40881489744e-06,
                7.39925326343e-07,
                1.39940607369e-06,
                1.51653125613e-07,
                6.62450077016e-08,
                1.56076929159e-08,
                1.11822977544e-08,
                2.2313113579e-09,
                6.21832230152e-09,
                4.31465130291e-09,
                1.36237154891e-08,
                2.64535646721e-08,
                1.02928945367e-08,
                7.20424875311e-09,
                8.26685742084e-09,
                5.38306954567e-10,
                2.38111424024e-13
            ],
            "max": [
                1.46994843817e-05,
                0.00167322403286,
                0.0155155584216,
                0.0204151943326,
                0.0770617127419,
                0.0781849101186,
                0.0642692297697,
                0.0665150433779,
                0.0739988610148,
                0.0516321435571,
                0.0526414997876,
                0.0195505898446,
                0.0250886473805,
                0.00903312675655,
                0.00721819838509,
                0.00235877954401,
                0.00276176678017,
                0.00120397505816,
                0.00190391461365,
                0.00187303859275,
                0.00254858727567,
                0.00515273958445,
                0.00416607409716,
                0.00172730919439,
                0.00214570900425,
                0.000554524594918,
                1.71659266925e-05
            ],
            "mean": [
                3.32251829605e-07,
                4.75944179925e-05,
                0.000332810450345,
                0.000664600578602,
                0.00465941894799,
                0.00537009583786,
                0.00230020424351,
                0.00329063413665,
                0.00355051923543,
                0.000666282023303,
                0.00123684969731,
                0.000302682863548,
                0.000457922462374,
                0.000116523042379,
                8.00014604465e-05,
                3.02843654936e-05,
                3.57792414434e-05,
                1.62088654179e-05,
                3.94937487727e-05,
                2.38623742916e-05,
                3.43135907315e-05,
                3.98468109779e-05,
                1.71444717125e-05,
                1.37973629535e-05,
                1.59179016919e-05,
                4.69211181553e-06,
                6.31411651852e-08
            ],
            "median": [
                7.67504175769e-08,
                2.90120055979e-06,
                4.74441985716e-05,
                0.000220641159103,
                0.000868967385031,
                0.000927925109863,
                0.000376531796064,
                0.000195263623027,
                0.000231398909818,
                0.000109868575237,
                8.17768450361e-05,
                2.76175323961e-05,
                2.62626235781e-05,
                1.19805990835e-05,
                6.78609558236e-06,
                3.2465827644e-06,
                3.31779961016e-06,
                2.21909272113e-06,
                4.20723245043e-06,
                2.8352778827e-06,
                4.70950908493e-06,
                6.63750142849e-06,
                2.193624141e-06,
                1.5334019281e-06,
                2.17296314986e-06,
                6.72786995892e-07,
                2.47732567793e-09
            ],
            "min": [
                2.0342007092e-24,
                3.06347032794e-24,
                3.0453521651e-24,
                1.61160772506e-24,
                1.34034236224e-23,
                1.10528295395e-23,
                1.86620161705e-23,
                1.39259619305e-23,
                1.77613657864e-23,
                1.55133283544e-23,
                8.14275952549e-24,
                2.33988135174e-23,
                3.27356481293e-23,
                2.42739600285e-23,
                6.38420081886e-23,
                6.77291234545e-23,
                7.54663469435e-23,
                1.43408197785e-22,
                1.30766834308e-22,
                1.49341176477e-22,
                2.0922316603e-22,
                3.31770259032e-22,
                3.60680786896e-22,
                6.02210911952e-22,
                8.08402996705e-22,
                1.3748855526e-21,
                2.01499339293e-21
            ],
            "var": [
                5.09694825408e-13,
                1.61915156838e-08,
                6.09007827279e-07,
                1.18384650705e-06,
                9.01366365724e-05,
                0.000109718028398,
                2.8804926842e-05,
                6.33336312603e-05,
                7.55646615289e-05,
                4.27213217336e-06,
                1.29937652673e-05,
                1.23614609038e-06,
                2.90874913844e-06,
                1.58158059094e-07,
                1.36309623144e-07,
                1.26437393888e-08,
                1.84214457022e-08,
                2.08687755965e-09,
                8.96671892292e-09,
                4.48673498354e-09,
                1.29076509481e-08,
                2.45706779367e-08,
                8.92691520704e-09,
                6.07923000828e-09,
                7.54695506089e-09,
                5.40176903208e-10,
                1.80953667848e-13
            ]
        },
        "barkbands_crest": {
            "dmean": 2.03275108337,
            "dmean2": 3.08019828796,
            "dvar": 4.59574890137,
            "dvar2": 10.8834056854,
            "max": 26.6662826538,
            "mean": 14.8442258835,
            "median": 14.3428668976,
            "min": 3.38905072212,
            "var": 26.3460483551
        },
        "barkbands_flatness_db": {
            "dmean": 0.0189109127969,
            "dmean2": 0.027370152995,
            "dvar": 0.000476611603517,
            "dvar2": 0.000876675243489,
            "max": 0.514174044132,
            "mean": 0.27906614542,
            "median": 0.272432893515,
            "min": 0.0278256870806,
            "var": 0.00582187343389
        },
        "barkbands_kurtosis": {
            "dmean": 6.64486980438,
            "dmean2": 9.96318912506,
            "dvar": 218.090133667,
            "dvar2": 513.369750977,
            "max": 373.397216797,
            "mean": 17.3690052032,
            "median": 7.94660663605,
            "min": -1.92027413845,
            "var": 960.603210449
        },
        "barkbands_skewness": {
            "dmean": 0.620575129986,
            "dmean2": 0.912659168243,
            "dvar": 0.652389705181,
            "dvar2": 1.44233608246,
            "max": 17.7731933594,
            "mean": 2.30572319031,
            "median": 1.88498532772,
            "min": -4.32244586945,
            "var": 4.47765398026
        },
        "barkbands_spread": {
            "dmean": 1.87246835232,
            "dmean2": 2.79699850082,
            "dvar": 27.9406833649,
            "dvar2": 58.4249725342,
            "max": 86.4009475708,
            "mean": 6.21158838272,
            "median": 3.96178889275,
            "min": 0.161338418722,
            "var": 79.5143585205
        },
        "dissonance": {
            "dmean": 0.0441340617836,
            "dmean2": 0.0739843994379,
            "dvar": 0.00150242284872,
            "dvar2": 0.00408806744963,
            "max": 0.5,
            "mean": 0.358673870564,
            "median": 0.368546634912,
            "min": 0.0719048827887,
            "var": 0.00622915569693
        },
        "dynamic_complexity": 8.13785839081,
        "erbbands": {
            "dmean": [
                0.00011856884521,
                0.00749700516462,
                0.140693753958,
                0.511350512505,
                2.10764050484,
                6.12744092941,
                12.2036542892,
                14.295545578,
                9.00186157227,
                22.5382804871,
                24.078327179,
                34.4769859314,
                10.5655870438,
                10.3508958817,
                20.3646392822,
                7.06515693665,
                9.97755432129,
                3.6890938282,
                2.42350959778,
                2.02837872505,
                0.853617310524,
                0.813828706741,
                0.502470254898,
                0.661962866783,
                1.04440367222,
                0.659165620804,
                0.631833016872,
                0.931435167789,
                0.924871146679,
                0.462009072304,
                0.281995147467,
                0.18133276701,
                0.159968778491,
                0.124424435198,
                0.0668795183301,
                0.0192160066217,
                0.00475664203987,
                0.000474407454021,
                1.09738330138e-05,
                5.45955845155e-06
            ],
            "dmean2": [
                0.000195536544197,
                0.0124839581549,
                0.248914361,
                0.818308413029,
                3.20103764534,
                9.02849006653,
                17.6962356567,
                21.075460434,
                12.8232679367,
                33.3418884277,
                33.0699234009,
                48.7982254028,
                15.0752029419,
                15.1922931671,
                29.8357162476,
                10.0389308929,
                14.5375537872,
                5.60433149338,
                3.42101383209,
                2.8818693161,
                1.20477342606,
                1.18604779243,
                0.771566748619,
                1.01656067371,
                1.51625645161,
                0.968415915966,
                0.937417566776,
                1.42103040218,
                1.3420188427,
                0.664993405342,
                0.412255257368,
                0.271048784256,
                0.243192330003,
                0.180409222841,
                0.0985483452678,
                0.0270101409405,
                0.00692169135436,
                0.000688387663104,
                1.58764069056e-05,
                8.20380319055e-06
            ],
            "dvar": [
                1.45701719134e-07,
                0.000486792327138,
                0.156511113048,
                1.33891046047,
                42.3560562134,
                328.996063232,
                1085.65368652,
                1427.2175293,
                576.671203613,
                4250.95556641,
                3880.09570313,
                9189.10644531,
                2055.33544922,
                927.118530273,
                4893.30712891,
                558.677185059,
                1489.10144043,
                178.822647095,
                119.369003296,
                77.9367599487,
                12.1260051727,
                9.73475170135,
                2.51065802574,
                3.70534181595,
                9.85335826874,
                5.12806653976,
                7.1661157608,
                16.2111186981,
                22.7596416473,
                6.3389787674,
                3.53188037872,
                1.31835830212,
                1.129966259,
                0.714669167995,
                0.163251310587,
                0.0112786572427,
                0.000888792506885,
                8.2328060671e-06,
                3.41480266286e-09,
                7.18800505228e-11
            ],
            "dvar2": [
                3.61050553011e-07,
                0.00131118972786,
                0.481318712234,
                3.30516672134,
                88.7450256348,
                725.633056641,
                2208.95043945,
                3005.69238281,
                1062.7755127,
                9754.75878906,
                7337.15429688,
                18938.7480469,
                4621.87109375,
                2013.33850098,
                10814.9921875,
                1098.46142578,
                3085.47412109,
                415.390960693,
                210.968475342,
                148.604476929,
                22.8907909393,
                19.9284477234,
                5.43986654282,
                8.94136619568,
                19.0857429504,
                10.365070343,
                16.1928501129,
                33.1386528015,
                49.9605522156,
                12.4551019669,
                8.49873161316,
                2.80558586121,
                2.34142231941,
                1.39755785465,
                0.344207853079,
                0.0215272735804,
                0.00173572881613,
                1.52490201799e-05,
                6.2474581064e-09,
                1.65650840267e-10
            ],
            "max": [
                0.0167456585914,
                0.5799279809,
                10.1799430847,
                45.9162750244,
                184.957107544,
                362.224517822,
                770.25567627,
                844.456787109,
                764.741882324,
                1871.79821777,
                1809.99499512,
                1832.58422852,
                2076.80200195,
                951.393493652,
                2524.06689453,
                942.691955566,
                1240.5402832,
                552.72479248,
                460.127532959,
                304.045593262,
                132.192642212,
                151.415481567,
                51.017829895,
                55.4254875183,
                103.038909912,
                110.449989319,
                92.335105896,
                147.573852539,
                221.199111938,
                137.270401001,
                111.792503357,
                34.3461914063,
                32.1462135315,
                27.2546768188,
                14.4936599731,
                3.52380347252,
                1.42724406719,
                0.130779355764,
                0.00269042141736,
                0.000134440226248
            ],
            "mean": [
                0.000330950046191,
                0.0192667711526,
                0.284733563662,
                1.41118872166,
                6.24211549759,
                18.5773582458,
                35.3556251526,
                41.6248817444,
                25.5533885956,
                66.0141143799,
                70.0209732056,
                96.0485534668,
                24.201713562,
                24.2662010193,
                50.2430610657,
                17.0217838287,
                22.3744812012,
                7.31342411041,
                4.67615032196,
                3.62727952003,
                1.69375860691,
                1.55146157742,
                1.01574456692,
                1.3732997179,
                2.02830910683,
                1.22089004517,
                1.0869795084,
                1.62873733044,
                1.54734635353,
                0.831220269203,
                0.471433639526,
                0.277016848326,
                0.241654902697,
                0.193806931376,
                0.102439239621,
                0.0297692418098,
                0.00756157748401,
                0.000715631351341,
                2.69470074272e-05,
                2.7445026717e-05
            ],
            "median": [
                0.000102293110103,
                0.00318285217509,
                0.0714893341064,
                0.625030338764,
                1.45981884003,
                2.99956846237,
                7.7708735466,
                8.78206253052,
                8.78540992737,
                6.69212770462,
                10.3194313049,
                8.31996917725,
                5.7029132843,
                6.3204832077,
                4.62320232391,
                2.06061983109,
                1.80956745148,
                0.901522219181,
                0.543426454067,
                0.314538359642,
                0.187147006392,
                0.188513040543,
                0.174865841866,
                0.170633405447,
                0.257247805595,
                0.174896866083,
                0.143314272165,
                0.237951934338,
                0.262729763985,
                0.115449219942,
                0.0617105215788,
                0.0330607444048,
                0.0257737264037,
                0.0206176526845,
                0.01344865188,
                0.00437903776765,
                0.00104001443833,
                8.60861182446e-05,
                1.66606732819e-05,
                2.41811248998e-05
            ],
            "min": [
                7.85228737178e-23,
                9.64141103061e-22,
                5.33414486199e-21,
                9.47644201473e-21,
                1.12225863605e-20,
                3.44497654544e-20,
                2.11582574025e-20,
                1.07441972777e-19,
                1.80395477093e-19,
                3.16172831946e-19,
                4.42241723045e-19,
                4.98202249243e-19,
                3.67260307908e-19,
                6.9668785614e-19,
                8.16847110449e-19,
                1.49883110742e-18,
                1.76681849733e-18,
                1.82847529942e-18,
                2.79493968544e-18,
                3.59343801705e-18,
                4.73960842513e-18,
                5.2273137007e-18,
                6.25295768967e-18,
                5.76301282259e-18,
                8.05417159765e-18,
                7.72563365631e-18,
                1.05218134923e-17,
                9.00067053202e-18,
                9.55184992548e-18,
                1.10918046272e-17,
                1.22218656929e-17,
                1.166581586e-17,
                9.62829961206e-18,
                8.6396847768e-18,
                5.36653233369e-18,
                4.36518015777e-18,
                2.4938959869e-18,
                1.00195694835e-18,
                2.68897004246e-19,
                2.67062660152e-20
            ],
            "var": [
                4.68815926524e-07,
                0.00204923097044,
                0.385744601488,
                4.61585378647,
                257.588134766,
                1680.7154541,
                4913.13720703,
                8291.9453125,
                3073.38647461,
                26851.3671875,
                25053.0429688,
                54281.2851563,
                6487.36083984,
                2727.16674805,
                25068.3535156,
                2588.78417969,
                6645.39355469,
                448.329925537,
                455.329193115,
                213.847396851,
                36.8321914673,
                25.6726856232,
                6.21614789963,
                9.41832733154,
                29.4836616516,
                11.7667655945,
                12.8568649292,
                30.744146347,
                37.7704086304,
                15.0388393402,
                6.33287143707,
                2.27108192444,
                1.96144652367,
                1.28515744209,
                0.27609321475,
                0.020307181403,
                0.00161970430054,
                1.55946108862e-05,
                6.8824514976e-09,
                5.8027493921e-10
            ]
        },
        "erbbands_crest": {
            "dmean": 2.57852578163,
            "dmean2": 3.89048504829,
            "dvar": 6.90861654282,
            "dvar2": 16.2840270996,
            "max": 32.9641532898,
            "mean": 16.1719856262,
            "median": 15.4663381577,
            "min": 2.7494032383,
            "var": 36.5599975586
        },
        "erbbands_flatness_db": {
            "dmean": 0.0163527522236,
            "dmean2": 0.022930374369,
            "dvar": 0.000388137588743,
            "dvar2": 0.000701731943991,
            "max": 0.525336384773,
            "mean": 0.282698959112,
            "median": 0.278092265129,
            "min": 0.0799979791045,
            "var": 0.00491005368531
        },
        "erbbands_kurtosis": {
            "dmean": 2.91341280937,
            "dmean2": 4.31846952438,
            "dvar": 22.9858570099,
            "dvar2": 50.9407997131,
            "max": 139.384033203,
            "mean": 7.47854423523,
            "median": 4.01071357727,
            "min": -1.88054227829,
            "var": 133.891769409
        },
        "erbbands_skewness": {
            "dmean": 0.466356277466,
            "dmean2": 0.679155290127,
            "dvar": 0.272450357676,
            "dvar2": 0.589992463589,
            "max": 10.3397464752,
            "mean": 1.54677021503,
            "median": 1.33117389679,
            "min": -3.66525959969,
            "var": 1.81374144554
        },
        "erbbands_spread": {
            "dmean": 3.86863565445,
            "dmean2": 5.67439842224,
            "dvar": 78.1117782593,
            "dvar2": 165.588043213,
            "max": 148.617507935,
            "mean": 14.946641922,
            "median": 10.2362575531,
            "min": 0.635194420815,
            "var": 246.792007446
        },
        "gfcc": {
            "cov": [
                [
                    35878.6484375,
                    691.30859375,
                    -2772.67358398,
                    2088.91918945,
                    -259.493377686,
                    654.67767334,
                    -413.008453369,
                    -967.484558105,
                    -1292.1204834,
                    -471.336669922,
                    -941.556030273,
                    -1063.29907227,
                    -695.799743652
                ],
                [
                    691.30859375,
                    1781.109375,
                    117.055923462,
                    -256.672912598,
                    475.983978271,
                    6.62166786194,
                    34.0998954773,
                    -157.891159058,
                    3.56483817101,
                    -305.968505859,
                    -16.8619003296,
                    -174.444839478,
                    -47.0481071472
                ],
                [
                    -2772.67358398,
                    117.055923462,
                    1139.92675781,
                    156.289474487,
                    25.7855606079,
                    71.3757095337,
                    -95.621307373,
                    -39.2071304321,
                    41.9165611267,
                    -65.6934051514,
                    -127.735397339,
                    59.3541488647,
                    53.4635353088
                ],
                [
                    2088.91918945,
                    -256.672912598,
                    156.289474487,
                    877.823059082,
                    226.158843994,
                    96.0891265869,
                    -122.55569458,
                    -15.2072496414,
                    -56.5331878662,
                    -68.9262237549,
                    -238.754974365,
                    -96.7694473267,
                    -34.5230331421
                ],
                [
                    -259.493377686,
                    475.983978271,
                    25.7855606079,
                    226.158843994,
                    622.684082031,
                    87.841468811,
                    -13.5024557114,
                    53.325214386,
                    39.2223625183,
                    -124.438796997,
                    -38.4331092834,
                    -94.1989822388,
                    -44.7242164612
                ],
                [
                    654.67767334,
                    6.62166786194,
                    71.3757095337,
                    96.0891265869,
                    87.841468811,
                    298.528320313,
                    68.2470550537,
                    15.6725759506,
                    -61.9778289795,
                    -15.2474842072,
                    -7.61688375473,
                    -41.6191329956,
                    -80.7052307129
                ],
                [
                    -413.008453369,
                    34.0998954773,
                    -95.621307373,
                    -122.55569458,
                    -13.5024557114,
                    68.2470550537,
                    242.454772949,
                    63.2008743286,
                    -0.720312535763,
                    33.0746688843,
                    107.940055847,
                    21.06042099,
                    -43.2146759033
                ],
                [
                    -967.484558105,
                    -157.891159058,
                    -39.2071304321,
                    -15.2072496414,
                    53.325214386,
                    15.6725759506,
                    63.2008743286,
                    276.492584229,
                    88.6143264771,
                    35.273601532,
                    63.395866394,
                    53.2486534119,
                    -3.18464541435
                ],
                [
                    -1292.1204834,
                    3.56483817101,
                    41.9165611267,
                    -56.5331878662,
                    39.2223625183,
                    -61.9778289795,
                    -0.720312535763,
                    88.6143264771,
                    183.134140015,
                    39.050819397,
                    16.3821792603,
                    33.2590904236,
                    43.7197647095
                ],
                [
                    -471.336669922,
                    -305.968505859,
                    -65.6934051514,
                    -68.9262237549,
                    -124.438796997,
                    -15.2474842072,
                    33.0746688843,
                    35.273601532,
                    39.050819397,
                    188.64642334,
                    84.109085083,
                    56.0322570801,
                    12.2014846802
                ],
                [
                    -941.556030273,
                    -16.8619003296,
                    -127.735397339,
                    -238.754974365,
                    -38.4331092834,
                    -7.61688375473,
                    107.940055847,
                    63.395866394,
                    16.3821792603,
                    84.109085083,
                    263.890533447,
                    94.353805542,
                    -5.25551700592
                ],
                [
                    -1063.29907227,
                    -174.444839478,
                    59.3541488647,
                    -96.7694473267,
                    -94.1989822388,
                    -41.6191329956,
                    21.06042099,
                    53.2486534119,
                    33.2590904236,
                    56.0322570801,
                    94.353805542,
                    175.877929688,
                    62.1598930359
                ],
                [
                    -695.799743652,
                    -47.0481071472,
                    53.4635353088,
                    -34.5230331421,
                    -44.7242164612,
                    -80.7052307129,
                    -43.2146759033,
                    -3.18464541435,
                    43.7197647095,
                    12.2014846802,
                    -5.25551700592,
                    62.1598930359,
                    156.922653198
                ]
            ],
            "icov": [
                [
                    0.000113686044642,
                    -0.0002197696449,
                    0.000365666375728,
                    -0.000350477348547,
                    0.000348268455127,
                    -0.000243038812187,
                    0.000225540439715,
                    3.44756990671e-05,
                    0.000400352408178,
                    -9.93100402411e-05,
                    0.000189341895748,
                    4.27640952694e-05,
                    0.000159166898811
                ],
                [
                    -0.0002197696449,
                    0.00184896739665,
                    -0.000928306719288,
                    0.00142365356442,
                    -0.00164852221496,
                    0.000713271496352,
                    -0.000851508462802,
                    0.000843560672365,
                    -0.00118522904813,
                    0.00196079607122,
                    -0.000760719703976,
                    0.000845605914947,
                    -0.000293702847557
                ],
                [
                    0.000365666375728,
                    -0.000928306719288,
                    0.00231783883646,
                    -0.00131942483131,
                    0.00131724728271,
                    -0.00138435524423,
                    0.00105048087426,
                    0.000274925230769,
                    0.000781370035838,
                    -0.000186749311979,
                    0.00117741990834,
                    -0.000918162462767,
                    0.000421373813879
                ],
                [
                    -0.000350477348547,
                    0.00142365356442,
                    -0.00131942483131,
                    0.00333518348634,
                    -0.00229586730711,
                    0.000625246902928,
                    -0.000481358234538,
                    -8.46078364702e-06,
                    -0.00060569262132,
                    0.000511354242917,
                    0.000932775030378,
                    0.000106163817691,
                    -0.000291254342301
                ],
                [
                    0.000348268455127,
                    -0.00164852221496,
                    0.00131724728271,
                    -0.00229586730711,
                    0.00427769590169,
                    -0.00152674387209,
                    0.00121476361528,
                    -0.000813275983091,
                    0.000161423464306,
                    0.000356718403054,
                    -0.000381693680538,
                    0.000679465942085,
                    0.000493458588608
                ],
                [
                    -0.000243038812187,
                    0.000713271496352,
                    -0.00138435524423,
                    0.000625246902928,
                    -0.00152674387209,
                    0.0054590664804,
                    -0.00195672782138,
                    -0.000458746711956,
                    0.000857853214256,
                    -0.000131376989884,
                    -0.000252295139944,
                    0.000512416241691,
                    0.00112948869355
                ],
                [
                    0.000225540439715,
                    -0.000851508462802,
                    0.00105048087426,
                    -0.000481358234538,
                    0.00121476361528,
                    -0.00195672782138,
                    0.00658065220341,
                    -0.00105430383701,
                    0.000795263622422,
                    -0.000578648061492,
                    -0.00130729295779,
                    -7.83116483944e-05,
                    0.0012223351514
                ],
                [
                    3.44756990671e-05,
                    0.000843560672365,
                    0.000274925230769,
                    -8.46078364702e-06,
                    -0.000813275983091,
                    -0.000458746711956,
                    -0.00105430383701,
                    0.00577152194455,
                    -0.00280832243152,
                    0.0011830853764,
                    -0.00061891291989,
                    -0.000989803811535,
                    0.000731093983632
                ],
                [
                    0.000400352408178,
                    -0.00118522904813,
                    0.000781370035838,
                    -0.00060569262132,
                    0.000161423464306,
                    0.000857853214256,
                    0.000795263622422,
                    -0.00280832243152,
                    0.0102867064998,
                    -0.00326576083899,
                    0.00194159068633,
                    6.51386799291e-05,
                    -0.000903226435184
                ],
                [
                    -9.93100402411e-05,
                    0.00196079607122,
                    -0.000186749311979,
                    0.000511354242917,
                    0.000356718403054,
                    -0.000131376989884,
                    -0.000578648061492,
                    0.0011830853764,
                    -0.00326576083899,
                    0.0103778308257,
                    -0.00316585670225,
                    0.000572185206693,
                    -7.32501848688e-06
                ],
                [
                    0.000189341895748,
                    -0.000760719703976,
                    0.00117741990834,
                    0.000932775030378,
                    -0.000381693680538,
                    -0.000252295139944,
                    -0.00130729295779,
                    -0.00061891291989,
                    0.00194159068633,
                    -0.00316585670225,
                    0.00878773722798,
                    -0.00397420674562,
                    0.00137820572127
                ],
                [
                    4.27640952694e-05,
                    0.000845605914947,
                    -0.000918162462767,
                    0.000106163817691,
                    0.000679465942085,
                    0.000512416241691,
                    -7.83116483944e-05,
                    -0.000989803811535,
                    6.51386799291e-05,
                    0.000572185206693,
                    -0.00397420674562,
                    0.0110811907798,
                    -0.00339034479111
                ],
                [
                    0.000159166898811,
                    -0.000293702847557,
                    0.000421373813879,
                    -0.000291254342301,
                    0.000493458588608,
                    0.00112948869355,
                    0.0012223351514,
                    0.000731093983632,
                    -0.000903226435184,
                    -7.32501848688e-06,
                    0.00137820572127,
                    -0.00339034479111,
                    0.00949695985764
                ]
            ],
            "mean": [
                -164.128173828,
                117.237625122,
                -105.909545898,
                -23.2821063995,
                -99.7862930298,
                -11.4396066666,
                -42.1870193481,
                -7.5994553566,
                -33.1811027527,
                -2.28295564651,
                -18.0477294922,
                -3.4471514225,
                -10.579410553
            ]
        },
        "hfc": {
            "dmean": 2.57647037506,
            "dmean2": 3.79554009438,
            "dvar": 17.9611415863,
            "dvar2": 39.4430160522,
            "max": 77.6867218018,
            "mean": 12.7110404968,
            "median": 9.28575897217,
            "min": 1.07539739735e-16,
            "var": 155.382781982
        },
        "melbands": {
            "dmean": [
                2.48886476584e-06,
                5.18548731634e-05,
                0.000122566038044,
                0.00026995621738,
                0.00039821214159,
                0.000314274046104,
                0.00014265003847,
                0.000249204720603,
                0.000220246016397,
                0.00019586525741,
                4.85409218527e-05,
                4.10124121117e-05,
                7.31424734113e-05,
                2.67735431407e-05,
                2.34789022215e-05,
                1.62514606927e-05,
                6.76738818584e-06,
                4.48943501397e-06,
                2.79058622255e-06,
                2.1793380256e-06,
                1.08028496015e-06,
                9.42200074405e-07,
