{
    "lowlevel": {
        "average_loudness": 0.831945896149,
        "barkbands": {
            "dmean": [
                0.000239663015236,
                0.00622718408704,
                0.00328024779446,
                0.00316912890412,
                0.00182657130063,
                0.00107644172385,
                0.00123226328287,
                0.000484408374177,
                0.000577464175876,
                0.000690508109983,
                0.0005027281004,
                0.000512025842909,
                0.000261862354819,
                0.000366175023373,
                0.000234986509895,
                0.000149772691657,
                0.000138027462526,
                0.00015371790505,
                0.000149428873556,
                0.000129282314447,
                0.000136424307129,
                7.72432904341e-05,
                7.60764814913e-05,
                0.000100596727862,
                0.000124940110254,
                5.6441873312e-05,
                1.28922056319e-05
            ],
            "dmean2": [
                0.000361534359399,
                0.00994571205229,
                0.00519059691578,
                0.00569216534495,
                0.00299558066763,
                0.00167183962185,
                0.00190141564235,
                0.000776865053922,
                0.000908708025236,
                0.00105057214387,
                0.000774805375841,
                0.00079784024274,
                0.000417035480496,
                0.000586297712289,
                0.000380679179216,
                0.000239725981373,
                0.000226650343393,
                0.000250609387876,
                0.000246148905717,
                0.000210655867704,
                0.000217820474063,
                0.00011689341045,
                0.000117748437333,
                0.000151130356244,
                0.000189856917132,
                8.71963784448e-05,
                1.98611469386e-05
            ],
            "dvar": [
                2.9154196568e-07,
                0.000288278126391,
                9.28542722249e-05,
                0.000106513180071,
                9.07103731151e-06,
                6.24282392891e-06,
                7.39452661946e-06,
                2.26544989346e-06,
                1.73968487616e-06,
                2.45262367571e-06,
                2.11458791455e-06,
                1.65884614489e-06,
                4.02457459359e-07,
                8.48998354286e-07,
                3.14673997082e-07,
                1.35975213311e-07,
                1.11874385311e-07,
                1.02663520352e-07,
                9.26595546957e-08,
                7.73577539803e-08,
                8.32905726611e-08,
                3.7421859389e-08,
                4.72492871495e-08,
                7.43091632671e-08,
                1.21574345258e-07,
                2.74769575981e-08,
                1.31492305933e-09
            ],
            "dvar2": [
                6.5367987645e-07,
                0.000703785917722,
                0.000222057758947,
                0.00029762610211,
                2.39987057284e-05,
                1.42172666528e-05,
                1.65542987816e-05,
                5.41477447769e-06,
                4.07443621953e-06,
                5.27929341843e-06,
                4.45090518042e-06,
                3.92380343328e-06,
                8.25434199214e-07,
                2.1356668185e-06,
                7.8277389548e-07,
                3.26328830624e-07,
                2.92673860258e-07,
                2.58353537674e-07,
                2.44769296387e-07,
                2.02456917009e-07,
                2.03225013706e-07,
                7.98153010351e-08,
                1.12835571997e-07,
                1.66132537061e-07,
                2.66701647433e-07,
                6.48142588489e-08,
                2.99695823713e-09
            ],
            "max": [
                0.00944604724646,
                0.155809104443,
                0.0946136564016,
                0.0886670425534,
                0.0548093728721,
                0.0638688653708,
                0.0711846798658,
                0.0565698817372,
                0.0297704525292,
                0.0388954542577,
                0.0448725521564,
                0.0366782359779,
                0.0316879600286,
                0.0228725150228,
                0.0087979119271,
                0.00951593741775,
                0.0117492023855,
                0.00612537469715,
                0.00603781081736,
                0.00807897932827,
                0.00813305191696,
                0.00425837794319,
                0.00557758612558,
                0.00784110557288,
                0.00940866582096,
                0.00489696627483,
                0.000638283323497
            ],
            "mean": [
                0.000562422035728,
                0.00991143099964,
                0.00396878877655,
                0.00293144863099,
                0.00363159785047,
                0.00209837872535,
                0.0024140838068,
                0.000741048250347,
                0.000994859728962,
                0.00110863568261,
                0.000780422240496,
                0.000860027212184,
                0.000409251020756,
                0.000549061980564,
                0.00033661123598,
                0.000228995340876,
                0.000212207072764,
                0.000257416424574,
                0.000246628071181,
                0.000236405161559,
                0.000277078157524,
                0.00011409157014,
                0.000102432895801,
                0.000151788670337,
                0.000172651562025,
                6.44139072392e-05,
                1.24400366985e-05
            ],
            "median": [
                6.31645525573e-05,
                0.00338195660152,
                0.00125740154181,
                0.000894217635505,
                0.00191623147111,
                0.000683138612658,
                0.000714583671652,
                0.00018761389947,
                0.000297689752188,
                0.000181489245733,
                0.000152182386955,
                0.000183160649613,
                0.000115156944958,
                0.000125842532725,
                8.96142591955e-05,
                5.99480626988e-05,
                6.11553332419e-05,
                8.21485446068e-05,
                8.30547505757e-05,
                9.2529829999e-05,
                7.83089344623e-05,
                2.81376414932e-05,
                3.19131286233e-05,
                5.45648326806e-05,
                4.81798160763e-05,
                1.52467036969e-05,
                9.89190652945e-07
            ],
            "min": [
                5.98098048361e-24,
                8.54373515703e-24,
                1.95782082977e-24,
                3.20440683676e-24,
                8.89479861246e-23,
                8.59854095288e-23,
                4.67715599151e-23,
                2.30897677915e-23,
                4.93468026511e-23,
                9.13213530441e-23,
                2.69893391711e-23,
                9.16974566802e-23,
                1.52706381368e-22,
                6.75993337475e-23,
                3.06047789454e-22,
                1.1176636841e-22,
                1.32551136701e-22,
                2.27369251392e-22,
                1.59435301781e-22,
                3.61365492919e-22,
                6.3526567325e-22,
                3.41413774365e-22,
                7.61484074418e-22,
                7.85276220293e-22,
                9.73483033714e-22,
                2.09730351843e-21,
                2.19280996159e-21
            ],
            "var": [
                1.05540641471e-06,
                0.000349242181983,
                8.79287981661e-05,
                6.74628245179e-05,
                2.02439077839e-05,
                1.95234551938e-05,
                2.40886038227e-05,
                6.46990110909e-06,
                4.1553439587e-06,
                6.824909633e-06,
                4.9322356972e-06,
                4.71494422527e-06,
                1.55225734488e-06,
                1.4922183027e-06,
                5.26943210843e-07,
                2.40137438823e-07,
                1.75940840563e-07,
                2.05121580166e-07,
                1.71272432681e-07,
                1.6973763195e-07,
                3.02447546119e-07,
                6.02429963692e-08,
                5.41981322044e-08,
                1.05376130932e-07,
                1.6693840621e-07,
                2.98050579772e-08,
                1.40555056483e-09
            ]
        },
        "barkbands_crest": {
            "dmean": 2.6221601963,
            "dmean2": 4.07402706146,
            "dvar": 6.02968740463,
            "dvar2": 13.8755846024,
            "max": 25.4191417694,
            "mean": 11.4966135025,
            "median": 10.7930774689,
            "min": 2.35332751274,
            "var": 19.1292648315
        },
        "barkbands_flatness_db": {
            "dmean": 0.02829163149,
            "dmean2": 0.0406958833337,
            "dvar": 0.000855658494402,
            "dvar2": 0.00170774024446,
            "max": 0.592236816883,
            "mean": 0.15932315588,
            "median": 0.14208753407,
            "min": 0.0131701249629,
            "var": 0.00675665447488
        },
        "barkbands_kurtosis": {
            "dmean": 5.98456764221,
            "dmean2": 9.33449745178,
            "dvar": 138.346069336,
            "dvar2": 321.508392334,
            "max": 208.503509521,
            "mean": 9.8377904892,
            "median": 4.4067234993,
            "min": -1.92841899395,
            "var": 255.688110352
        },
        "barkbands_skewness": {
            "dmean": 0.701601624489,
            "dmean2": 1.0633149147,
            "dvar": 0.75889569521,
            "dvar2": 1.61366939545,
            "max": 12.052189827,
            "mean": 2.22324371338,
            "median": 1.90865397453,
            "min": -2.89659070969,
            "var": 2.45297169685
        },
        "barkbands_spread": {
            "dmean": 6.5567317009,
            "dmean2": 10.0391187668,
            "dvar": 94.5927429199,
            "dvar2": 188.724517822,
            "max": 113.141731262,
            "mean": 19.7697544098,
            "median": 15.8791894913,
            "min": 0.475037515163,
            "var": 272.091064453
        },
        "dissonance": {
            "dmean": 0.0224530845881,
            "dmean2": 0.0372138209641,
            "dvar": 0.000542250811122,
            "dvar2": 0.00144807295874,
            "max": 0.5,
            "mean": 0.451509803534,
            "median": 0.46200427413,
            "min": 0.183590352535,
            "var": 0.00152127386536
        },
        "dynamic_complexity": 3.3801548481,
        "erbbands": {
            "dmean": [
                0.134651169181,
                1.54586184025,
                3.33876824379,
                8.85357666016,
                7.19783306122,
                6.78132104874,
                5.73784732819,
                10.5835447311,
                16.1191730499,
                15.4187860489,
                9.53055095673,
                10.2494888306,
                21.1405487061,
                21.8270072937,
                15.1873607635,
                16.5115737915,
                11.5979213715,
                14.1091918945,
                15.5635299683,
                9.567445755,
                8.02271652222,
                8.04221153259,
                8.03153800964,
                7.97409200668,
                5.94706296921,
                5.83946561813,
                7.15434408188,
                3.60612154007,
                2.94043684006,
                2.29807925224,
                2.21362447739,
                1.96425950527,
                1.84162449837,
                1.48679590225,
                0.858714938164,
                0.343513548374,
                0.0837740823627,
                0.0158207397908,
                0.00216792151332,
                0.000134157395223
            ],
            "dmean2": [
                0.208241134882,
                2.43971419334,
                4.9510269165,
                15.6453752518,
                12.2286252975,
                10.9245300293,
                8.97011947632,
                16.4070587158,
                24.7117462158,
                24.3720359802,
                14.9359445572,
                16.1863002777,
                32.8995780945,
                32.9025917053,
                23.4308700562,
                25.3304691315,
                18.1124191284,
                22.7599773407,
                24.8951931,
                15.6289768219,
                12.797082901,
                13.1956644058,
                13.1865243912,
                13.0321359634,
                9.80667972565,
                9.49108695984,
                11.4820013046,
                5.66571807861,
                4.48368167877,
                3.47339701653,
                3.4408094883,
                2.9803071022,
                2.76351284981,
                2.25251245499,
                1.32002162933,
                0.534895002842,
                0.129409193993,
                0.0240869931877,
                0.00334253511392,
                0.000206976066693
            ],
            "dvar": [
                0.0919439718127,
                20.9074134827,
                78.7490539551,
                941.461364746,
                181.300628662,
                171.944595337,
                159.499938965,
                748.376525879,
                1215.22167969,
                1914.73168945,
                704.963562012,
                549.555236816,
                1977.14111328,
                2393.79467773,
                1782.87792969,
                1683.36889648,
                868.744628906,
                1005.88848877,
                1399.78295898,
                547.535339355,
                365.393737793,
                392.8309021,
                293.334228516,
                262.330688477,
                138.594955444,
                157.842208862,
                243.367279053,
                64.6176757812,
                52.4937667847,
                39.9421195984,
                43.864315033,
                34.4219779968,
                24.1910896301,
                20.6491756439,
                5.44844818115,
                1.19060611725,
                0.0502891987562,
                0.00181021238677,
                3.56163327524e-05,
                1.4634525769e-07
            ],
            "dvar2": [
                0.240847662091,
                48.5918006897,
                151.280517578,
                2640.24658203,
                508.181152344,
                428.879486084,
                335.464111328,
                1758.67468262,
                2681.34228516,
                4390.29736328,
                1601.19165039,
                1315.01635742,
                4581.77197266,
                4946.29443359,
                4202.56201172,
                3929.69067383,
                1789.7857666,
                2636.48535156,
                3412.20117188,
                1424.08605957,
                873.559082031,
                1052.32617188,
                738.434143066,
                686.378601074,
                362.513885498,
                409.293121338,
                609.085083008,
                157.206787109,
                115.480140686,
                86.2928390503,
                107.294189453,
                80.9372787476,
                52.3923187256,
                45.9037590027,
                12.368060112,
                2.89996433258,
                0.109543636441,
                0.00399270514026,
                7.96105596237e-05,
                3.52031690909e-07
            ],
            "max": [
                3.75664258003,
                42.5612220764,
                85.6547470093,
                280.564056396,
                184.079727173,
                326.712371826,
                419.734283447,
                803.714599609,
                808.32800293,
                1780.71484375,
                1076.6348877,
                842.435058594,
                947.675964355,
                1604.21508789,
                1216.58251953,
                1216.04443359,
                1298.26525879,
                554.710266113,
                772.681884766,
                548.375366211,
                437.069274902,
                708.903869629,
                371.597045898,
                287.446746826,
                276.136932373,
                300.279968262,
                471.991516113,
                170.496780396,
                170.243225098,
                157.533660889,
                179.757034302,
                212.814239502,
                132.847366333,
                159.007110596,
                50.1109008789,
                28.0377445221,
                9.19911766052,
                1.45182931423,
                0.11526978761,
                0.00649573514238
            ],
            "mean": [
                0.275752425194,
                2.19552183151,
                4.79699516296,
                8.19649219513,
                10.5022544861,
                12.8635053635,
                11.0883378983,
                21.1133441925,
                33.6522102356,
                27.0849571228,
                15.6562376022,
                17.4221668243,
                37.6591720581,
                37.6006851196,
                25.3423614502,
                29.559343338,
                20.7493724823,
                22.237865448,
                24.5672035217,
                14.9157066345,
                12.9691505432,
                13.0920162201,
                14.0669517517,
                14.47473526,
                10.7874078751,
                10.9170732498,
                14.0711097717,
                6.91813135147,
                4.42940807343,
                3.17759180069,
                3.00254607201,
                2.7843132019,
                2.79680776596,
                2.12772250175,
                1.09807908535,
                0.397559016943,
                0.0959019884467,
                0.0172134265304,
                0.0021207772661,
                0.000154225286678
            ],
            "median": [
                0.0627157762647,
                0.638818740845,
                1.58226084709,
                2.70546007156,
                4.97800207138,
                5.90944623947,
                4.37108945847,
                6.77954387665,
                10.5881938934,
                8.7640838623,
                5.1118311882,
                6.57976102829,
                9.78583145142,
                9.54495811462,
                7.16582155228,
                7.38365459442,
                5.96667861938,
                6.92770862579,
                6.18329238892,
                4.47565984726,
                3.77510714531,
                3.87409090996,
                4.61798906326,
                5.12260961533,
                4.14516973495,
                4.35346508026,
                4.29190826416,
                1.96140408516,
                1.08217000961,
                0.786603629589,
                0.976195633411,
                0.984947025776,
                0.938358008862,
                0.603037893772,
                0.269633769989,
                0.089980520308,
                0.023747516796,
                0.00297413952649,
                0.00019720295677,
                4.79493828607e-05
            ],
            "min": [
                4.81975130915e-22,
                1.08953570625e-21,
                1.92513766771e-21,
                9.04935186236e-21,
                1.41693570313e-19,
                3.28260784129e-19,
                4.84865823022e-19,
                6.3429300215e-19,
                5.84340547235e-19,
                7.27720622495e-19,
                5.75749759586e-19,
                7.40859300851e-19,
                3.02521105155e-18,
                1.88355725641e-18,
                2.29848159822e-18,
                3.92888084855e-18,
                5.9755221394e-18,
                5.54981239638e-18,
                1.20387990428e-17,
                1.15345968907e-17,
                6.4170405447e-18,
                8.40076441021e-18,
                1.30467004212e-17,
                9.85635165258e-18,
                7.71152857251e-18,
                1.8886555014e-17,
                1.82575321346e-17,
                2.78471048048e-17,
                1.48252785317e-17,
                1.2600281798e-17,
                2.32471567271e-17,
                1.44750320624e-17,
                1.63886085304e-17,
                1.03245631762e-17,
                7.77694201535e-18,
                6.20209600817e-18,
                4.00060816101e-18,
                1.70908656385e-18,
                3.35366498235e-19,
                2.75338182128e-20
            ],
            "var": [
                0.178711935878,
                23.7750320435,
                105.796195984,
                587.418151855,
                212.31640625,
                374.607910156,
                481.139892578,
                2257.88427734,
                4173.75537109,
                6044.484375,
                2044.87255859,
                1046.69714355,
                5210.36474609,
                6354.86035156,
                3746.58764648,
                5464.37792969,
                3326.78027344,
                1764.34509277,
                2661.68481445,
                817.567260742,
                690.162536621,
                636.506530762,
                595.726318359,
                564.808349609,
                286.478424072,
                343.171539307,
                761.970153809,
                168.204833984,
                85.8179092407,
                55.4214286804,
                47.8415184021,
                42.8111610413,
                36.040687561,
                27.924993515,
                6.97517156601,
                1.21882367134,
                0.0626285672188,
                0.00216948264278,
                3.90998611692e-05,
                1.45462507817e-07
            ]
        },
        "erbbands_crest": {
            "dmean": 2.71122574806,
            "dmean2": 4.38195228577,
            "dvar": 6.39225053787,
            "dvar2": 15.7533807755,
            "max": 30.0690917969,
            "mean": 9.3245677948,
            "median": 8.41312122345,
            "min": 2.09830951691,
            "var": 18.3874206543
        },
        "erbbands_flatness_db": {
            "dmean": 0.0197965633124,
            "dmean2": 0.028234237805,
            "dvar": 0.00036356592318,
            "dvar2": 0.00073785049608,
            "max": 0.418099433184,
            "mean": 0.151341065764,
            "median": 0.140177488327,
            "min": 0.0414629131556,
            "var": 0.00350033515133
        },
        "erbbands_kurtosis": {
            "dmean": 1.31763291359,
            "dmean2": 2.06339621544,
            "dvar": 4.01050710678,
            "dvar2": 9.75063323975,
            "max": 33.228313446,
            "mean": 1.23523890972,
            "median": 0.189345598221,
            "min": -1.86078560352,
            "var": 9.55640506744
        },
        "erbbands_skewness": {
            "dmean": 0.420835673809,
            "dmean2": 0.631336092949,
            "dvar": 0.200267657638,
            "dvar2": 0.413735389709,
            "max": 4.75628757477,
            "mean": 0.690293729305,
            "median": 0.622857809067,
            "min": -3.68984031677,
            "var": 0.795125901699
        },
        "erbbands_spread": {
            "dmean": 10.1741685867,
            "dmean2": 15.3722009659,
            "dvar": 162.065383911,
            "dvar2": 367.284088135,
            "max": 185.057632446,
            "mean": 41.6352729797,
            "median": 38.5400772095,
            "min": 4.19895458221,
            "var": 510.451324463
        },
        "gfcc": {
            "cov": [
                [
                    11608.5136719,
                    -3909.37084961,
                    -1126.2746582,
                    815.421936035,
                    -498.036804199,
                    591.395507812,
                    21.5899333954,
                    730.875427246,
                    -120.43208313,
                    530.455749512,
                    -123.53629303,
                    380.732635498,
                    8.21419525146
                ],
                [
                    -3909.37084961,
                    2421.48217773,
                    248.095626831,
                    -336.054779053,
                    487.295562744,
                    -260.125915527,
                    221.055099487,
                    -268.182891846,
                    161.897018433,
                    -212.130767822,
                    178.589019775,
                    -163.251068115,
                    25.4157752991
                ],
                [
                    -1126.2746582,
                    248.095626831,
                    1091.88012695,
                    18.5348205566,
                    -19.3039417267,
                    77.7509841919,
                    -75.134765625,
                    -16.4738044739,
                    72.6953735352,
                    0.268573075533,
                    2.6638417244,
                    31.5113124847,
                    -47.4572906494
                ],
                [
                    815.421936035,
                    -336.054779053,
                    18.5348205566,
                    530.299072266,
                    78.3966827393,
                    57.1884841919,
                    53.7441062927,
                    93.7587966919,
                    125.551727295,
                    87.3681259155,
                    -9.86470222473,
                    82.2856292725,
                    5.77318000793
                ],
                [
                    -498.036804199,
                    487.295562744,
                    -19.3039417267,
                    78.3966827393,
                    426.951782227,
                    -15.2444972992,
                    177.95703125,
                    -24.4756641388,
                    134.999740601,
                    1.92997026443,
                    42.9486846924,
                    16.1808586121,
                    16.519575119
                ],
                [
                    591.395507812,
                    -260.125915527,
                    77.7509841919,
                    57.1884841919,
                    -15.2444972992,
                    262.956512451,
                    80.4400482178,
                    53.1018180847,
                    8.98350811005,
                    65.9981842041,
                    10.5232276917,
                    31.8303833008,
                    4.89818477631
                ],
                [
                    21.5899333954,
                    221.055099487,
                    -75.134765625,
                    53.7441062927,
                    177.95703125,
                    80.4400482178,
                    331.800720215,
                    26.3534450531,
                    105.821006775,
                    35.2115859985,
                    44.3387565613,
                    49.1103935242,
                    3.82050561905
                ],
                [
                    730.875427246,
                    -268.182891846,
                    -16.4738044739,
                    93.7587966919,
                    -24.4756641388,
                    53.1018180847,
                    26.3534450531,
                    193.758178711,
                    40.0760726929,
                    40.5405006409,
                    10.8476867676,
                    41.9608840942,
                    22.1994571686
                ],
                [
                    -120.43208313,
                    161.897018433,
                    72.6953735352,
                    125.551727295,
                    134.999740601,
                    8.98350811005,
                    105.821006775,
                    40.0760726929,
                    228.42350769,
                    45.1215171814,
                    21.9932441711,
                    53.5513687134,
                    6.94796419144
                ],
                [
                    530.455749512,
                    -212.130767822,
                    0.268573075533,
                    87.3681259155,
                    1.92997026443,
                    65.9981842041,
                    35.2115859985,
                    40.5405006409,
                    45.1215171814,
                    143.01612854,
                    22.1353931427,
                    48.7273483276,
                    17.3188705444
                ],
                [
                    -123.53629303,
                    178.589019775,
                    2.6638417244,
                    -9.86470222473,
                    42.9486846924,
                    10.5232276917,
                    44.3387565613,
                    10.8476867676,
                    21.9932441711,
                    22.1353931427,
                    120.949287415,
                    20.1598930359,
                    19.4926929474
                ],
                [
                    380.732635498,
                    -163.251068115,
                    31.5113124847,
                    82.2856292725,
                    16.1808586121,
                    31.8303833008,
                    49.1103935242,
                    41.9608840942,
                    53.5513687134,
                    48.7273483276,
                    20.1598930359,
                    124.00164032,
                    16.3121795654
                ],
                [
                    8.21419525146,
                    25.4157752991,
                    -47.4572906494,
                    5.77318000793,
                    16.519575119,
                    4.89818477631,
                    3.82050561905,
                    22.1994571686,
                    6.94796419144,
                    17.3188705444,
                    19.4926929474,
                    16.3121795654,
                    89.5008239746
                ]
            ],
            "icov": [
                [
                    0.000269423937425,
                    0.0003106444492,
                    0.000217571563553,
                    -7.80543487053e-05,
                    -6.99179217918e-05,
                    -0.000166969213751,
                    -2.68943786068e-05,
                    -0.000442771561211,
                    0.000130351589178,
                    -0.000278236577287,
                    -8.75301775523e-05,
                    -0.000172905492946,
                    0.00023477144714
                ],
                [
                    0.0003106444492,
                    0.00193350168411,
                    -0.000285353831714,
                    0.000493683852255,
                    -0.000989218591712,
                    0.000911969342269,
                    -0.000999774551019,
                    0.000781080452725,
                    -0.000922630890273,
                    0.0011483237613,
                    -0.00213182927109,
                    0.00176047172863,
                    -0.00078625115566
                ],
                [
                    0.000217571563553,
                    -0.000285353831714,
                    0.00144101062324,
                    -0.000180410934263,
                    0.000234605555306,
                    -0.00109068502206,
                    0.000922097358853,
                    -0.000576633086894,
                    -0.000177726164111,
                    -0.000435698369984,
                    0.000443325756351,
                    -0.00118959101383,
                    0.00117520731874
                ],
                [
                    -7.80543487053e-05,
                    0.000493683852255,
                    -0.000180410934263,
                    0.00283233053051,
                    -0.000768239086028,
                    0.00022216612706,
                    2.59762491623e-05,
                    -0.000197885019588,
                    -0.00133144960273,
                    -0.0002728496911,
                    1.46862448673e-05,
                    -0.000157463597134,
                    -5.2116727602e-05
                ],
                [
                    -6.99179217918e-05,
                    -0.000989218591712,
                    0.000234605555306,
                    -0.000768239086028,
                    0.00432929676026,
                    -7.53456843086e-05,
                    -0.00116647395771,
                    0.000341077044141,
                    -0.000977650866844,
                    -0.000173784734216,
                    0.000510396377649,
                    -0.000389639200876,
                    -0.000299103208818
                ],
                [
                    -0.000166969213751,
                    0.000911969342269,
                    -0.00109068502206,
                    0.00022216612706,
                    -7.53456843086e-05,
                    0.00609297631308,
                    -0.00242663174868,
                    0.000274358841125,
                    0.000279103143839,
                    -0.000810810248367,
                    -0.00112661381718,
                    0.00167578167748,
                    -0.00104514963459
                ],
                [
                    -2.68943786068e-05,
                    -0.000999774551019,
                    0.000922097358853,
                    2.59762491623e-05,
                    -0.00116647395771,
                    -0.00242663174868,
                    0.00575541099533,
                    -0.000883956206962,
                    -0.000739713199437,
                    -0.000641523452941,
                    0.000415569928009,
                    -0.00240001198836,
                    0.0016237902455
                ],
                [
                    -0.000442771561211,
                    0.000781080452725,
                    -0.000576633086894,
                    -0.000197885019588,
                    0.000341077044141,
                    0.000274358841125,
                    -0.000883956206962,
                    0.008321412839,
                    -0.0020404884126,
                    0.00154630711768,
                    -0.00185055145994,
                    0.000987713108771,
                    -0.00249620433897
                ],
                [
                    0.000130351589178,
                    -0.000922630890273,
                    -0.000177726164111,
                    -0.00133144960273,
                    -0.000977650866844,
                    0.000279103143839,
                    -0.000739713199437,
                    -0.0020404884126,
                    0.00806142482907,
                    -0.00240495894104,
                    0.00141362415161,
                    -0.00253647775389,
                    0.000938526063692
                ],
                [
                    -0.000278236577287,
                    0.0011483237613,
                    -0.000435698369984,
                    -0.0002728496911,
                    -0.000173784734216,
                    -0.000810810248367,
                    -0.000641523452941,
                    0.00154630711768,
                    -0.00240495894104,
                    0.011514605023,
                    -0.00307307997718,
                    -8.41423097881e-05,
                    -0.00215049437247
                ],
                [
                    -8.75301775523e-05,
                    -0.00213182927109,
                    0.000443325756351,
                    1.46862448673e-05,
                    0.000510396377649,
                    -0.00112661381718,
                    0.000415569928009,
                    -0.00185055145994,
                    0.00141362415161,
                    -0.00307307997718,
                    0.0121547523886,
                    -0.0033153265249,
                    -0.000301812455291
                ],
                [
                    -0.000172905492946,
                    0.00176047172863,
                    -0.00118959101383,
                    -0.000157463597134,
                    -0.000389639200876,
                    0.00167578167748,
                    -0.00240001198836,
                    0.000987713108771,
                    -0.00253647775389,
                    -8.41423097881e-05,
                    -0.0033153265249,
                    0.0135937808082,
                    -0.00280932802707
                ],
                [
                    0.00023477144714,
                    -0.00078625115566,
                    0.00117520731874,
                    -5.2116727602e-05,
                    -0.000299103208818,
                    -0.00104514963459,
                    0.0016237902455,
                    -0.00249620433897,
                    0.000938526063692,
                    -0.00215049437247,
                    -0.000301812455291,
                    -0.00280932802707,
                    0.013584584929
                ]
            ],
            "mean": [
                -12.3730144501,
                94.4609985352,
                -90.0584869385,
                24.6951446533,
                -54.720249176,
                13.5806684494,
                -36.8203773499,
                10.0547580719,
                -30.4105052948,
                4.27142429352,
                -12.7948713303,
                -4.01785421371,
                -7.86321878433
            ]
        },
        "hfc": {
            "dmean": 7.08629179001,
            "dmean2": 10.355348587,
            "dvar": 124.543586731,
            "dvar2": 275.000976562,
            "max": 193.870239258,
            "mean": 20.5702438354,
            "median": 15.6886320114,
            "min": 1.17197185883e-16,
            "var": 384.732513428
        },
        "melbands": {
            "dmean": [
                0.00143364071846,
                0.00179549260065,
                0.00143516983371,
                0.000455781206256,
                0.000215103864321,
                0.00023337888706,
                0.000246045470703,
                0.000155856760102,
                7.23390548956e-05,
                7.56459776312e-05,
                0.000112274748972,
                9.35744756134e-05,
                5.58129540877e-05,
                5.46911760466e-05,
                4.08826963394e-05,
                2.77579165413e-05,
                2.72774504992e-05,
                2.95995068882e-05,
                2.1000225388e-05,
                9.99767780741e-06,
                9.75169132289e-06,
                9.31092017709e-06,
                6.08915024713e-06,
                8.99939459487e-06,
                6.91872764946e-06,
                5.16092313774e-06,
                4.45582418251e-06,
                4.40930216428e-06,
