{
    "lowlevel": {
        "average_loudness": 0.849957287312,
        "barkbands": {
            "dmean": [
                0.0011385291582,
                0.0117292916402,
                0.00370385171846,
                0.00194747489877,
                0.00117819441948,
                0.000759400776587,
                0.000802494643722,
                0.000402853795094,
                0.000732136250008,
                0.000936158350669,
                0.00107219233178,
                0.000356529606506,
                0.000413631612901,
                0.000243703369051,
                0.000471761595691,
                0.000309577037115,
                0.000262944115093,
                0.000175167282578,
                0.000277441082289,
                0.000244218535954,
                0.000195747648831,
                5.28381351614e-05,
                5.06032629346e-05,
                8.94646000233e-05,
                0.000138384129968,
                8.10892452137e-05,
                2.39067358052e-05
            ],
            "dmean2": [
                0.00162637874018,
                0.0173273403198,
                0.00687535339966,
                0.0036893049255,
                0.00209608674049,
                0.00126303546131,
                0.00127210910432,
                0.000631352420896,
                0.00109531369526,
                0.00145912752487,
                0.00157962867524,
                0.00053886405658,
                0.000663601094857,
                0.000393434776925,
                0.00073705840623,
                0.000460936513264,
                0.000415833696024,
                0.000286770635284,
                0.000441463140305,
                0.000372118956875,
                0.000306341331452,
                8.96087221918e-05,
                8.26128671179e-05,
                0.00014268916857,
                0.000209442398045,
                0.000127814229927,
                3.85935345548e-05
            ],
            "dvar": [
                9.87629300653e-06,
                0.000467589095933,
                0.000175947570824,
                4.93819788971e-05,
                1.12177549454e-05,
                2.43219756157e-06,
                4.0138361328e-06,
                1.6515569996e-06,
                3.35749450642e-06,
                5.6582812249e-06,
                6.84104361426e-06,
                7.17264185823e-07,
                1.37349718443e-06,
                4.77147466427e-07,
                1.35297295856e-06,
                6.97953737472e-07,
                5.70814847833e-07,
                2.09507689419e-07,
                3.17972308039e-07,
                1.79328040417e-07,
                2.04216092925e-07,
                1.68449147964e-08,
                1.84241883971e-08,
                3.74143986903e-08,
                1.41836054013e-07,
                4.09590938943e-08,
                3.60591956294e-09
            ],
            "dvar2": [
                2.68973981292e-05,
                0.000858320563566,
                0.000502016104292,
                0.000142698132549,
                3.1438707083e-05,
                6.13655583948e-06,
                9.56498115556e-06,
                3.75966760657e-06,
                6.74664215694e-06,
                1.34143492687e-05,
                1.3877002857e-05,
                1.41847942814e-06,
                3.26370832227e-06,
                1.11811630177e-06,
                3.28643409375e-06,
                1.44289128912e-06,
                1.41463033287e-06,
                5.15599310802e-07,
                7.7621143646e-07,
                3.97724647883e-07,
                4.68622545213e-07,
                4.52205100032e-08,
                4.77491042261e-08,
                9.23158154365e-08,
                3.1146257129e-07,
                9.89876127733e-08,
                9.34560695498e-09
            ],
            "max": [
                0.0548098385334,
                0.194673120975,
                0.108829908073,
                0.0599838271737,
                0.0423211976886,
                0.0243120547384,
                0.0339516587555,
                0.044146604836,
                0.0637789294124,
                0.0469370670617,
                0.0555865243077,
                0.0218556765467,
                0.0287955533713,
                0.0168807264417,
                0.0272766202688,
                0.022594101727,
                0.0254929233342,
                0.0109576908872,
                0.012402289547,
                0.00668785953894,
                0.0116282459348,
                0.00271728378721,
                0.0043563018553,
                0.00347399013117,
                0.00976464338601,
                0.00336416298524,
                0.000925604254007
            ],
            "mean": [
                0.00191375450231,
                0.0264773350209,
                0.00276817916892,
                0.00134908023756,
                0.00132572418079,
                0.00116278824862,
                0.00122688896954,
                0.000573432131205,
                0.0012842642609,
                0.0013783974573,
                0.00180058344267,
                0.000603803200647,
                0.000675693678204,
                0.000320362421917,
                0.000744255550671,
                0.000490151927806,
                0.000412667082855,
                0.000291080243187,
                0.000511020305566,
                0.000469048711238,
                0.000358078686986,
                8.50931828609e-05,
                9.03127147467e-05,
                0.000163849428645,
                0.000257259729551,
                0.000132655011839,
                4.1632240027e-05
            ],
            "median": [
                0.00033153698314,
                0.0094988308847,
                0.000294317142107,
                0.000145414058352,
                0.000323521933751,
                0.000394186179619,
                0.000367477245163,
                0.00011269863171,
                0.000259845342953,
                0.000275013619103,
                0.000261272245552,
                0.000164014680195,
                0.000133913155878,
                8.49534408189e-05,
                0.00018968997756,
                0.000108847772935,
                0.000100148972706,
                9.43063641898e-05,
                0.000182373303687,
                0.000183979136636,
                0.00011999088747,
                4.55851477454e-05,
                4.75532033306e-05,
                9.10189992283e-05,
                0.000115197588457,
                4.65204720967e-05,
                1.49003290062e-05
            ],
            "min": [
                1.16541281149e-24,
                4.61808719133e-24,
                8.9801627893e-25,
                1.31176997802e-24,
                1.66856624343e-23,
                1.33056774453e-23,
                1.56613517924e-23,
                6.3535239904e-24,
                1.98502284427e-23,
                2.57957326681e-23,
                2.20151309793e-23,
                2.0193419224e-23,
                4.15791859291e-23,
                5.28574987366e-23,
                3.1159349424e-23,
                8.52695403454e-23,
                8.2852066635e-23,
                9.3190366477e-23,
                1.40761020401e-22,
                2.08781883551e-22,
                1.97370196452e-22,
                3.68313502093e-22,
                4.33145372945e-22,
                5.25684436926e-22,
                7.73491471407e-22,
                1.2825676726e-21,
                1.96816640764e-21
            ],
            "var": [
                1.30191147036e-05,
                0.00144129304681,
                0.000101264588011,
                2.75719048659e-05,
                1.06828356365e-05,
                4.3835411816e-06,
                6.46661010251e-06,
                2.47237289841e-06,
                1.07528121589e-05,
                1.05842591438e-05,
                1.77282472578e-05,
                1.97797066903e-06,
                3.76250932277e-06,
                7.83409802807e-07,
                2.45164187618e-06,
                1.63713752954e-06,
                1.26106942844e-06,
                5.13003271863e-07,
                8.39702579469e-07,
                4.97528503729e-07,
                5.93326831222e-07,
                1.90917450738e-08,
                2.5467112863e-08,
                5.92430460244e-08,
                2.64748109657e-07,
                6.21809235213e-08,
                4.58456739238e-09
            ]
        },
        "barkbands_crest": {
            "dmean": 3.16124153137,
            "dmean2": 4.94781780243,
            "dvar": 10.2773981094,
            "dvar2": 22.3397827148,
            "max": 26.1818504333,
            "mean": 13.9044551849,
            "median": 12.8058099747,
            "min": 2.36458039284,
            "var": 37.4991912842
        },
        "barkbands_flatness_db": {
            "dmean": 0.0301135610789,
            "dmean2": 0.0442737825215,
            "dvar": 0.00120495888405,
            "dvar2": 0.00248312670738,
            "max": 0.571975409985,
            "mean": 0.152062833309,
            "median": 0.140729963779,
            "min": 0.0140232695267,
            "var": 0.00563461286947
        },
        "barkbands_kurtosis": {
            "dmean": 8.9603843689,
            "dmean2": 13.3088722229,
            "dvar": 856.946411133,
            "dvar2": 1869.16235352,
            "max": 829.286499023,
            "mean": 14.0389823914,
            "median": 2.01211810112,
            "min": -1.98113071918,
            "var": 1863.08044434
        },
        "barkbands_skewness": {
            "dmean": 0.866661846638,
            "dmean2": 1.25553667545,
            "dvar": 1.55258262157,
            "dvar2": 2.98832726479,
            "max": 23.6151695251,
            "mean": 2.21166563034,
            "median": 1.45045030117,
            "min": -7.47659301758,
            "var": 6.86072206497
        },
        "barkbands_spread": {
            "dmean": 7.72382926941,
            "dmean2": 12.0129880905,
            "dvar": 117.431144714,
            "dvar2": 269.768981934,
            "max": 131.070648193,
            "mean": 26.1340084076,
            "median": 23.2182312012,
            "min": 0.145802810788,
            "var": 346.184265137
        },
        "dissonance": {
            "dmean": 0.0223467871547,
            "dmean2": 0.037588454783,
            "dvar": 0.000517980370205,
            "dvar2": 0.00139997852966,
            "max": 0.500000119209,
            "mean": 0.458662718534,
            "median": 0.467502176762,
            "min": 0.263360023499,
            "var": 0.0010993166361
        },
        "dynamic_complexity": 2.98385667801,
        "erbbands": {
            "dmean": [
                0.535447955132,
                2.42286539078,
                3.98066926003,
                6.06667661667,
                4.58574581146,
                4.06129169464,
                4.66085624695,
                6.83417844772,
                9.84802055359,
                10.5131368637,
                9.89199829102,
                18.1426925659,
                23.618429184,
                40.2479133606,
                24.368270874,
                14.3300790787,
                18.2478427887,
                14.6413507462,
                18.8140125275,
                17.7828159332,
                17.2844867706,
                9.21139240265,
                9.56893634796,
                10.7064886093,
                15.2561531067,
                9.74635124207,
                10.8116474152,
                4.24094486237,
                1.92823827267,
                1.62797665596,
                1.41807627678,
                1.55194330215,
                1.74570512772,
                1.67694032192,
                0.970276415348,
                0.419741600752,
                0.132794931531,
                0.0298672337085,
                0.00443614041433,
                0.000215277817915
            ],
            "dmean2": [
                0.696973323822,
                3.83745455742,
                7.14767313004,
                11.3700675964,
                8.54432678223,
                7.01048755646,
                7.96446275711,
                11.2628593445,
                15.6085424423,
                16.3419971466,
                15.2485074997,
                26.6256008148,
                35.9796218872,
                61.1411437988,
                35.4110107422,
                21.4565582275,
                28.8404903412,
                23.5260601044,
                29.1622924805,
                27.9512329102,
                25.5945529938,
                14.2791662216,
                15.3589878082,
                17.3455696106,
                23.8408527374,
                14.8277244568,
                16.7539863586,
                6.8751282692,
                3.26472139359,
                2.72210621834,
                2.3071334362,
                2.54058432579,
                2.7469625473,
                2.55285453796,
                1.51037049294,
                0.663757264614,
                0.211118638515,
                0.0476233251393,
                0.0073110461235,
                0.00034429365769
            ],
            "dvar": [
                0.854553341866,
                22.0860404968,
                171.534927368,
                467.233215332,
                255.752868652,
                112.562652588,
                127.11856842,
                223.215682983,
                556.847961426,
                770.141113281,
                843.252746582,
                2212.18066406,
                4565.91650391,
                9233.51855469,
                4650.86523438,
                930.914428711,
                2533.69140625,
                1258.76428223,
                2185.99902344,
                1651.2298584,
                1880.60913086,
                537.555603027,
                841.115234375,
                456.266082764,
                1076.95117188,
                282.520874023,
                561.684875488,
                82.6460189819,
                19.0285015106,
                21.0964279175,
                13.564786911,
                13.093539238,
                16.8018512726,
                26.9118022919,
                7.08338594437,
                1.15896749496,
                0.117186762393,
                0.00584329850972,
                0.00015096142306,
                2.40449764988e-07
            ],
            "dvar2": [
                1.17221212387,
                52.7039604187,
                476.697998047,
                1341.35241699,
                733.165710449,
                297.979278564,
                342.630950928,
                541.345581055,
                1347.88793945,
                1807.1463623,
                1849.72631836,
                4263.03759766,
                10538.8359375,
                20918.8300781,
                9055.26074219,
                1765.6081543,
                5919.50878906,
                2941.45385742,
                5130.56054688,
                3995.48950195,
                4107.37548828,
                1307.4708252,
                2046.98071289,
                1146.5670166,
                2558.57446289,
                616.360046387,
                1255.9609375,
                207.769592285,
                50.9104003906,
                56.3452568054,
                33.8524894714,
                34.4632987976,
                40.4903182983,
                55.5048789978,
                17.4981594086,
                2.78593468666,
                0.284140020609,
                0.0146810514852,
                0.000408332445659,
                6.15428518813e-07
            ],
            "max": [
                9.53437328339,
                47.5724220276,
                109.826805115,
                182.958312988,
                190.595794678,
                156.044845581,
                239.211654663,
                298.304748535,
                426.809967041,
                578.340881348,
                814.069030762,
                1859.24621582,
                1846.58398438,
                1962.98388672,
                2205.22485352,
                826.292724609,
                1294.77099609,
                806.175964355,
                1321.45349121,
                824.321777344,
                1035.66259766,
                783.196472168,
                779.440429688,
                416.620666504,
                772.673339844,
                373.928131104,
                575.215087891,
                175.087738037,
                79.0575027466,
                140.214172363,
                116.589134216,
                98.1470565796,
                75.4832382202,
                186.147232056,
                88.8882369995,
                23.1052646637,
                5.22162055969,
                0.919359147549,
                0.193702846766,
                0.00755575718358
            ],
            "mean": [
                1.18141138554,
                4.22048139572,
                3.7592523098,
                4.30219650269,
                3.58801984787,
                5.21940135956,
                6.11856603622,
                10.4073095322,
                15.1136455536,
                16.0913066864,
                15.0183210373,
                33.3818359375,
                40.5989189148,
                72.0913696289,
                43.6711006165,
                27.3910827637,
                31.3096904755,
                22.9894924164,
                31.0714149475,
                29.0085601807,
                31.5902690887,
                17.3295116425,
                16.5711746216,
                19.0320129395,
                29.3349971771,
                20.0561275482,
                21.5875930786,
                7.8189535141,
                3.22959971428,
                2.69260883331,
                2.60598039627,
                2.80291032791,
                3.1022503376,
                2.97187757492,
                1.76303982735,
                0.712453067303,
                0.213025018573,
                0.0483223982155,
                0.0070445635356,
                0.000448449020041
            ],
            "median": [
                0.285846054554,
                1.85812759399,
                1.2236301899,
                0.545309066772,
                0.682458400726,
                1.18803477287,
                2.01594161987,
                3.10194444656,
                5.36424160004,
                4.79487705231,
                4.54573631287,
                7.0688867569,
                10.0403747559,
                13.8961009979,
                9.07425880432,
                8.96813297272,
                7.74673557281,
                7.85981225967,
                9.31058883667,
                10.3550491333,
                8.39145278931,
                5.49742937088,
                5.30525112152,
                7.56231641769,
                10.5863647461,
                8.65839958191,
                7.46775436401,
                3.58501911163,
                1.78787219524,
                1.41575694084,
                1.39019346237,
                1.57276535034,
                1.63133513927,
                1.30399942398,
                0.761914491653,
                0.268181145191,
                0.0731913000345,
                0.0158594902605,
                0.00228668306954,
                0.000238071748754
            ],
            "min": [
                1.46227498308e-22,
                7.92893966065e-22,
                2.54364076617e-21,
                6.60980196159e-21,
                2.1723346161e-20,
                4.32169202887e-20,
                6.11564741405e-20,
                1.13656697041e-19,
                1.51052614881e-19,
                3.19205741361e-19,
                3.31432995928e-19,
                5.24960508083e-19,
                7.33969816926e-19,
                7.01612424218e-19,
                1.44107218717e-18,
                1.03292700407e-18,
                2.06954095893e-18,
                2.49227305854e-18,
                1.78835228343e-18,
                3.32129187321e-18,
                4.6960519892e-18,
                5.90432008663e-18,
                5.15798645279e-18,
                7.80050177355e-18,
                6.9216360212e-18,
                8.69214043534e-18,
                8.34866940241e-18,
                8.95329458961e-18,
                9.77664701029e-18,
                1.23810607377e-17,
                1.29201186265e-17,
                1.08046472232e-17,
                1.11579873481e-17,
                8.3374528333e-18,
                6.09056145591e-18,
                4.1415291317e-18,
                2.20575754669e-18,
                9.51934338177e-19,
                2.38121232568e-19,
                2.7689699753e-20
            ],
            "var": [
                3.42935323715,
                38.0124511719,
                109.368721008,
                263.935791016,
                150.320541382,
                183.463302612,
                179.496109009,
                442.778381348,
                840.800964355,
                1244.67077637,
                1363.08398438,
                7680.83789062,
                10755.7412109,
                23841.6816406,
                12805.8105469,
                3385.27612305,
                7110.7265625,
                2464.14208984,
                4034.75073242,
                2963.17016602,
                5072.34570312,
                1651.67895508,
                2016.49035645,
                980.556396484,
                2843.90722656,
                822.431335449,
                1810.83740234,
                183.371627808,
                23.3289413452,
                23.1614818573,
                20.7434234619,
                18.4065284729,
                26.6765422821,
                49.2214164734,
                11.0194358826,
                1.90474426746,
                0.164899647236,
                0.00726436683908,
                0.000156193607836,
                3.63359703215e-07
            ]
        },
        "erbbands_crest": {
            "dmean": 3.30224180222,
            "dmean2": 5.2821764946,
            "dvar": 10.0862064362,
            "dvar2": 24.6226520538,
            "max": 32.0430526733,
            "mean": 10.8387136459,
            "median": 9.55630302429,
            "min": 2.38409805298,
            "var": 31.2120361328
        },
        "erbbands_flatness_db": {
            "dmean": 0.0198888126761,
            "dmean2": 0.0293421410024,
            "dvar": 0.000461079849629,
            "dvar2": 0.00100311951246,
            "max": 0.415327221155,
            "mean": 0.140095576644,
            "median": 0.13182349503,
            "min": 0.0362236946821,
            "var": 0.00312724756077
        },
        "erbbands_kurtosis": {
            "dmean": 1.40778100491,
            "dmean2": 2.24919462204,
            "dvar": 12.4815950394,
            "dvar2": 33.7426452637,
            "max": 166.929031372,
            "mean": 1.24289011955,
            "median": 0.170872926712,
            "min": -1.79967963696,
            "var": 16.9750499725
        },
        "erbbands_skewness": {
            "dmean": 0.429175883532,
            "dmean2": 0.654005587101,
            "dvar": 0.21863143146,
            "dvar2": 0.520782291889,
            "max": 11.3796768188,
            "mean": 0.36656370759,
            "median": 0.295890331268,
            "min": -6.46973657608,
            "var": 0.87334215641
        },
        "erbbands_spread": {
            "dmean": 10.2233829498,
            "dmean2": 15.5222434998,
            "dvar": 160.018981934,
            "dvar2": 369.723632812,
            "max": 182.969177246,
            "mean": 41.7312393188,
            "median": 36.1904220581,
            "min": 1.26298713684,
            "var": 645.461608887
        },
        "gfcc": {
            "cov": [
                [
                    14068.5507812,
                    -1138.7088623,
                    -481.337310791,
                    460.424835205,
                    175.687835693,
                    432.856201172,
                    185.065216064,
                    378.522216797,
                    -132.143600464,
                    365.204101562,
                    -68.7650527954,
                    151.977508545,
                    -80.435333252
                ],
                [
                    -1138.7088623,
                    1514.45263672,
                    138.674240112,
                    72.5301589966,
                    176.372543335,
                    38.8210754395,
                    129.922012329,
                    42.894115448,
                    33.1938667297,
                    -61.0132522583,
                    102.392532349,
                    -96.5887908936,
                    121.653205872
                ],
                [
                    -481.337310791,
                    138.674240112,
                    1195.31726074,
                    508.094451904,
                    229.458206177,
                    295.12991333,
                    66.5411911011,
                    56.8684425354,
                    163.511642456,
                    21.0321617126,
                    -25.3508491516,
                    110.649200439,
                    2.98455786705
                ],
                [
                    460.424835205,
                    72.5301589966,
                    508.094451904,
                    657.102600098,
                    352.306976318,
                    219.763885498,
                    153.218902588,
                    117.118057251,
                    121.530136108,
                    85.94581604,
                    -4.82229614258,
                    69.018409729,
                    45.9271659851
                ],
                [
                    175.687835693,
                    176.372543335,
                    229.458206177,
                    352.306976318,
                    540.108642578,
                    260.812896729,
                    255.32699585,
                    118.12121582,
                    87.8363647461,
                    114.434249878,
                    56.1067276001,
                    36.0467529297,
                    41.33543396
                ],
                [
                    432.856201172,
                    38.8210754395,
                    295.12991333,
                    219.763885498,
                    260.812896729,
                    390.940063477,
                    209.434432983,
                    91.9447021484,
                    83.5542984009,
                    85.7842636108,
                    26.6883163452,
                    56.6514625549,
                    29.6767463684
                ],
                [
                    185.065216064,
                    129.922012329,
                    66.5411911011,
                    153.218902588,
                    255.32699585,
                    209.434432983,
                    327.589904785,
                    114.042190552,
                    76.5171127319,
                    103.28565979,
                    60.9640464783,
                    18.6763305664,
                    46.3805885315
                ],
                [
                    378.522216797,
                    42.894115448,
                    56.8684425354,
                    117.118057251,
                    118.12121582,
                    91.9447021484,
                    114.042190552,
                    270.041320801,
                    93.7048797607,
                    83.6025238037,
                    58.3110427856,
                    17.9302616119,
                    82.9485244751
                ],
                [
                    -132.143600464,
                    33.1938667297,
                    163.511642456,
                    121.530136108,
                    87.8363647461,
                    83.5542984009,
                    76.5171127319,
                    93.7048797607,
                    182.761962891,
                    68.4047317505,
                    32.3437271118,
                    51.1822624207,
                    16.1375236511
                ],
                [
                    365.204101562,
                    -61.0132522583,
                    21.0321617126,
                    85.94581604,
                    114.434249878,
                    85.7842636108,
                    103.28565979,
                    83.6025238037,
                    68.4047317505,
                    192.696807861,
                    70.9933624268,
                    8.33842658997,
                    34.8656616211
                ],
                [
                    -68.7650527954,
                    102.392532349,
                    -25.3508491516,
                    -4.82229614258,
                    56.1067276001,
                    26.6883163452,
                    60.9640464783,
                    58.3110427856,
                    32.3437271118,
                    70.9933624268,
                    124.297660828,
                    29.0861434937,
                    36.1257820129
                ],
                [
                    151.977508545,
                    -96.5887908936,
                    110.649200439,
                    69.018409729,
                    36.0467529297,
                    56.6514625549,
                    18.6763305664,
                    17.9302616119,
                    51.1822624207,
                    8.33842658997,
                    29.0861434937,
                    138.664627075,
                    27.1146144867
                ],
                [
                    -80.435333252,
                    121.653205872,
                    2.98455786705,
                    45.9271659851,
                    41.33543396,
                    29.6767463684,
                    46.3805885315,
                    82.9485244751,
                    16.1375236511,
                    34.8656616211,
                    36.1257820129,
                    27.1146144867,
                    167.980529785
                ]
            ],
            "icov": [
                [
                    0.00010532617307,
                    1.22124015434e-06,
                    0.000126043261844,
                    -0.000144801699207,
                    0.000101702513348,
                    -0.000167300473549,
                    5.08497614646e-05,
                    -0.000240048058913,
                    0.00030756596243,
                    -0.000280743348412,
                    0.000234331761021,
                    -0.000265230453806,
                    0.000217066146433
                ],
                [
                    1.22124015434e-06,
                    0.00109534128569,
                    -0.000217052991502,
                    -6.06923003943e-06,
                    -0.000329938717186,
                    0.000106654500996,
                    -0.000305546389427,
                    0.000426239013905,
                    -0.000593672157265,
                    0.00141471123789,
                    -0.00161450717133,
                    0.00163517857436,
                    -0.00100425223354
                ],
                [
                    0.000126043261844,
                    -0.000217052991502,
                    0.00178892957047,
                    -0.00127050082665,
                    0.000417058356106,
                    -0.00126881420147,
                    0.000760934839491,
                    -0.000111015004222,
                    -0.000375632982468,
                    -0.000102509329736,
                    0.000510452315211,
                    -0.000838768610265,
                    0.000582353270147
                ],
                [
                    -0.000144801699207,
                    -6.06923003943e-06,
                    -0.00127050082665,
                    0.00376335764304,
                    -0.0019724292215,
                    0.000638416910078,
                    -8.91716626938e-05,
                    -0.000209830861422,
                    -0.00061549822567,
                    -0.00038808392128,
                    0.00135842105374,
                    -0.000316861085594,
                    -0.000671805639286
                ],
                [
                    0.000101702513348,
                    -0.000329938717186,
                    0.000417058356106,
                    -0.0019724292215,
                    0.00458317669109,
                    -0.00136131152976,
                    -0.0016125793336,
                    -0.000317508354783,
                    0.000738685193937,
                    -0.000831626588479,
                    -0.000355380994733,
                    -0.00036836633808,
                    0.00077178014908
                ],
                [
                    -0.000167300473549,
                    0.000106654500996,
                    -0.00126881420147,
                    0.000638416910078,
                    -0.00136131152976,
                    0.00577377853915,
                    -0.00254309480079,
                    4.78490983369e-05,
                    -0.000140216827276,
                    -0.000328480149619,
                    0.000655297073536,
                    -0.000731997366529,
                    -0.000256998609984
                ],
                [
                    5.08497614646e-05,
                    -0.000305546389427,
                    0.000760934839491,
                    -8.91716626938e-05,
                    -0.0016125793336,
                    -0.00254309480079,
                    0.00673884339631,
                    -0.000792222912423,
                    -0.000591796822846,
                    -0.00101118977182,
                    -0.000542106688954,
                    0.000218234199565,
                    -1.87674577319e-05
                ],
                [
                    -0.000240048058913,
                    0.000426239013905,
                    -0.000111015004222,
                    -0.000209830861422,
                    -0.000317508354783,
                    4.78490983369e-05,
                    -0.000792222912423,
                    0.00673959171399,
                    -0.00328519265167,
                    0.000896744953934,
                    -0.00245046359487,
                    0.00233484013006,
                    -0.00312428246252
                ],
                [
                    0.00030756596243,
                    -0.000593672157265,
                    -0.000375632982468,
                    -0.00061549822567,
                    0.000738685193937,
                    -0.000140216827276,
                    -0.000591796822846,
                    -0.00328519265167,
                    0.0101790186018,
                    -0.00361573556438,
                    0.00176672788803,
                    -0.00416327035055,
                    0.00244545890018
                ],
                [
                    -0.000280743348412,
                    0.00141471123789,
                    -0.000102509329736,
                    -0.00038808392128,
                    -0.000831626588479,
                    -0.000328480149619,
                    -0.00101118977182,
                    0.000896744953934,
                    -0.00361573556438,
                    0.0110737942159,
                    -0.00661711627617,
                    0.00442446535453,
                    -0.00219419389032
                ],
                [
                    0.000234331761021,
                    -0.00161450717133,
                    0.000510452315211,
                    0.00135842105374,
                    -0.000355380994733,
                    0.000655297073536,
                    -0.000542106688954,
                    -0.00245046359487,
                    0.00176672788803,
                    -0.00661711627617,
                    0.0155027452856,
                    -0.00596461910754,
                    0.00106484955177
                ],
                [
                    -0.000265230453806,
                    0.00163517857436,
                    -0.000838768610265,
                    -0.000316861085594,
                    -0.00036836633808,
                    -0.000731997366529,
                    0.000218234199565,
                    0.00233484013006,
                    -0.00416327035055,
                    0.00442446535453,
                    -0.00596461910754,
                    0.0127369621769,
                    -0.00349447969347
                ],
                [
                    0.000217066146433,
                    -0.00100425223354,
                    0.000582353270147,
                    -0.000671805639286,
                    0.00077178014908,
                    -0.000256998609984,
                    -1.87674577319e-05,
                    -0.00312428246252,
                    0.00244545890018,
                    -0.00219419389032,
                    0.00106484955177,
                    -0.00349447969347,
                    0.0089166155085
                ]
            ],
            "mean": [
                5.46622562408,
                54.2484054565,
                -96.6951217651,
                18.1469078064,
                -42.1315841675,
                17.0925655365,
                -23.7913150787,
                22.1245956421,
                -22.5198802948,
                12.7277393341,
                -7.70653390884,
                0.0799847692251,
                0.66531932354
            ]
        },
        "hfc": {
            "dmean": 7.88254213333,
            "dmean2": 12.170331955,
            "dvar": 148.074752808,
            "dvar2": 368.538543701,
            "max": 167.762969971,
            "mean": 27.0430221558,
            "median": 22.3677482605,
            "min": 1.10570337593e-16,
            "var": 467.84753418
        },
        "melbands": {
            "dmean": [
                0.00379229756072,
                0.00222724210471,
                0.00100775342435,
                0.000292321492452,
                0.000163078220794,
                0.000152292428538,
                0.000158867318532,
                0.000106273706479,
                8.15842722659e-05,
                0.000122124649351,
                0.000118307805678,
                0.000158917275257,
                0.000102882011561,
                4.67998543172e-05,
                2.89747877105e-05,
                4.97771980008e-05,
                2.70339369308e-05,
                2.71416920441e-05,
                3.89717897633e-05,
                2.08662659134e-05,
                2.28706521739e-05,
                1.2324686395e-05,
                9.33287810767e-06,
                8.15120438347e-06,
                9.50099092734e-06,
                1.3363657672e-05,
                8.63144396135e-06,
                7.68603149481e-06,
