{
    "lowlevel": {
        "average_loudness": 0.888833522797,
        "barkbands": {
            "dmean": [
                0.000150525986101,
                0.00368948047981,
                0.00202530575916,
                0.00106263661291,
                0.00240497291088,
                0.000881574000232,
                0.000904207117856,
                0.000387677719118,
                0.000494927866384,
                0.000782402814366,
                0.00039807727444,
                0.00034469779348,
                0.000361361424439,
                0.000242521375185,
                0.000427279970609,
                0.000318850681651,
                0.000360017817002,
                0.000343460851582,
                0.000443862052634,
                0.00028611367452,
                0.000198377296329,
                0.000147577709868,
                0.000121351396956,
                0.00013993633911,
                9.61092082434e-05,
                4.69985388918e-05,
                1.31472716021e-05
            ],
            "dmean2": [
                0.000247272866545,
                0.00651758443564,
                0.00334841292351,
                0.00177036353853,
                0.00398650066927,
                0.00138837657869,
                0.00145159545355,
                0.000620939652435,
                0.000779398775194,
                0.00116486707702,
                0.000621412182227,
                0.000532192876562,
                0.000561061140615,
                0.00039223904605,
                0.000683059857693,
                0.0005183609901,
                0.00057114957599,
                0.000558999425266,
                0.000708322622813,
                0.000464122917037,
                0.00033112912206,
                0.000230973935686,
                0.000184890261153,
                0.000211810736801,
                0.000137271272251,
                6.71096640872e-05,
                2.00881768251e-05
            ],
            "dvar": [
                6.75828886187e-08,
                9.31258109631e-05,
                1.64767843671e-05,
                3.73780108021e-06,
                3.70171073882e-05,
                4.43915041615e-06,
                3.84859367841e-06,
                9.04896808152e-07,
                1.57145780122e-06,
                4.16288230554e-06,
                1.04062007722e-06,
                9.33210060339e-07,
                1.0971575648e-06,
                6.43067494366e-07,
                1.05864569377e-06,
                6.44251656468e-07,
                6.24326332854e-07,
                4.11555333812e-07,
                5.04507681853e-07,
                2.13937198623e-07,
                1.04188160321e-07,
                6.74890898722e-08,
                4.64058018679e-08,
                8.92899834071e-08,
                6.19981506134e-08,
                1.43608804848e-08,
                8.88444762204e-10
            ],
            "dvar2": [
                1.68726856487e-07,
                0.000259946769802,
                4.49825820397e-05,
                1.02657804746e-05,
                9.73742644419e-05,
                1.05641001937e-05,
                9.26501161302e-06,
                2.13857947529e-06,
                3.68005476048e-06,
                8.58557814354e-06,
                2.31039098253e-06,
                2.01707689484e-06,
                2.34366439145e-06,
                1.66607651408e-06,
                2.54946098721e-06,
                1.53766950461e-06,
                1.42277428949e-06,
                1.06473601136e-06,
                1.2198100876e-06,
                5.42534962733e-07,
                2.77432292251e-07,
                1.55883910224e-07,
                9.92816566736e-08,
                1.81473581051e-07,
                1.13941226232e-07,
                2.63132964307e-08,
                2.06985673046e-09
            ],
            "max": [
                0.00369631219655,
                0.100484162569,
                0.0652661323547,
                0.0331574827433,
                0.0666668042541,
                0.0604843385518,
                0.0318190939724,
                0.0259392783046,
                0.023971600458,
                0.0512121245265,
                0.0312220416963,
                0.0386495180428,
                0.0254730321467,
                0.0211436450481,
                0.0147065548226,
                0.0296863410622,
                0.0243500210345,
                0.0113050090149,
                0.013475632295,
                0.0094958525151,
                0.00518966885284,
                0.00392966810614,
                0.00516733340919,
                0.00766395078972,
                0.00560488179326,
                0.00390893081203,
                0.000323002284858
            ],
            "mean": [
                0.000180537332199,
                0.00417175935581,
                0.00302715273574,
                0.00177660863847,
                0.00308581301942,
                0.00140819768421,
                0.00124334939755,
                0.000583669228945,
                0.000765175034758,
                0.00121626409236,
                0.000587376882322,
                0.000523657246958,
                0.000529487617314,
                0.000324548280332,
                0.000615238968749,
                0.000502497248817,
                0.000606839486863,
                0.000534241786227,
                0.000848031893838,
                0.000542256748304,
                0.000386425555917,
                0.00025859917514,
                0.000221503563807,
                0.000290780153591,
                0.000175329128979,
                7.64714641264e-05,
                1.55085945153e-05
            ],
            "median": [
                6.96930874255e-05,
                0.00199498515576,
                0.00176594895311,
                0.0010322900489,
                0.00129020609893,
                0.00055289856391,
                0.000397452386096,
                0.000189205558854,
                0.00024941546144,
                0.000258629734162,
                0.000163284566952,
                0.000181267474545,
                0.000162833850482,
                0.000117541261716,
                0.000233532598941,
                0.000245984003413,
                0.000302809756249,
                0.000246914190939,
                0.000478791043861,
                0.000344370753737,
                0.000269210839178,
                0.000155277375598,
                0.000131050430355,
                0.000164178956766,
                9.3957183708e-05,
                3.97159019485e-05,
                5.12839869771e-06
            ],
            "min": [
                1.46332317412e-25,
                3.0663930576e-24,
                1.60808062934e-24,
                1.23109761059e-24,
                7.63650488412e-24,
                8.9909364599e-24,
                3.92447926827e-24,
                9.82958789887e-24,
                1.1301806663e-23,
                1.75850190865e-23,
                1.82354175479e-23,
                1.80665429385e-23,
                3.39121679051e-23,
                3.36449112968e-23,
                5.09353413223e-23,
                5.98571751446e-23,
                6.77045109942e-23,
                9.44377890709e-23,
                1.05177158419e-22,
                1.91747814387e-22,
                2.42277637028e-22,
                3.38799729139e-22,
                4.51168560088e-22,
                5.84656295565e-22,
                9.12562575044e-22,
                1.18348209809e-21,
                1.91776473388e-21
            ],
            "var": [
                8.54778861026e-08,
                6.90790184308e-05,
                1.70227340277e-05,
                5.49380365555e-06,
                3.44514228345e-05,
                8.22309175419e-06,
                5.98336055191e-06,
                1.69950590134e-06,
                3.01826480609e-06,
                9.56921576289e-06,
                1.90707055481e-06,
                1.95319489649e-06,
                1.78976415555e-06,
                7.82605809491e-07,
                1.5410287233e-06,
                1.00837166883e-06,
                1.18840387131e-06,
                6.93787569617e-07,
                1.21181130908e-06,
                4.23398148541e-07,
                1.88175647509e-07,
                1.15850781413e-07,
                9.60093515801e-08,
                2.04652565117e-07,
                1.38929607374e-07,
                2.52804355227e-08,
                9.30712507063e-10
            ]
        },
        "barkbands_crest": {
            "dmean": 2.74555015564,
            "dmean2": 4.54062652588,
            "dvar": 7.73100423813,
            "dvar2": 20.7885971069,
            "max": 25.6278209686,
            "mean": 9.17021656036,
            "median": 8.25226211548,
            "min": 2.19966316223,
            "var": 16.7364654541
        },
        "barkbands_flatness_db": {
            "dmean": 0.0218446962535,
            "dmean2": 0.0322775617242,
            "dvar": 0.000677330652252,
            "dvar2": 0.00140159612056,
            "max": 0.696879029274,
            "mean": 0.112888544798,
            "median": 0.0850037708879,
            "min": 0.0179740805179,
            "var": 0.00747919967398
        },
        "barkbands_kurtosis": {
            "dmean": 3.2412006855,
            "dmean2": 5.00461578369,
            "dvar": 128.244400024,
            "dvar2": 299.338287354,
            "max": 401.605499268,
            "mean": 4.01518774033,
            "median": 0.129506185651,
            "min": -1.9401550293,
            "var": 206.155960083
        },
        "barkbands_skewness": {
            "dmean": 0.59312069416,
            "dmean2": 0.896862030029,
            "dvar": 0.574717640877,
            "dvar2": 1.24096643925,
            "max": 14.8963766098,
            "mean": 1.26526987553,
            "median": 0.970700621605,
            "min": -5.17373561859,
            "var": 2.08471512794
        },
        "barkbands_spread": {
            "dmean": 8.05467033386,
            "dmean2": 12.2075977325,
            "dvar": 91.9492950439,
            "dvar2": 190.538406372,
            "max": 119.818733215,
            "mean": 33.6186981201,
            "median": 34.1845054626,
            "min": 0.22184035182,
            "var": 335.88192749
        },
        "dissonance": {
            "dmean": 0.0149406325072,
            "dmean2": 0.0242243520916,
            "dvar": 0.000277199404081,
            "dvar2": 0.000668065564241,
            "max": 0.49999910593,
            "mean": 0.466320633888,
            "median": 0.478872358799,
            "min": 0.110273502767,
            "var": 0.00194135657512
        },
        "dynamic_complexity": 3.01809644699,
        "erbbands": {
            "dmean": [
                0.099417321384,
                0.877413272858,
                2.14660620689,
                3.12512660027,
                5.94552278519,
                8.80560588837,
                5.83740520477,
                8.55133152008,
                12.2845239639,
                12.0277299881,
                6.31939649582,
                12.6953697205,
                15.8190832138,
                25.3561763763,
                15.2556371689,
                15.2235193253,
                16.9684352875,
                11.1586341858,
                22.4573059082,
                14.2717199326,
                18.459148407,
                16.1271839142,
                16.406244278,
                24.8976993561,
                18.2424736023,
                13.5555448532,
                9.97793960571,
                6.39952802658,
                5.69611644745,
                3.75341582298,
                3.61809039116,
                3.21169996262,
                2.17090463638,
                1.19099593163,
                0.661099433899,
                0.25816437602,
                0.0799840837717,
                0.0178129281849,
                0.00213290355168,
                0.000102650548797
            ],
            "dmean2": [
                0.171324491501,
                1.56685602665,
                3.62545824051,
                5.10652446747,
                10.0259513855,
                14.6551876068,
                9.25248908997,
                13.425655365,
                19.5606555939,
                19.330499649,
                9.96151351929,
                19.7945308685,
                23.8960876465,
                38.2157669067,
                23.4209709167,
                23.4070472717,
                26.3960666656,
                17.6070899963,
                35.6212158203,
                22.6967906952,
                29.6649093628,
                25.4621372223,
                26.3172531128,
                40.0367927551,
                29.3761348724,
                21.9671878815,
                16.5904788971,
                10.5073986053,
                8.89233493805,
                5.83279180527,
                5.55115127563,
                4.90541124344,
                3.26632905006,
                1.73484194279,
                0.94770359993,
                0.370255708694,
                0.115946963429,
                0.0272056665272,
                0.00320635968819,
                0.000152417487698
            ],
            "dvar": [
                0.0508017130196,
                5.69332695007,
                22.1097602844,
                32.7898674011,
                197.970214844,
                532.480651855,
                181.292434692,
                520.372741699,
                749.054382324,
                754.733703613,
                191.624191284,
                1130.3560791,
                1808.71337891,
                5250.23925781,
                1585.76696777,
                1962.05932617,
                2516.96142578,
                1118.05566406,
                3140.10473633,
                1219.52307129,
                2060.90087891,
                1224.60852051,
                1137.95532227,
                1718.05285645,
                890.637268066,
                562.2109375,
                280.960510254,
                108.06703949,
                101.295936584,
                48.8589935303,
                40.7720222473,
                35.9758110046,
                28.1712779999,
                9.97291183472,
                3.21623682976,
                0.52491235733,
                0.0380527339876,
                0.00162066577468,
                2.30044915952e-05,
                4.11939353739e-08
            ],
            "dvar2": [
                0.139533117414,
                16.041053772,
                60.3641204834,
                90.4484329224,
                533.25970459,
                1396.50671387,
                394.007354736,
                1243.88574219,
                1742.92126465,
                1897.04711914,
                464.6277771,
                2602.49145508,
                3928.09326172,
                11000.3505859,
                3378.51806641,
                4188.12060547,
                5448.74267578,
                2682.71655273,
                7436.66064453,
                3033.2487793,
                5093.59912109,
                2789.01831055,
                2850.6496582,
                4204.03125,
                2095.75512695,
                1447.87780762,
                739.072265625,
                282.056671143,
                233.032485962,
                108.81678009,
                87.8347854614,
                75.2668075562,
                58.1455841064,
                19.3526134491,
                6.06657743454,
                0.967648267746,
                0.0729877054691,
                0.00372474011965,
                5.18660781381e-05,
                9.20381069136e-08
            ],
            "max": [
                2.39055752754,
                23.7291870117,
                71.7551193237,
                93.4198074341,
                166.138870239,
                276.051818848,
                615.663635254,
                649.667175293,
                421.977294922,
                592.398010254,
                328.346008301,
                704.823669434,
                996.892883301,
                2081.42773438,
                1602.97790527,
                1913.96252441,
                1182.49829102,
                1214.35266113,
                930.784667969,
                692.343383789,
                1488.81591797,
                1052.85986328,
                605.408752441,
                779.180236816,
                545.297241211,
                580.142150879,
                331.426086426,
                182.615402222,
                175.33454895,
                116.354454041,
                143.588241577,
                118.715309143,
                139.386566162,
                63.0826034546,
                52.525138855,
                21.0148906708,
                5.81925201416,
                0.593538284302,
                0.0610021091998,
                0.00228181690909
            ],
            "mean": [
                0.120291911066,
                0.953556776047,
                3.00065469742,
                5.59825801849,
                7.81728982925,
                10.7577619553,
                9.2084903717,
                13.2435073853,
                18.1871356964,
                16.4358654022,
                10.2141962051,
                20.1721229553,
                24.5348796844,
                40.1534080505,
                25.5602207184,
                25.5149555206,
                26.0654506683,
                17.9190120697,
                33.160610199,
                23.2421627045,
                32.302116394,
                30.0484809875,
                28.30717659,
                42.655632019,
                36.9347457886,
                26.5566368103,
                18.9023456573,
                12.8733787537,
                9.94013214111,
                6.81695175171,
                6.52443218231,
                6.5475025177,
                4.2369594574,
                2.17477941513,
                1.14682519436,
                0.428703337908,
                0.126031920314,
                0.0233200415969,
                0.00255484948866,
                0.000148137783981
            ],
            "median": [
                0.0563043318689,
                0.438540011644,
                1.71566784382,
                3.66368436813,
                3.85686564445,
                3.857411623,
                3.54516339302,
                4.85199689865,
                6.18659543991,
                5.80243492126,
                4.60633850098,
                6.80443334579,
                8.62480068207,
                8.38562297821,
                8.22509288788,
                9.7512178421,
                9.09691619873,
                7.62707567215,
                12.370306015,
                11.9151115417,
                17.869512558,
                15.8466663361,
                14.4160270691,
                24.1237163544,
                22.2217941284,
                17.4277534485,
                12.8589324951,
                9.15202522278,
                5.76359415054,
                4.32952928543,
                3.7317905426,
                3.49229049683,
                2.43558335304,
                1.22005867958,
                0.579600155354,
                0.217901423573,
                0.0650077462196,
                0.00988323893398,
                0.00083573628217,
                7.47455342207e-05
            ],
            "min": [
                7.42781078501e-23,
                5.00436142172e-22,
                1.83867629107e-21,
                6.29949654468e-21,
                5.21053103971e-21,
                2.25665210862e-20,
                2.86659570527e-20,
                1.12518987657e-19,
                9.75865810672e-20,
                1.14435836555e-19,
                2.29712553901e-19,
                2.69278308659e-19,
                5.9648516129e-19,
                1.00244839703e-18,
                9.57349476057e-19,
                1.11936541353e-18,
                1.53029664433e-18,
                2.20877406759e-18,
                2.69121619971e-18,
                2.5185143295e-18,
                2.79868226413e-18,
                5.04896694319e-18,
                5.37691551833e-18,
                6.03740062589e-18,
                7.08772851152e-18,
                7.65753683956e-18,
                8.82077281086e-18,
                1.06938587879e-17,
                1.18789008945e-17,
                1.17234016927e-17,
                1.21172703588e-17,
                1.17237259475e-17,
                9.03358487577e-18,
                8.33851576039e-18,
                7.20554632771e-18,
                3.5065426937e-18,
                2.06060037728e-18,
                1.05811703187e-18,
                2.61364594191e-19,
                2.6487168166e-20
            ],
            "var": [
                0.0443842969835,
                3.97572040558,
                19.7486057281,
                43.9731788635,
                176.989181519,
                499.325073242,
                391.005981445,
                928.543273926,
                1258.01171875,
                1110.94226074,
                305.380432129,
                2251.48999023,
                3095.56494141,
                12316.0195313,
                3573.65405273,
                4363.5234375,
                3977.96655273,
                1706.71179199,
                4920.23681641,
                1709.5098877,
                3304.62915039,
                2557.58862305,
                2062.34912109,
                3157.26806641,
                2207.37011719,
                1069.97375488,
                481.657745361,
                201.303512573,
                175.165390015,
                85.4000930786,
                83.9362411499,
                89.3333358765,
                55.6973648071,
                20.0964355469,
                6.87977218628,
                0.969830989838,
                0.0611226931214,
                0.00183202186599,
                2.55697632383e-05,
                4.93389435974e-08
            ]
        },
        "erbbands_crest": {
            "dmean": 2.66087603569,
            "dmean2": 4.1515994072,
            "dvar": 6.9792842865,
            "dvar2": 16.5495223999,
            "max": 29.4215106964,
            "mean": 8.9740486145,
            "median": 7.70603847504,
            "min": 2.23714494705,
            "var": 23.332490921
        },
        "erbbands_flatness_db": {
            "dmean": 0.0181700214744,
            "dmean2": 0.0251314472407,
            "dvar": 0.000378336699214,
            "dvar2": 0.000699896074366,
            "max": 0.57216835022,
            "mean": 0.138116285205,
            "median": 0.125606358051,
            "min": 0.0258360989392,
            "var": 0.00404020026326
        },
        "erbbands_kurtosis": {
            "dmean": 1.15696203709,
            "dmean2": 1.77802801132,
            "dvar": 9.83950901031,
            "dvar2": 22.2362003326,
            "max": 114.061965942,
            "mean": 0.920313119888,
            "median": -0.30116122961,
            "min": -1.90920066833,
            "var": 23.7568759918
        },
        "erbbands_skewness": {
            "dmean": 0.408681064844,
            "dmean2": 0.594218730927,
            "dvar": 0.246348008513,
            "dvar2": 0.483700752258,
            "max": 9.26828956604,
            "mean": 0.0470956787467,
            "median": -0.139333963394,
            "min": -4.14746141434,
            "var": 1.04733419418
        },
        "erbbands_spread": {
            "dmean": 10.1366262436,
            "dmean2": 15.2678136826,
            "dvar": 134.525756836,
            "dvar2": 310.673980713,
            "max": 163.12322998,
            "mean": 44.556930542,
            "median": 42.1314125061,
            "min": 1.53375816345,
            "var": 445.660186768
        },
        "gfcc": {
            "cov": [
                [
                    32256.3066406,
                    -2126.65307617,
                    -4016.80883789,
                    1543.06201172,
                    -895.942199707,
                    1037.91442871,
                    -466.330108643,
                    808.603637695,
                    -592.943359375,
                    111.21395874,
                    -399.308929443,
                    258.757629395,
                    -243.503494263
                ],
                [
                    -2126.65307617,
                    1953.61425781,
                    375.493530273,
                    -305.393127441,
                    114.688789368,
                    -301.590942383,
                    52.1874351501,
                    -170.998672485,
                    4.94435214996,
                    -75.5504837036,
                    49.8242759705,
                    -162.80821228,
                    37.706413269
                ],
                [
                    -4016.80883789,
                    375.493530273,
                    1460.19433594,
                    -172.490631104,
                    58.1427574158,
                    -98.8178329468,
                    -33.3313102722,
                    -157.23979187,
                    99.26953125,
                    3.99207758904,
                    -20.6543655396,
                    -34.928276062,
                    -30.5831508636
                ],
                [
                    1543.06201172,
                    -305.393127441,
                    -172.490631104,
                    427.757659912,
                    34.0989990234,
                    64.3909378052,
                    -25.7409801483,
                    64.7615661621,
                    -2.98142290115,
                    7.9383482933,
                    -53.0485038757,
                    30.021314621,
                    -11.8000049591
                ],
                [
                    -895.942199707,
                    114.688789368,
                    58.1427574158,
                    34.0989990234,
                    295.893585205,
                    69.455368042,
                    114.383003235,
                    7.71258974075,
                    51.1065864563,
                    -3.7327902317,
                    3.15109300613,
                    10.3615369797,
                    10.5370101929
                ],
                [
                    1037.91442871,
                    -301.590942383,
                    -98.8178329468,
                    64.3909378052,
                    69.455368042,
                    324.008758545,
                    92.4811096191,
                    55.5990753174,
                    14.894367218,
                    27.1890144348,
                    2.05409407616,
                    45.2958564758,
                    -14.6239042282
                ],
                [
                    -466.330108643,
                    52.1874351501,
                    -33.3313102722,
                    -25.7409801483,
                    114.383003235,
                    92.4811096191,
                    224.401763916,
                    52.8840484619,
                    43.7943687439,
                    -5.03368616104,
                    18.1514930725,
                    29.0367069244,
                    10.1204195023
                ],
                [
                    808.603637695,
                    -170.998672485,
                    -157.23979187,
                    64.7615661621,
                    7.71258974075,
                    55.5990753174,
                    52.8840484619,
                    180.189163208,
                    29.0575389862,
                    9.84639263153,
                    -1.31377291679,
                    27.7857666016,
                    14.0766010284
                ],
                [
                    -592.943359375,
                    4.94435214996,
                    99.26953125,
                    -2.98142290115,
                    51.1065864563,
                    14.894367218,
                    43.7943687439,
                    29.0575389862,
                    136.479507446,
                    28.2827110291,
                    16.9443511963,
                    31.548789978,
                    6.55720472336
                ],
                [
                    111.21395874,
                    -75.5504837036,
                    3.99207758904,
                    7.9383482933,
                    -3.7327902317,
                    27.1890144348,
                    -5.03368616104,
                    9.84639263153,
                    28.2827110291,
                    103.25403595,
                    38.9604187012,
                    13.6336021423,
                    -5.75675439835
                ],
                [
                    -399.308929443,
                    49.8242759705,
                    -20.6543655396,
                    -53.0485038757,
                    3.15109300613,
                    2.05409407616,
                    18.1514930725,
                    -1.31377291679,
                    16.9443511963,
                    38.9604187012,
                    115.579627991,
                    24.7698516846,
                    10.9354562759
                ],
                [
                    258.757629395,
                    -162.80821228,
                    -34.928276062,
                    30.021314621,
                    10.3615369797,
                    45.2958564758,
                    29.0367069244,
                    27.7857666016,
                    31.548789978,
                    13.6336021423,
                    24.7698516846,
                    120.786895752,
                    20.1478061676
                ],
                [
                    -243.503494263,
                    37.706413269,
                    -30.5831508636,
                    -11.8000049591,
                    10.5370101929,
                    -14.6239042282,
                    10.1204195023,
                    14.0766010284,
                    6.55720472336,
                    -5.75675439835,
                    10.9354562759,
                    20.1478061676,
                    73.9295425415
                ]
            ],
            "icov": [
                [
                    0.000111417524749,
                    -0.000125425242004,
                    0.000236171748838,
                    -0.000201393268071,
                    0.000289530056762,
                    -0.000380630488507,
                    0.000296707527013,
                    -0.000327802728862,
                    0.000278264924418,
                    -0.000208176192245,
                    0.000407437968533,
                    -0.000366972119082,
                    0.000400596123654
                ],
                [
                    -0.000125425242004,
                    0.00100457901135,
                    -0.000344216212397,
                    0.000490651058499,
                    -0.000665432249662,
                    0.00108189869206,
                    -0.000760938215535,
                    0.000833198719192,
                    -0.000427116756327,
                    0.000659742567223,
                    -0.000955667812377,
                    0.00142595684156,
                    -0.000893188233022
                ],
                [
                    0.000236171748838,
                    -0.000344216212397,
                    0.00139440817293,
                    -0.00014459513477,
                    0.000451533938758,
                    -0.000728752755094,
                    0.000823533220682,
                    -4.26339793194e-05,
                    -0.000238495864323,
                    -0.000545213988516,
                    0.00130010768771,
                    -0.000828343094327,
                    0.00120621360838
                ],
                [
                    -0.000201393268071,
                    0.000490651058499,
                    -0.00014459513477,
                    0.00350727001205,
                    -0.00138396443799,
                    0.000581298605539,
                    0.000381399237085,
                    -0.000161980220582,
                    -0.000424058700446,
                    -3.03922552121e-05,
                    0.000728656887077,
                    2.39797627728e-05,
                    -0.000201797127374
                ],
                [
                    0.000289530056762,
                    -0.000665432249662,
                    0.000451533938758,
                    -0.00138396443799,
                    0.00560658983886,
                    -0.00177972507663,
                    -0.00135930196848,
                    -0.000166077530594,
                    -0.000462470285129,
                    -0.00026821019128,
                    0.00108067959081,
                    -0.000620963051915,
                    0.000354990566848
                ],
                [
                    -0.000380630488507,
                    0.00108189869206,
                    -0.000728752755094,
                    0.000581298605539,
                    -0.00177972507663,
                    0.00589423440397,
                    -0.00272694835439,
                    0.000929102941882,
                    -0.000410039094277,
                    -0.000185374185094,
                    -0.0012642206857,
                    0.000755802437197,
                    -0.000395241513615
                ],
                [
                    0.000296707527013,
                    -0.000760938215535,
                    0.000823533220682,
                    0.000381399237085,
                    -0.00135930196848,
                    -0.00272694835439,
                    0.00809374265373,
                    -0.00272211525589,
                    -0.000273241486866,
                    0.000575050828047,
                    0.00061408180045,
                    -0.0020457659848,
                    0.00136729225051
                ],
                [
                    -0.000327802728862,
                    0.000833198719192,
                    -4.26339793194e-05,
                    -0.000161980220582,
                    -0.000166077530594,
                    0.000929102941882,
                    -0.00272211525589,
                    0.00873018801212,
                    -0.00264444039203,
                    0.000489217694849,
                    -0.00089317781385,
                    0.00141958508175,
                    -0.00261243898422
                ],
                [
                    0.000278264924418,
                    -0.000427116756327,
                    -0.000238495864323,
                    -0.000424058700446,
                    -0.000462470285129,
                    -0.000410039094277,
                    -0.000273241486866,
                    -0.00264444039203,
                    0.0107729453593,
                    -0.00309399864636,
                    0.000974273658358,
                    -0.00309875560924,
                    0.000997701426968
                ],
                [
                    -0.000208176192245,
                    0.000659742567223,
                    -0.000545213988516,
                    -3.03922552121e-05,
                    -0.00026821019128,
                    -0.000185374185094,
                    0.000575050828047,
                    0.000489217694849,
                    -0.00309399864636,
                    0.013193955645,
                    -0.00551769929007,
                    0.00142616429366,
                    0.000306435569655
                ],
                [
                    0.000407437968533,
                    -0.000955667812377,
                    0.00130010768771,
                    0.000728656887077,
                    0.00108067959081,
                    -0.0012642206857,
                    0.00061408180045,
                    -0.00089317781385,
                    0.000974273658358,
                    -0.00551769929007,
                    0.0134357893839,
                    -0.00404118839651,
                    0.000763323216233
                ],
                [
                    -0.000366972119082,
                    0.00142595684156,
                    -0.000828343094327,
                    2.39797627728e-05,
                    -0.000620963051915,
                    0.000755802437197,
                    -0.0020457659848,
                    0.00141958508175,
                    -0.00309875560924,
                    0.00142616429366,
                    -0.00404118839651,
                    0.0129150934517,
                    -0.0045631211251
                ],
                [
                    0.000400596123654,
                    -0.000893188233022,
                    0.00120621360838,
                    -0.000201797127374,
                    0.000354990566848,
                    -0.000395241513615,
                    0.00136729225051,
                    -0.00261243898422,
                    0.000997701426968,
                    0.000306435569655,
                    0.000763323216233,
                    -0.0045631211251,
                    0.017015684396
                ]
            ],
            "mean": [
                -3.42468714714,
                63.6846885681,
                -99.3565444946,
                38.0807418823,
                -51.7270393372,
                10.3561496735,
                -35.5804023743,
                10.7746286392,
                -28.3650779724,
                1.58156657219,
                -15.2797670364,
                -2.13731861115,
                -11.0090293884
            ]
        },
        "hfc": {
            "dmean": 8.04053974152,
            "dmean2": 12.4531669617,
            "dvar": 123.266036987,
            "dvar2": 279.607116699,
            "max": 160.207870483,
            "mean": 27.8190879822,
            "median": 26.8995876312,
            "min": 1.06270970407e-16,
            "var": 416.534057617
        },
        "melbands": {
            "dmean": [
                0.000957855489105,
                0.00111274723895,
                0.000552133773454,
                0.000592746364418,
                0.000226827192819,
                0.000184605567483,
                0.000188829624676,
                0.000122440353152,
                4.87091601826e-05,
                8.38985579321e-05,
                8.16266037873e-05,
                0.00010848337115,
                4.90491147502e-05,
                4.35441434092e-05,
                3.51464441337e-05,
                3.43760402757e-05,
                2.24573486776e-05,
                3.64965635526e-05,
                2.59104399447e-05,
                2.13821167563e-05,
                2.41165525949e-05,
                1.91405870282e-05,
                1.83256561286e-05,
                1.52314814841e-05,
                2.28550761676e-05,
                1.74774522748e-05,
