{
    "lowlevel": {
        "average_loudness": 0.365232616663,
        "barkbands": {
            "dmean": [
                0.000386133993743,
                0.00601131049916,
                0.00716468272731,
                0.0016340285074,
                0.00159976643045,
                0.0010573688196,
                0.000380152807338,
                0.00110849598423,
                0.000689172826242,
                0.000409461848903,
                0.00032166071469,
                0.000327114248648,
                0.000470720260637,
                0.000325936940499,
                0.00021215203742,
                0.00013314865646,
                0.0002133269154,
                9.47959924815e-05,
                7.87077296991e-05,
                3.98563497583e-05,
                5.13404193043e-05,
                3.39845137205e-05,
                2.98718859995e-05,
                3.60331796401e-05,
                2.09441332117e-05,
                1.19009382615e-05,
                1.34564982091e-06
            ],
            "dmean2": [
                0.000520559784491,
                0.0096916295588,
                0.012570893392,
                0.002744800644,
                0.00262785935774,
                0.00168911821675,
                0.000607518944889,
                0.00162838376127,
                0.00100065092556,
                0.000554366328288,
                0.000424903439125,
                0.00048892525956,
                0.000669741071761,
                0.000467989826575,
                0.000313917291351,
                0.000198649577214,
                0.000312539545121,
                0.000138704155688,
                0.000114070724521,
                6.33403906249e-05,
                7.57433081162e-05,
                4.79222362628e-05,
                4.34052744822e-05,
                5.222006439e-05,
                2.96047419397e-05,
                1.72789095814e-05,
                2.13924977288e-06
            ],
            "dvar": [
                6.33937997918e-06,
                0.000394771137508,
                0.000935583550017,
                4.879028711e-05,
                1.97805293283e-05,
                5.34488299309e-06,
                9.81978473646e-07,
                7.97120628704e-06,
                4.89556168759e-06,
                1.35404570756e-06,
                7.68249662997e-07,
                8.58237740431e-07,
                1.209067932e-06,
                6.78458036418e-07,
                3.66435699561e-07,
                8.62761311282e-08,
                1.484656309e-07,
                4.52055353151e-08,
                3.55936755625e-08,
                2.57206966836e-08,
                4.10487501767e-08,
                1.03571755616e-08,
                4.9202548702e-09,
                8.38894642641e-09,
                4.58046400809e-09,
                1.65656799389e-09,
                3.1098373876e-11
            ],
            "dvar2": [
                1.21095717986e-05,
                0.00102891516872,
                0.00262521090917,
                0.000132221524836,
                5.37314954272e-05,
                1.29352438307e-05,
                2.46212061938e-06,
                1.65914934769e-05,
                1.01784298749e-05,
                2.21590312321e-06,
                1.19342325888e-06,
                1.7464578832e-06,
                2.26430984185e-06,
                1.34045899358e-06,
                8.07050014373e-07,
                1.85319166235e-07,
                3.16520726074e-07,
                9.53849550456e-08,
                7.05768599119e-08,
                6.6117905817e-08,
                9.77278347136e-08,
                2.10018686886e-08,
                1.03590576117e-08,
                1.57387756161e-08,
                9.24272836045e-09,
                3.60041596537e-09,
                8.07503647282e-11
            ],
            "max": [
                0.108150437474,
                0.328838288784,
                0.35858336091,
                0.147770121694,
                0.0640842989087,
                0.0293265450746,
                0.0332793854177,
                0.0565794184804,
                0.0479803681374,
                0.0294922720641,
                0.0181483384222,
                0.0170651711524,
                0.0202744808048,
                0.0137835722417,
                0.0151121430099,
                0.00473200669512,
                0.00599572714418,
                0.00307281198911,
                0.00323469750583,
                0.00354901165701,
                0.00358187686652,
                0.00198198924772,
                0.00158431532327,
                0.00225675106049,
                0.00175104942173,
                0.00134078715928,
                0.00012903836614
            ],
            "mean": [
                0.000703723344486,
                0.0171818826348,
                0.00712583400309,
                0.00183648162056,
                0.00282183010131,
                0.00217062514275,
                0.000644327432383,
                0.00233448809013,
                0.00128345983103,
                0.00105021719355,
                0.000712941109668,
                0.000728903280105,
                0.000907888927031,
                0.000542633817531,
                0.000385074323276,
                0.000254375423538,
                0.000471583858598,
                0.000165758756339,
                0.000151207481395,
                5.89925839449e-05,
                7.89065379649e-05,
                6.01470383117e-05,
                5.60998923902e-05,
                7.07977160346e-05,
                3.31907649525e-05,
                1.92673487618e-05,
                1.93678533833e-06
            ],
            "median": [
                6.08749928688e-07,
                5.53171776119e-05,
                7.96727617853e-05,
                0.000117249990581,
                0.000994164147414,
                0.000607729307376,
                0.000180277886102,
                0.000322052743286,
                0.000128744984977,
                8.60343934619e-05,
                7.92885548435e-05,
                6.34734606137e-05,
                0.00011231492681,
                7.32029729988e-05,
                6.27113113296e-05,
                5.68327632209e-05,
                9.40929967328e-05,
                3.4196767956e-05,
                2.67770810751e-05,
                1.48779572555e-05,
                2.10209600482e-05,
                1.78387872438e-05,
                1.80052084033e-05,
                2.00650465558e-05,
                5.52014216737e-06,
                2.77425192508e-06,
                1.82680096827e-07
            ],
            "min": [
                3.83984504415e-25,
                3.81601326038e-24,
                5.73090211032e-24,
                1.33635119937e-23,
                7.95330195733e-23,
                3.30990132395e-23,
                5.13137263441e-23,
                3.87122729174e-23,
                2.10325921001e-23,
                6.29195584222e-23,
                8.33048727946e-23,
                4.64436903902e-23,
                8.20932644857e-23,
                1.64232245039e-22,
                1.12140162261e-22,
                1.454406064e-22,
                2.88471766537e-22,
                2.76348577389e-22,
                1.83082663281e-22,
                3.20536728281e-22,
                4.70628811987e-22,
                3.55767761179e-22,
                7.22240806603e-22,
                9.7065383772e-22,
                1.20893415877e-21,
                1.47225709014e-21,
                2.62251837486e-21
            ],
            "var": [
                2.39063374465e-05,
                0.00181063637137,
                0.000770974205807,
                4.29767533205e-05,
                2.49512686423e-05,
                1.51988215293e-05,
                1.66191512108e-06,
                2.42924379563e-05,
                1.16944065667e-05,
                8.09548328107e-06,
                3.69923964172e-06,
                4.08839923693e-06,
                4.00726867156e-06,
                1.68117719568e-06,
                9.70252926891e-07,
                2.22274607609e-07,
                5.51662083126e-07,
                1.04816983537e-07,
                1.1134090272e-07,
                2.61020094428e-08,
                4.99160748291e-08,
                1.93096134637e-08,
                1.15236895581e-08,
                2.11798774075e-08,
                8.98839669361e-09,
                2.9457809525e-09,
                3.65044938722e-11
            ]
        },
        "barkbands_crest": {
            "dmean": 2.5880010128,
            "dmean2": 4.12257194519,
            "dvar": 6.62248182297,
            "dvar2": 17.1950569153,
            "max": 26.4640045166,
            "mean": 12.225440979,
            "median": 11.2716426849,
            "min": 2.16762590408,
            "var": 26.5004291534
        },
        "barkbands_flatness_db": {
            "dmean": 0.0234908740968,
            "dmean2": 0.0354074761271,
            "dvar": 0.000793302897364,
            "dvar2": 0.00173333962448,
            "max": 0.561258077621,
            "mean": 0.187769830227,
            "median": 0.171639531851,
            "min": 0.0307034738362,
            "var": 0.00638490449637
        },
        "barkbands_kurtosis": {
            "dmean": 6.64053344727,
            "dmean2": 10.5338287354,
            "dvar": 339.177185059,
            "dvar2": 795.022216797,
            "max": 788.152404785,
            "mean": 11.5791053772,
            "median": 3.15379214287,
            "min": -1.97428202629,
            "var": 826.96307373
        },
        "barkbands_skewness": {
            "dmean": 0.677010536194,
            "dmean2": 1.02640104294,
            "dvar": 0.84401601553,
            "dvar2": 1.9448748827,
            "max": 20.8429336548,
            "mean": 2.07287979126,
            "median": 1.61035776138,
            "min": -2.62279558182,
            "var": 3.78773140907
        },
        "barkbands_spread": {
            "dmean": 4.1706032753,
            "dmean2": 6.25221633911,
            "dvar": 58.2398414612,
            "dvar2": 117.447654724,
            "max": 163.258468628,
            "mean": 15.091424942,
            "median": 11.8135547638,
            "min": 0.0780782550573,
            "var": 197.74055481
        },
        "dissonance": {
            "dmean": 0.0257653035223,
            "dmean2": 0.0432966947556,
            "dvar": 0.000648046494462,
            "dvar2": 0.00172132509761,
            "max": 0.500000178814,
            "mean": 0.442050427198,
            "median": 0.450738549232,
            "min": 0.0623948015273,
            "var": 0.00151061755605
        },
        "dynamic_complexity": 5.32973098755,
        "erbbands": {
            "dmean": [
                0.135949715972,
                1.60415613651,
                7.26110363007,
                7.23129558563,
                3.9507060051,
                6.20284605026,
                7.67445659637,
                8.90410137177,
                4.9026761055,
                12.172293663,
                24.9545936584,
                17.8998985291,
                10.2722606659,
                11.1912069321,
                13.2604398727,
                15.3218984604,
                19.0278778076,
                16.0384712219,
                13.5041065216,
                6.99114131927,
                7.97769641876,
                8.6789598465,
                5.41831064224,
                4.6258149147,
                2.65765571594,
                2.05164027214,
                1.76044106483,
                2.05223965645,
                1.21183979511,
                0.906210839748,
                0.879797160625,
                0.947466433048,
                0.49413383007,
                0.260149568319,
                0.14544287324,
                0.0700087323785,
                0.0185723789036,
                0.00285031483509,
                0.000235480983974,
                2.3193000743e-05
            ],
            "dmean2": [
                0.204527750611,
                2.68180823326,
                12.762834549,
                11.7023992538,
                6.64838171005,
                10.0606155396,
                12.0633163452,
                14.3158664703,
                7.70473432541,
                19.0275249481,
                36.1523857117,
                25.2501144409,
                13.7314128876,
                15.0946807861,
                17.1014328003,
                21.8953857422,
                26.5636310577,
                22.6683368683,
                19.6525001526,
                10.1767177582,
                11.446764946,
                12.6617116928,
                7.6381521225,
                6.56312704086,
                3.96715641022,
                3.24510097504,
                2.60594701767,
                3.04665899277,
                1.72396421432,
                1.29881441593,
                1.28450703621,
                1.40254116058,
                0.697393417358,
                0.373082429171,
                0.205575495958,
                0.100307114422,
                0.0275944229215,
                0.00434621656314,
                0.00036941759754,
                3.72486720153e-05
            ],
            "dvar": [
                0.281139373779,
                28.4209899902,
                859.642272949,
                900.847595215,
                231.902923584,
                268.333496094,
                240.840377808,
                442.341766357,
                171.776657104,
                984.901916504,
                5001.37109375,
                3354.22143555,
                1092.73217773,
                1057.6953125,
                1162.35266113,
                1698.81481934,
                2198.91430664,
                1412.37304688,
                1482.9107666,
                283.499633789,
                239.73336792,
                259.913909912,
                123.900917053,
                103.915283203,
                60.9597396851,
                73.6081161499,
                38.3899650574,
                71.600227356,
                13.7028331757,
                5.56995820999,
                4.4868221283,
                5.03522062302,
                2.11085605621,
                0.719248652458,
                0.233581826091,
                0.063020542264,
                0.0035972238984,
                7.83902796684e-05,
                1.02414151115e-06,
                3.60753737993e-09
            ],
            "dvar2": [
                0.699464023113,
                75.9425048828,
                2463.42211914,
                2241.41308594,
                646.265136719,
                715.030212402,
                564.566223145,
                1081.57055664,
                422.556671143,
                2208.97460938,
                10419.3291016,
                6804.86279297,
                1735.99121094,
                1790.14489746,
                1760.41003418,
                3302.80615234,
                3918.3503418,
                2833.79321289,
                3272.81420898,
                617.302246094,
                461.323638916,
                571.813415527,
                245.21685791,
                199.229690552,
                134.071121216,
                187.932846069,
                87.5627365112,
                174.456176758,
                28.3106327057,
                10.2872600555,
                9.84968662262,
                10.8973169327,
                3.73158216476,
                1.4346075058,
                0.484788507223,
                0.13325701654,
                0.00796450767666,
                0.000188696314581,
                2.6907262054e-06,
                9.00936569792e-09
            ],
            "max": [
                9.11848068237,
                85.2458648682,
                339.032745361,
                491.779846191,
                237.987213135,
                255.181762695,
                335.978912354,
                312.93460083,
                268.220489502,
                551.603515625,
                1557.40783691,
                1389.03259277,
                1175.17858887,
                817.600341797,
                684.417663574,
                882.432556152,
                981.34552002,
                624.948059082,
                934.485290527,
                350.946411133,
                237.532089233,
                261.597167969,
                198.5105896,
                192.602966309,
                116.953544617,
                182.571929932,
                117.602790833,
                148.452056885,
                74.8496170044,
                50.6245765686,
                45.9007072449,
                49.8271179199,
                37.2705574036,
                21.1247997284,
                10.1835718155,
                8.11751651764,
                1.75479400158,
                0.175565570593,
                0.0251642670482,
                0.0010473721195
            ],
            "mean": [
                0.349518507719,
                4.34876728058,
                8.70596694946,
                8.04518222809,
                5.50658082962,
                10.5147762299,
                16.7612953186,
                16.8311271667,
                9.08703041077,
                23.2556152344,
                54.0082588196,
                37.0570106506,
                25.5679912567,
                29.82396698,
                31.6685295105,
                38.713432312,
                39.77186203,
                32.3745231628,
                25.2993659973,
                15.5351886749,
                17.901266098,
                19.6211204529,
                12.2585935593,
                9.47694778442,
                5.00746202469,
                3.06136083603,
                2.88014531136,
                3.09978628159,
                2.15379810333,
                1.76937282085,
                1.63114547729,
                1.84034860134,
                0.904739201069,
                0.410488724709,
                0.224371045828,
                0.108167819679,
                0.0292020644993,
                0.00474482169375,
                0.000357061682735,
                6.03330918238e-05
            ],
            "median": [
                0.0010154817719,
                0.0156989656389,
                0.0967134311795,
                0.297812193632,
                1.01189827919,
                3.33921051025,
                6.05588388443,
                4.62748336792,
                3.45846509933,
                6.06011199951,
                7.74038410187,
                4.8196811676,
                3.21686792374,
                3.12305116653,
                4.76717710495,
                4.55375766754,
                5.85228061676,
                5.12039852142,
                4.42855644226,
                3.19899320602,
                4.63928031921,
                4.72980737686,
                2.7425839901,
                2.0148935318,
                1.04337418079,
                0.777169644833,
                0.793593168259,
                0.816977441311,
                0.641027092934,
                0.506945312023,
                0.507636606693,
                0.496153831482,
                0.236092597246,
                0.0801398009062,
                0.029173899442,
                0.0131097147241,
                0.00377429765649,
                0.000642464146949,
                6.26983091934e-05,
                3.37126621162e-05
            ],
            "min": [
                1.76913707894e-22,
                6.35282283505e-22,
                3.85115098366e-21,
                3.89533438371e-20,
                9.46643846076e-20,
                3.15752960237e-19,
                3.7620936816e-19,
                2.63420499904e-19,
                6.3666649352e-19,
                7.73465778321e-19,
                8.02695963024e-19,
                5.05333683497e-19,
                1.19098746725e-18,
                2.11940940331e-18,
                4.16929882564e-18,
                2.39114567916e-18,
                2.72732987128e-18,
                7.3589387005e-18,
                8.75835128029e-18,
                4.92009923479e-18,
                1.05357068179e-17,
                1.7313441123e-17,
                1.55591597886e-17,
                1.13475738357e-17,
                7.88916891778e-18,
                1.33837277172e-17,
                2.18821978742e-17,
                1.67763229728e-17,
                1.30029516658e-17,
                1.10088202138e-17,
                2.45590751048e-17,
                2.31883822358e-17,
                1.50924909568e-17,
                1.30426009141e-17,
                8.65650466737e-18,
                4.52768723373e-18,
                3.1408970165e-18,
                1.28927730694e-18,
                3.59888060699e-19,
                4.03001974383e-20
            ],
            "var": [
                0.865148365498,
                117.269371033,
                782.449829102,
                872.021484375,
                212.622207642,
                369.745697021,
                611.186950684,
                1081.25219727,
                277.604156494,
                2581.50830078,
                15219.7324219,
                8485.8671875,
                6736.51708984,
                6293.79052734,
                5784.36181641,
                9635.26660156,
                8017.20068359,
                4244.72119141,
                3930.74853516,
                1045.15856934,
                862.487670898,
                869.752502441,
                411.849273682,
                338.921173096,
                120.748130798,
                74.078994751,
                52.748550415,
                83.3518676758,
                24.5301742554,
                13.5723457336,
                10.1598567963,
                12.4464969635,
                4.84821367264,
                1.36686503887,
                0.461271822453,
                0.116846650839,
                0.00602881517261,
                0.000133532157633,
                1.14293391107e-06,
                7.56403562008e-09
            ]
        },
        "erbbands_crest": {
            "dmean": 2.69962620735,
            "dmean2": 4.324259758,
            "dvar": 7.03470611572,
            "dvar2": 17.5453929901,
            "max": 30.2326278687,
            "mean": 10.3197784424,
            "median": 9.47420692444,
            "min": 2.45735931396,
            "var": 18.8435287476
        },
        "erbbands_flatness_db": {
            "dmean": 0.0179508868605,
            "dmean2": 0.0261018294841,
            "dvar": 0.000410504522733,
            "dvar2": 0.000825190043543,
            "max": 0.373589009047,
            "mean": 0.18865545094,
            "median": 0.188009619713,
            "min": 0.0494734495878,
            "var": 0.00224024290219
        },
        "erbbands_kurtosis": {
            "dmean": 1.28270113468,
            "dmean2": 2.04009413719,
            "dvar": 5.72003650665,
            "dvar2": 13.9674310684,
            "max": 59.640083313,
            "mean": 1.56375169754,
            "median": 0.589533090591,
            "min": -1.87337803841,
            "var": 13.1502065659
        },
        "erbbands_skewness": {
            "dmean": 0.391126424074,
            "dmean2": 0.598577320576,
            "dvar": 0.196247473359,
            "dvar2": 0.44277882576,
            "max": 6.38556814194,
            "mean": 0.690552473068,
            "median": 0.650267601013,
            "min": -2.83183526993,
            "var": 0.782766342163
        },
        "erbbands_spread": {
            "dmean": 7.10029697418,
            "dmean2": 10.4962453842,
            "dvar": 106.972221375,
            "dvar2": 224.895645142,
            "max": 186.535247803,
            "mean": 30.7402706146,
            "median": 26.4702129364,
            "min": 2.51117300987,
            "var": 340.038146973
        },
        "gfcc": {
            "cov": [
                [
                    12757.3535156,
                    -1217.05895996,
                    -535.776428223,
                    217.752624512,
                    199.979934692,
                    588.715393066,
                    -85.7695617676,
                    540.44317627,
                    50.1207008362,
                    59.4353713989,
                    -174.207458496,
                    198.952484131,
                    -298.426025391
                ],
                [
                    -1217.05895996,
                    2609.84472656,
                    920.519836426,
                    468.806854248,
                    687.838989258,
                    200.656448364,
                    636.89276123,
                    -26.426492691,
                    293.645629883,
                    -92.391998291,
                    233.061050415,
                    -155.809127808,
                    180.016769409
                ],
                [
                    -535.776428223,
                    920.519836426,
                    1726.44897461,
                    527.663635254,
                    539.247680664,
                    268.723754883,
                    331.957519531,
                    150.656433105,
                    100.542381287,
                    114.460670471,
                    98.3149490356,
                    -47.2944488525,
                    89.2575302124
                ],
                [
                    217.752624512,
                    468.806854248,
                    527.663635254,
                    767.635864258,
                    365.375427246,
                    152.40637207,
                    156.879318237,
                    20.9618301392,
                    101.776412964,
                    59.22133255,
                    55.6283836365,
                    -78.9731292725,
                    73.897819519
                ],
                [
                    199.979934692,
                    687.838989258,
                    539.247680664,
                    365.375427246,
                    609.442687988,
                    181.470489502,
                    295.910461426,
                    90.7380828857,
                    158.858306885,
                    33.4044380188,
                    69.0405426025,
                    -39.7227134705,
                    50.6113014221
                ],
                [
                    588.715393066,
                    200.656448364,
                    268.723754883,
                    152.40637207,
                    181.470489502,
                    347.295898438,
                    228.152999878,
                    98.5246124268,
                    34.6186943054,
                    -0.842547774315,
                    27.1594314575,
                    1.38663387299,
                    -13.2829380035
                ],
                [
                    -85.7695617676,
                    636.89276123,
                    331.957519531,
                    156.879318237,
                    295.910461426,
                    228.152999878,
                    453.285980225,
                    64.1869125366,
                    110.6770401,
                    -25.0066547394,
                    74.237449646,
                    -9.71901988983,
                    41.3671722412
                ],
                [
                    540.44317627,
                    -26.426492691,
                    150.656433105,
                    20.9618301392,
                    90.7380828857,
                    98.5246124268,
                    64.1869125366,
                    161.61000061,
                    29.6684818268,
                    31.3263149261,
                    5.30962610245,
                    27.9300518036,
                    -12.0903863907
                ],
                [
                    50.1207008362,
                    293.645629883,
                    100.542381287,
                    101.776412964,
                    158.858306885,
                    34.6186943054,
                    110.6770401,
                    29.6684818268,
                    195.999832153,
                    11.8502779007,
                    42.8284072876,
                    -23.2431125641,
                    18.4155139923
                ],
                [
                    59.4353713989,
                    -92.391998291,
                    114.460670471,
                    59.22133255,
                    33.4044380188,
                    -0.842547774315,
                    -25.0066547394,
                    31.3263149261,
                    11.8502779007,
                    121.036705017,
                    11.4874038696,
                    -0.278702616692,
                    1.49403202534
                ],
                [
                    -174.207458496,
                    233.061050415,
                    98.3149490356,
                    55.6283836365,
                    69.0405426025,
                    27.1594314575,
                    74.237449646,
                    5.30962610245,
                    42.8284072876,
                    11.4874038696,
                    105.310386658,
                    5.69965982437,
                    35.6098899841
                ],
                [
                    198.952484131,
                    -155.809127808,
                    -47.2944488525,
                    -78.9731292725,
                    -39.7227134705,
                    1.38663387299,
                    -9.71901988983,
                    27.9300518036,
                    -23.2431125641,
                    -0.278702616692,
                    5.69965982437,
                    112.777923584,
                    5.48762607574
                ],
                [
                    -298.426025391,
                    180.016769409,
                    89.2575302124,
                    73.897819519,
                    50.6113014221,
                    -13.2829380035,
                    41.3671722412,
                    -12.0903863907,
                    18.4155139923,
                    1.49403202534,
                    35.6098899841,
                    5.48762607574,
                    111.243881226
                ]
            ],
            "icov": [
                [
                    0.000117986004625,
                    4.90529782837e-06,
                    9.39080418902e-05,
                    -9.27229048102e-05,
                    -6.03171502007e-05,
                    -0.000196697525098,
                    0.000134610294481,
                    -0.00032253851532,
                    -4.76691457152e-05,
                    1.94945605472e-05,
                    0.000119335636555,
                    -0.000179406270036,
                    0.000191945277038
                ],
                [
                    4.90529782837e-06,
                    0.0010677354876,
                    -0.000310963892844,
                    8.84301916813e-05,
                    -0.000468263722723,
                    0.000312411866616,
                    -0.0008043028065,
                    0.000521649955772,
                    -0.000425179488957,
                    0.00105434271973,
                    -0.001158982981,
                    0.00103062065318,
                    -0.00054139806889
                ],
                [
                    9.39080418902e-05,
                    -0.000310963892844,
                    0.00114072021097,
                    -0.000392250774894,
                    -0.00037860989687,
                    -0.000393386668293,
                    0.000118003437819,
                    -0.000863096036483,
                    0.000485606346047,
                    -0.000889216375072,
                    0.000220286499825,
                    -0.000207447723369,
                    -4.07056759286e-05
                ],
                [
                    -9.27229048102e-05,
                    8.84301916813e-05,
                    -0.000392250774894,
                    0.00237888051197,
                    -0.000971010536887,
                    -0.000666025618557,
                    0.000349552225089,
                    0.00104461668525,
                    -0.000248567346716,
                    -0.0005520049599,
                    -0.000211285820114,
                    0.00124390469864,
                    -0.00125674717128
                ],
                [
                    -6.03171502007e-05,
                    -0.000468263722723,
                    -0.00037860989687,
                    -0.000971010536887,
                    0.00403297552839,
                    4.7318651923e-05,
                    -0.00108999665827,
                    -0.000927907414734,
                    -0.00119942997117,
                    -0.000522364571225,
                    0.000486816716148,
                    -0.000100199766166,
                    7.47284793761e-05
                ],
                [
                    -0.000196697525098,
                    0.000312411866616,
                    -0.000393386668293,
                    -0.000666025618557,
                    4.7318651923e-05,
                    0.00605278508738,
                    -0.00300526316278,
                    -0.00164527364541,
                    0.000983381993137,
                    0.000817897787783,
                    -0.000667715445161,
                    0.000409038853832,
                    0.00138456025161
                ],
                [
                    0.000134610294481,
                    -0.0008043028065,
                    0.000118003437819,
                    0.000349552225089,
                    -0.00108999665827,
                    -0.00300526316278,
                    0.00577744236216,
                    -0.000425189180532,
                    -0.00088933610823,
                    0.000747220299672,
                    -0.000382116006222,
                    -0.000940067169722,
                    -0.000415908783907
                ],
                [
                    -0.00032253851532,
                    0.000521649955772,
                    -0.000863096036483,
                    0.00104461668525,
                    -0.000927907414734,
                    -0.00164527364541,
                    -0.000425189180532,
                    0.0105204544961,
                    -0.00122522062156,
                    -0.00159814930521,
                    9.52805712586e-05,
                    -0.00155496341176,
                    8.69076757226e-05
                ],
                [
                    -4.76691457152e-05,
                    -0.000425179488957,
                    0.000485606346047,
                    -0.000248567346716,
                    -0.00119942997117,
                    0.000983381993137,
                    -0.00088933610823,
                    -0.00122522062156,
                    0.00754467956722,
                    -0.000776239670813,
                    -0.00139332166873,
                    0.000924503954593,
                    0.000358171615517
                ],
                [
                    1.94945605472e-05,
                    0.00105434271973,
                    -0.000889216375072,
                    -0.0005520049599,
                    -0.000522364571225,
                    0.000817897787783,
                    0.000747220299672,
                    -0.00159814930521,
                    -0.000776239670813,
                    0.0111972521991,
                    -0.00245971232653,
                    0.000919473124668,
                    3.01921609207e-05
                ],
                [
                    0.000119335636555,
                    -0.001158982981,
                    0.000220286499825,
                    -0.000211285820114,
                    0.000486816716148,
                    -0.000667715445161,
                    -0.000382116006222,
                    9.52805712586e-05,
                    -0.00139332166873,
                    -0.00245971232653,
                    0.0139573123306,
                    -0.00264237052761,
                    -0.00206332653761
                ],
                [
                    -0.000179406270036,
                    0.00103062065318,
                    -0.000207447723369,
                    0.00124390469864,
                    -0.000100199766166,
                    0.000409038853832,
                    -0.000940067169722,
                    -0.00155496341176,
                    0.000924503954593,
                    0.000919473124668,
                    -0.00264237052761,
                    0.0121007338166,
                    -0.00245038652793
                ],
                [
                    0.000191945277038,
                    -0.00054139806889,
                    -4.07056759286e-05,
                    -0.00125674717128,
                    7.47284793761e-05,
                    0.00138456025161,
                    -0.000415908783907,
                    8.69076757226e-05,
                    0.000358171615517,
                    3.01921609207e-05,
                    -0.00206332653761,
                    -0.00245038652793,
                    0.0122648691759
                ]
            ],
            "mean": [
                -58.6038856506,
                99.7544555664,
                -119.049629211,
                13.3823471069,
                -61.9828338623,
                8.6725063324,
                -45.3354568481,
                -0.155537813902,
                -20.0147571564,
                -3.57992577553,
                -12.1442337036,
                -0.738473594189,
                -11.1394081116
            ]
        },
        "hfc": {
            "dmean": 4.45477485657,
            "dmean2": 6.37844228745,
            "dvar": 64.5871963501,
            "dvar2": 132.270095825,
            "max": 132.281356812,
            "mean": 16.7942333221,
            "median": 11.8098049164,
            "min": 1.20967991276e-16,
            "var": 264.542785645
        },
        "melbands": {
            "dmean": [
                0.00140910840128,
                0.00320491730236,
                0.00111928791739,
                0.000345390173607,
                0.000275102298474,
                0.000196360473637,
                7.3069910286e-05,
                0.000150137202581,
                0.000203038507607,
                9.9767697975e-05,
                5.14004968863e-05,
                4.74012776976e-05,
                4.59644616058e-05,
                4.01337965741e-05,
                4.44869583589e-05,
                3.90157765651e-05,
                3.19198261423e-05,
                2.46891213465e-05,
                1.1963248653e-05,
                9.40979225561e-06,
                1.17934287118e-05,
                1.04679347714e-05,
                8.13824863144e-06,
                4.64595177618e-06,
                4.0872810132e-06,
                2.62245725935e-06,
