{
    "lowlevel": {
        "average_loudness": 0.851166605949,
        "barkbands": {
            "dmean": [
                0.000112897614599,
                0.000502304057591,
                0.00044837789028,
                0.000423385761678,
                0.00126285594888,
                0.00178461475298,
                0.000640531419776,
                0.000930216279812,
                0.0015226098476,
                0.000326063571265,
                0.000386428408092,
                0.000399404758355,
                0.000352731789462,
                0.000237396510784,
                0.000240328066866,
                0.000137291688588,
                0.000210810540011,
                0.000140407646541,
                3.2284297049e-05,
                8.46240945975e-05,
                6.3887113356e-05,
                0.000227778989938,
                9.07670982997e-05,
                3.91452922486e-05,
                2.48417927651e-05,
                5.2648183555e-06,
                3.35500317306e-07
            ],
            "dmean2": [
                0.000198798079509,
                0.000705757120159,
                0.00064525794005,
                0.000609482056461,
                0.00187636318151,
                0.00274381740019,
                0.000951937050559,
                0.00129740056582,
                0.00196936540306,
                0.00046812769142,
                0.000536486215424,
                0.000557698193006,
                0.000525595562067,
                0.000366150517948,
                0.00036043630098,
                0.000192860577954,
                0.000298419297906,
                0.000207817283808,
                4.92379040224e-05,
                0.000120574477478,
                9.4722781796e-05,
                0.000322927284287,
                0.000124184109154,
                5.70606025576e-05,
                3.65332962247e-05,
                7.65577624406e-06,
                5.26182759586e-07
            ],
            "dvar": [
                6.05252807873e-08,
                1.22706035199e-06,
                5.59059799343e-07,
                1.01874070424e-06,
                6.15355793343e-06,
                1.41418322528e-05,
                4.92514845973e-06,
                6.73550539432e-06,
                1.59031751537e-05,
                1.38781388159e-06,
                2.13966086449e-06,
                2.23387178266e-06,
                1.47575133269e-06,
                6.17547641468e-07,
                7.33875197056e-07,
                2.17743121311e-07,
                3.54246481038e-07,
                1.40442935503e-07,
                1.32349518012e-08,
                5.2989101107e-08,
                2.86379773229e-08,
                2.92205896812e-07,
                8.96488856483e-08,
                1.80738020106e-08,
                9.18178955089e-09,
                3.09671094323e-10,
                4.91013783452e-12
            ],
            "dvar2": [
                1.92764545659e-07,
                2.21122468247e-06,
                1.07481093892e-06,
                2.66893698608e-06,
                1.25444275909e-05,
                3.43644933309e-05,
                9.53150538407e-06,
                1.23450718092e-05,
                2.56654129771e-05,
                2.74913850262e-06,
                3.65493610843e-06,
                3.8493685679e-06,
                3.33532625518e-06,
                1.40594795539e-06,
                1.6478498992e-06,
                4.46071993565e-07,
                7.46801731566e-07,
                3.23116978507e-07,
                3.25942934865e-08,
                9.88793900092e-08,
                6.51652314332e-08,
                6.18504714112e-07,
                1.51536070803e-07,
                3.53648665907e-08,
                1.87666131524e-08,
                6.40578645683e-10,
                1.1886691284e-11
            ],
            "max": [
                0.00539885601029,
                0.023418372497,
                0.0159055329859,
                0.0200930871069,
                0.0394640341401,
                0.0636830925941,
                0.0460998415947,
                0.0583715923131,
                0.072537355125,
                0.0491055324674,
                0.0393561460078,
                0.0407014116645,
                0.034985974431,
                0.0154556501657,
                0.0245167762041,
                0.0111395595595,
                0.0194406602532,
                0.0111902058125,
                0.00371015956625,
                0.00725022889674,
                0.00398297933862,
                0.0139845386147,
                0.00647798413411,
                0.00369327072985,
                0.00353025482036,
                0.000484967691591,
                6.60374425934e-05
            ],
            "mean": [
                0.000204233729164,
                0.00175615306944,
                0.00139497581404,
                0.00118319306057,
                0.00335571612231,
                0.004319335334,
                0.00154976639897,
                0.0019947339315,
                0.00463632540777,
                0.000697756535374,
                0.000834257516544,
                0.000674552633427,
                0.000560980115552,
                0.000345622043824,
                0.000342909945175,
                0.000252643047133,
                0.000397275201976,
                0.000253285426879,
                4.98366644024e-05,
                0.00017489977472,
                0.0001181639891,
                0.000488312914968,
                0.000163086879184,
                6.83331745677e-05,
                4.28647908848e-05,
                8.86218185769e-06,
                4.22871323735e-07
            ],
            "median": [
                4.50536826975e-05,
                0.000226700067287,
                0.000567588838749,
                0.000494466628879,
                0.00134216819424,
                0.00173468445428,
                0.000363146915333,
                0.000349579902831,
                0.000422003155109,
                0.000138182629598,
                0.00017573844525,
                6.86480925651e-05,
                5.49493488506e-05,
                3.55827069143e-05,
                3.11810181302e-05,
                2.63381007244e-05,
                5.80495252507e-05,
                2.95961399388e-05,
                1.20870527098e-05,
                1.47256541823e-05,
                1.54726949404e-05,
                6.0805308749e-05,
                1.5670682842e-05,
                6.31193552181e-06,
                5.54911639483e-06,
                8.64620119501e-07,
                2.75580269715e-08
            ],
            "min": [
                1.35059692292e-23,
                1.57987398076e-23,
                2.21611128452e-23,
                2.777819061e-23,
                2.64218184364e-23,
                1.33974734023e-22,
                9.43464768434e-23,
                8.41452431615e-23,
                7.76333162957e-23,
                1.21621058652e-22,
                7.52748367593e-23,
                6.49828651406e-23,
                7.19034976859e-23,
                7.47876362642e-23,
                1.86111712453e-22,
                1.30116383781e-22,
                1.57979392716e-22,
                2.38886267198e-22,
                1.10317426564e-22,
                4.95525918488e-22,
                3.45753948226e-22,
                5.69394348782e-22,
                5.96917390221e-22,
                8.89473007623e-22,
                1.12758005695e-21,
                1.65798609776e-21,
                2.75640995663e-21
            ],
            "var": [
                2.07976157185e-07,
                8.71923020895e-06,
                4.20741707785e-06,
                3.48815501638e-06,
                2.60696215264e-05,
                4.22312150477e-05,
                2.01539951377e-05,
                2.48905853368e-05,
                0.000119842370623,
                7.82799361332e-06,
                8.3182585513e-06,
                6.60265868646e-06,
                3.41038980878e-06,
                1.24329937989e-06,
                1.14585066058e-06,
                6.01915985499e-07,
                7.798050774e-07,
                3.17493743296e-07,
                1.63259450403e-08,
                2.2482927875e-07,
                6.49724682944e-08,
                9.11534471015e-07,
                2.53010966844e-07,
                4.18326742135e-08,
                2.01164507274e-08,
                6.60991650303e-10,
                5.72363467385e-12
            ]
        },
        "barkbands_crest": {
            "dmean": 2.22008919716,
            "dmean2": 3.38407468796,
            "dvar": 5.43776464462,
            "dvar2": 12.167514801,
            "max": 25.9038467407,
            "mean": 12.3212509155,
            "median": 11.3232755661,
            "min": 3.09091448784,
            "var": 26.3469028473
        },
        "barkbands_flatness_db": {
            "dmean": 0.0222433116287,
            "dmean2": 0.0314229652286,
            "dvar": 0.00068362604361,
            "dvar2": 0.00126027211081,
            "max": 0.552706837654,
            "mean": 0.220347478986,
            "median": 0.197560757399,
            "min": 0.0341432467103,
            "var": 0.0102377068251
        },
        "barkbands_kurtosis": {
            "dmean": 3.14647769928,
            "dmean2": 4.82350921631,
            "dvar": 35.6852722168,
            "dvar2": 81.7716674805,
            "max": 154.751861572,
            "mean": 6.17817258835,
            "median": 3.16544699669,
            "min": -1.90272009373,
            "var": 103.492965698
        },
        "barkbands_skewness": {
            "dmean": 0.502874851227,
            "dmean2": 0.743479967117,
            "dvar": 0.357842922211,
            "dvar2": 0.764690697193,
            "max": 8.74876308441,
            "mean": 1.37054371834,
            "median": 1.20192432404,
            "min": -4.94579315186,
            "var": 1.79397511482
        },
        "barkbands_spread": {
            "dmean": 4.31443214417,
            "dmean2": 6.21239280701,
            "dvar": 63.0296058655,
            "dvar2": 117.358673096,
            "max": 132.56552124,
            "mean": 15.8710718155,
            "median": 9.13500022888,
            "min": 0.341431736946,
            "var": 285.684020996
        },
        "dissonance": {
            "dmean": 0.035561837256,
            "dmean2": 0.0586345456541,
            "dvar": 0.00123001274187,
            "dvar2": 0.00317935878411,
            "max": 0.5,
            "mean": 0.397544056177,
            "median": 0.418773770332,
            "min": 0.0732169002295,
            "var": 0.00611550640315
        },
        "dynamic_complexity": 4.39394903183,
        "erbbands": {
            "dmean": [
                0.0153883462772,
                0.119909629226,
                0.4326146245,
                0.991868853569,
                2.04583024979,
                4.34116363525,
                10.1158008575,
                17.5172920227,
                10.3023757935,
                11.7092638016,
                22.0237522125,
                38.7294464111,
                15.7403392792,
                11.5981416702,
                14.5281648636,
                13.2756671906,
                15.0912437439,
                11.6711330414,
                13.7274684906,
                7.63480710983,
                7.0863032341,
                12.9029369354,
                8.74102687836,
                1.90981757641,
                2.1010158062,
                4.28446245193,
                2.06280231476,
                3.60295748711,
                9.51745414734,
                4.43314218521,
                2.42268657684,
                1.10521912575,
                0.583973228931,
                0.360693782568,
                0.132995784283,
                0.0352216400206,
                0.00775242457166,
                0.000997096998617,
                5.90158888372e-05,
                7.19204899724e-06
            ],
            "dmean2": [
                0.020023105666,
                0.17309461534,
                0.619427204132,
                1.41810429096,
                3.04591989517,
                6.5169210434,
                15.0573453903,
                26.8450508118,
                15.5195493698,
                16.2826690674,
                29.7584819794,
                50.0292358398,
                19.8714199066,
                15.7887763977,
                19.8914260864,
                18.2826423645,
                22.3478126526,
                17.4494171143,
                20.9995536804,
                10.8745145798,
                9.70663547516,
                18.0156326294,
                12.6867246628,
                2.83961582184,
                3.05648732185,
                6.12555122375,
                2.95052146912,
                5.18489599228,
                13.7401180267,
                6.19304800034,
                3.28935027122,
                1.57093703747,
                0.850735485554,
                0.532820999622,
                0.195531651378,
                0.0517298206687,
                0.0113308941945,
                0.00146098050755,
                9.05638735276e-05,
                1.03618813228e-05
            ],
            "dvar": [
                0.00123749359045,
                0.0654791221023,
                0.580204486847,
                3.61168503761,
                31.6432056427,
                84.7005081177,
                462.068389893,
                1659.00415039,
                1081.23461914,
                1291.38500977,
                3525.65332031,
                12051.6748047,
                1753.36486816,
                1979.64135742,
                3345.70605469,
                2824.10668945,
                2578.3671875,
                1317.62097168,
                2272.77319336,
                602.423034668,
                522.975952148,
                1235.03063965,
                458.691680908,
                59.5647621155,
                38.9820747375,
                155.02571106,
                45.8055725098,
                72.8740386963,
                507.720397949,
                164.170715332,
                71.9697875977,
                15.0635766983,
                4.95768880844,
                1.90741026402,
                0.274219125509,
                0.0117846708745,
                0.000947216933127,
                2.44337516051e-05,
                1.46809014723e-07,
                2.07475009395e-10
            ],
            "dvar2": [
                0.0020079689566,
                0.125453099608,
                1.08666074276,
                8.59844875336,
                67.3700180054,
                175.818252563,
                1012.88842773,
                4045.92260742,
                2179.5480957,
                2587.80493164,
                6036.23925781,
                20008.0097656,
                2614.05517578,
                3674.85400391,
                5781.3203125,
                5330.23730469,
                5753.13525391,
                2826.49804688,
                5182.15234375,
                1175.42016602,
                1032.07470703,
                2536.57397461,
                1002.84332275,
                136.376419067,
                79.2866821289,
                303.288543701,
                107.788551331,
                151.191314697,
                1110.11901855,
                299.108551025,
                127.308929443,
                27.6333847046,
                10.319065094,
                3.95142841339,
                0.56898111105,
                0.0244468040764,
                0.0019843459595,
                5.05904572492e-05,
                3.59092581448e-07,
                4.74506767212e-10
            ],
            "max": [
                0.79287558794,
                5.57705307007,
                18.3010807037,
                44.0831375122,
                120.189376831,
                233.748214722,
                345.219024658,
                785.94543457,
                820.798522949,
                838.465515137,
                1209.07653809,
                2207.88793945,
                1504.54882812,
                1745.64990234,
                1877.74731445,
                1515.90148926,
                1515.38537598,
                837.799194336,
                950.956176758,
                572.748291016,
                723.958557129,
                1068.90026855,
                559.387084961,
                219.956588745,
                244.127090454,
                430.637878418,
                168.288101196,
                184.315292358,
                590.186401367,
                410.210235596,
                194.060470581,
                93.6121826172,
                80.1063537598,
                48.0973930359,
                19.9400196075,
                2.30680036545,
                0.808903634548,
                0.132894441485,
                0.0111759854481,
                0.000425835518399
            ],
            "mean": [
                0.0579165741801,
                0.374022215605,
                1.42860281467,
                3.26753640175,
                5.70989274979,
                11.2015533447,
                25.2426071167,
                42.0122032166,
                24.1774501801,
                27.1341133118,
                55.9788017273,
                106.2498703,
                44.6225700378,
                30.0709400177,
                28.6738376617,
                24.1029071808,
                26.9928913116,
                20.3318405151,
                20.6851768494,
                12.9936447144,
                14.9882583618,
                25.5142421722,
                17.7854747772,
                3.55140161514,
                4.23504686356,
                8.48598098755,
                4.17940187454,
                7.33772802353,
                20.1588668823,
                8.86787891388,
                4.30975198746,
                1.92676639557,
                0.983546614647,
                0.607235908508,
                0.228541389108,
                0.0624935254455,
                0.0121379885823,
                0.00146745704114,
                9.48993329075e-05,
                3.46529122908e-05
            ],
            "median": [
                0.00267692492343,
                0.0797143727541,
                0.590069055557,
                1.67801368237,
                1.94066083431,
                4.76267910004,
                8.82504272461,
                14.4857845306,
                7.99605703354,
                7.58110427856,
                11.4510974884,
                11.4512119293,
                7.73904037476,
                6.63456964493,
                6.85779333115,
                3.07071018219,
                3.19257116318,
                2.62023687363,
                2.42683243752,
                1.64927983284,
                1.97311496735,
                4.29385089874,
                2.63237500191,
                1.02586150169,
                0.913023710251,
                0.757438421249,
                0.497473359108,
                1.11731219292,
                2.49639368057,
                1.10977184772,
                0.356732070446,
                0.129151344299,
                0.10998660326,
                0.0716414898634,
                0.0284686908126,
                0.00681006815284,
                0.00117228471208,
                0.00014374309103,
                2.76476748695e-05,
                3.28178139171e-05
            ],
            "min": [
                2.70811505898e-22,
                4.41484145157e-21,
                2.18946791766e-20,
                6.0360093081e-20,
                9.563066081e-20,
                8.08953881626e-20,
                1.35645070578e-19,
                1.52377463539e-18,
                1.91579972271e-18,
                1.2307285326e-18,
                1.48282764411e-18,
                1.99956292667e-18,
                2.18504163543e-18,
                4.95618209388e-18,
                1.888925245e-18,
                3.23805661728e-18,
                3.37072397982e-18,
                4.64976461649e-18,
                7.83233085635e-18,
                6.91328480573e-18,
                6.90328253777e-18,
                9.30659418258e-18,
                1.11611339431e-17,
                8.39834490692e-18,
                1.11026985959e-17,
                1.99153178875e-17,
                1.75986728506e-17,
                1.51046670554e-17,
                2.02159087046e-17,
                1.71243956115e-17,
                1.71198527355e-17,
                1.54346558716e-17,
                1.64921401103e-17,
                1.0606901426e-17,
                9.26404401187e-18,
                5.93739779856e-18,
                3.53702305851e-18,
                1.2167086484e-18,
                3.51596531486e-19,
                4.31663847232e-20
            ],
            "var": [
                0.0105349468067,
                0.414265751839,
                4.85136175156,
                20.4859218597,
                129.371368408,
                317.168151855,
                1649.29125977,
                4903.51904297,
                3475.99658203,
                4009.63647461,
                19714.8300781,
                72532.3671875,
                15317.5703125,
                12213.0283203,
                8514.41113281,
                7561.31640625,
                6763.25585938,
                3494.47827148,
                3564.44360352,
                1325.22790527,
                1785.23132324,
                2950.57592773,
                1312.26123047,
                80.3427047729,
                144.365524292,
                567.886047363,
                105.982345581,
                195.538208008,
                1520.32836914,
                469.04309082,
                192.745651245,
                38.3449058533,
                9.76895332336,
                4.07002449036,
                0.57206761837,
                0.0284435693175,
                0.0017721594777,
                4.34431276517e-05,
                1.69711213971e-07,
                7.46890771453e-10
            ]
        },
        "erbbands_crest": {
            "dmean": 2.73668575287,
            "dmean2": 4.15994977951,
            "dvar": 7.94904279709,
            "dvar2": 17.1077919006,
            "max": 32.3840103149,
            "mean": 13.8727416992,
            "median": 12.5573272705,
            "min": 2.5644826889,
            "var": 39.7432899475
        },
        "erbbands_flatness_db": {
            "dmean": 0.0198324825615,
            "dmean2": 0.0279010608792,
            "dvar": 0.000569575815462,
            "dvar2": 0.0010916601168,
            "max": 0.523471415043,
            "mean": 0.243113711476,
            "median": 0.228456526995,
            "min": 0.0350231900811,
            "var": 0.00733279390261
        },
        "erbbands_kurtosis": {
            "dmean": 1.88772249222,
            "dmean2": 2.80013632774,
            "dvar": 8.63642406464,
            "dvar2": 18.0364837646,
            "max": 81.7018432617,
            "mean": 3.23735690117,
            "median": 1.40372133255,
            "min": -1.89288711548,
            "var": 32.9768791199
        },
        "erbbands_skewness": {
            "dmean": 0.450006365776,
            "dmean2": 0.639442980289,
            "dvar": 0.258289068937,
            "dvar2": 0.497430294752,
            "max": 6.66691684723,
            "mean": 0.937550425529,
            "median": 0.863598108292,
            "min": -6.53184318542,
            "var": 1.56112420559
        },
        "erbbands_spread": {
            "dmean": 7.10564517975,
            "dmean2": 10.6869287491,
            "dvar": 125.312538147,
            "dvar2": 280.78805542,
            "max": 126.821929932,
            "mean": 27.2197666168,
            "median": 19.6240768433,
            "min": 0.624320328236,
            "var": 469.910919189
        },
        "gfcc": {
            "cov": [
                [
                    26061.1015625,
                    -5747.46044922,
                    -3819.78344727,
                    3295.80957031,
                    -1726.9909668,
                    1564.50695801,
                    -596.972351074,
                    678.075256348,
                    -416.341888428,
                    385.15057373,
                    -818.034973145,
                    464.318328857,
                    -298.600738525
                ],
                [
                    -5747.46044922,
                    4700.88134766,
                    1135.44335938,
                    -1517.24511719,
                    1146.41088867,
                    -672.906311035,
                    343.404266357,
                    -352.579437256,
                    232.343811035,
                    -446.972503662,
                    347.530059814,
                    -359.483917236,
                    26.5097846985
                ],
                [
                    -3819.78344727,
                    1135.44335938,
                    1460.90612793,
                    -344.765167236,
                    242.795333862,
                    -57.3314170837,
                    118.775588989,
                    -85.2599868774,
                    -9.09771633148,
                    -82.3214035034,
                    88.094329834,
                    -71.175491333,
                    -16.4122104645
                ],
                [
                    3295.80957031,
                    -1517.24511719,
                    -344.765167236,
                    1219.35778809,
                    -302.41519165,
                    323.547546387,
                    -120.725585938,
                    88.7538833618,
                    5.57891273499,
                    56.6202545166,
                    -182.506576538,
                    90.2625579834,
                    -22.9220485687
                ],
                [
                    -1726.9909668,
                    1146.41088867,
                    242.795333862,
                    -302.41519165,
                    609.915710449,
                    -149.021347046,
                    89.5730667114,
                    -39.1892242432,
                    41.2646408081,
                    -107.598930359,
                    54.6668739319,
                    -87.5048828125,
                    -3.51090621948
                ],
                [
                    1564.50695801,
                    -672.906311035,
                    -57.3314170837,
                    323.547546387,
                    -149.021347046,
                    459.485351562,
                    94.5979385376,
                    111.547821045,
                    -40.5264587402,
                    98.3663787842,
                    -57.5237045288,
                    57.5830307007,
                    -28.7063980103
                ],
                [
                    -596.972351074,
                    343.404266357,
                    118.775588989,
                    -120.725585938,
                    89.5730667114,
                    94.5979385376,
                    315.390258789,
                    75.1517868042,
                    17.6961288452,
                    27.5765838623,
                    30.1023807526,
                    -25.1794261932,
                    -3.90832734108
                ],
                [
                    678.075256348,
                    -352.579437256,
                    -85.2599868774,
                    88.7538833618,
                    -39.1892242432,
                    111.547821045,
                    75.1517868042,
                    235.329467773,
                    -19.0385246277,
                    79.1184844971,
                    -29.3770942688,
                    20.3631305695,
                    -6.64958524704
                ],
                [
                    -416.341888428,
                    232.343811035,
                    -9.09771633148,
                    5.57891273499,
                    41.2646408081,
                    -40.5264587402,
                    17.6961288452,
                    -19.0385246277,
                    219.088043213,
                    7.62418842316,
                    16.7542934418,
                    -11.892821312,
                    51.0161247253
                ],
                [
                    385.15057373,
                    -446.972503662,
                    -82.3214035034,
                    56.6202545166,
                    -107.598930359,
                    98.3663787842,
                    27.5765838623,
                    79.1184844971,
                    7.62418842316,
                    207.500061035,
                    8.89295387268,
                    43.3695068359,
                    21.4461021423
                ],
                [
                    -818.034973145,
                    347.530059814,
                    88.094329834,
                    -182.506576538,
                    54.6668739319,
                    -57.5237045288,
                    30.1023807526,
                    -29.3770942688,
                    16.7542934418,
                    8.89295387268,
                    185.985122681,
                    11.7537498474,
                    23.1082248688
                ],
                [
                    464.318328857,
                    -359.483917236,
                    -71.175491333,
                    90.2625579834,
                    -87.5048828125,
                    57.5830307007,
                    -25.1794261932,
                    20.3631305695,
                    -11.892821312,
                    43.3695068359,
                    11.7537498474,
                    167.959350586,
                    39.631149292
                ],
                [
                    -298.600738525,
                    26.5097846985,
                    -16.4122104645,
                    -22.9220485687,
                    -3.51090621948,
                    -28.7063980103,
                    -3.90832734108,
                    -6.64958524704,
                    51.0161247253,
                    21.4461021423,
                    23.1082248688,
                    39.631149292,
                    144.405883789
                ]
            ],
            "icov": [
                [
                    0.000208564553759,
                    -0.000407547311625,
                    0.000522890593857,
                    -0.000459016649984,
                    0.000506344251335,
                    -0.000513791805133,
                    0.000506375567056,
                    -0.000435498397565,
                    0.000472739862744,
                    -0.000312937394483,
                    0.000481731258333,
                    -0.000404469028581,
                    0.000309856288368
                ],
                [
                    -0.000407547311625,
                    0.00210354663432,
                    -0.00136978679802,
                    0.00163698499091,
                    -0.00215034885332,
                    0.00135689845774,
                    -0.00186106085312,
                    0.00157129799481,
                    -0.00182641134597,
                    0.0020410423167,
                    -0.00181980058551,
                    0.00175796588883,
                    -0.000734413682949
                ],
                [
                    0.000522890593857,
                    -0.00136978679802,
                    0.00220392551273,
                    -0.00121537200175,
                    0.0013972184388,
                    -0.00151828373782,
                    0.00129092507996,
                    -0.00102090381552,
                    0.0015139747411,
                    -0.00101054413244,
                    0.00125232117716,
                    -0.00114176119678,
                    0.00083849800285
                ],
                [
                    -0.000459016649984,
                    0.00163698499091,
                    -0.00121537200175,
                    0.00280183320865,
                    -0.00150570797268,
                    0.000446177320555,
                    -0.000999348354526,
                    0.00117968721315,
                    -0.00198180484585,
                    0.00175481045153,
                    -0.000723807606846,
                    0.00112432858441,
                    -0.00061689998256
                ],
                [
                    0.000506344251335,
                    -0.00215034885332,
                    0.0013972184388,
                    -0.00150570797268,
                    0.00454103108495,
                    -0.00119104678743,
                    0.00146204885095,
                    -0.00189321278594,
                    0.00161484931596,
                    -0.00111077690963,
                    0.001750211115,
                    -0.00130210886709,
                    0.000859337684233
                ],
                [
                    -0.000513791805133,
                    0.00135689845774,
                    -0.00151828373782,
                    0.000446177320555,
                    -0.00119104678743,
                    0.00510361464694,
                    -0.00291345547885,
                    0.000792519596871,
                    -0.000874098623171,
                    0.000181724113645,
                    -0.00105639768299,
                    0.00054306309903,
                    -0.000168190861586
                ],
                [
                    0.000506375567056,
                    -0.00186106085312,
                    0.00129092507996,
                    -0.000999348354526,
                    0.00146204885095,
                    -0.00291345547885,
                    0.00632417248562,
                    -0.00285118445754,
                    0.00117020308971,
                    -0.00175061053596,
                    0.0012502328027,
                    -0.000983564648777,
                    0.000789510726463
                ],
                [
                    -0.000435498397565,
                    0.00157129799481,
                    -0.00102090381552,
                    0.00117968721315,
                    -0.00189321278594,
                    0.000792519596871,
                    -0.00285118445754,
                    0.00709063187242,
                    -0.000953248993028,
                    -0.000332993076881,
                    -0.000727718987036,
                    0.00115973793436,
                    -0.000572500575799
                ],
                [
                    0.000472739862744,
                    -0.00182641134597,
                    0.0015139747411,
                    -0.00198180484585,
                    0.00161484931596,
                    -0.000874098623171,
                    0.00117020308971,
                    -0.000953248993028,
                    0.00705928821117,
                    -0.00223958608694,
                    0.00140998035204,
                    -0.000829919415992,
                    -0.0011356016621
                ],
                [
                    -0.000312937394483,
                    0.0020410423167,
                    -0.00101054413244,
                    0.00175481045153,
                    -0.00111077690963,
                    0.000181724113645,
                    -0.00175061053596,
                    -0.000332993076881,
                    -0.00223958608694,
                    0.0087146051228,
                    -0.002496259287,
                    0.00107418524567,
                    -0.00131004443392
                ],
                [
                    0.000481731258333,
                    -0.00181980058551,
                    0.00125232117716,
                    -0.000723807606846,
                    0.001750211115,
                    -0.00105639768299,
                    0.0012502328027,
                    -0.000727718987036,
                    0.00140998035204,
                    -0.002496259287,
                    0.00854326318949,
                    -0.00271483627148,
                    0.000441065989435
                ],
                [
                    -0.000404469028581,
                    0.00175796588883,
                    -0.00114176119678,
                    0.00112432858441,
                    -0.00130210886709,
                    0.00054306309903,
                    -0.000983564648777,
                    0.00115973793436,
                    -0.000829919415992,
                    0.00107418524567,
                    -0.00271483627148,
                    0.0091434372589,
                    -0.00294854445383
                ],
                [
                    0.000309856288368,
                    -0.000734413682949,
                    0.00083849800285,
                    -0.00061689998256,
                    0.000859337684233,
                    -0.000168190861586,
                    0.000789510726463,
                    -0.000572500575799,
                    -0.0011356016621,
                    -0.00131004443392,
                    0.000441065989435,
                    -0.00294854445383,
                    0.00901467725635
                ]
            ],
            "mean": [
                -85.2133331299,
                129.560241699,
                -109.406745911,
                10.2227163315,
                -73.0032119751,
                2.3377764225,
                -38.1365318298,
                -2.85335254669,
                -13.1141862869,
                -6.07459449768,
                -15.9773483276,
                3.68614959717,
                -5.45631170273
            ]
        },
        "hfc": {
            "dmean": 4.73082256317,
            "dmean2": 6.49399471283,
            "dvar": 57.1262054443,
            "dvar2": 104.725357056,
            "max": 155.622390747,
            "mean": 20.6464118958,
            "median": 14.9755001068,
            "min": 1.17672913997e-16,
            "var": 358.419586182
        },
        "melbands": {
            "dmean": [
                0.000131554101245,
                0.000191510436707,
                0.000187045239727,
                0.000215972017031,
                0.000323729764204,
                0.000367108063074,
                0.000147868486238,
                0.000147363898577,
                0.000189665734069,
                0.000248580297921,
                7.8974677308e-05,
                4.71669663966e-05,
                4.70483937534e-05,
                4.424540748e-05,
                3.59085825039e-05,
                3.68319560948e-05,
                2.17452125071e-05,
                2.38847605942e-05,
                1.60867621162e-05,
                1.01832592918e-05,
                8.17842828837e-06,
                1.50519699673e-05,
                1.15242810352e-05,
                4.74802482131e-06,
                1.40641532198e-06,
