{
    "lowlevel": {
        "average_loudness": 0.920146524906,
        "barkbands": {
            "dmean": [
                2.66850456683e-05,
                0.000605922017712,
                0.00136267824564,
                0.00294975703582,
                0.00381674035452,
                0.000825829454698,
                0.000722975179087,
                0.00100451870821,
                0.000436353409896,
                0.000499632034916,
                0.000188808975508,
                0.000264833972324,
                0.00021991803078,
                0.000170929066371,
                6.87174542691e-05,
                5.48846801394e-05,
                5.69136573176e-05,
                6.68033171678e-05,
                2.80077838397e-05,
                2.25619969569e-05,
                2.54599635809e-05,
                7.0167821832e-05,
                0.000118358810141,
                0.000127437888295,
                8.11928039184e-05,
                4.05614591727e-05,
                9.21814989852e-06
            ],
            "dmean2": [
                3.92757683585e-05,
                0.00104374124203,
                0.00227989372797,
                0.00476352497935,
                0.00589582091197,
                0.00127212225925,
                0.00109039305244,
                0.00143776286859,
                0.000613029755186,
                0.000640606100205,
                0.000280131294858,
                0.00036918578553,
                0.000311805051751,
                0.000246807030635,
                0.00010552770982,
                8.46091861604e-05,
                8.66199770826e-05,
                0.000100439079688,
                4.29765314038e-05,
                3.59590521839e-05,
                3.96256000386e-05,
                0.000109084241558,
                0.000182818985195,
                0.000193042083993,
                0.000126998711494,
                6.44984829705e-05,
                1.51131989696e-05
            ],
            "dvar": [
                5.97997074081e-09,
                1.15484181151e-06,
                4.61488070869e-06,
                3.94648959627e-05,
                4.1026280087e-05,
                3.14905469168e-06,
                3.26952340401e-06,
                8.71084102982e-06,
                1.53514156409e-06,
                2.54808992395e-06,
                6.85873771999e-07,
                9.51475612965e-07,
                6.48932598324e-07,
                2.80788583495e-07,
                5.03449584244e-08,
                3.42162209677e-08,
                3.55910145799e-08,
                2.87287953427e-08,
                1.16955218843e-08,
                6.79116052282e-09,
                7.16060544192e-09,
                4.60932412238e-08,
                1.427722367e-07,
                2.18294331944e-07,
                9.16533551276e-08,
                1.64389977186e-08,
                1.29872412824e-09
            ],
            "dvar2": [
                1.27398083194e-08,
                3.38551421919e-06,
                1.25443593788e-05,
                0.000100974895759,
                9.64732680586e-05,
                6.84526321493e-06,
                6.96824326951e-06,
                1.73338630702e-05,
                2.79461733044e-06,
                3.91733965444e-06,
                1.31992248953e-06,
                1.83846987056e-06,
                1.30536705001e-06,
                5.26123585587e-07,
                1.12746448622e-07,
                7.53010738208e-08,
                8.11675491263e-08,
                5.88550754799e-08,
                2.50085978593e-08,
                1.61410813604e-08,
                1.69870890687e-08,
                1.03409902863e-07,
                3.1367156339e-07,
                4.75180939929e-07,
                2.08845278848e-07,
                3.87728356088e-08,
                3.10600456466e-09
            ],
            "max": [
                0.00173505523708,
                0.017228955403,
                0.0393764078617,
                0.109311550856,
                0.132780343294,
                0.0469881556928,
                0.0494777448475,
                0.0542313307524,
                0.0353095978498,
                0.0532428212464,
                0.0383294858038,
                0.0271245390177,
                0.0233973488212,
                0.0147067643702,
                0.00855553150177,
                0.00445352029055,
                0.0058454987593,
                0.00455556437373,
                0.00482437107712,
                0.00277718272991,
                0.00222573615611,
                0.0059519293718,
                0.00848151929677,
                0.0107705658302,
                0.00919486861676,
                0.00344153051265,
                0.00116300676018
            ],
            "mean": [
                3.82808539143e-05,
                0.00400267215446,
                0.00427578389645,
                0.00543592777103,
                0.00804810691625,
                0.00177734100726,
                0.00165793439373,
                0.00187867053319,
                0.00100326281972,
                0.00127692485694,
                0.000333937816322,
                0.000486309349071,
                0.00037806405453,
                0.000306888890918,
                9.48722517933e-05,
                8.65016190801e-05,
                0.000102883779618,
                0.00012155710283,
                4.28740058851e-05,
                3.04419663735e-05,
                3.5844190279e-05,
                0.000107733350887,
                0.000186637538718,
                0.000180136965355,
                0.000104258171632,
                5.32599042344e-05,
                1.1034738236e-05
            ],
            "median": [
                2.89395188702e-06,
                0.00387798156589,
                0.00268270517699,
                0.00190439552534,
                0.00481836730614,
                0.00073433527723,
                0.000637284945697,
                0.000265410752036,
                0.000122044271848,
                9.17654760997e-05,
                4.08949781558e-05,
                6.80046650814e-05,
                3.64675943274e-05,
                2.97990936815e-05,
                2.28922381211e-05,
                2.33851988014e-05,
                2.52135159826e-05,
                2.8854708944e-05,
                1.05625304059e-05,
                8.49574098538e-06,
                5.7448141888e-06,
                1.19616170196e-05,
                2.36965333897e-05,
                1.63771455846e-05,
                1.35128020702e-05,
                8.80135939951e-06,
                8.8690882194e-07
            ],
            "min": [
                1.00440472301e-24,
                1.91141155107e-23,
                3.34821030277e-23,
                6.59061179673e-24,
                1.13270880773e-23,
                4.39354109011e-24,
                1.9401387098e-23,
                3.86953060971e-23,
                3.17727013995e-23,
                5.736214063e-23,
                1.53462902132e-23,
                5.44971619053e-23,
                1.03650819852e-22,
                1.75480417049e-22,
                7.74442294922e-23,
                1.48678053689e-22,
                1.21278162904e-22,
                1.71066292211e-22,
                2.00608577753e-22,
                4.30061065645e-22,
                4.40632962978e-22,
                4.92449638637e-22,
                5.27909251871e-22,
                8.02854464643e-22,
                1.03872579381e-21,
                1.73202431617e-21,
                2.32727043199e-21
            ],
            "var": [
                9.39388478116e-09,
                1.36644248414e-05,
                2.14113260881e-05,
                7.97137618065e-05,
                9.10684611881e-05,
                9.48544220591e-06,
                1.0339263099e-05,
                2.23208644456e-05,
                7.03079558662e-06,
                1.7007569113e-05,
                2.19744856622e-06,
                2.51453207056e-06,
                1.47180685417e-06,
                9.53671701609e-07,
                6.68426238803e-08,
                5.44987024398e-08,
                7.26188815747e-08,
                7.22934103692e-08,
                2.5915145585e-08,
                8.6248457265e-09,
                1.13860698647e-08,
                8.55126174315e-08,
                2.59628961885e-07,
                3.43777742273e-07,
                1.2394447424e-07,
                2.35168133855e-08,
                2.480706085e-09
            ]
        },
        "barkbands_crest": {
            "dmean": 2.09466695786,
            "dmean2": 3.36539912224,
            "dvar": 4.09960174561,
            "dvar2": 10.4298200607,
            "max": 26.5065155029,
            "mean": 11.6481971741,
            "median": 11.0667648315,
            "min": 3.08101415634,
            "var": 15.0221195221
        },
        "barkbands_flatness_db": {
            "dmean": 0.0265677962452,
            "dmean2": 0.0385740548372,
            "dvar": 0.000989770865999,
            "dvar2": 0.00198533362709,
            "max": 0.640305638313,
            "mean": 0.21524554491,
            "median": 0.198143154383,
            "min": 0.0381180644035,
            "var": 0.00609337026253
        },
        "barkbands_kurtosis": {
            "dmean": 7.08326816559,
            "dmean2": 11.3160247803,
            "dvar": 162.05355835,
            "dvar2": 412.423980713,
            "max": 266.606292725,
            "mean": 15.2880620956,
            "median": 9.63314533234,
            "min": -1.94835841656,
            "var": 406.800750732
        },
        "barkbands_skewness": {
            "dmean": 0.685563862324,
            "dmean2": 1.05429697037,
            "dvar": 0.721609771252,
            "dvar2": 1.74865031242,
            "max": 12.3702335358,
            "mean": 2.54414343834,
            "median": 2.44775223732,
            "min": -13.4983549118,
            "var": 2.69924712181
        },
        "barkbands_spread": {
            "dmean": 5.01814508438,
            "dmean2": 7.73284292221,
            "dvar": 108.095222473,
            "dvar2": 221.938278198,
            "max": 118.459617615,
            "mean": 13.0688142776,
            "median": 8.14134311676,
            "min": 0.178701028228,
            "var": 261.79498291
        },
        "dissonance": {
            "dmean": 0.0308102555573,
            "dmean2": 0.0503038018942,
            "dvar": 0.000826957810204,
            "dvar2": 0.00217054202221,
            "max": 0.500000059605,
            "mean": 0.417087823153,
            "median": 0.424706727266,
            "min": 0.119279302657,
            "var": 0.00248775142245
        },
        "dynamic_complexity": 3.56039619446,
        "erbbands": {
            "dmean": [
                0.00858538970351,
                0.175673738122,
                1.20900225639,
                5.98298597336,
                9.71468067169,
                14.3979768753,
                14.8844060898,
                4.86645793915,
                9.77808666229,
                12.177781105,
                21.5654010773,
                10.7573413849,
                12.8559532166,
                10.9013586044,
                9.54464530945,
                7.8568072319,
                9.65431594849,
                7.3867650032,
                6.18276405334,
                3.31586956978,
                2.98312544823,
                3.05683994293,
                3.7698032856,
                1.89054656029,
                1.42095458508,
                1.02023839951,
                0.796568274498,
                1.2984982729,
                2.33731436729,
                3.52774620056,
                3.25520253181,
                2.41383552551,
                2.2852370739,
                1.1007168293,
                0.494626373053,
                0.210533112288,
                0.0702106356621,
                0.0144297517836,
                0.00160795962438,
                6.50146685075e-05
            ],
            "dmean2": [
                0.0144078088924,
                0.301934480667,
                2.02433228493,
                9.95093631744,
                14.9079256058,
                22.9878921509,
                23.3217926025,
                7.29758405685,
                15.1245088577,
                17.4908332825,
                30.5833969116,
                14.8798999786,
                16.1731948853,
                14.8002500534,
                13.7839155197,
                11.0605306625,
                13.5277042389,
                10.5875988007,
                8.90221786499,
                5.01013946533,
                4.57310295105,
                4.51836109161,
                5.6234254837,
                2.79996204376,
                2.18735289574,
                1.60671985149,
                1.25414097309,
                1.99294888973,
                3.64312076569,
                5.45689725876,
                5.01077651978,
                3.68187022209,
                3.49712896347,
                1.70962154865,
                0.785891830921,
                0.332383066416,
                0.113216653466,
                0.0232648979872,
                0.00262399064377,
                0.00010431240662
            ],
            "dvar": [
                0.000436776492279,
                0.0905613228679,
                3.28935027122,
                152.993942261,
                358.929748535,
                688.699645996,
                923.721191406,
                142.065841675,
                618.793395996,
                1360.05932617,
                4417.27783203,
                877.926818848,
                1796.1895752,
                1209.87890625,
                1079.40820313,
                969.369384766,
                1430.5168457,
                548.464172363,
                362.406829834,
                156.35647583,
                85.8941040039,
                115.270767212,
                87.4651947021,
                43.0819206238,
                32.3352890015,
                13.0063648224,
                7.59006023407,
                17.6951999664,
                52.3867301941,
                118.382415771,
                113.391937256,
                82.7046508789,
                72.5193710327,
                19.8687610626,
                3.02396726608,
                0.570445001125,
                0.0418255478144,
                0.0022428156808,
                4.05808787036e-05,
                6.92500705668e-08
            ],
            "dvar2": [
                0.0011459562229,
                0.268408894539,
                8.65376758575,
                413.160644531,
                873.487670898,
                1732.98620605,
                2238.0012207,
                260.888427734,
                1341.29431152,
                2942.91796875,
                8902.14648438,
                1575.86804199,
                2819.12036133,
                2255.69824219,
                2135.58984375,
                2056.1315918,
                2891.04516602,
                1046.72351074,
                664.123474121,
                358.902893066,
                187.506393433,
                260.698516846,
                181.841323853,
                90.5358581543,
                71.8025283813,
                30.0682468414,
                17.4741764069,
                40.9272575378,
                119.608329773,
                262.179138184,
                251.22605896,
                185.045257568,
                159.558227539,
                44.9542007446,
                7.02112627029,
                1.33328306675,
                0.0990865007043,
                0.00524687301368,
                9.46986983763e-05,
                1.67510407323e-07
            ],
            "max": [
                0.558197259903,
                4.94453525543,
                39.3274078369,
                241.614471436,
                345.436645508,
                598.635375977,
                605.914428711,
                480.57611084,
                756.29095459,
                1073.24743652,
                1409.6328125,
                1109.44360352,
                1615.49609375,
                1277.59558105,
                1012.45892334,
                860.565673828,
                1271.1574707,
                704.891540527,
                552.798217773,
                438.605560303,
                231.837905884,
                381.564117432,
                291.25112915,
                273.358306885,
                210.805252075,
                112.878372192,
                65.415397644,
                124.061462402,
                172.594314575,
                229.43699646,
                264.262237549,
                251.976028442,
                226.544235229,
                142.396194458,
                36.3405151367,
                25.0938167572,
                4.17837095261,
                1.38533115387,
                0.188821360469,
                0.0117408884689
            ],
            "mean": [
                0.0649712458253,
                1.11093747616,
                4.75629997253,
                12.0958938599,
                19.6063423157,
                27.2968444824,
                30.595369339,
                11.7964401245,
                22.1681575775,
                26.7849884033,
                40.5363121033,
                25.0172290802,
                31.9397926331,
                25.9171543121,
                20.076215744,
                14.3468952179,
                17.853012085,
                13.8710718155,
                10.6117916107,
                5.08028173447,
                5.21711111069,
                6.01305961609,
                7.20877313614,
                3.23492527008,
                2.16325235367,
                1.43187010288,
                1.12533044815,
                1.87902355194,
                3.50979423523,
                5.58931827545,
                5.07063007355,
                3.49893522263,
                3.10579895973,
                1.41428005695,
                0.620945155621,
                0.271987318993,
                0.0903723016381,
                0.0182920955122,
                0.00196808576584,
                0.000107551939436
            ],
            "median": [
                0.033230625093,
                1.07148528099,
                3.1456694603,
                5.99299192429,
                9.44688510895,
                14.8700370789,
                13.6601705551,
                5.23537492752,
                8.42370891571,
                9.1598033905,
                7.71246337891,
                4.86604404449,
                2.69758963585,
                3.51893854141,
                3.62465548515,
                2.38816595078,
                2.03428268433,
                1.33877527714,
                1.65554857254,
                1.17890322208,
                1.59363341331,
                1.61795496941,
                1.91469800472,
                0.755094647408,
                0.612966835499,
                0.419002681971,
                0.232744008303,
                0.24750611186,
                0.377463191748,
                0.707168400288,
                0.644915282726,
                0.336450874805,
                0.298321068287,
                0.167051419616,
                0.0779341906309,
                0.0398391410708,
                0.0145850060508,
                0.00225311005488,
                0.000185588956811,
                4.65874763904e-05
            ],
            "min": [
                2.54635641668e-22,
                6.05706153937e-21,
                3.60491385558e-20,
                2.65707263326e-20,
                1.84135574233e-20,
                4.95009661658e-20,
                3.76681927397e-20,
                5.82015846596e-20,
                1.48740645069e-19,
                7.09175233161e-19,
                9.68102720623e-19,
                8.79431647294e-19,
                1.71072065915e-18,
                6.62766523388e-19,
                2.99935834868e-18,
                3.46897339105e-18,
                4.8256620922e-18,
                8.40554965005e-18,
                4.63237024897e-18,
                8.05975175806e-18,
                8.03622674144e-18,
                7.10366166448e-18,
                8.98874755067e-18,
                9.12355813818e-18,
                1.28451934337e-17,
                1.96750632786e-17,
                1.66945148102e-17,
                1.83353069645e-17,
                1.822603806e-17,
                1.51586058488e-17,
                1.63681043774e-17,
                1.62067462553e-17,
                1.40538316945e-17,
                9.15828235311e-18,
                8.60701362414e-18,
                5.50632544363e-18,
                3.44684238056e-18,
                1.33938284196e-18,
                3.02244299503e-19,
                3.1325174701e-20
            ],
            "var": [
                0.00706165283918,
                0.973088502884,
                22.3418388367,
                294.980133057,
                725.092956543,
                1296.8717041,
                1941.22387695,
                551.487854004,
                2061.50756836,
                3049.63012695,
                10192.6572266,
                3968.16723633,
                10684.1474609,
                5277.26367188,
                3281.70800781,
                2011.34729004,
                3270.75390625,
                1624.45556641,
                1064.79211426,
                206.657913208,
                153.41116333,
                248.467453003,
                240.446426392,
                82.0353088379,
                53.783203125,
                17.9860782623,
                11.7075929642,
                30.2783126831,
                93.6747207642,
                226.414428711,
                196.94291687,
                129.548568726,
                107.934967041,
                26.7313022614,
                4.14249610901,
                0.740292549133,
                0.0643337070942,
                0.00420300895348,
                8.282741328e-05,
                1.33509374223e-07
            ]
        },
        "erbbands_crest": {
            "dmean": 2.50475931168,
            "dmean2": 3.91849565506,
            "dvar": 5.90635347366,
            "dvar2": 14.5773229599,
            "max": 28.8089237213,
            "mean": 10.9420347214,
            "median": 10.0463581085,
            "min": 2.5118355751,
            "var": 19.2169761658
        },
        "erbbands_flatness_db": {
            "dmean": 0.0224109496921,
            "dmean2": 0.0321658328176,
            "dvar": 0.000712626089808,
            "dvar2": 0.00144861964509,
            "max": 0.492568492889,
            "mean": 0.18055562675,
            "median": 0.174705296755,
            "min": 0.0426068417728,
            "var": 0.00374007900245
        },
        "erbbands_kurtosis": {
            "dmean": 2.24121856689,
            "dmean2": 3.52060866356,
            "dvar": 21.2459812164,
            "dvar2": 48.6877479553,
            "max": 139.919250488,
            "mean": 3.61931109428,
            "median": 2.08556556702,
            "min": -1.94776082039,
            "var": 50.7689819336
        },
        "erbbands_skewness": {
            "dmean": 0.482450127602,
            "dmean2": 0.722768604755,
            "dvar": 0.352344304323,
            "dvar2": 0.758982241154,
            "max": 10.4583263397,
            "mean": 1.23932290077,
            "median": 1.18002927303,
            "min": -5.49297046661,
            "var": 1.32501959801
        },
        "erbbands_spread": {
            "dmean": 10.4962892532,
            "dmean2": 16.1504306793,
            "dvar": 285.591430664,
            "dvar2": 638.175354004,
            "max": 171.333297729,
            "mean": 36.6788406372,
            "median": 25.9450550079,
            "min": 1.16583132744,
            "var": 881.316162109
        },
        "gfcc": {
            "cov": [
                [
                    13384.953125,
                    -3036.24267578,
                    -463.752197266,
                    349.402801514,
                    -1394.67272949,
                    981.894042969,
                    -354.708557129,
                    592.267578125,
                    58.2342262268,
                    361.471008301,
                    -264.218444824,
                    349.160888672,
                    -419.263763428
                ],
                [
                    -3036.24267578,
                    2653.18798828,
                    -302.345794678,
                    -481.878234863,
                    774.592590332,
                    -437.932647705,
                    278.789245605,
                    -85.3720855713,
                    14.7437391281,
                    -173.108016968,
                    185.435791016,
                    -146.349319458,
                    137.13432312
                ],
                [
                    -463.752197266,
                    -302.345794678,
                    874.050170898,
                    335.054718018,
                    -17.9800109863,
                    47.5605201721,
                    0.475867569447,
                    -42.1743469238,
                    23.7277336121,
                    59.9396133423,
                    -30.820848465,
                    36.6264724731,
                    60.7947349548
                ],
                [
                    349.402801514,
                    -481.878234863,
                    335.054718018,
                    622.188049316,
                    -36.7787322998,
                    -1.65222370625,
                    -52.3373565674,
                    0.0193418562412,
                    64.9429855347,
                    50.909702301,
                    -29.141002655,
                    37.5739097595,
                    31.7101078033
                ],
                [
                    -1394.67272949,
                    774.592590332,
                    -17.9800109863,
                    -36.7787322998,
                    547.272094727,
                    -160.095535278,
                    103.92590332,
                    -1.93273329735,
                    3.73227882385,
                    -25.2908763885,
                    72.687286377,
                    -52.089679718,
                    69.4685440063
                ],
                [
                    981.894042969,
                    -437.932647705,
                    47.5605201721,
                    -1.65222370625,
                    -160.095535278,
                    350.506744385,
                    47.0810241699,
                    69.314201355,
                    24.9391727448,
                    60.1292610168,
                    -5.7545876503,
                    23.1304283142,
                    -41.4363822937
                ],
                [
                    -354.708557129,
                    278.789245605,
                    0.475867569447,
                    -52.3373565674,
                    103.92590332,
                    47.0810241699,
                    248.95741272,
                    51.6835403442,
                    5.70944356918,
                    39.615776062,
                    48.492389679,
                    -6.65080165863,
                    15.7586889267
                ],
                [
                    592.267578125,
                    -85.3720855713,
                    -42.1743469238,
                    0.0193418562412,
                    -1.93273329735,
                    69.314201355,
                    51.6835403442,
                    187.913711548,
                    58.8377799988,
                    32.9005241394,
                    24.6374530792,
                    39.6545600891,
                    -12.6924362183
                ],
                [
                    58.2342262268,
                    14.7437391281,
                    23.7277336121,
                    64.9429855347,
                    3.73227882385,
                    24.9391727448,
                    5.70944356918,
                    58.8377799988,
                    161.248962402,
                    21.0954284668,
                    -0.588905215263,
                    27.1496448517,
                    -7.53133440018
                ],
                [
                    361.471008301,
                    -173.108016968,
                    59.9396133423,
                    50.909702301,
                    -25.2908763885,
                    60.1292610168,
                    39.615776062,
                    32.9005241394,
                    21.0954284668,
                    146.680831909,
                    9.35012531281,
                    5.98227453232,
                    -8.79891967773
                ],
                [
                    -264.218444824,
                    185.435791016,
                    -30.820848465,
                    -29.141002655,
                    72.687286377,
                    -5.7545876503,
                    48.492389679,
                    24.6374530792,
                    -0.588905215263,
                    9.35012531281,
                    103.637878418,
                    12.871752739,
                    13.4096498489
                ],
                [
                    349.160888672,
                    -146.349319458,
                    36.6264724731,
                    37.5739097595,
                    -52.089679718,
                    23.1304283142,
                    -6.65080165863,
                    39.6545600891,
                    27.1496448517,
                    5.98227453232,
                    12.871752739,
                    118.249961853,
                    5.9515581131
                ],
                [
                    -419.263763428,
                    137.13432312,
                    60.7947349548,
                    31.7101078033,
                    69.4685440063,
                    -41.4363822937,
                    15.7586889267,
                    -12.6924362183,
                    -7.53133440018,
                    -8.79891967773,
                    13.4096498489,
                    5.9515581131,
                    94.9178695679
                ]
            ],
            "icov": [
                [
                    0.000199976551812,
                    -0.000101688572613,
                    0.000176530520548,
                    -0.000223432449275,
                    0.000281737797195,
                    -0.000386373285437,
                    0.000353291892679,
                    -0.000585220113862,
                    0.000403183774324,
                    -0.000409142929129,
                    0.000472555722808,
                    -0.000429373467341,
                    0.000434258312453
                ],
                [
                    -0.000101688572613,
                    0.00142803881317,
                    -5.70133452129e-05,
                    0.000973838905338,
                    -0.00112241343595,
                    0.001227887813,
                    -0.00129235070199,
                    0.000941481208429,
                    -0.00133809575345,
                    0.00124489457812,
                    -0.00145431153942,
                    0.00110359035898,
                    -0.000957722601015
                ],
                [
                    0.000176530520548,
                    -5.70133452129e-05,
                    0.00175449019298,
                    -0.000936444732361,
                    0.000151320709847,
                    -0.000656777061522,
                    0.000122347657452,
                    6.92046960467e-05,
                    0.000336174707627,
                    -0.000744910503272,
                    0.000818708387669,
                    -0.000763975724112,
                    -0.000467437144835
                ],
                [
                    -0.000223432449275,
                    0.000973838905338,
                    -0.000936444732361,
                    0.00302414852194,
                    -0.000862655288074,
                    0.00128840701655,
                    -0.000595687422901,
                    0.000983962556347,
                    -0.00187296257354,
                    0.000513696111739,
                    -0.000992987072095,
                    0.00078069313895,
                    -0.00138978299219
                ],
                [
                    0.000281737797195,
                    -0.00112241343595,
                    0.000151320709847,
                    -0.000862655288074,
                    0.00398339284584,
                    -5.92206779402e-05,
                    0.000278208171949,
                    -0.00154073315207,
                    0.000886067398824,
                    -0.000947677937802,
                    6.20206919848e-05,
                    0.000151230022311,
                    -0.00017185411707
                ],
                [
                    -0.000386373285437,
                    0.001227887813,
                    -0.000656777061522,
                    0.00128840701655,
                    -5.92206779402e-05,
                    0.00556474691257,
                    -0.00243528257124,
                    0.000540147884749,
                    -0.00176273309626,
                    0.000747832935303,
                    -0.00187359121628,
                    0.00161526561715,
                    -0.000448387349024
                ],
                [
                    0.000353291892679,
                    -0.00129235070199,
                    0.000122347657452,
                    -0.000595687422901,
                    0.000278208171949,
                    -0.00243528257124,
                    0.00696342578158,
                    -0.0025842199102,
                    0.00183344853576,
                    -0.00270137889311,
                    0.00039741047658,
                    -0.000995915615931,
                    0.000681283941958
                ],
                [
                    -0.000585220113862,
                    0.000941481208429,
                    6.92046960467e-05,
                    0.000983962556347,
                    -0.00154073315207,
                    0.000540147884749,
                    -0.0025842199102,
                    0.00950534269214,
                    -0.00382509734482,
                    0.000938927230891,
                    -0.00274180457927,
                    -0.000375620409613,
                    -0.00106028572191
                ],
                [
                    0.000403183774324,
                    -0.00133809575345,
                    0.000336174707627,
                    -0.00187296257354,
                    0.000886067398824,
                    -0.00176273309626,
                    0.00183344853576,
                    -0.00382509734482,
                    0.00930058769882,
                    -0.00208334508352,
                    0.00260986201465,
                    -0.00266106729396,
                    0.00223362119868
                ],
                [
                    -0.000409142929129,
                    0.00124489457812,
                    -0.000744910503272,
                    0.000513696111739,
                    -0.000947677937802,
                    0.000747832935303,
                    -0.00270137889311,
                    0.000938927230891,
                    -0.00208334508352,
                    0.00981121510267,
                    -0.00266497326083,
                    0.00209391000681,
                    -0.000716814305633
                ],
                [
                    0.000472555722808,
                    -0.00145431153942,
                    0.000818708387669,
                    -0.000992987072095,
                    6.20206919848e-05,
                    -0.00187359121628,
                    0.00039741047658,
                    -0.00274180457927,
                    0.00260986201465,
                    -0.00266497326083,
                    0.0143612530082,
                    -0.0038692955859,
                    0.000873657583725
                ],
                [
                    -0.000429373467341,
                    0.00110359035898,
                    -0.000763975724112,
                    0.00078069313895,
                    0.000151230022311,
                    0.00161526561715,
                    -0.000995915615931,
                    -0.000375620409613,
                    -0.00266106729396,
                    0.00209391000681,
                    -0.0038692955859,
                    0.011965312995,
                    -0.00277358526364
                ],
                [
                    0.000434258312453,
                    -0.000957722601015,
                    -0.000467437144835,
                    -0.00138978299219,
                    -0.00017185411707,
                    -0.000448387349024,
                    0.000681283941958,
                    -0.00106028572191,
                    0.00223362119868,
                    -0.000716814305633,
                    0.000873657583725,
                    -0.00277358526364,
                    0.0144373774529
                ]
            ],
            "mean": [
                -48.0137939453,
                114.216270447,
                -68.1897583008,
                17.355178833,
                -53.6986846924,
                9.13770580292,
                -46.5229988098,
                2.41646623611,
                -24.3743724823,
                -10.5466661453,
                -18.3432006836,
                -0.291186958551,
                -18.47265625
            ]
        },
        "hfc": {
            "dmean": 5.48407793045,
            "dmean2": 7.96067380905,
            "dvar": 126.19543457,
            "dvar2": 269.656799316,
            "max": 227.260650635,
            "mean": 16.4681148529,
            "median": 10.4246463776,
            "min": 1.16737405811e-16,
            "var": 318.800750732
        },
        "melbands": {
            "dmean": [
                0.000115804366942,
                0.000488145975396,
                0.00110129849054,
                0.000827906478662,
                0.000559466367122,
                0.000115176000691,
                0.000146819249494,
                0.000159678602358,
                0.000161763236974,
                6.00865751039e-05,
                6.90594824846e-05,
                5.28840282641e-05,
                3.085798744e-05,
                3.41819795722e-05,
                1.5520661691e-05,
                2.32447400776e-05,
                1.38141112984e-05,
                1.26586355691e-05,
                4.5003384912e-06,
                3.77954302166e-06,
                3.64914785678e-06,
                3.13962777909e-06,
                3.98575684812e-06,
                3.27347743223e-06,
                1.45943033658e-06,
                1.06337972738e-06,
