{
    "lowlevel": {
        "average_loudness": 0.677945375443,
        "barkbands": {
            "dmean": [
                0.0111124143004,
                0.0122238369659,
                0.00228667492047,
                0.0017244516639,
                0.0012379536638,
                0.000550641037989,
                0.00154028832912,
                0.000781997572631,
                0.000545662711374,
                0.000340932689141,
                0.000495159707498,
                0.000494868319947,
                0.000331244285917,
                0.000276840350125,
                0.00019115456962,
                0.000174183922354,
                0.000161762523931,
                0.000160964336828,
                0.000150889507495,
                0.000230554869631,
                0.000314664503094,
                0.000420772586949,
                0.00168275623582,
                0.00111499766354,
                0.00048418881488,
                0.000177717825864,
                1.02080866782e-05
            ],
            "dmean2": [
                0.0188535638154,
                0.0192754380405,
                0.00415393104777,
                0.0031743219588,
                0.00211079232395,
                0.000970730092376,
                0.00238087284379,
                0.00127491389867,
                0.000812620157376,
                0.000516613246873,
                0.000756619556341,
                0.000763302494306,
                0.000509956735186,
                0.000434223242337,
                0.000289348245133,
                0.000267521973001,
                0.000243921283982,
                0.00024239832419,
                0.000214546933421,
                0.000349228881532,
                0.000464700104203,
                0.000655337120406,
                0.00291400123388,
                0.00190077431034,
                0.000792087812442,
                0.000282867986243,
                1.66861173057e-05
            ],
            "dvar": [
                0.00040449417429,
                0.00123199867085,
                0.000160541909281,
                0.000120193515613,
                3.95544739149e-05,
                4.81028882859e-06,
                1.2695121768e-05,
                4.86571570946e-06,
                2.24691007134e-06,
                1.26651173105e-06,
                2.17049819184e-06,
                2.43029990088e-06,
                1.04573462067e-06,
                8.16262684111e-07,
                3.41308890484e-07,
                2.94416480529e-07,
                2.87567786472e-07,
                5.10143024712e-07,
                2.91598382773e-07,
                7.69898406361e-07,
                1.45079877711e-06,
                1.85958276688e-06,
                1.89302372746e-05,
                7.45964325688e-06,
                1.22941264635e-06,
                2.09945866914e-07,
                1.23674559482e-09
            ],
            "dvar2": [
                0.00106012693141,
                0.00270231813192,
                0.000467779638711,
                0.000360724661732,
                0.000108792708488,
                1.35431901072e-05,
                2.90623302135e-05,
                1.19243213703e-05,
                4.33981267633e-06,
                2.73514410765e-06,
                4.93492598252e-06,
                5.02822513226e-06,
                2.35000220528e-06,
                1.88720844108e-06,
                7.37028074127e-07,
                7.02290606114e-07,
                6.62009483676e-07,
                1.14977081012e-06,
                5.56099394089e-07,
                1.74079104909e-06,
                3.12530778501e-06,
                3.82255893783e-06,
                4.99049492646e-05,
                1.91932067537e-05,
                2.92446429739e-06,
                4.7991915153e-07,
                2.78365597239e-09
            ],
            "max": [
                0.246394276619,
                0.471750110388,
                0.240943148732,
                0.16650660336,
                0.104564063251,
                0.0384203456342,
                0.0500644333661,
                0.0366096124053,
                0.032913569361,
                0.0324653349817,
                0.0226873401552,
                0.0252769496292,
                0.0222777295858,
                0.0207311827689,
                0.0123364822939,
                0.0112574724481,
                0.011163726449,
                0.013521278277,
                0.00993856880814,
                0.0181587245315,
                0.020897038281,
                0.0261446740478,
                0.0354857593775,
                0.02234650217,
                0.0123600382358,
                0.00730415340513,
                0.000748098187614
            ],
            "mean": [
                0.0450314544141,
                0.0709314271808,
                0.00282829976641,
                0.00161482091062,
                0.00138621812221,
                0.000561357883271,
                0.0022896763403,
                0.000802615715656,
                0.000780645466875,
                0.00048894144129,
                0.000571883865632,
                0.00057143921731,
                0.000383096368751,
                0.000290822499665,
                0.000238741151406,
                0.000237083382672,
                0.000239685410634,
                0.000159693110618,
                0.000163333665114,
                0.000222485614358,
                0.000305976136588,
                0.000397817464545,
                0.00131386390422,
                0.00088532891823,
                0.000418663810706,
                0.000156292691827,
                9.20969068829e-06
            ],
            "median": [
                0.0130691695958,
                0.0319421812892,
                0.000392515677959,
                0.000213184874156,
                0.000445101584774,
                0.000153601416969,
                0.000352892442606,
                0.000109013926703,
                0.000145755562698,
                5.24171409779e-05,
                3.39747602993e-05,
                3.25530709233e-05,
                3.09085444314e-05,
                1.77478050318e-05,
                1.98877096409e-05,
                1.63771765074e-05,
                1.99130317924e-05,
                8.56676979311e-06,
                1.0851236766e-05,
                1.16433820949e-05,
                1.85102144314e-05,
                1.39270232467e-05,
                1.15274260679e-05,
                1.52875763888e-05,
                9.75483635557e-06,
                3.80675442102e-06,
                1.67836702758e-07
            ],
            "min": [
                1.01463023389e-24,
                7.05685462413e-24,
                3.51047796546e-24,
                7.39109972284e-24,
                1.87951964017e-23,
                1.19884690602e-23,
                1.11208585374e-23,
                2.18973524684e-23,
                2.04263982483e-23,
                2.7692223704e-23,
                8.68864969418e-24,
                7.11901402356e-23,
                3.1989663392e-23,
                5.35730460647e-23,
                3.84679658505e-23,
                8.03844024384e-23,
                1.03142888093e-22,
                1.33524225027e-22,
                1.46311963223e-22,
                2.39293672835e-22,
                2.69454488436e-22,
                3.61518872722e-22,
                3.91952773036e-22,
                5.54099131002e-22,
                1.14711674632e-21,
                1.31641856494e-21,
                2.03568926606e-21
            ],
            "var": [
                0.00334699242376,
                0.00716413697228,
                0.00010427422967,
                7.01574972481e-05,
                2.94924320769e-05,
                3.40144765687e-06,
                2.23261577048e-05,
                5.22377558809e-06,
                4.36097388956e-06,
                2.86104250335e-06,
                2.99450039165e-06,
                3.51374796992e-06,
                1.48978870129e-06,
                9.78127104645e-07,
                5.63151218103e-07,
                4.43505143721e-07,
                5.09294466156e-07,
                5.82266295623e-07,
                3.9842623778e-07,
                7.96828828697e-07,
                1.57429371939e-06,
                2.09912855098e-06,
                1.3916322132e-05,
                5.86251826462e-06,
                1.19608273508e-06,
                2.20593392442e-07,
                1.38396760718e-09
            ]
        },
        "barkbands_crest": {
            "dmean": 2.25995659828,
            "dmean2": 3.61993670464,
            "dvar": 7.08767366409,
            "dvar2": 16.9589443207,
            "max": 26.0263557434,
            "mean": 13.548453331,
            "median": 13.6755371094,
            "min": 2.32400226593,
            "var": 19.7692451477
        },
        "barkbands_flatness_db": {
            "dmean": 0.0372833199799,
            "dmean2": 0.0478687137365,
            "dvar": 0.00172429007944,
            "dvar2": 0.00259382114746,
            "max": 0.585282564163,
            "mean": 0.258070021868,
            "median": 0.249533385038,
            "min": 0.0224996209145,
            "var": 0.0121361464262
        },
        "barkbands_kurtosis": {
            "dmean": 20.7018470764,
            "dmean2": 32.317237854,
            "dvar": 1577.66491699,
            "dvar2": 3583.27880859,
            "max": 419.089141846,
            "mean": 36.0752334595,
            "median": 8.83957576752,
            "min": -1.97194743156,
            "var": 3356.61914063
        },
        "barkbands_skewness": {
            "dmean": 1.31886959076,
            "dmean2": 2.00848436356,
            "dvar": 3.08600258827,
            "dvar2": 7.01620483398,
            "max": 15.8576107025,
            "mean": 3.65790653229,
            "median": 2.5548658371,
            "min": -5.63762950897,
            "var": 11.0172071457
        },
        "barkbands_spread": {
            "dmean": 9.57773208618,
            "dmean2": 15.2822313309,
            "dvar": 294.38192749,
            "dvar2": 649.595336914,
            "max": 121.401985168,
            "mean": 16.016330719,
            "median": 7.85189628601,
            "min": 0.318484097719,
            "var": 424.245635986
        },
        "dissonance": {
            "dmean": 0.0338291525841,
            "dmean2": 0.0556450672448,
            "dvar": 0.00120502104983,
            "dvar2": 0.00313563528471,
            "max": 0.500000059605,
            "mean": 0.432908773422,
            "median": 0.446977168322,
            "min": 0.15492066741,
            "var": 0.00292372028343
        },
        "dynamic_complexity": 6.26394033432,
        "erbbands": {
            "dmean": [
                0.752900183201,
                1.88716924191,
                2.42157840729,
                4.5951089859,
                4.7804145813,
                4.08542203903,
                3.71758294106,
                4.95056056976,
                12.2602005005,
                31.0675926208,
                11.1906614304,
                10.7429571152,
                14.6613636017,
                10.9423618317,
                18.1681289673,
                20.8615264893,
                14.2278499603,
                15.1495552063,
                10.6140575409,
                9.29829597473,
                9.16902542114,
                8.77441692352,
                7.93947410583,
                7.83316707611,
                7.62799835205,
                11.7705259323,
                11.3910131454,
                13.6253986359,
                15.295759201,
                25.8541736603,
                49.2563476563,
                34.1245384216,
                12.8216819763,
                6.45977783203,
                2.97500610352,
                0.903254032135,
                0.34843558073,
                0.0496397949755,
                0.00131681060884,
                6.44756873953e-05
            ],
            "dmean2": [
                1.16644775867,
                2.96705365181,
                4.2651553154,
                8.48450756073,
                8.47028446198,
                6.97029972076,
                6.59076929092,
                8.64849376678,
                19.7206516266,
                48.5835075378,
                18.2838134766,
                15.9147119522,
                21.9141845703,
                16.0956821442,
                27.7554187775,
                31.754693985,
                21.3117923737,
                23.2244586945,
                15.7802667618,
                13.5472183228,
                13.9289522171,
                13.0374116898,
                11.8980789185,
                10.9525766373,
                10.9712686539,
                17.9423713684,
                16.4688301086,
                21.0362682343,
                24.0422344208,
                43.5145530701,
                85.2437133789,
                58.4642562866,
                21.5677146912,
                10.6609954834,
                4.84735584259,
                1.44157063961,
                0.570483982563,
                0.0777048319578,
                0.00208379304968,
                0.000102883030195
            ],
            "dvar": [
                3.5071618557,
                55.1445922852,
                159.062973022,
                841.534729004,
                801.247558594,
                337.171783447,
                307.836334229,
                355.701873779,
                1095.39208984,
                5131.40039063,
                1314.87084961,
                965.439331055,
                2352.16894531,
                793.328125,
                3047.72021484,
                4446.57324219,
                1760.20947266,
                2470.90112305,
                1055.07568359,
                907.76763916,
                759.60925293,
                842.79083252,
                1175.62084961,
                928.865661621,
                725.592956543,
                2034.11157227,
                1731.70349121,
                2845.34936523,
                2544.6640625,
                3976.08178711,
                16183.4648438,
                7386.87255859,
                935.602783203,
                219.466094971,
                48.4924354553,
                4.89309406281,
                0.823905348778,
                0.0213655810803,
                1.60745221365e-05,
                1.91849913733e-08
            ],
            "dvar2": [
                7.83441495895,
                120.484024048,
                440.34262085,
                2513.71484375,
                2293.18212891,
                924.002685547,
                877.638183594,
                996.066223145,
                2702.45361328,
                11489.1806641,
                3141.40625,
                2034.66418457,
                5045.0625,
                1603.39880371,
                6971.12353516,
                9156.55957031,
                3802.22021484,
                5535.84960938,
                2226.52807617,
                2054.01489258,
                1794.11047363,
                1868.57141113,
                2543.06469727,
                1775.28930664,
                1414.14758301,
                4655.85986328,
                3468.20556641,
                6563.99853516,
                5281.01904297,
                9608.27636719,
                42582.640625,
                19169.2890625,
                2368.70874023,
                537.31640625,
                114.180122375,
                11.018529892,
                1.9597632885,
                0.0455215983093,
                3.55326446879e-05,
                4.17610053205e-08
            ],
            "max": [
                27.4351272583,
                108.638069153,
                206.943862915,
                424.888122559,
                424.962036133,
                319.729095459,
                325.389862061,
                312.532928467,
                561.383728027,
                1067.51599121,
                949.851135254,
                632.208557129,
                1247.67822266,
                901.22467041,
                886.06060791,
                1200.83093262,
                1140.00891113,
                1221.91760254,
                775.451721191,
                638.861999512,
                564.510742188,
                601.670959473,
                716.828979492,
                505.662506104,
                495.190704346,
                876.797180176,
                718.298950195,
                897.006591797,
                1057.98522949,
                613.299133301,
                1081.85876465,
                683.669921875,
                267.548400879,
                170.549163818,
                68.04662323,
                29.0006370544,
                14.499420166,
                2.90974211693,
                0.0817837417126,
                0.00215064897202
            ],
            "mean": [
                4.89856100082,
                4.99084615707,
                3.22502946854,
                5.04071378708,
                4.89114046097,
                4.6745724678,
                3.5118496418,
                5.37422275543,
                17.6688594818,
                45.0435409546,
                13.484787941,
                15.8680276871,
                19.3840141296,
                17.699098587,
                22.590927124,
                24.438129425,
                18.7116470337,
                17.2181129456,
                13.02439785,
                12.006524086,
                14.2594509125,
                12.879573822,
                8.83815193176,
                8.41947841644,
                8.23555183411,
                11.1224546432,
                11.713432312,
                12.6404905319,
                14.6634168625,
                22.3824367523,
                37.9351005554,
                26.3749809265,
                10.6457939148,
                5.47428846359,
                2.56519794464,
                0.813639700413,
                0.291043281555,
                0.0440633445978,
                0.00129374396056,
                0.000196320615942
            ],
            "median": [
                2.23306012154,
                1.78277909756,
                0.638798058033,
                0.806312322617,
                1.05013442039,
                1.56475043297,
                0.953456938267,
                1.61160802841,
                3.53895783424,
                6.23230600357,
                3.17309165001,
                3.4928715229,
                2.48905706406,
                2.03673601151,
                1.71221852303,
                1.69379019737,
                1.78704953194,
                1.21671533585,
                1.08056271076,
                1.04183161259,
                1.11312937737,
                1.1678391695,
                0.626702427864,
                0.530770003796,
                0.628087818623,
                0.630500555038,
                0.724372684956,
                0.701321899891,
                0.522715032101,
                0.396081596613,
                0.33868521452,
                0.33544704318,
                0.22095811367,
                0.127818048,
                0.0515141561627,
                0.0208701435477,
                0.00608438812196,
                0.000770861515775,
                0.000133892346639,
                0.000131912427605
            ],
            "min": [
                8.22413683875e-23,
                4.38049639151e-22,
                3.92495019614e-21,
                1.80214479636e-20,
                2.09685680859e-20,
                5.20510670591e-20,
                6.88827675767e-20,
                1.31896895503e-19,
                7.33216190765e-20,
                2.8461746839e-19,
                3.99971320328e-19,
                4.67868088615e-19,
                7.48994467079e-19,
                1.07626868323e-18,
                1.14278527482e-18,
                3.32223403193e-18,
                1.75917348732e-18,
                3.02028746575e-18,
                4.30111005625e-18,
                3.8926296582e-18,
                6.21765238036e-18,
                6.88769804144e-18,
                7.68184602341e-18,
                7.99173186911e-18,
                8.19833098044e-18,
                1.05331615831e-17,
                9.33530893037e-18,
                1.30455738012e-17,
                1.29782619789e-17,
                1.27423037461e-17,
                1.1974374908e-17,
                1.00576716972e-17,
                1.12459621421e-17,
                1.07169478803e-17,
                8.8315484927e-18,
                4.536456589e-18,
                2.52804241618e-18,
                1.18454776279e-18,
                2.46617023694e-19,
                2.85149998221e-20
            ],
            "var": [
                30.5749282837,
                97.4622573853,
                121.398345947,
                501.938446045,
                548.312072754,
                253.976669312,
                203.135147095,
                261.525848389,
                1691.79382324,
                9635.40917969,
                1614.10778809,
                1674.01647949,
                3852.17114258,
                2585.28125,
                4169.98144531,
                6353.90673828,
                2841.47900391,
                3305.60571289,
                1679.75744629,
                1352.93505859,
                1368.18432617,
                1396.44641113,
                1462.31994629,
                1278.17907715,
                947.891113281,
                2049.16796875,
                2117.1496582,
                2768.38427734,
                2857.13500977,
                3636.30053711,
                11847.0878906,
                5567.4375,
                790.290527344,
                199.970901489,
                48.4075775146,
                5.29842567444,
                0.796333491802,
                0.0249069686979,
                1.83680422197e-05,
                4.84629261166e-08
            ]
        },
        "erbbands_crest": {
            "dmean": 3.22462558746,
            "dmean2": 5.148853302,
            "dvar": 10.5988321304,
            "dvar2": 24.5636539459,
            "max": 32.8572044373,
            "mean": 11.2424163818,
            "median": 10.0572252274,
            "min": 2.18940782547,
            "var": 28.4841346741
        },
        "erbbands_flatness_db": {
            "dmean": 0.0250956062227,
            "dmean2": 0.0377946905792,
            "dvar": 0.000649170367979,
            "dvar2": 0.00133110082243,
            "max": 0.519379138947,
            "mean": 0.187676608562,
            "median": 0.170587956905,
            "min": 0.03576843068,
            "var": 0.007018560078
        },
        "erbbands_kurtosis": {
            "dmean": 2.55910873413,
            "dmean2": 4.13912343979,
            "dvar": 27.8348770142,
            "dvar2": 66.9237060547,
            "max": 139.187347412,
            "mean": 2.35002017021,
            "median": 0.585051774979,
            "min": -1.90021765232,
            "var": 38.0481719971
        },
        "erbbands_skewness": {
            "dmean": 0.7088778615,
            "dmean2": 1.06568241119,
            "dvar": 0.718087136745,
            "dvar2": 1.562895298,
            "max": 10.4585847855,
            "mean": 0.355854898691,
            "median": 0.404938071966,
            "min": -6.43518543243,
            "var": 1.72511875629
        },
        "erbbands_spread": {
            "dmean": 16.2980155945,
            "dmean2": 25.7020664215,
            "dvar": 534.063354492,
            "dvar2": 1308.68225098,
            "max": 214.453308105,
            "mean": 44.6862945557,
            "median": 33.2646064758,
            "min": 1.2126313448,
            "var": 1414.53222656
        },
        "gfcc": {
            "cov": [
                [
                    30722.2304688,
                    -6119.88183594,
                    2670.19018555,
                    3594.86889648,
                    -366.916656494,
                    3368.953125,
                    60.8224983215,
                    1689.15966797,
                    -170.384292603,
                    850.202697754,
                    -161.001541138,
                    715.628234863,
                    -289.124938965
                ],
                [
                    -6119.88183594,
                    4412.31982422,
                    -907.226257324,
                    -1198.96533203,
                    862.170288086,
                    -1037.81237793,
                    334.343994141,
                    -551.99029541,
                    300.402099609,
                    -363.747467041,
                    247.33152771,
                    -351.980316162,
                    271.605560303
                ],
                [
                    2670.19018555,
                    -907.226257324,
                    2479.99169922,
                    1258.67333984,
                    163.180038452,
                    1076.23254395,
                    346.563995361,
                    353.924285889,
                    204.852630615,
                    159.494384766,
                    61.3381843567,
                    135.011322021,
                    -24.0825157166
                ],
                [
                    3594.86889648,
                    -1198.96533203,
                    1258.67333984,
                    1846.39099121,
                    214.928726196,
                    763.643005371,
                    369.1171875,
                    375.445495605,
                    227.125579834,
                    231.143432617,
                    51.9625854492,
                    138.47277832,
                    14.4801712036
                ],
                [
                    -366.916656494,
                    862.170288086,
                    163.180038452,
                    214.928726196,
                    936.726501465,
                    30.1620044708,
                    190.50151062,
                    97.5260467529,
                    215.804443359,
                    9.7444896698,
                    82.9730606079,
                    -46.1478767395,
                    138.452697754
                ],
                [
                    3368.953125,
                    -1037.81237793,
                    1076.23254395,
                    763.643005371,
                    30.1620044708,
                    1059.44494629,
                    277.975891113,
                    319.834747314,
                    78.1091384888,
                    197.230545044,
                    59.3410301208,
                    122.130775452,
                    -54.4988098145
                ],
                [
                    60.8224983215,
                    334.343994141,
                    346.563995361,
                    369.1171875,
                    190.50151062,
                    277.975891113,
                    571.434753418,
                    80.1877822876,
                    93.0865097046,
                    57.9676322937,
                    127.162384033,
                    10.8653945923,
                    47.6904449463
                ],
                [
                    1689.15966797,
                    -551.99029541,
                    353.924285889,
                    375.445495605,
                    97.5260467529,
                    319.834747314,
                    80.1877822876,
                    358.979309082,
                    55.1559486389,
                    106.0989151,
                    2.59180545807,
                    99.6679458618,
                    1.24606406689
                ],
                [
                    -170.384292603,
                    300.402099609,
                    204.852630615,
                    227.125579834,
                    215.804443359,
                    78.1091384888,
                    93.0865097046,
                    55.1559486389,
                    249.891448975,
                    34.3344268799,
                    49.9473075867,
                    -23.2087993622,
                    40.1703262329
                ],
                [
                    850.202697754,
                    -363.747467041,
                    159.494384766,
                    231.143432617,
                    9.7444896698,
                    197.230545044,
                    57.9676322937,
                    106.0989151,
                    34.3344268799,
                    189.238220215,
                    23.6147842407,
                    14.0403699875,
                    -15.2480211258
                ],
                [
                    -161.001541138,
                    247.33152771,
                    61.3381843567,
                    51.9625854492,
                    82.9730606079,
                    59.3410301208,
                    127.162384033,
                    2.59180545807,
                    49.9473075867,
                    23.6147842407,
                    150.676223755,
                    -9.33085727692,
                    11.3516426086
                ],
                [
                    715.628234863,
                    -351.980316162,
                    135.011322021,
                    138.47277832,
                    -46.1478767395,
                    122.130775452,
                    10.8653945923,
                    99.6679458618,
                    -23.2087993622,
                    14.0403699875,
                    -9.33085727692,
                    149.659423828,
                    -13.1877994537
                ],
                [
                    -289.124938965,
                    271.605560303,
                    -24.0825157166,
                    14.4801712036,
                    138.452697754,
                    -54.4988098145,
                    47.6904449463,
                    1.24606406689,
                    40.1703262329,
                    -15.2480211258,
                    11.3516426086,
                    -13.1877994537,
                    104.370788574
                ]
            ],
            "icov": [
                [
                    7.24875935703e-05,
                    -2.90674925054e-05,
                    6.32913506706e-05,
                    -0.000121828503325,
                    1.98468205781e-05,
                    -0.000227888463996,
                    0.000140191434184,
                    -0.000160275012604,
                    0.000168545651832,
                    -3.52224997187e-05,
                    5.05464122398e-05,
                    -3.63132858183e-05,
                    2.03823074116e-05
                ],
                [
                    -2.90674925054e-05,
                    0.00103569531348,
                    -0.000139648866025,
                    0.000652892456856,
                    -0.00055861659348,
                    0.000673527189065,
                    -0.000853632634971,
                    0.000678096490446,
                    -0.00108097819611,
                    0.000845511560328,
                    -0.000830014818348,
                    0.000623475352768,
                    -0.000715222442523
                ],
                [
                    6.32913506706e-05,
                    -0.000139648866025,
                    0.000939069257583,
                    -0.000500538037159,
                    6.44096435281e-05,
                    -0.000995349488221,
                    0.000233082682826,
                    -0.00016473265714,
                    -1.05549625005e-05,
                    0.000318713573506,
                    0.000187289959285,
                    -9.83447389444e-05,
                    0.000132974862936
                ],
                [
                    -0.000121828503325,
                    0.000652892456856,
                    -0.000500538037159,
                    0.00165701599326,
                    -0.00036566806375,
                    0.000614389486145,
                    -0.00103089387994,
                    0.000363390048733,
                    -0.00139114784542,
                    -7.16758440831e-05,
                    -0.000232838458032,
                    -1.78211939783e-05,
                    -0.0005612752866
                ],
                [
                    1.98468205781e-05,
                    -0.00055861659348,
                    6.44096435281e-05,
                    -0.00036566806375,
                    0.0019609304145,
                    -0.000295096688205,
                    0.000289591233013,
                    -0.000897208927199,
                    -0.000327700341586,
                    -0.000209494493902,
                    8.71027732501e-05,
                    0.000162354161148,
                    -0.00119613774586
                ],
                [
                    -0.000227888463996,
                    0.000673527189065,
                    -0.000995349488221,
                    0.000614389486145,
                    -0.000295096688205,
                    0.00350792589597,
                    -0.0014407467097,
                    -1.88055619219e-05,
                    -0.000854776240885,
                    -0.000484695192426,
                    -0.000835381855723,
                    7.52037012717e-05,
                    0.000541337125469
                ],
                [
                    0.000140191434184,
                    -0.000853632634971,
                    0.000233082682826,
                    -0.00103089387994,
                    0.000289591233013,
                    -0.0014407467097,
                    0.00360426795669,
                    -0.000626618450042,
                    0.0011976727983,
                    -0.000559575739317,
                    -0.00111138098873,
                    -0.000383563194191,
                    -0.000439612922492
                ],
                [
                    -0.000160275012604,
                    0.000678096490446,
                    -0.00016473265714,
                    0.000363390048733,
                    -0.000897208927199,
                    -1.88055619219e-05,
                    -0.000626618450042,
                    0.00585540663451,
                    -0.0013547076378,
                    -0.000983018195257,
                    0.000119198310131,
                    -0.00212299427949,
                    -0.000803678471129
                ],
                [
                    0.000168545651832,
                    -0.00108097819611,
                    -1.05549625005e-05,
                    -0.00139114784542,
                    -0.000327700341586,
                    -0.000854776240885,
                    0.0011976727983,
                    -0.0013547076378,
                    0.00735425530002,
                    -0.00117149855942,
                    -0.000251252844464,
                    0.000597428763285,
                    2.89596337097e-05
                ],
                [
                    -3.52224997187e-05,
                    0.000845511560328,
                    0.000318713573506,
                    -7.16758440831e-05,
                    -0.000209494493902,
                    -0.000484695192426,
                    -0.000559575739317,
                    -0.000983018195257,
                    -0.00117149855942,
                    0.0084040556103,
                    -0.00155828660354,
                    0.00190946669318,
                    0.000167293197592
                ],
                [
                    5.05464122398e-05,
                    -0.000830014818348,
                    0.000187289959285,
                    -0.000232838458032,
                    8.71027732501e-05,
                    -0.000835381855723,
                    -0.00111138098873,
                    0.000119198310131,
                    -0.000251252844464,
                    -0.00155828660354,
                    0.00947997812182,
                    -0.000643381557893,
                    0.00108683318831
                ],
                [
                    -3.63132858183e-05,
                    0.000623475352768,
                    -9.83447389444e-05,
                    -1.78211939783e-05,
                    0.000162354161148,
                    7.52037012717e-05,
                    -0.000383563194191,
                    -0.00212299427949,
                    0.000597428763285,
                    0.00190946669318,
                    -0.000643381557893,
                    0.00969780515879,
                    -0.000374416413251
                ],
                [
                    2.03823074116e-05,
                    -0.000715222442523,
                    0.000132974862936,
                    -0.0005612752866,
                    -0.00119613774586,
                    0.000541337125469,
                    -0.000439612922492,
                    -0.000803678471129,
                    2.89596337097e-05,
                    0.000167293197592,
                    0.00108683318831,
                    -0.000374416413251,
                    0.0135351205245
                ]
            ],
            "mean": [
                -85.9288711548,
                96.4454116821,
                -86.1300430298,
                19.5974235535,
                -57.0503540039,
                21.0842037201,
                -26.8821601868,
                12.6109600067,
                -4.77802753448,
                8.34485530853,
                -6.28077745438,
                2.6417965889,
                -5.46336936951
            ]
        },
        "hfc": {
            "dmean": 35.7992591858,
            "dmean2": 58.7186851501,
            "dvar": 6555.72851563,
            "dvar2": 15372.9482422,
            "max": 659.31060791,
            "mean": 40.6944465637,
            "median": 13.9245271683,
            "min": 1.13138058416e-16,
            "var": 6710.43212891
        },
        "melbands": {
            "dmean": [
                0.00477039767429,
                0.00150120153558,
                0.000794968509581,
                0.00030312963645,
                0.000140855758218,
                0.000112010071462,
                0.000225712821702,
                0.000305993919028,
                7.91358979768e-05,
                7.44185745134e-05,
                7.33149863663e-05,
                4.20337273681e-05,
                7.21679607523e-05,
                4.65476514364e-05,
                5.78981853323e-05,
                2.73280820693e-05,
                2.90630814561e-05,
                1.85351582331e-05,
                1.22271376313e-05,
                1.19663081932e-05,
                1.11759472929e-05,
                9.46491127252e-06,
                8.94627373782e-06,
                6.89370699547e-06,
                6.40623147774e-06,
                6.15805492998e-06,
                5.46811725144e-06,
                8.63261811901e-06,
