{
    "lowlevel": {
        "average_loudness": 0.934633910656,
        "barkbands": {
            "dmean": [
                0.00061154604191,
                0.0081830592826,
                0.00383778032847,
                0.00188416067977,
                0.00309426384047,
                0.00101661682129,
                0.000543848203961,
                0.000616719597019,
                0.000508516619448,
                0.00027502051671,
                0.000233102255152,
                0.000337755627697,
                0.000239698521909,
                0.000321830622852,
                0.000381766731152,
                0.000283911213046,
                0.000354821037035,
                0.000421139789978,
                0.000235227998928,
                0.000153070912347,
                8.15177772893e-05,
                7.53807180445e-05,
                6.83437174303e-05,
                4.87555953441e-05,
                2.83494737232e-05,
                6.20506534688e-06,
                1.14343009727e-07
            ],
            "dmean2": [
                0.00102648185566,
                0.00998974405229,
                0.00671048928052,
                0.00346684735268,
                0.00561017263681,
                0.00181162951048,
                0.000877995917108,
                0.000970519788098,
                0.000795591680799,
                0.000441362586571,
                0.000370197900338,
                0.000516248168424,
                0.000369199144188,
                0.000501020636875,
                0.000620421022177,
                0.000430589308962,
                0.000537786458153,
                0.000647206907161,
                0.000355734053301,
                0.000223576833378,
                0.000116727911518,
                0.000104534890852,
                9.59781173151e-05,
                6.77163770888e-05,
                4.04240672651e-05,
                9.07279627427e-06,
                1.69426940033e-07
            ],
            "dvar": [
                1.50976165969e-06,
                0.000316048011882,
                0.000171173320268,
                3.52670358552e-05,
                5.89408300584e-05,
                4.84918473376e-06,
                1.34967274334e-06,
                1.44146861203e-06,
                9.59364001574e-07,
                3.30976462237e-07,
                3.05285510649e-07,
                6.51549100894e-07,
                3.15214350621e-07,
                5.14563851084e-07,
                9.69610482571e-07,
                5.13453016993e-07,
                8.39121241825e-07,
                1.49784693804e-06,
                4.23356937063e-07,
                1.28905696783e-07,
                3.55045592926e-08,
                3.60296397162e-08,
                2.65529731536e-08,
                1.39829809953e-08,
                6.2036464854e-09,
                2.59769761257e-10,
                1.21702710301e-13
            ],
            "dvar2": [
                4.33788454757e-06,
                0.000437942799181,
                0.000464553420898,
                0.000102248741314,
                0.000169503400684,
                1.36607741297e-05,
                3.09379038299e-06,
                3.15622583003e-06,
                2.20714287025e-06,
                7.62318848047e-07,
                6.70534859637e-07,
                1.3660503555e-06,
                6.34154162071e-07,
                1.07663140625e-06,
                2.26086012844e-06,
                1.06577908809e-06,
                1.47974208176e-06,
                3.62033892998e-06,
                7.51997845327e-07,
                2.80792164631e-07,
                6.52020517578e-08,
                6.5038584296e-08,
                5.05939610207e-08,
                2.7144166026e-08,
                1.16206120282e-08,
                5.02294705829e-10,
                2.70133470714e-13
            ],
            "max": [
                0.017191754654,
                0.181396797299,
                0.103138208389,
                0.0548049435019,
                0.0833809524775,
                0.0273474287242,
                0.0258634034544,
                0.0199795980006,
                0.0160197243094,
                0.0137940812856,
                0.0170698165894,
                0.0263118036091,
                0.0218034628779,
                0.0147451199591,
                0.012083247304,
                0.0189695414156,
                0.00867238733917,
                0.00997318234295,
                0.00953258853406,
                0.00605663703755,
                0.00473604071885,
                0.00680618919432,
                0.0019475359004,
                0.00223674764857,
                0.00183259230107,
                0.000379508303013,
                1.42555027196e-05
            ],
            "mean": [
                0.00115136243403,
                0.0174863040447,
                0.00333668640815,
                0.00168995268177,
                0.00284328218549,
                0.00116165960208,
                0.000855746679008,
                0.000977214542218,
                0.000832312158309,
                0.000382886035368,
                0.000337334291544,
                0.000526344752871,
                0.00036189306411,
                0.000448922335636,
                0.000404206744861,
                0.000325275352225,
                0.000420084223151,
                0.000396105489926,
                0.000269455253147,
                0.000171268649865,
                0.00010325697076,
                0.000107015293906,
                8.3995917521e-05,
                6.11374052824e-05,
                3.43614337908e-05,
                7.42633255868e-06,
                1.27498964275e-07
            ],
            "median": [
                0.000201858667424,
                0.0022776494734,
                0.000690013053827,
                0.000528758449946,
                0.00105428951792,
                0.000462689902633,
                0.000310251896735,
                0.0004110505688,
                0.000329957838403,
                0.000131929555209,
                0.00010806210048,
                0.000183698226465,
                0.000126289873151,
                0.000133731227834,
                9.846498142e-05,
                7.44963399484e-05,
                5.47260788153e-05,
                4.42077216576e-05,
                2.54259757639e-05,
                2.36377272813e-05,
                9.5105933724e-06,
                9.02461579244e-06,
                1.01391278804e-05,
                5.9398371377e-06,
                2.02653745873e-06,
                3.19181765462e-07,
                7.40341343786e-09
            ],
            "min": [
                1.93849346149e-23,
                3.8168536339e-23,
                9.02390295712e-24,
                3.89804690591e-24,
                1.12795560523e-23,
                6.54582137894e-23,
                4.22988984428e-23,
                6.81095816027e-23,
                3.41786608961e-23,
                5.03693588663e-23,
                1.80082656813e-22,
                4.77123775188e-23,
                1.58042930729e-22,
                1.10883967534e-22,
                2.0987790796e-22,
                6.38293169943e-23,
                2.20334379165e-22,
                3.6993259808e-22,
                2.74315260007e-22,
                2.44179258815e-22,
                4.90686780638e-22,
                4.11301801858e-22,
                5.86756205429e-22,
                1.18494470931e-21,
                1.32881284456e-21,
                1.50589371524e-21,
                2.6185769481e-21
            ],
            "var": [
                3.30404145643e-06,
                0.000972807058133,
                0.00011434728367,
                2.06625318242e-05,
                3.64952065866e-05,
                4.05957143812e-06,
                2.77699609796e-06,
                2.95303971143e-06,
                1.87285093034e-06,
                5.74291846078e-07,
                6.59522243041e-07,
                1.5562372937e-06,
                8.37402694742e-07,
                1.03762874915e-06,
                9.59092290032e-07,
                6.67016479383e-07,
                1.1629480241e-06,
                1.40237727919e-06,
                5.66885717035e-07,
                1.58201274303e-07,
                6.55078196132e-08,
                7.22409083664e-08,
                4.26356017158e-08,
                2.28428351789e-08,
                9.82835413055e-09,
                4.22185147952e-10,
                1.83621062691e-13
            ]
        },
        "barkbands_crest": {
            "dmean": 2.72457146645,
            "dmean2": 3.85802507401,
            "dvar": 6.805996418,
            "dvar2": 12.7062005997,
            "max": 26.5732879639,
            "mean": 12.5904560089,
            "median": 11.3489208221,
            "min": 2.35583281517,
            "var": 37.6957893372
        },
        "barkbands_flatness_db": {
            "dmean": 0.0279938578606,
            "dmean2": 0.0377580784261,
            "dvar": 0.000757018860895,
            "dvar2": 0.00128349952865,
            "max": 0.625848114491,
            "mean": 0.194758325815,
            "median": 0.180224478245,
            "min": 0.0304872058332,
            "var": 0.00749818654731
        },
        "barkbands_kurtosis": {
            "dmean": 7.48874759674,
            "dmean2": 10.8063697815,
            "dvar": 363.149291992,
            "dvar2": 667.434570313,
            "max": 468.339630127,
            "mean": 11.8906059265,
            "median": 3.04259872437,
            "min": -1.87584030628,
            "var": 888.550476074
        },
        "barkbands_skewness": {
            "dmean": 0.827758610249,
            "dmean2": 1.14212357998,
            "dvar": 0.928588747978,
            "dvar2": 1.55044817924,
            "max": 19.671251297,
            "mean": 2.22745323181,
            "median": 1.68796944618,
            "min": -1.76881551743,
            "var": 4.69449663162
        },
        "barkbands_spread": {
            "dmean": 5.86497306824,
            "dmean2": 8.32730293274,
            "dvar": 59.2477645874,
            "dvar2": 101.44695282,
            "max": 88.8573684692,
            "mean": 16.6343517303,
            "median": 12.6495084763,
            "min": 0.141115233302,
            "var": 192.61366272
        },
        "dissonance": {
            "dmean": 0.0237130746245,
            "dmean2": 0.0394623018801,
            "dvar": 0.000517964363098,
            "dvar2": 0.00139255833346,
            "max": 0.500000119209,
            "mean": 0.460389375687,
            "median": 0.468316733837,
            "min": 0.230100139976,
            "var": 0.00100156967528
        },
        "dynamic_complexity": 3.36724114418,
        "erbbands": {
            "dmean": [
                0.341634213924,
                1.67267942429,
                4.02567958832,
                5.34465408325,
                7.48802518845,
                10.7317323685,
                11.8838853836,
                7.24806261063,
                7.26765584946,
                9.48744487762,
                15.4536085129,
                8.86459636688,
                8.50575256348,
                7.71932888031,
                8.92597961426,
                12.1949462891,
                10.9686861038,
                16.4174842834,
                17.9861850739,
                15.9053201675,
                16.8618526459,
                22.57097435,
                22.8064155579,
                14.330072403,
                10.4121332169,
                6.5000333786,
                3.72093153,
                2.97280550003,
                2.85462260246,
                2.61578512192,
                1.86951160431,
                1.20943760872,
                0.720660328865,
                0.401231467724,
                0.155637249351,
                0.0442704744637,
                0.00848866067827,
                0.000824215298053,
                2.58559430222e-05,
                1.53724249685e-05
            ],
            "dmean2": [
                0.443528980017,
                1.89845597744,
                6.62341022491,
                9.47424030304,
                13.8397483826,
                19.364030838,
                20.9674911499,
                12.9348077774,
                12.1645498276,
                15.0498495102,
                24.0209026337,
                14.0647296906,
                13.830493927,
                12.2442941666,
                14.2109889984,
                18.6912326813,
                16.487197876,
                25.4302387238,
                28.9887237549,
                24.7367897034,
                25.2043552399,
                34.1728363037,
                35.1983566284,
                22.6441059113,
                16.3557987213,
                9.5774679184,
                5.44697761536,
                4.18436336517,
                3.90323162079,
                3.69837450981,
                2.61723017693,
                1.70317184925,
                1.02079844475,
                0.571065366268,
                0.219329744577,
                0.0634901896119,
                0.0124736027792,
                0.00118954724167,
                3.64388652088e-05,
                2.21051177505e-05
            ],
            "dvar": [
                0.556925833225,
                13.5984115601,
                167.215270996,
                279.222320557,
                458.865844727,
                710.606445313,
                683.280517578,
                265.008056641,
                303.452575684,
                345.911682129,
                832.469726563,
                341.353271484,
                278.202911377,
                213.764587402,
                475.268890381,
                932.878051758,
                664.065612793,
                1218.00695801,
                2096.53564453,
                1502.04003906,
                1839.91821289,
                3489.68286133,
                4278.15869141,
                1721.57885742,
                790.676635742,
                230.409729004,
                72.9017028809,
                50.4810676575,
                49.3392028809,
                46.01902771,
                19.649515152,
                8.4884262085,
                3.54121851921,
                1.2965708971,
                0.181167051196,
                0.0130056831986,
                0.00056441151537,
                4.69819133286e-06,
                3.02435410049e-09,
                4.94265517403e-10
            ],
            "dvar2": [
                0.996267616749,
                17.43151474,
                437.777191162,
                779.090332031,
                1332.51794434,
                2035.17004395,
                1914.10290527,
                745.526977539,
                708.997192383,
                811.859436035,
                1806.22583008,
                826.681396484,
                658.523742676,
                478.061676025,
                1067.4005127,
                2054.07226563,
                1310.72167969,
                2668.54394531,
                4821.69238281,
                3286.56762695,
                3829.80517578,
                6412.57128906,
                10075.2939453,
                2903.43969727,
                1456.79943848,
                490.533813477,
                140.111328125,
                89.3943862915,
                82.8882827759,
                95.0832672119,
                37.0479011536,
                17.0052604675,
                7.13850641251,
                2.56765222549,
                0.354988306761,
                0.0245069991797,
                0.00114031916019,
                9.40399331739e-06,
                5.86029180738e-09,
                8.83004003249e-10
            ],
            "max": [
                8.02951049805,
                37.5231513977,
                106.624359131,
                146.936630249,
                209.070297241,
                286.918029785,
                350.098236084,
                248.166381836,
                454.25,
                397.438232422,
                504.621185303,
                481.37298584,
                484.241516113,
                460.714630127,
                582.499084473,
                859.946472168,
                1108.86181641,
                858.609619141,
                598.246582031,
                455.068847656,
                1254.01733398,
                562.715026855,
                534.585754395,
                453.781768799,
                276.86618042,
                321.716094971,
                233.52255249,
                204.908325195,
                212.513870239,
                107.553695679,
                50.1725921631,
                38.9643592834,
                52.3775749207,
                27.7040882111,
                8.22232341766,
                3.0382194519,
                0.790599286556,
                0.0667197108269,
                0.00169269565959,
                0.000207784920349
            ],
            "mean": [
                0.64707928896,
                3.33879852295,
                4.27219343185,
                5.15528392792,
                6.74872303009,
                9.65187072754,
                11.8965530396,
                8.69895553589,
                10.1554708481,
                16.6232795715,
                25.8094501495,
                14.6677484512,
                13.5905504227,
                12.1739768982,
                14.1006727219,
                18.9498004913,
                18.0833473206,
                23.5060138702,
                20.7546043396,
                18.6536178589,
                19.7005748749,
                26.4468345642,
                21.7488136292,
                17.111869812,
                12.2916412354,
                7.50137090683,
                4.67817926407,
                3.80127620697,
                3.99673652649,
                3.31359505653,
                2.30170202255,
                1.44119977951,
                0.923211455345,
                0.485793948174,
                0.181140899658,
                0.0539131686091,
                0.00980670843273,
                0.000936885364354,
                4.21206532337e-05,
                4.11663786508e-05
            ],
            "median": [
                0.0472385175526,
                0.500121831894,
                1.23045635223,
                1.59527802467,
                2.52327275276,
                3.32286643982,
                3.6869134903,
                3.51795339584,
                3.89924263954,
                6.72752094269,
                11.0866661072,
                6.81685352325,
                5.86268949509,
                5.18898296356,
                5.39724636078,
                6.81932973862,
                6.90731239319,
                8.03189086914,
                5.40953826904,
                5.48334789276,
                4.51525163651,
                3.74510383606,
                2.78082513809,
                1.55180239677,
                1.43806409836,
                1.08147573471,
                0.571171045303,
                0.291756004095,
                0.293655514717,
                0.380398988724,
                0.256691485643,
                0.137128576636,
                0.0914418026805,
                0.0317137092352,
                0.00965545326471,
                0.00256632408127,
                0.000405098602641,
                4.18879280915e-05,
                1.60624713317e-05,
                2.732246503e-05
            ],
            "min": [
                8.47570836796e-22,
                8.58379296475e-21,
                1.41932980939e-20,
                1.48435412192e-20,
                3.21098427537e-20,
                3.3392951749e-20,
                1.31722877381e-19,
                5.93522407131e-19,
                8.01980451794e-19,
                8.60919241788e-19,
                1.28367595002e-18,
                6.09469828955e-19,
                1.1496720704e-18,
                3.67117148794e-18,
                6.38968940415e-18,
                2.77284693205e-18,
                7.1097282071e-18,
                6.549061052e-18,
                8.23848729046e-18,
                8.98256851149e-18,
                4.16682100611e-18,
                1.34033625034e-17,
                2.21229537545e-17,
                1.57497653628e-17,
                1.30322462672e-17,
                1.06360810493e-17,
                1.69611630981e-17,
                1.91836865618e-17,
                1.35531061825e-17,
                2.007721864e-17,
                1.37592271834e-17,
                2.40995101e-17,
                1.82758773463e-17,
                1.19077215214e-17,
                1.10118294969e-17,
                4.74198367426e-18,
                2.99617825282e-18,
                1.36056538649e-18,
                3.5147945958e-19,
                4.18669453732e-20
            ],
            "var": [
                1.28166413307,
                42.2548561096,
                135.015380859,
                181.541503906,
                272.727020264,
                441.790374756,
                522.934387207,
                241.967330933,
                512.55267334,
                877.137451172,
                1726.93444824,
                550.659057617,
                520.272399902,
                430.154602051,
                1058.96472168,
                1797.81982422,
                1793.18359375,
                2358.43652344,
                2377.3203125,
                1696.33410645,
                2463.00341797,
                4632.79101563,
                4100.74951172,
                2352.64257813,
                1029.12353516,
                293.749389648,
                120.644332886,
                99.2564239502,
                102.436149597,
                70.3312301636,
                32.0970191956,
                12.9213418961,
                5.62308740616,
                1.96977984905,
                0.273552417755,
                0.0217934399843,
                0.000836166844238,
                7.55773271521e-06,
                5.43594591562e-09,
                1.62286462047e-09
            ]
        },
        "erbbands_crest": {
            "dmean": 2.82987952232,
            "dmean2": 4.54228639603,
            "dvar": 7.59692382813,
            "dvar2": 17.1996364594,
            "max": 31.0655097961,
            "mean": 9.28895950317,
            "median": 7.93706607819,
            "min": 2.51215171814,
            "var": 21.2727489471
        },
        "erbbands_flatness_db": {
            "dmean": 0.020414410159,
            "dmean2": 0.0292284265161,
            "dvar": 0.000382377358619,
            "dvar2": 0.000723538803868,
            "max": 0.406117707491,
            "mean": 0.190673589706,
            "median": 0.188504561782,
            "min": 0.0619810558856,
            "var": 0.00303767854348
        },
        "erbbands_kurtosis": {
            "dmean": 1.28965854645,
            "dmean2": 2.02549767494,
            "dvar": 2.91637682915,
            "dvar2": 6.68373632431,
            "max": 30.4372711182,
            "mean": 0.847252249718,
            "median": 0.118765980005,
            "min": -1.84189271927,
            "var": 6.05016326904
        },
        "erbbands_skewness": {
            "dmean": 0.49773851037,
            "dmean2": 0.72414290905,
            "dvar": 0.231449171901,
            "dvar2": 0.423756867647,
            "max": 4.3580532074,
            "mean": 0.203257799149,
            "median": 0.16766089201,
            "min": -3.68337655067,
            "var": 0.829474925995
        },
        "erbbands_spread": {
            "dmean": 9.08058166504,
            "dmean2": 13.7115516663,
            "dvar": 107.355278015,
            "dvar2": 222.971694946,
            "max": 141.14755249,
            "mean": 33.5396308899,
            "median": 29.3917007446,
            "min": 2.53470301628,
            "var": 334.851409912
        },
        "gfcc": {
            "cov": [
                [
                    14164.0429688,
                    -2300.73120117,
                    -20.9770793915,
                    2285.96557617,
                    -494.189605713,
                    767.616516113,
                    -340.994262695,
                    516.73626709,
                    -324.874145508,
                    216.254928589,
                    -339.480651855,
                    179.664077759,
                    -13.5951347351
                ],
                [
                    -2300.73120117,
                    2521.15136719,
                    127.931755066,
                    -599.150817871,
                    1001.33538818,
                    -217.403488159,
                    454.525390625,
                    -119.847251892,
                    463.822540283,
                    -216.592987061,
                    310.902435303,
                    -121.23815155,
                    213.995986938
                ],
                [
                    -20.9770793915,
                    127.931755066,
                    975.970703125,
                    152.23991394,
                    59.3747024536,
                    285.780975342,
                    233.022949219,
                    112.774002075,
                    85.6552124023,
                    139.447570801,
                    37.5089225769,
                    54.6162147522,
                    44.244594574
                ],
                [
                    2285.96557617,
                    -599.150817871,
                    152.23991394,
                    744.639282227,
                    -45.6630249023,
                    145.641723633,
                    31.4176177979,
                    125.812057495,
                    10.9035339355,
                    86.542098999,
                    -20.9807777405,
                    38.3253479004,
                    33.4922828674
                ],
                [
                    -494.189605713,
                    1001.33538818,
                    59.3747024536,
                    -45.6630249023,
                    928.551513672,
                    49.3685379028,
                    265.623321533,
                    76.5604324341,
                    313.30279541,
                    5.00999307632,
                    162.033355713,
                    -16.6234722137,
                    116.639732361
                ],
                [
                    767.616516113,
                    -217.403488159,
                    285.780975342,
                    145.641723633,
                    49.3685379028,
                    413.89050293,
                    107.043106079,
                    125.357704163,
                    67.9685897827,
                    121.462493896,
                    11.9340257645,
                    28.986448288,
                    -22.4342327118
                ],
                [
                    -340.994262695,
                    454.525390625,
                    233.022949219,
                    31.4176177979,
                    265.623321533,
                    107.043106079,
                    351.075958252,
                    63.6896591187,
                    158.05166626,
                    29.9569835663,
                    120.100349426,
                    11.8209476471,
                    57.7733001709
                ],
                [
                    516.73626709,
                    -119.847251892,
                    112.774002075,
                    125.812057495,
                    76.5604324341,
                    125.357704163,
                    63.6896591187,
                    210.185089111,
                    83.2683639526,
                    51.3485641479,
                    44.30859375,
                    24.6389064789,
                    13.0472183228
                ],
                [
                    -324.874145508,
                    463.822540283,
                    85.6552124023,
                    10.9035339355,
                    313.30279541,
                    67.9685897827,
                    158.05166626,
                    83.2683639526,
                    298.937866211,
                    37.1515655518,
                    118.125411987,
                    -6.29432296753,
                    70.064666748
                ],
                [
                    216.254928589,
                    -216.592987061,
                    139.447570801,
                    86.542098999,
                    5.00999307632,
                    121.462493896,
                    29.9569835663,
                    51.3485641479,
                    37.1515655518,
                    176.328277588,
                    3.57690811157,
                    31.9874134064,
                    -1.95253491402
                ],
                [
                    -339.480651855,
                    310.902435303,
                    37.5089225769,
                    -20.9807777405,
                    162.033355713,
                    11.9340257645,
                    120.100349426,
                    44.30859375,
                    118.125411987,
                    3.57690811157,
                    175.563751221,
                    16.2651462555,
                    49.4738540649
                ],
                [
                    179.664077759,
                    -121.23815155,
                    54.6162147522,
                    38.3253479004,
                    -16.6234722137,
                    28.986448288,
                    11.8209476471,
                    24.6389064789,
                    -6.29432296753,
                    31.9874134064,
                    16.2651462555,
                    107.186958313,
                    23.928483963
                ],
                [
                    -13.5951347351,
                    213.995986938,
                    44.244594574,
                    33.4922828674,
                    116.639732361,
                    -22.4342327118,
                    57.7733001709,
                    13.0472183228,
                    70.064666748,
                    -1.95253491402,
                    49.4738540649,
                    23.928483963,
                    122.956359863
                ]
            ],
            "icov": [
                [
                    0.000265752722044,
                    -0.00053563748952,
                    0.000346872024238,
                    -0.00103763816878,
                    0.000268289120868,
                    -0.00060128379846,
                    0.000477658817545,
                    -0.000638499855995,
                    0.000641469145194,
                    -0.00028272808413,
                    0.000476146640722,
                    -0.000540674722288,
                    0.000142159769894
                ],
                [
                    -0.00053563748952,
                    0.00393081409857,
                    -0.00156178884208,
                    0.00369657040574,
                    -0.00221223314293,
                    0.00207632104866,
                    -0.00229925638996,
                    0.00316458148882,
                    -0.00318003911525,
                    0.00313983671367,
                    -0.00219982955605,
                    0.0030911534559,
                    -0.00197792425752
                ],
                [
                    0.000346872024238,
                    -0.00156178884208,
                    0.0022677986417,
                    -0.00183968688361,
                    0.00105383608025,
                    -0.00173848110717,
                    6.08910268056e-05,
                    -0.00152493908536,
                    0.00152772548608,
                    -0.0017092510825,
                    0.00133413216099,
                    -0.00149653863627,
                    0.000114640468382
                ],
                [
                    -0.00103763816878,
                    0.00369657040574,
                    -0.00183968688361,
                    0.00660899374634,
                    -0.00183626497164,
                    0.00255767977796,
                    -0.00271799508482,
                    0.00267892191187,
                    -0.00337890605442,
                    0.00214539468288,
                    -0.00208092085086,
                    0.00319505296648,
                    -0.0023101430852
                ],
                [
                    0.000268289120868,
                    -0.00221223314293,
                    0.00105383608025,
                    -0.00183626497164,
                    0.00314306560904,
                    -0.00118450273294,
                    0.000485043419758,
                    -0.00180637987796,
                    0.00036243206705,
                    -0.00164969882462,
                    0.00111393549014,
                    -0.00139820191544,
                    0.000358077872079
                ],
                [
                    -0.00060128379846,
                    0.00207632104866,
                    -0.00173848110717,
                    0.00255767977796,
                    -0.00118450273294,
                    0.00581875676289,
                    -0.00211924687028,
                    0.000606633722782,
                    -0.0023656366393,
                    -0.000135437425342,
                    -0.00093853432918,
                    0.00153206952382,
                    0.000790795136709
                ],
                [
                    0.000477658817545,
                    -0.00229925638996,
                    6.08910268056e-05,
                    -0.00271799508482,
                    0.000485043419758,
                    -0.00211924687028,
                    0.00681253895164,
                    -0.00174101814628,
                    0.00124056951609,
                    -0.00124043563846,
                    -0.000744784076232,
                    -0.0017929347232,
                    0.00083187490236
                ],
                [
                    -0.000638499855995,
                    0.00316458148882,
                    -0.00152493908536,
                    0.00267892191187,
                    -0.00180637987796,
                    0.000606633722782,
                    -0.00174101814628,
                    0.00975106470287,
                    -0.00416506873444,
                    0.00227118004113,
                    -0.00299346051179,
                    0.00170098885428,
                    -0.000868774601258
                ],
                [
                    0.000641469145194,
                    -0.00318003911525,
                    0.00152772548608,
                    -0.00337890605442,
                    0.00036243206705,
                    -0.0023656366393,
                    0.00124056951609,
                    -0.00416506873444,
                    0.00992449186742,
                    -0.00353562529199,
                    -0.000242196008912,
                    -0.000969603832345,
                    -0.000365499057807
                ],
                [
                    -0.00028272808413,
                    0.00313983671367,
                    -0.0017092510825,
                    0.00214539468288,
                    -0.00164969882462,
                    -0.000135437425342,
                    -0.00124043563846,
                    0.00227118004113,
                    -0.00353562529199,
                    0.0105146551505,
                    -0.00128723424859,
                    0.000597747275606,
                    -0.000999849522486
                ],
                [
                    0.000476146640722,
                    -0.00219982955605,
                    0.00133413216099,
                    -0.00208092085086,
                    0.00111393549014,
                    -0.00093853432918,
                    -0.000744784076232,
                    -0.00299346051179,
                    -0.000242196008912,
                    -0.00128723424859,
                    0.01082551945,
                    -0.0032540014945,
                    -0.000197352012037
                ],
                [
                    -0.000540674722288,
                    0.0030911534559,
                    -0.00149653863627,
                    0.00319505296648,
                    -0.00139820191544,
                    0.00153206952382,
                    -0.0017929347232,
                    0.00170098885428,
                    -0.000969603832345,
                    0.000597747275606,
                    -0.0032540014945,
                    0.0137479724362,
                    -0.00430780183524
                ],
                [
                    0.000142159769894,
                    -0.00197792425752,
                    0.000114640468382,
                    -0.0023101430852,
                    0.000358077872079,
                    0.000790795136709,
                    0.00083187490236,
                    -0.000868774601258,
                    -0.000365499057807,
                    -0.000999849522486,
                    -0.000197352012037,
                    -0.00430780183524,
                    0.0127951838076
                ]
            ],
            "mean": [
                -59.4137763977,
                130.921157837,
                -122.006721497,
                28.1533222198,
                -52.0148849487,
                14.0422925949,
                -34.5002288818,
                5.15389347076,
                -13.2677669525,
                -4.37536859512,
                -6.70782756805,
                -6.6131529808,
                -7.822742939
            ]
        },
        "hfc": {
            "dmean": 7.8118724823,
            "dmean2": 11.120885849,
            "dvar": 194.441345215,
            "dvar2": 360.450531006,
            "max": 117.825996399,
            "mean": 14.6956644058,
            "median": 8.62523269653,
            "min": 1.22625092123e-16,
            "var": 309.770141602
        },
        "melbands": {
            "dmean": [
                0.00260694045573,
                0.00180463155266,
                0.000949949608184,
                0.000656980962958,
                0.000436841743067,
                0.000167861449881,
                0.000107540749013,
                0.000109822554805,
                0.00013288424816,
                5.4004471167e-05,
                4.4687101763e-05,
                3.34008982463e-05,
                3.14866629196e-05,
                3.17762678606e-05,
                3.4569267882e-05,
                2.69395131909e-05,
                3.25971013808e-05,
                2.85449314106e-05,
                2.79454015981e-05,
                1.80613733392e-05,
                1.97505814867e-05,
                2.26174488489e-05,
                2.47450734605e-05,
                1.76994108188e-05,
                1.21134689834e-05,
                7.8066595961e-06,
                7.13125791663e-06,
                3.77916671823e-06,
