{
    "lowlevel": {
        "average_loudness": 0.963199555874,
        "barkbands": {
            "dmean": [
                0.00150508910883,
                0.0103930076584,
                0.00409360183403,
                0.00260817166418,
                0.00147136452142,
                0.00135539739858,
                0.00191908015404,
                0.000647236942314,
                0.000941940699704,
                0.000454233551864,
                0.000400794990128,
                0.000485647411551,
                0.000425798119977,
                0.000278582214378,
                0.00017316598678,
                0.000133173612994,
                0.000136115690111,
                0.000117673138448,
                0.00014247596846,
                0.000145668469486,
                9.64301725617e-05,
                0.000139177616802,
                0.000160970128491,
                0.000113610134576,
                6.67871281621e-05,
                2.98657614621e-05,
                5.31369050805e-06
            ],
            "dmean2": [
                0.00210359785706,
                0.0166876558214,
                0.00708458339795,
                0.00482152868062,
                0.00251735327765,
                0.00213939510286,
                0.0031490647234,
                0.000969857850578,
                0.00135204312392,
                0.000666933541652,
                0.000592117256019,
                0.000694941787515,
                0.00064000725979,
                0.000425406586146,
                0.000265796435997,
                0.000202541807084,
                0.000213386534597,
                0.000183721873327,
                0.000226758187637,
                0.00022617119248,
                0.000149439263623,
                0.000218632092583,
                0.00027124240296,
                0.000187670782907,
                0.000103461090475,
                4.6285425924e-05,
                8.35074388306e-06
            ],
            "dvar": [
                7.17953525964e-06,
                0.00064278265927,
                0.000256958301179,
                0.00012244383106,
                1.09753627839e-05,
                6.43474868411e-06,
                2.48817505053e-05,
                2.48952892434e-06,
                4.45832574769e-06,
                2.188474582e-06,
                1.07583480258e-06,
                1.56648911798e-06,
                9.55663153945e-07,
                5.23780556705e-07,
                2.62527976247e-07,
                7.10708221163e-08,
                1.00754341759e-07,
                1.25467394696e-07,
                1.75536243319e-07,
                2.45296320145e-07,
                1.28443147673e-07,
                2.58458470626e-07,
                1.45490801629e-07,
                9.14578066613e-08,
                4.61493527837e-08,
                1.24459749173e-08,
                4.14899614665e-10
            ],
            "dvar2": [
                1.27604471345e-05,
                0.0015585833462,
                0.000694811868016,
                0.00035482054227,
                3.15741308441e-05,
                1.56314545166e-05,
                6.53700335533e-05,
                5.25496125192e-06,
                9.2249847512e-06,
                4.43423004981e-06,
                2.2381780127e-06,
                3.07326922666e-06,
                2.14219085137e-06,
                1.23797747165e-06,
                5.67779693483e-07,
                1.57761235187e-07,
                2.4760132078e-07,
                2.69847390655e-07,
                4.44425410251e-07,
                5.65649941109e-07,
                2.86530053017e-07,
                5.29199326138e-07,
                3.32617815957e-07,
                2.16206856862e-07,
                9.80537606665e-08,
                2.69055835389e-08,
                8.72533545415e-10
            ],
            "max": [
                0.0348743759096,
                0.258053839207,
                0.154830098152,
                0.109804697335,
                0.0494556054473,
                0.045534811914,
                0.0970364958048,
                0.0362811796367,
                0.0430017188191,
                0.0388877727091,
                0.0275874100626,
                0.0323058255017,
                0.0201333165169,
                0.0149016967043,
                0.0152639448643,
                0.00917474366724,
                0.00585902109742,
                0.00985271204263,
                0.00534822046757,
                0.00749266939238,
                0.00365906720981,
                0.00456860521808,
                0.0045490427874,
                0.00326089351438,
                0.00520776119083,
                0.00406667683274,
                0.000519493827596
            ],
            "mean": [
                0.00762501731515,
                0.0370261184871,
                0.00429821759462,
                0.00232933252119,
                0.00258035887964,
                0.00292477291077,
                0.00258987373672,
                0.00100624957122,
                0.00162776070647,
                0.000788325560279,
                0.000647640146781,
                0.000868986593559,
                0.000676144205499,
                0.000406240695156,
                0.000252662139246,
                0.00020485962159,
                0.000196218927158,
                0.000138054514537,
                0.000173640684807,
                0.000151407890371,
                8.77251004567e-05,
                0.000132163593662,
                0.000128908533952,
                0.000100280805782,
                7.22918921383e-05,
                3.41167906299e-05,
                5.82095253776e-06
            ],
            "median": [
                0.00684035057202,
                0.0344054326415,
                0.00162974244449,
                0.000948123750277,
                0.00154413457494,
                0.00153693603352,
                0.000480853108456,
                0.000162809621543,
                0.000295689882478,
                0.00012188461551,
                0.000132194691105,
                0.000151075641043,
                9.56028743531e-05,
                5.61692322663e-05,
                5.96112877247e-05,
                8.46542607178e-05,
                4.70789855171e-05,
                3.37931269314e-05,
                3.33048083121e-05,
                9.2056552603e-06,
                4.24752079198e-06,
                9.80845197773e-06,
                8.4714311015e-06,
                1.20212371257e-05,
                5.78108392801e-06,
                3.81489689971e-06,
                4.71750439601e-07
            ],
            "min": [
                5.76984353866e-25,
                7.83858895993e-24,
                4.39296127734e-24,
                1.32600181761e-24,
                1.28187199194e-23,
                2.16782794842e-23,
                2.58497727955e-23,
                1.48792608915e-23,
                2.52779354139e-23,
                1.95573827643e-23,
                1.79941428623e-23,
                2.84788221561e-23,
                3.85279634556e-23,
                4.63683510183e-23,
                5.67287610538e-23,
                7.7198483543e-23,
                7.98366489802e-23,
                1.23321994224e-22,
                1.63054191717e-22,
                2.15776479695e-22,
                2.87572389375e-22,
                3.41066221183e-22,
                3.69683848148e-22,
                5.61957851692e-22,
                9.29490495084e-22,
                1.38647183671e-21,
                2.13246899383e-21
            ],
            "var": [
                4.29091596743e-05,
                0.00135870988015,
                0.000170886400156,
                6.81275050738e-05,
                1.17727740871e-05,
                1.6927066099e-05,
                2.98066061077e-05,
                5.50840422875e-06,
                1.04607133835e-05,
                5.73851775698e-06,
                2.6088314371e-06,
                4.4395110308e-06,
                2.27399482355e-06,
                9.90578655546e-07,
                4.98933502513e-07,
                1.38541338401e-07,
                1.60662921189e-07,
                1.44527774637e-07,
                1.71849322328e-07,
                2.63626048991e-07,
                1.26303504544e-07,
                2.75572432429e-07,
                1.39842427416e-07,
                8.85334898726e-08,
                6.14351165495e-08,
                1.75126366742e-08,
                6.03304906033e-10
            ]
        },
        "barkbands_crest": {
            "dmean": 2.11211681366,
            "dmean2": 3.19854187965,
            "dvar": 5.73357534409,
            "dvar2": 12.7742013931,
            "max": 26.4362411499,
            "mean": 14.7683877945,
            "median": 14.7093982697,
            "min": 2.8950817585,
            "var": 22.477684021
        },
        "barkbands_flatness_db": {
            "dmean": 0.0308713261038,
            "dmean2": 0.0409489758313,
            "dvar": 0.00115902954713,
            "dvar2": 0.00186071102507,
            "max": 0.705635845661,
            "mean": 0.227919235826,
            "median": 0.220094844699,
            "min": 0.0175280161202,
            "var": 0.00596244819462
        },
        "barkbands_kurtosis": {
            "dmean": 9.87615966797,
            "dmean2": 14.9700813293,
            "dvar": 621.745849609,
            "dvar2": 1505.69384766,
            "max": 899.795776367,
            "mean": 17.6591110229,
            "median": 7.03275442123,
            "min": -1.9539039135,
            "var": 1250.02246094
        },
        "barkbands_skewness": {
            "dmean": 0.865826010704,
            "dmean2": 1.2618932724,
            "dvar": 1.09584569931,
            "dvar2": 2.30151557922,
            "max": 24.9857654572,
            "mean": 2.84845495224,
            "median": 2.40772652626,
            "min": -6.65029811859,
            "var": 4.57905864716
        },
        "barkbands_spread": {
            "dmean": 5.09582090378,
            "dmean2": 7.5575928688,
            "dvar": 83.8078460693,
            "dvar2": 167.569839478,
            "max": 134.780578613,
            "mean": 12.6594171524,
            "median": 9.41475200653,
            "min": 0.0565370805562,
            "var": 166.097686768
        },
        "dissonance": {
            "dmean": 0.0295901931822,
            "dmean2": 0.0488546416163,
            "dvar": 0.000962657679338,
            "dvar2": 0.00253708008677,
            "max": 0.499999880791,
            "mean": 0.434740811586,
            "median": 0.44578447938,
            "min": 0.140714079142,
            "var": 0.00219050329179
        },
        "dynamic_complexity": 2.89537119865,
        "erbbands": {
            "dmean": [
                0.459131926298,
                2.02826786041,
                3.55682039261,
                8.09076404572,
                6.26975250244,
                4.70312738419,
                5.57003879547,
                14.4553222656,
                25.9015960693,
                19.7389354706,
                15.7167863846,
                19.6508827209,
                16.1991539001,
                14.8380565643,
                14.0458860397,
                18.4651279449,
                17.7845878601,
                14.3949556351,
                9.20984745026,
                8.05086326599,
                7.2985291481,
                7.51738500595,
                6.40852069855,
                5.24536275864,
                8.56249332428,
                6.30142831802,
                4.32905626297,
                4.14182281494,
                4.54339933395,
                4.99356222153,
                4.07117176056,
                3.03266239166,
                1.49247336388,
                0.892843008041,
                0.440265476704,
                0.173805460334,
                0.0465618371964,
                0.00866929348558,
                0.000904678599909,
                5.53313475393e-05
            ],
            "dmean2": [
                0.668170511723,
                3.27408075333,
                5.60315561295,
                14.7683048248,
                11.1577558517,
                7.94498252869,
                8.82281684875,
                22.9286689758,
                42.7816238403,
                31.4103431702,
                23.000377655,
                28.2699260712,
                23.4330978394,
                21.3728103638,
                20.786605835,
                26.1796951294,
                26.1285171509,
                21.9334602356,
                13.9147262573,
                11.9884843826,
                11.224158287,
                11.5732374191,
                9.94052028656,
                8.04059410095,
                13.4680318832,
                9.67938709259,
                6.81676959991,
                6.43495845795,
                7.09600782394,
                8.11653804779,
                6.83647966385,
                5.05549478531,
                2.42731404305,
                1.40414249897,
                0.687365889549,
                0.271237462759,
                0.0720162540674,
                0.0135375391692,
                0.0014253569534,
                8.73624303495e-05
            ],
            "dvar": [
                1.014965415,
                32.846862793,
                153.701461792,
                1168.53442383,
                379.824768066,
                101.38092804,
                147.914199829,
                794.927185059,
                4497.77197266,
                2008.64355469,
                1370.97033691,
                2243.92163086,
                1671.57128906,
                1581.33666992,
                1494.99243164,
                2325.5168457,
                1615.04797363,
                1276.82824707,
                607.647705078,
                551.82244873,
                196.86038208,
                301.980987549,
                358.623931885,
                239.169509888,
                623.214904785,
                454.723754883,
                262.22354126,
                240.501922607,
                267.189849854,
                259.081176758,
                79.7439575195,
                51.8092041016,
                18.1681346893,
                8.22148990631,
                2.07788228989,
                0.440364927053,
                0.0270465053618,
                0.00103240576573,
                1.18198886412e-05,
                2.56864218784e-08
            ],
            "dvar2": [
                1.94665169716,
                82.4575653076,
                366.567474365,
                3322.15844727,
                1103.16516113,
                281.6668396,
                356.17074585,
                1951.66296387,
                12115.1494141,
                4880.08007813,
                2857.95092773,
                4562.69482422,
                3559.17724609,
                3228.83496094,
                3100.73095703,
                4699.51611328,
                3529.4777832,
                3073.39135742,
                1402.7545166,
                1255.58703613,
                443.780670166,
                724.175964355,
                766.272399902,
                547.29486084,
                1521.82067871,
                1026.12780762,
                616.22253418,
                500.939941406,
                561.719665527,
                562.850097656,
                176.83732605,
                118.358299255,
                42.8131942749,
                18.2598381042,
                4.53538894653,
                0.984959185123,
                0.0558931492269,
                0.0021106118802,
                2.52566896961e-05,
                5.6185090358e-08
            ],
            "max": [
                10.637055397,
                57.3900375366,
                128.358383179,
                316.969451904,
                238.278198242,
                186.958282471,
                363.012268066,
                506.423339844,
                1557.38891602,
                904.515991211,
                894.363342285,
                1023.22491455,
                861.698303223,
                1260.57275391,
                1362.01208496,
                1124.63330078,
                1096.93273926,
                846.682373047,
                623.892822266,
                777.493774414,
                617.111633301,
                349.882263184,
                453.796813965,
                190.876937866,
                359.849151611,
                313.220123291,
                149.373886108,
                179.402679443,
                179.301559448,
                172.42515564,
                86.1860046387,
                90.5618515015,
                55.6089172363,
                68.2815322876,
                43.6326713562,
                24.0553760529,
                5.53890895844,
                0.765138745308,
                0.088223323226,
                0.00397877022624
            ],
            "mean": [
                2.06980228424,
                4.30503702164,
                4.67425394058,
                7.57293796539,
                7.58975887299,
                8.2083940506,
                12.4344205856,
                29.8243980408,
                37.7184562683,
                27.5581741333,
                27.4205684662,
                33.6849746704,
                29.4046440125,
                28.1226158142,
                25.6603946686,
                34.1661491394,
                30.1718158722,
                23.8471260071,
                14.8150005341,
                12.6264381409,
                11.9451150894,
                11.3479394913,
                8.21512699127,
                6.57797288895,
                10.3958330154,
                6.76024627686,
                3.87599611282,
                3.88077831268,
                4.26235961914,
                4.40929508209,
                3.32329845428,
                2.54046440125,
                1.41283655167,
                0.909589588642,
                0.473239779472,
                0.195547923446,
                0.053087554872,
                0.00970225315541,
                0.00100209075026,
                0.000118125324661
            ],
            "median": [
                2.22691297531,
                2.67185282707,
                2.02103972435,
                3.49880385399,
                3.59494638443,
                4.66262435913,
                7.54274177551,
                15.1286621094,
                12.8499326706,
                7.45694255829,
                6.49962377548,
                6.95625543594,
                5.96361875534,
                7.04261684418,
                5.83315324783,
                6.03081655502,
                5.35187101364,
                4.19052171707,
                3.38719129562,
                3.41933345795,
                5.69309473038,
                2.90121364594,
                2.11863970757,
                1.69924616814,
                1.63866746426,
                0.53126013279,
                0.22004814446,
                0.163169190288,
                0.332567363977,
                0.371325075626,
                0.201152175665,
                0.204294353724,
                0.206605702639,
                0.0740202516317,
                0.0357405096292,
                0.0196773055941,
                0.00645355461165,
                0.00100523140281,
                0.000113461086585,
                8.36873223307e-05
            ],
            "min": [
                2.55565285846e-22,
                1.17920210485e-21,
                5.09502342588e-21,
                9.06628402332e-21,
                2.42141226948e-20,
                4.19746048686e-20,
                1.2777400761e-19,
                1.80098842371e-19,
                2.4391302197e-19,
                3.22089163729e-19,
                3.53253632747e-19,
                5.84145280912e-19,
                6.90040219148e-19,
                8.87379819005e-19,
                1.17395468107e-18,
                1.07086491908e-18,
                1.75030032089e-18,
                2.10559217836e-18,
                2.53447436583e-18,
                4.09058059623e-18,
                4.02671439473e-18,
                5.61527877878e-18,
                6.95856922196e-18,
                9.06477702949e-18,
                7.02444423158e-18,
                9.97815151623e-18,
                1.18522946301e-17,
                1.19955308793e-17,
                1.20379065149e-17,
                1.46931496638e-17,
                1.21494377585e-17,
                1.13816983447e-17,
                1.11264767298e-17,
                8.83940257261e-18,
                7.37008413208e-18,
                4.34304521817e-18,
                2.64217121363e-18,
                9.53415922052e-19,
                2.72941814044e-19,
                2.87854523395e-20
            ],
            "var": [
                3.24438214302,
                41.8891525269,
                137.631851196,
                680.711486816,
                246.299179077,
                130.709472656,
                283.865203857,
                2052.07104492,
                5016.02783203,
                2951.64038086,
                3286.33740234,
                4992.28466797,
                4508.94482422,
                4699.04345703,
                3728.05322266,
                6503.72998047,
                3976.95874023,
                2902.23242188,
                1205.9519043,
                1040.25219727,
                402.154602051,
                502.818328857,
                433.655395508,
                257.941833496,
                652.744567871,
                514.234619141,
                238.868331909,
                254.241226196,
                283.036010742,
                254.652770996,
                82.3584213257,
                52.0190124512,
                18.3647956848,
                9.79206085205,
                2.70688891411,
                0.577582776546,
                0.041643768549,
                0.00155673571862,
                1.69321356225e-05,
                3.61821221873e-08
            ]
        },
        "erbbands_crest": {
            "dmean": 3.04700136185,
            "dmean2": 4.81298732758,
            "dvar": 7.7221531868,
            "dvar2": 18.6212120056,
            "max": 30.8743419647,
            "mean": 10.8099851608,
            "median": 9.8718290329,
            "min": 2.54859781265,
            "var": 22.3143920898
        },
        "erbbands_flatness_db": {
            "dmean": 0.0251003857702,
            "dmean2": 0.0354731716216,
            "dvar": 0.000650668574963,
            "dvar2": 0.00122027646285,
            "max": 0.429646462202,
            "mean": 0.181389912963,
            "median": 0.177083224058,
            "min": 0.0437059402466,
            "var": 0.00360393873416
        },
        "erbbands_kurtosis": {
            "dmean": 1.6667971611,
            "dmean2": 2.62047123909,
            "dvar": 12.2784805298,
            "dvar2": 31.304058075,
            "max": 149.770935059,
            "mean": 1.65315020084,
            "median": 0.484176009893,
            "min": -1.84347808361,
            "var": 26.7098941803
        },
        "erbbands_skewness": {
            "dmean": 0.525957643986,
            "dmean2": 0.793972074986,
            "dvar": 0.282234817743,
            "dvar2": 0.654257833958,
            "max": 8.99684047699,
            "mean": 0.52918869257,
            "median": 0.501403391361,
            "min": -6.70216035843,
            "var": 0.900788128376
        },
        "erbbands_spread": {
            "dmean": 11.3419876099,
            "dmean2": 17.367773056,
            "dvar": 227.99307251,
            "dvar2": 513.645629883,
            "max": 184.477401733,
            "mean": 35.2771453857,
            "median": 30.0574226379,
            "min": 1.02989089489,
            "var": 567.774047852
        },
        "gfcc": {
            "cov": [
                [
                    15588.6083984,
                    -1255.29272461,
                    -565.057495117,
                    803.625244141,
                    -623.949035645,
                    1339.86938477,
                    516.578979492,
                    659.066833496,
                    18.7873420715,
                    481.992736816,
                    22.5552349091,
                    133.495254517,
                    -234.660873413
                ],
                [
                    -1255.29272461,
                    2198.07470703,
                    -105.072044373,
                    -277.412689209,
                    715.331848145,
                    -133.481506348,
                    265.573486328,
                    -83.576210022,
                    184.804702759,
                    -229.373153687,
                    182.978256226,
                    7.32155132294,
                    93.5592727661
                ],
                [
                    -565.057495117,
                    -105.072044373,
                    1142.67541504,
                    422.657348633,
                    244.734985352,
                    254.084564209,
                    27.7083530426,
                    75.8290710449,
                    129.647171021,
                    95.5598754883,
                    -26.8486919403,
                    119.440971375,
                    121.671073914
                ],
                [
                    803.625244141,
                    -277.412689209,
                    422.657348633,
                    872.760070801,
                    152.218887329,
                    78.0249938965,
                    -25.1899528503,
                    37.5920524597,
                    155.911804199,
                    95.732131958,
                    55.7031593323,
                    57.4362106323,
                    82.960899353
                ],
                [
                    -623.949035645,
                    715.331848145,
                    244.734985352,
                    152.218887329,
                    715.149536133,
                    -1.4917434454,
                    101.976730347,
                    32.5967826843,
                    153.521881104,
                    57.2314147949,
                    44.3590774536,
                    16.5626583099,
                    128.336593628
                ],
                [
                    1339.86938477,
                    -133.481506348,
                    254.084564209,
                    78.0249938965,
                    -1.4917434454,
                    524.225280762,
                    218.469482422,
                    91.3907775879,
                    57.2527618408,
                    74.2885284424,
                    5.92242956161,
                    45.9779319763,
                    -13.2835607529
                ],
                [
                    516.578979492,
                    265.573486328,
                    27.7083530426,
                    -25.1899528503,
                    101.976730347,
                    218.469482422,
                    494.134338379,
                    102.637145996,
                    -19.3998603821,
                    28.1127967834,
                    84.2363967896,
                    41.1419677734,
                    15.1899137497
                ],
                [
                    659.066833496,
                    -83.576210022,
                    75.8290710449,
                    37.5920524597,
                    32.5967826843,
                    91.3907775879,
                    102.637145996,
                    227.391021729,
                    32.683216095,
                    60.8169708252,
                    15.4174518585,
                    -1.23799324036,
                    15.6411390305
                ],
                [
                    18.7873420715,
                    184.804702759,
                    129.647171021,
                    155.911804199,
                    153.521881104,
                    57.2527618408,
                    -19.3998603821,
                    32.683216095,
                    224.849014282,
                    37.6981430054,
                    -2.99739003181,
                    5.96564769745,
                    29.1421813965
                ],
                [
                    481.992736816,
                    -229.373153687,
                    95.5598754883,
                    95.732131958,
                    57.2314147949,
                    74.2885284424,
                    28.1127967834,
                    60.8169708252,
                    37.6981430054,
                    187.490249634,
                    -15.4827890396,
                    -0.99059933424,
                    20.8553390503
                ],
                [
                    22.5552349091,
                    182.978256226,
                    -26.8486919403,
                    55.7031593323,
                    44.3590774536,
                    5.92242956161,
                    84.2363967896,
                    15.4174518585,
                    -2.99739003181,
                    -15.4827890396,
                    163.511566162,
                    19.4395141602,
                    -8.39065074921
                ],
                [
                    133.495254517,
                    7.32155132294,
                    119.440971375,
                    57.4362106323,
                    16.5626583099,
                    45.9779319763,
                    41.1419677734,
                    -1.23799324036,
                    5.96564769745,
                    -0.99059933424,
                    19.4395141602,
                    132.329116821,
                    39.798324585
                ],
                [
                    -234.660873413,
                    93.5592727661,
                    121.671073914,
                    82.960899353,
                    128.336593628,
                    -13.2835607529,
                    15.1899137497,
                    15.6411390305,
                    29.1421813965,
                    20.8553390503,
                    -8.39065074921,
                    39.798324585,
                    128.144317627
                ]
            ],
            "icov": [
                [
                    0.000157589151058,
                    -0.000157132148161,
                    0.000287202739855,
                    -0.000331739371177,
                    0.000173375883605,
                    -0.000465843710117,
                    0.000154984983965,
                    -0.000439168157754,
                    0.000300834042719,
                    -0.000393688678741,
                    0.000265070382738,
                    -0.000314088654704,
                    0.000269247393589
                ],
                [
                    -0.000157132148161,
                    0.00177046796307,
                    -0.000241135814576,
                    0.00114156666677,
                    -0.00157855264843,
                    0.000812881160527,
                    -0.000950156245381,
                    0.00110443891026,
                    -0.00180928548798,
                    0.00237205740996,
                    -0.00151081290096,
                    0.000531171623152,
                    -0.000685948820319
                ],
                [
                    0.000287202739855,
                    -0.000241135814576,
                    0.00195615831763,
                    -0.00107636605389,
                    -8.50110809552e-05,
                    -0.00150873139501,
                    0.000583855202422,
                    -0.00101587641984,
                    0.000594901503064,
                    -0.000666241685394,
                    0.000903672189452,
                    -0.00139251444489,
                    -1.01937748695e-05
                ],
                [
                    -0.000331739371177,
                    0.00114156666677,
                    -0.00107636605389,
                    0.00279053696431,
                    -0.000903751992155,
                    0.00121415499598,
                    -0.000521279522218,
                    0.0013890506234,
                    -0.00224124197848,
                    0.00122723856475,
                    -0.00210086698644,
                    0.000724506448023,
                    -0.00135495816357
                ],
                [
                    0.000173375883605,
                    -0.00157855264843,
                    -8.50110809552e-05,
                    -0.000903751992155,
                    0.00365736777894,
                    -0.000356074277079,
                    0.000234041537624,
                    -0.000722000550013,
                    0.000253653764958,
                    -0.00251177861355,
                    0.000689486216288,
                    0.000186818506336,
                    -0.0011653410038
                ],
                [
                    -0.000465843710117,
                    0.000812881160527,
                    -0.00150873139501,
                    0.00121415499598,
                    -0.000356074277079,
                    0.00458798278123,
                    -0.00208079209551,
                    0.00118141819257,
                    -0.00208496605046,
                    0.000901434395928,
                    -0.00061119638849,
                    0.000476323941257,
                    0.000274063349934
                ],
                [
                    0.000154984983965,
                    -0.000950156245381,
                    0.000583855202422,
                    -0.000521279522218,
                    0.000234041537624,
                    -0.00208079209551,
                    0.00386017700657,
                    -0.00176526594441,
                    0.00197625719011,
                    -0.00129790150095,
                    -0.000458218186395,
                    -0.000991535256617,
                    0.000108185653517
                ],
                [
                    -0.000439168157754,
                    0.00110443891026,
                    -0.00101587641984,
                    0.0013890506234,
                    -0.000722000550013,
                    0.00118141819257,
                    -0.00176526594441,
                    0.00702353706583,
                    -0.0021775146015,
                    0.000513698614668,
                    -0.0017067771405,
                    0.00182914885227,
                    -0.00161601719446
                ],
                [
                    0.000300834042719,
                    -0.00180928548798,
                    0.000594901503064,
                    -0.00224124197848,
                    0.000253653764958,
                    -0.00208496605046,
                    0.00197625719011,
                    -0.0021775146015,
                    0.00829286780208,
                    -0.00262331822887,
                    0.00209895358421,
                    -0.00078492477769,
                    0.00124158128165
                ],
                [
                    -0.000393688678741,
                    0.00237205740996,
                    -0.000666241685394,
                    0.00122723856475,
                    -0.00251177861355,
                    0.000901434395928,
                    -0.00129790150095,
                    0.000513698614668,
                    -0.00262331822887,
                    0.0100012049079,
                    -0.00122439488769,
                    0.00157251441851,
                    -0.00151423353236
                ],
                [
                    0.000265070382738,
                    -0.00151081290096,
                    0.000903672189452,
                    -0.00210086698644,
                    0.000689486216288,
                    -0.00061119638849,
                    -0.000458218186395,
                    -0.0017067771405,
                    0.00209895358421,
                    -0.00122439488769,
                    0.00916423182935,
                    -0.00205486826599,
                    0.00255948584527
                ],
                [
                    -0.000314088654704,
                    0.000531171623152,
                    -0.00139251444489,
                    0.000724506448023,
                    0.000186818506336,
                    0.000476323941257,
                    -0.000991535256617,
                    0.00182914885227,
                    -0.00078492477769,
                    0.00157251441851,
                    -0.00205486826599,
                    0.0104151871055,
                    -0.00379996490665
                ],
                [
                    0.000269247393589,
                    -0.000685948820319,
                    -1.01937748695e-05,
                    -0.00135495816357,
                    -0.0011653410038,
                    0.000274063349934,
                    0.000108185653517,
                    -0.00161601719446,
                    0.00124158128165,
                    -0.00151423353236,
                    0.00255948584527,
                    -0.00379996490665,
                    0.0123762218282
                ]
            ],
            "mean": [
                -37.7261543274,
                120.233123779,
                -86.241065979,
                18.8161220551,
                -40.1822662354,
                13.8973083496,
                -37.0715026855,
                12.727973938,
                -11.052857399,
                2.37432122231,
                -0.864268481731,
                7.37478208542,
                -6.69810533524
            ]
        },
        "hfc": {
            "dmean": 8.70889663696,
            "dmean2": 13.2840518951,
            "dvar": 356.332977295,
            "dvar2": 792.484985352,
            "max": 198.600463867,
            "mean": 18.5864105225,
            "median": 14.0351543427,
            "min": 1.09491985242e-16,
            "var": 441.06060791
        },
        "melbands": {
            "dmean": [
                0.00330082490109,
                0.00172530079726,
                0.00131669815164,
                0.000371935166186,
                0.000188445410458,
                0.000305810564896,
                0.000407230487326,
                0.000200364724151,
                0.00013213881175,
                0.000131338645588,
                8.36300387164e-05,
                6.25994798611e-05,
                4.61854106106e-05,
                5.48509160581e-05,
                4.59152979602e-05,
                4.31338194176e-05,
                2.63286783593e-05,
                1.6997448256e-05,
                1.54166464199e-05,
                8.98981215869e-06,
                8.96145047591e-06,
                8.31305806059e-06,
                6.55214353174e-06,
                6.11355562796e-06,
                3.81445579478e-06,
                7.15960504749e-06,
                5.68834957448e-06,
