{
    "lowlevel": {
        "average_loudness": 0.835060954094,
        "barkbands": {
            "dmean": [
                0.00182691670489,
                0.0169955063611,
                0.0067602917552,
                0.00156363332644,
                0.0010211749468,
                0.000801203597803,
                0.000590448442381,
                0.000648386252578,
                0.000540574255865,
                0.000190203209058,
                0.000292677868856,
                0.000187721889233,
                0.000141631622682,
                9.76285300567e-05,
                9.73801215878e-05,
                9.7739881312e-05,
                0.000114154448966,
                0.000230443140026,
                0.000303417997202,
                0.000192249470274,
                0.000174781103851,
                0.000201237999136,
                0.000153037763084,
                0.000195585278561,
                0.00017569141346,
                0.000130618966068,
                2.15201016545e-05
            ],
            "dmean2": [
                0.00306265288964,
                0.0273309145123,
                0.0116332862526,
                0.00281917303801,
                0.00175920804031,
                0.00127888424322,
                0.000918200239539,
                0.000990225700662,
                0.000775741471443,
                0.000283187488094,
                0.000428187719081,
                0.000277036073385,
                0.000212965067476,
                0.000153930755914,
                0.000148799503222,
                0.000139823911013,
                0.000171815423528,
                0.000371373433154,
                0.000474973407108,
                0.000294425291941,
                0.000279579719063,
                0.000305886933347,
                0.000224388582865,
                0.000289121177047,
                0.000260129978415,
                0.000199470712687,
                3.36889024766e-05
            ],
            "dvar": [
                2.17821070692e-05,
                0.00243450212292,
                0.000944831350353,
                4.65001830889e-05,
                6.29312535239e-06,
                2.88271780846e-06,
                1.83625309091e-06,
                2.00686372409e-06,
                1.41254201935e-06,
                1.56549958774e-07,
                9.08083336526e-07,
                3.37675714945e-07,
                2.39949599745e-07,
                8.7396067272e-08,
                9.71404432448e-08,
                2.27373362804e-07,
                3.64896948213e-07,
                1.28269732613e-06,
                2.17253386836e-06,
                5.59257443911e-07,
                4.91373612022e-07,
                4.13711603642e-07,
                2.79815367321e-07,
                3.96293387439e-07,
                3.06030301545e-07,
                2.0548044688e-07,
                1.54915120731e-08
            ],
            "dvar2": [
                6.10822971794e-05,
                0.00612864922732,
                0.00242580333725,
                0.000130282569444,
                1.83402371476e-05,
                7.30971078156e-06,
                4.42849477622e-06,
                4.40695566795e-06,
                2.98284112432e-06,
                3.31709259171e-07,
                1.75953630333e-06,
                5.81248002618e-07,
                5.71709279029e-07,
                2.04716769758e-07,
                2.15504002199e-07,
                4.29463995033e-07,
                7.55095356908e-07,
                3.18941897604e-06,
                5.26223539055e-06,
                1.26216866647e-06,
                1.26825739244e-06,
                9.08971173885e-07,
                5.71491455048e-07,
                8.26524058084e-07,
                7.1251463396e-07,
                4.86575459036e-07,
                4.02639628305e-08
            ],
            "max": [
                0.0765234753489,
                0.504037618637,
                0.354317605495,
                0.0812577456236,
                0.0382378175855,
                0.02607944794,
                0.0315064825118,
                0.0322738364339,
                0.0358306765556,
                0.0146996136755,
                0.0222963709384,
                0.021921960637,
                0.0224409997463,
                0.00814031250775,
                0.0088743166998,
                0.0117196729407,
                0.0153545765206,
                0.024604042992,
                0.0274677872658,
                0.0132131474093,
                0.0131473112851,
                0.0176382735372,
                0.0110996700823,
                0.0178773719817,
                0.0154023636132,
                0.0174999646842,
                0.00554255722091
            ],
            "mean": [
                0.00675209471956,
                0.0425605550408,
                0.00645008776337,
                0.00134698336478,
                0.00152779673226,
                0.00133554160129,
                0.00114501977805,
                0.00113364413846,
                0.00121568702161,
                0.000379106932087,
                0.000561515626032,
                0.00036675168667,
                0.000227100215852,
                0.000141186319524,
                0.000148830862599,
                0.000128355299239,
                0.000145610159962,
                0.000284211389953,
                0.000397246272769,
                0.000285060523311,
                0.00023382116342,
                0.000264648086159,
                0.000243922113441,
                0.000327893998474,
                0.000307643029373,
                0.000235086743487,
                3.22344421875e-05
            ],
            "median": [
                0.00175137631595,
                0.0366757437587,
                0.000369693036191,
                0.000363679602742,
                0.000581565313041,
                0.000620032660663,
                0.000341839564499,
                0.000433435372543,
                0.000361072423402,
                0.000149814586621,
                6.89887092449e-05,
                6.39054196654e-05,
                5.75870071771e-05,
                3.70956586266e-05,
                3.20409671986e-05,
                2.02570881811e-05,
                2.60267843259e-05,
                6.52762173559e-05,
                0.000101463243482,
                6.0987771576e-05,
                2.36566338572e-05,
                2.08774399653e-05,
                4.52024469269e-05,
                7.11930188118e-05,
                8.78502833075e-05,
                6.50028960081e-05,
                7.78763023845e-06
            ],
            "min": [
                7.51883987061e-25,
                9.84291412614e-24,
                1.30461550265e-24,
                2.52144478883e-24,
                1.22303101479e-23,
                1.54896625272e-23,
                1.78246387419e-23,
                2.55405724528e-23,
                3.87209440765e-23,
                2.89171763839e-23,
                1.2018160207e-23,
                2.53472179118e-23,
                4.30108075444e-23,
                7.18155491613e-23,
                7.05596826002e-23,
                8.31273664691e-23,
                9.82487634823e-23,
                1.24319732876e-22,
                2.16805608699e-22,
                1.88178401807e-22,
                3.02583036628e-22,
                4.1844973994e-22,
                5.0116335833e-22,
                6.86536482406e-22,
                1.01225783175e-21,
                1.42219781987e-21,
                2.34281601528e-21
            ],
            "var": [
                0.000133083172841,
                0.00318547827192,
                0.000719668518286,
                2.91943979391e-05,
                8.70644453244e-06,
                4.45379828307e-06,
                5.28185910298e-06,
                3.97550684283e-06,
                5.33892716703e-06,
                4.74642348536e-07,
                2.82873156721e-06,
                1.387915745e-06,
                3.97777029093e-07,
                1.23036826949e-07,
                1.51538586124e-07,
                3.26753109903e-07,
                4.72407293728e-07,
                1.35778952881e-06,
                2.14465649151e-06,
                7.22764752936e-07,
                5.53680251869e-07,
                6.15792146164e-07,
                4.80470134789e-07,
                7.61624960433e-07,
                5.89309081533e-07,
                4.48980557621e-07,
                2.70322413343e-08
            ]
        },
        "barkbands_crest": {
            "dmean": 2.16218018532,
            "dmean2": 3.4176197052,
            "dvar": 7.41903734207,
            "dvar2": 17.1417617798,
            "max": 26.4187297821,
            "mean": 15.807015419,
            "median": 16.3636932373,
            "min": 2.34282469749,
            "var": 33.806427002
        },
        "barkbands_flatness_db": {
            "dmean": 0.0244836416095,
            "dmean2": 0.0356311909854,
            "dvar": 0.000747168960515,
            "dvar2": 0.00156092341058,
            "max": 0.470548927784,
            "mean": 0.200518682599,
            "median": 0.194731593132,
            "min": 0.0393084362149,
            "var": 0.00583999184892
        },
        "barkbands_kurtosis": {
            "dmean": 14.3650369644,
            "dmean2": 22.0562057495,
            "dvar": 1101.50012207,
            "dvar2": 2647.71044922,
            "max": 695.831115723,
            "mean": 26.2239704132,
            "median": 12.7976989746,
            "min": -1.94730710983,
            "var": 1852.13879395
        },
        "barkbands_skewness": {
            "dmean": 1.02266585827,
            "dmean2": 1.49101281166,
            "dvar": 1.85093426704,
            "dvar2": 4.19604206085,
            "max": 21.3466701508,
            "mean": 3.65327095985,
            "median": 3.26825618744,
            "min": -5.06221580505,
            "var": 7.04587364197
        },
        "barkbands_spread": {
            "dmean": 6.08537864685,
            "dmean2": 9.07642269135,
            "dvar": 92.9866409302,
            "dvar2": 193.670516968,
            "max": 118.340309143,
            "mean": 17.8390197754,
            "median": 11.4541835785,
            "min": 0.25597935915,
            "var": 324.565917969
        },
        "dissonance": {
            "dmean": 0.0234760623425,
            "dmean2": 0.0383605882525,
            "dvar": 0.000566391739994,
            "dvar2": 0.0014627793571,
            "max": 0.499999970198,
            "mean": 0.447000801563,
            "median": 0.459128767252,
            "min": 0.145598888397,
            "var": 0.00199640146457
        },
        "dynamic_complexity": 3.5702791214,
        "erbbands": {
            "dmean": [
                0.709089696407,
                3.25437092781,
                6.14142274857,
                7.21409749985,
                3.51759624481,
                3.38566637039,
                5.0063586235,
                6.84408187866,
                8.27397823334,
                8.50002574921,
                15.0365934372,
                13.3504142761,
                6.57536172867,
                7.44714736938,
                10.2914323807,
                6.20042514801,
                6.10941791534,
                5.11028909683,
                4.67157030106,
                5.82095575333,
                4.65465784073,
                6.38639450073,
                11.2536039352,
                18.897687912,
                11.2527780533,
                8.74174404144,
                7.16072654724,
                6.7266907692,
                7.40134000778,
                5.54679727554,
                4.35244941711,
                3.882178545,
                3.57432746887,
                2.21757411957,
                1.18545770645,
                0.705848097801,
                0.217167511582,
                0.0361544787884,
                0.00389600894414,
                0.000159567018272
            ],
            "dmean2": [
                1.15013623238,
                5.20450639725,
                9.73162269592,
                12.5975942612,
                6.36892938614,
                5.73030567169,
                7.94187450409,
                11.0075998306,
                13.1525592804,
                12.9374599457,
                22.9923095703,
                19.2349014282,
                9.60560035706,
                10.7264490128,
                15.0807723999,
                8.99028587341,
                9.14831733704,
                8.00865936279,
                7.14064884186,
                8.63540172577,
                6.66971445084,
                9.4650182724,
                17.249710083,
                30.242773056,
                17.3527832031,
                13.3338518143,
                11.5267820358,
                10.3111343384,
                11.2980470657,
                8.32074451447,
                6.47938251495,
                5.9096159935,
                5.2004160881,
                3.30682635307,
                1.77132892609,
                1.08850646019,
                0.330437839031,
                0.0554665252566,
                0.00611104117706,
                0.000247731513809
            ],
            "dvar": [
                3.31010961533,
                111.753334045,
                632.513122559,
                1011.90704346,
                140.411773682,
                81.9339447021,
                183.65574646,
                209.997039795,
                434.408416748,
                316.074371338,
                1166.96105957,
                1073.90563965,
                184.888748169,
                241.076217651,
                928.70501709,
                292.48046875,
                478.952972412,
                314.12121582,
                192.301208496,
                503.443511963,
                514.276245117,
                1249.69226074,
                3040.46630859,
                10731.4023438,
                2344.09521484,
                1083.9864502,
                856.580200195,
                606.851379395,
                566.108276367,
                332.689025879,
                222.497711182,
                175.335952759,
                119.387901306,
                44.1025428772,
                16.6646347046,
                4.43017101288,
                0.533911108971,
                0.0419828519225,
                0.000517587235663,
                1.26043130422e-06
            ],
            "dvar2": [
                8.53858757019,
                286.610168457,
                1488.45385742,
                2647.42944336,
                426.124908447,
                213.35244751,
                443.824645996,
                545.153564453,
                1086.87329102,
                711.044311523,
                2594.74267578,
                2273.98193359,
                406.72454834,
                462.542388916,
                1893.57458496,
                534.998657227,
                1103.37695312,
                727.65246582,
                423.072174072,
                1090.65344238,
                913.980163574,
                2563.78369141,
                6768.76464844,
                27793.1464844,
                5503.85546875,
                2384.99609375,
                2203.32275391,
                1451.65844727,
                1217.73950195,
                734.892944336,
                469.408874512,
                379.423309326,
                248.806610107,
                104.060523987,
                39.5041427612,
                10.1699857712,
                1.23760271072,
                0.113295041025,
                0.00136708689388,
                3.14636599796e-06
            ],
            "max": [
                15.8250684738,
                116.540802002,
                306.369903564,
                356.29574585,
                164.9034729,
                199.272247314,
                313.37097168,
                222.510498047,
                471.34463501,
                391.090942383,
                855.54699707,
                1024.80993652,
                263.246887207,
                656.510559082,
                857.634887695,
                555.631835938,
                915.790466309,
                569.480957031,
                348.792510986,
                617.699890137,
                588.354797363,
                951.534667969,
                1350.4375,
                1945.68945312,
                893.827453613,
                595.90411377,
                594.469177246,
                453.321868896,
                698.390136719,
                486.873199463,
                262.436248779,
                366.242279053,
                298.088043213,
                185.080276489,
                117.686851501,
                69.9466171265,
                26.8549556732,
                8.76549625397,
                1.00024211407,
                0.0541749969125
            ],
            "mean": [
                2.03401756287,
                6.36299753189,
                7.80795669556,
                6.21189880371,
                4.21199131012,
                5.24197435379,
                8.41253948212,
                11.3376913071,
                15.7960510254,
                17.103937149,
                28.6596946716,
                29.3939113617,
                14.3009653091,
                17.2550983429,
                22.7041301727,
                13.2268619537,
                10.3201980591,
                7.94892978668,
                7.68335342407,
                8.08912563324,
                6.82087230682,
                8.33943462372,
                14.245634079,
                22.6452331543,
                16.5299434662,
                13.6090869904,
                9.71600437164,
                8.90524578094,
                9.5338973999,
                8.30181598663,
                6.82673692703,
                6.12562990189,
                5.85438346863,
                3.66508507729,
                2.09941005707,
                1.24155950546,
                0.385000407696,
                0.0584371387959,
                0.00587908364832,
                0.000300917832647
            ],
            "median": [
                1.78453862667,
                4.19334697723,
                0.885280132294,
                1.2477812767,
                1.42542111874,
                1.45122277737,
                3.01502799988,
                5.14518785477,
                5.17086648941,
                7.1378865242,
                12.6509113312,
                9.27366638184,
                5.66394710541,
                6.76595497131,
                3.72368144989,
                2.66567873955,
                2.55996656418,
                2.49639892578,
                1.91887569427,
                1.63486790657,
                1.22516822815,
                1.59243202209,
                3.12667894363,
                5.69893598557,
                4.56219673157,
                2.79871082306,
                1.31746375561,
                0.791240215302,
                0.702740192413,
                1.12863445282,
                1.24211549759,
                1.22234475613,
                1.26941037178,
                0.921518921852,
                0.571323275566,
                0.317520320415,
                0.108303293586,
                0.0159545019269,
                0.00146149494685,
                0.000130975298816
            ],
            "min": [
                4.15279957983e-22,
                1.2638070709e-21,
                9.85655473026e-22,
                5.05925634622e-21,
                2.1346890125e-20,
                4.1886726622e-20,
                5.87729790548e-20,
                1.60766481158e-19,
                2.55125196679e-19,
                4.60690797536e-19,
                7.38777183851e-19,
                9.4832896808e-19,
                1.06487282273e-18,
                8.66646743746e-19,
                1.10552316636e-18,
                1.5864803025e-18,
                2.49949041618e-18,
                3.34421387516e-18,
                3.65737204737e-18,
                4.4517264109e-18,
                5.4794300796e-18,
                6.24650154499e-18,
                6.61435993033e-18,
                9.04557734029e-18,
                1.01581278196e-17,
                7.88204606552e-18,
                1.31419064282e-17,
                1.19082294103e-17,
                1.27262001939e-17,
                1.60079730998e-17,
                1.49272401228e-17,
                1.20389586887e-17,
                1.20909519532e-17,
                8.64712278486e-18,
                8.53477428689e-18,
                4.68494543512e-18,
                2.63063431883e-18,
                1.04787488152e-18,
                3.12459799122e-19,
                3.34914411718e-20
            ],
            "var": [
                5.58044672012,
                126.070785522,
                639.143432617,
                723.707092285,
                100.793914795,
                179.455154419,
                348.091400146,
                303.031768799,
                1148.43469238,
                865.157653809,
                2334.15942383,
                3695.98510742,
                554.383789062,
                911.358154297,
                3627.43017578,
                1233.63330078,
                844.81439209,
                405.507263184,
                342.849578857,
                684.444580078,
                844.860290527,
                1612.6986084,
                3487.40942383,
                9330.62304688,
                2671.7590332,
                1533.48046875,
                967.872558594,
                773.817260742,
                849.346435547,
                521.701782227,
                377.595062256,
                306.038360596,
                229.057220459,
                81.5711746216,
                31.4640293121,
                10.2366294861,
                1.20107126236,
                0.064209677279,
                0.00084786710795,
                2.31622061619e-06
            ]
        },
        "erbbands_crest": {
            "dmean": 2.62985730171,
            "dmean2": 4.13730144501,
            "dvar": 6.19681501389,
            "dvar2": 14.1470489502,
            "max": 31.5648326874,
            "mean": 10.0562858582,
            "median": 8.9733543396,
            "min": 2.27699303627,
            "var": 20.7334403992
        },
        "erbbands_flatness_db": {
            "dmean": 0.0155895240605,
            "dmean2": 0.0226766578853,
            "dvar": 0.00025963288499,
            "dvar2": 0.000514057639521,
            "max": 0.482870936394,
            "mean": 0.137838289142,
            "median": 0.124660119414,
            "min": 0.0313364118338,
            "var": 0.0036815891508
        },
        "erbbands_kurtosis": {
            "dmean": 1.65217685699,
            "dmean2": 2.48129177094,
            "dvar": 8.80546665192,
            "dvar2": 16.1027793884,
            "max": 168.197967529,
            "mean": 2.03327703476,
            "median": 0.699775218964,
            "min": -1.91185057163,
            "var": 28.6544094086
        },
        "erbbands_skewness": {
            "dmean": 0.447246640921,
            "dmean2": 0.647871375084,
            "dvar": 0.237256526947,
            "dvar2": 0.456938832998,
            "max": 9.47986888885,
            "mean": 0.642258644104,
            "median": 0.671043753624,
            "min": -4.17258834839,
            "var": 1.25434696674
        },
        "erbbands_spread": {
            "dmean": 11.6068677902,
            "dmean2": 17.210975647,
            "dvar": 193.313522339,
            "dvar2": 404.736602783,
            "max": 185.597366333,
            "mean": 48.93542099,
            "median": 44.4765777588,
            "min": 1.08902788162,
            "var": 780.141113281
        },
        "gfcc": {
            "cov": [
                [
                    15336.2285156,
                    -1382.57104492,
                    -137.628570557,
                    2076.72192383,
                    448.333618164,
                    855.276916504,
                    521.91973877,
                    806.942321777,
                    216.865753174,
                    580.316833496,
                    345.12109375,
                    426.590911865,
                    -14.5782423019
                ],
                [
                    -1382.57104492,
                    2209.98266602,
                    335.29675293,
                    -273.492645264,
                    485.26739502,
                    143.572845459,
                    271.600219727,
                    78.1116333008,
                    125.287902832,
                    5.26736688614,
                    175.702453613,
                    -86.1215209961,
                    58.7736930847
                ],
                [
                    -137.628570557,
                    335.29675293,
                    1059.51171875,
                    423.902496338,
                    321.011810303,
                    252.978317261,
                    201.061752319,
                    235.520385742,
                    154.492767334,
                    120.897521973,
                    90.7272415161,
                    79.8066940308,
                    -1.87577283382
                ],
                [
                    2076.72192383,
                    -273.492645264,
                    423.902496338,
                    1479.18591309,
                    642.676208496,
                    410.565704346,
                    326.546813965,
                    343.769775391,
                    294.98727417,
                    170.186065674,
                    139.491882324,
                    169.588058472,
                    134.582397461
                ],
                [
                    448.333618164,
                    485.26739502,
                    321.011810303,
                    642.676208496,
                    825.989379883,
                    339.300201416,
                    315.519226074,
                    278.25213623,
                    236.385284424,
                    119.116577148,
                    125.521835327,
                    85.4775390625,
                    113.005897522
                ],
                [
                    855.276916504,
                    143.572845459,
                    252.978317261,
                    410.565704346,
                    339.300201416,
                    493.807342529,
                    346.478759766,
                    158.272338867,
                    153.282104492,
                    140.996856689,
                    108.303108215,
                    73.2092056274,
                    82.5907516479
                ],
                [
                    521.91973877,
                    271.600219727,
                    201.061752319,
                    326.546813965,
                    315.519226074,
                    346.478759766,
                    486.841430664,
                    171.317184448,
                    118.470680237,
                    139.16519165,
                    128.108688354,
                    91.2677078247,
                    70.7581558228
                ],
                [
                    806.942321777,
                    78.1116333008,
                    235.520385742,
                    343.769775391,
                    278.25213623,
                    158.272338867,
                    171.317184448,
                    335.639251709,
                    122.3879776,
                    70.6935806274,
                    106.048652649,
                    51.0073852539,
                    0.432573527098
                ],
                [
                    216.865753174,
                    125.287902832,
                    154.492767334,
                    294.98727417,
                    236.385284424,
                    153.282104492,
                    118.470680237,
                    122.3879776,
                    223.583053589,
                    90.6068344116,
                    62.3609695435,
                    51.1553001404,
                    70.6990814209
                ],
                [
                    580.316833496,
                    5.26736688614,
                    120.897521973,
                    170.186065674,
                    119.116577148,
                    140.996856689,
                    139.16519165,
                    70.6935806274,
                    90.6068344116,
                    180.954345703,
                    86.9784240723,
                    52.5715065002,
                    48.5911865234
                ],
                [
                    345.12109375,
                    175.702453613,
                    90.7272415161,
                    139.491882324,
                    125.521835327,
                    108.303108215,
                    128.108688354,
                    106.048652649,
                    62.3609695435,
                    86.9784240723,
                    168.19871521,
                    60.6288986206,
                    23.1606273651
                ],
                [
                    426.590911865,
                    -86.1215209961,
                    79.8066940308,
                    169.588058472,
                    85.4775390625,
                    73.2092056274,
                    91.2677078247,
                    51.0073852539,
                    51.1553001404,
                    52.5715065002,
                    60.6288986206,
                    157.832382202,
                    59.3997650146
                ],
                [
                    -14.5782423019,
                    58.7736930847,
                    -1.87577283382,
                    134.582397461,
                    113.005897522,
                    82.5907516479,
                    70.7581558228,
                    0.432573527098,
                    70.6990814209,
                    48.5911865234,
                    23.1606273651,
                    59.3997650146,
                    142.08203125
                ]
            ],
            "icov": [
                [
                    0.00013312289957,
                    -5.77195860387e-05,
                    0.000203538773349,
                    -0.000222299888264,
                    0.000153762259288,
                    -0.000261942186626,
                    0.000196232183953,
                    -0.00033404972055,
                    0.000267635128694,
                    -0.000493335421197,
                    0.000213905310375,
                    -0.000352171366103,
                    0.000331955292495
                ],
                [
                    -5.77195860387e-05,
                    0.00103690184187,
                    -0.000491991930176,
                    0.000721342104953,
                    -0.000877580721863,
                    0.00046709246817,
                    -0.000703124620486,
                    0.000639901671093,
                    -0.000618085789029,
                    0.00118933792692,
                    -0.0015794893261,
                    0.00134922144935,
                    -0.000755705987103
                ],
                [
                    0.000203538773349,
                    -0.000491991930176,
                    0.00174273934681,
                    -0.000662902428303,
                    0.000394544418668,
                    -0.000881295651197,
                    0.000638843281195,
                    -0.00111464620568,
                    0.000352324888809,
                    -0.00153760600369,
                    0.00116322829854,
                    -0.00142013793811,
                    0.0015136821894
                ],
                [
                    -0.000222299888264,
                    0.000721342104953,
                    -0.000662902428303,
                    0.00203888397664,
                    -0.00124478049111,
                    0.000248520023888,
                    -0.000516579253599,
                    0.000298849743558,
                    -0.00122368894517,
                    0.00130804337095,
                    -0.000959971745033,
                    0.000648138928227,
                    -0.0011122059077
                ],
                [
                    0.000153762259288,
                    -0.000877580721863,
                    0.000394544418668,
                    -0.00124478049111,
                    0.00345950596966,
                    -0.000952842703555,
                    0.00015725956473,
                    -0.00167013483588,
                    -0.000252887693932,
                    -0.000711998902261,
                    0.0011602222221,
                    -0.000791824946646,
                    -0.00019657042867
                ],
                [
                    -0.000261942186626,
                    0.00046709246817,
                    -0.000881295651197,
                    0.000248520023888,
                    -0.000952842703555,
                    0.00563130900264,
                    -0.00323139154352,
                    0.00111076398753,
                    -0.00133949681185,
                    0.000523575523403,
                    -0.00104476313572,
                    0.00176433252636,
                    -0.00145665742457
                ],
                [
                    0.000196232183953,
                    -0.000703124620486,
                    0.000638843281195,
                    -0.000516579253599,
                    0.00015725956473,
                    -0.00323139154352,
                    0.00553911877796,
                    -0.00153469305951,
                    0.00148411619011,
                    -0.00232101464644,
                    0.000444707955467,
                    -0.00210697809234,
                    0.000671823800076
                ],
                [
                    -0.00033404972055,
                    0.000639901671093,
                    -0.00111464620568,
                    0.000298849743558,
                    -0.00167013483588,
                    0.00111076398753,
                    -0.00153469305951,
                    0.0069567761384,
                    -0.00233142403886,
                    0.00223440025002,
                    -0.0032522440888,
                    0.00133289408404,
                    0.00119787710719
                ],
                [
                    0.000267635128694,
                    -0.000618085789029,
                    0.000352324888809,
                    -0.00122368894517,
                    -0.000252887693932,
                    -0.00133949681185,
                    0.00148411619011,
                    -0.00233142403886,
                    0.00942363310605,
                    -0.00354009889998,
                    0.00123612338211,
                    -0.00103630439844,
                    -0.00155204720795
                ],
                [
                    -0.000493335421197,
                    0.00118933792692,
                    -0.00153760600369,
                    0.00130804337095,
                    -0.000711998902261,
                    0.000523575523403,
                    -0.00232101464644,
                    0.00223440025002,
                    -0.00354009889998,
                    0.0123402187601,
                    -0.00544405076653,
                    0.00235434575006,
                    -0.00294646597467
                ],
                [
                    0.000213905310375,
                    -0.0015794893261,
                    0.00116322829854,
                    -0.000959971745033,
                    0.0011602222221,
                    -0.00104476313572,
                    0.000444707955467,
                    -0.0032522440888,
                    0.00123612338211,
                    -0.00544405076653,
                    0.0125496070832,
                    -0.00457801437005,
                    0.00218789302744
                ],
                [
                    -0.000352171366103,
                    0.00134922144935,
                    -0.00142013793811,
                    0.000648138928227,
                    -0.000791824946646,
                    0.00176433252636,
                    -0.00210697809234,
                    0.00133289408404,
                    -0.00103630439844,
                    0.00235434575006,
                    -0.00457801437005,
                    0.0116290310398,
                    -0.00498246541247
                ],
                [
                    0.000331955292495,
                    -0.000755705987103,
                    0.0015136821894,
                    -0.0011122059077,
                    -0.00019657042867,
                    -0.00145665742457,
                    0.000671823800076,
                    0.00119787710719,
                    -0.00155204720795,
                    -0.00294646597467,
                    0.00218789302744,
                    -0.00498246541247,
                    0.0126295164227
                ]
            ],
            "mean": [
                -18.4721851349,
                61.3226776123,
                -68.8306884766,
                15.873249054,
                -59.436126709,
                13.618139267,
                -28.8027095795,
                26.4757804871,
                -24.3807640076,
                8.38310337067,
                -7.75524806976,
                1.23032152653,
                -14.3823347092
            ]
        },
        "hfc": {
            "dmean": 11.3069572449,
            "dmean2": 16.4392528534,
            "dvar": 1050.30493164,
            "dvar2": 2326.13427734,
            "max": 812.997131348,
            "mean": 26.4936103821,
            "median": 13.6057796478,
            "min": 1.17494044461e-16,
            "var": 2051.30004883
        },
        "melbands": {
            "dmean": [
                0.00535331526771,
                0.00285227503628,
                0.00113801262341,
                0.000245266011916,
                0.000160892537679,
                0.000152780819917,
                0.000124554309878,
                0.000100008408481,
                0.000119737371278,
                7.84787262091e-05,
                3.36407210852e-05,
                3.02778353216e-05,
                4.31364205724e-05,
                2.38275861193e-05,
                1.33485518745e-05,
                1.26722043206e-05,
                9.59946737566e-06,
                8.01162877906e-06,
                6.97642053638e-06,
                8.03016700957e-06,
                5.25045652466e-06,
                5.93428649154e-06,
                9.71593635768e-06,
                1.14008726086e-05,
                1.69020295289e-05,
                8.52543780638e-06,
                8.71430074767e-06,
                5.32378817297e-06,
                4.57926216768e-06,
                4.3034870032e-06,
