{
    "lowlevel": {
        "average_loudness": 0.699796378613,
        "barkbands": {
            "dmean": [
                2.4769014999e-05,
                0.000682584068272,
                0.000804915849585,
                0.00122607732192,
                0.00212669186294,
                0.000409560569096,
                0.000365251180483,
                0.000405604077969,
                0.000462037802208,
                0.000741267460398,
                0.00034358643461,
                0.000284317677142,
                0.000330074428348,
                0.000224221803364,
                0.00042078300612,
                0.000178598929779,
                9.04007683857e-05,
                4.60611445305e-05,
                3.96051545977e-05,
                1.51391568579e-05,
                1.99686874112e-05,
                1.44611167343e-05,
                1.71802330442e-05,
                1.88480134966e-05,
                3.79090233764e-05,
                2.08265355468e-05,
                1.11101837774e-06
            ],
            "dmean2": [
                3.97533622163e-05,
                0.00107150024269,
                0.0011995540699,
                0.00189776811749,
                0.00330488500185,
                0.000612994423136,
                0.000555717502721,
                0.000549562566448,
                0.000631439383142,
                0.00101164286025,
                0.000478486064821,
                0.000375138828531,
                0.000425287522376,
                0.000313695985824,
                0.00059433944989,
                0.000260628788965,
                0.000123539241031,
                6.41830702079e-05,
                5.91536627326e-05,
                2.2419339075e-05,
                2.92670047202e-05,
                2.09302033909e-05,
                2.51032543019e-05,
                2.76823102467e-05,
                5.74509576836e-05,
                3.22529849655e-05,
                1.78742675416e-06
            ],
            "dvar": [
                1.64799320856e-08,
                3.31759474648e-06,
                2.8558986287e-06,
                5.70791235077e-06,
                1.47258788274e-05,
                7.54958136895e-07,
                1.41931775488e-06,
                2.35644483837e-06,
                3.09840720547e-06,
                9.46275940805e-06,
                1.68256792676e-06,
                1.87859382095e-06,
                2.3656364192e-06,
                1.65384403772e-06,
                2.89722447633e-06,
                6.80059088154e-07,
                1.68311373727e-07,
                3.80270321898e-08,
                2.4190736525e-08,
                2.87935231214e-09,
                4.55829329837e-09,
                4.76531436533e-09,
                5.26540944179e-09,
                1.26849259985e-08,
                6.27379890261e-08,
                8.14987188846e-08,
                2.2230918495e-10
            ],
            "dvar2": [
                3.78039182181e-08,
                7.08156721885e-06,
                4.98455892739e-06,
                1.25769174701e-05,
                3.35322474712e-05,
                1.65365543126e-06,
                3.30241709889e-06,
                4.60779665445e-06,
                5.44824342796e-06,
                1.87326259038e-05,
                3.25136488755e-06,
                3.07685127154e-06,
                3.91123057852e-06,
                3.10647124024e-06,
                5.68017685509e-06,
                1.43761769777e-06,
                3.15270511919e-07,
                7.69983472537e-08,
                5.33287867199e-08,
                6.8254739638e-09,
                9.13322129037e-09,
                8.97261731581e-09,
                1.15560379044e-08,
                2.72743978513e-08,
                1.41050250591e-07,
                2.14734399151e-07,
                5.45032907695e-10
            ],
            "max": [
                0.00527005176991,
                0.0775640234351,
                0.0596330538392,
                0.0484630092978,
                0.0799258500338,
                0.0232106465846,
                0.0329732298851,
                0.0548325441778,
                0.0896105542779,
                0.0903784707189,
                0.0337011814117,
                0.0501435175538,
                0.0582590661943,
                0.0442372076213,
                0.0540338866413,
                0.028570568189,
                0.0165082924068,
                0.00792807899415,
                0.00593408942223,
                0.00197749212384,
                0.00263895001262,
                0.00338238035329,
                0.00323677901179,
                0.0043382961303,
                0.00963918771595,
                0.0174699258059,
                0.000838846550323
            ],
            "mean": [
                0.000164426717674,
                0.00404212763533,
                0.00269135949202,
                0.00272998027503,
                0.00505595607683,
                0.00126166071277,
                0.00084425532259,
                0.000992072513327,
                0.00104065600317,
                0.00181137211621,
                0.00079495535465,
                0.000510242360178,
                0.000775087624788,
                0.00037703482667,
                0.000852606783155,
                0.000356462551281,
                0.000195191096282,
                8.9613662567e-05,
                7.19489034964e-05,
                2.95901536447e-05,
                3.74695446226e-05,
                2.39256823988e-05,
                2.9470455047e-05,
                2.71157550742e-05,
                5.48509051441e-05,
                2.21737827815e-05,
                1.39698795465e-06
            ],
            "median": [
                5.36707602805e-07,
                0.000334499432938,
                0.000916539574973,
                0.00123010296375,
                0.00315671227872,
                0.000661678845063,
                0.000167431251612,
                0.000208320911042,
                0.000137483089929,
                0.000123965117382,
                8.52764642332e-05,
                4.64225304313e-05,
                3.68885885109e-05,
                1.72770014615e-05,
                4.35658512288e-05,
                3.08863163809e-05,
                2.79258056253e-05,
                1.04944138002e-05,
                9.82599340205e-06,
                5.99300255999e-06,
                7.31368163542e-06,
                3.74188675778e-06,
                3.5251364352e-06,
                2.10013513424e-06,
                2.60962656284e-06,
                5.03862452206e-07,
                7.82278846145e-08
            ],
            "min": [
                2.36740559619e-25,
                1.37945937129e-24,
                8.00375316209e-25,
                2.24196142808e-25,
                4.75263727948e-24,
                6.54764017664e-24,
                5.62458022638e-24,
                2.44750091188e-24,
                1.07731231284e-23,
                7.30172888202e-24,
                7.4097491835e-24,
                1.88911692194e-23,
                2.69396093796e-23,
                2.72657370996e-23,
                3.17866453049e-23,
                4.70199532815e-23,
                6.37723927914e-23,
                7.06222929125e-23,
                1.00742207653e-22,
                1.41525571769e-22,
                2.08657811508e-22,
                2.66994252154e-22,
                3.61830226655e-22,
                5.1679088219e-22,
                8.03571734843e-22,
                1.2232677488e-21,
                1.7387695944e-21
            ],
            "var": [
                1.71656026282e-07,
                3.99887285312e-05,
                2.49884378718e-05,
                1.55965535669e-05,
                3.98991032853e-05,
                3.25256451106e-06,
                4.21370259573e-06,
                6.55357553114e-06,
                1.31805518322e-05,
                3.40638143825e-05,
                6.45230466034e-06,
                5.15240799359e-06,
                9.73975056695e-06,
                3.71770943275e-06,
                1.08558979264e-05,
                2.43767271968e-06,
                5.75699118599e-07,
                1.28932896359e-07,
                5.05535773243e-08,
                6.06910521839e-09,
                1.06655324572e-08,
                9.16904063786e-09,
                9.62247614922e-09,
                1.8694066739e-08,
                8.94409382113e-08,
                6.55622258705e-08,
                3.00821034749e-10
            ]
        },
        "barkbands_crest": {
            "dmean": 1.7343313694,
            "dmean2": 2.687292099,
            "dvar": 3.29341006279,
            "dvar2": 7.54214048386,
            "max": 25.6417942047,
            "mean": 12.1828298569,
            "median": 11.5461483002,
            "min": 3.49684739113,
            "var": 18.985874176
        },
        "barkbands_flatness_db": {
            "dmean": 0.019437128678,
            "dmean2": 0.0289115142077,
            "dvar": 0.000454171851743,
            "dvar2": 0.000917008786928,
            "max": 0.541252791882,
            "mean": 0.22075162828,
            "median": 0.209405690432,
            "min": 0.0360136292875,
            "var": 0.00606756890193
        },
        "barkbands_kurtosis": {
            "dmean": 5.05241012573,
            "dmean2": 7.64770936966,
            "dvar": 103.292404175,
            "dvar2": 223.159317017,
            "max": 612.389892578,
            "mean": 19.7482471466,
            "median": 6.02225446701,
            "min": -1.9751291275,
            "var": 3076.87011719
        },
        "barkbands_skewness": {
            "dmean": 0.508729338646,
            "dmean2": 0.748094797134,
            "dvar": 0.412962943316,
            "dvar2": 0.843476355076,
            "max": 18.0068206787,
            "mean": 2.41477847099,
            "median": 2.12282729149,
            "min": -2.21031522751,
            "var": 6.24339008331
        },
        "barkbands_spread": {
            "dmean": 2.97677540779,
            "dmean2": 4.45012998581,
            "dvar": 37.4955558777,
            "dvar2": 71.9325561523,
            "max": 124.676208496,
            "mean": 12.0669937134,
            "median": 9.06855392456,
            "min": 0.206152543426,
            "var": 136.319213867
        },
        "dissonance": {
            "dmean": 0.0248345211148,
            "dmean2": 0.0413308143616,
            "dvar": 0.000612807809375,
            "dvar2": 0.0016915074084,
            "max": 0.49999922514,
            "mean": 0.425680458546,
            "median": 0.429869055748,
            "min": 0.199916243553,
            "var": 0.00178427516948
        },
        "dynamic_complexity": 4.45170068741,
        "erbbands": {
            "dmean": [
                0.0158662814647,
                0.178990349174,
                0.881273627281,
                1.91021168232,
                8.39610767365,
                6.14254426956,
                3.62456345558,
                4.0594124794,
                4.79746341705,
                8.17154598236,
                5.21149635315,
                12.2212152481,
                19.5222110748,
                16.3738803864,
                17.1183376312,
                10.988863945,
                15.2676486969,
                10.0498151779,
                23.5715122223,
                9.69338703156,
                8.21403217316,
                3.93587684631,
                2.35587143898,
                2.95693731308,
                1.0035443306,
                0.655351519585,
                0.929686367512,
                0.608780622482,
                0.581822454929,
                0.37690731883,
                0.553923070431,
                0.324701935053,
                0.400347203016,
                0.592947721481,
                0.180700168014,
                0.132486924529,
                0.027703916654,
                0.00245779240504,
                0.000186936507816,
                1.1406134945e-05
            ],
            "dmean2": [
                0.0244222749025,
                0.280536830425,
                1.33387196064,
                2.91009783745,
                13.4809436798,
                9.23334217072,
                5.35001754761,
                6.06952524185,
                7.04482793808,
                11.2514314651,
                7.13374042511,
                16.4569206238,
                25.900762558,
                22.1320495605,
                23.5457649231,
                13.7320327759,
                19.0078544617,
                13.499786377,
                33.4561691284,
                13.2594385147,
                11.6768884659,
                5.36084461212,
                3.18021702766,
                4.27765512466,
                1.4596991539,
                0.953612267971,
                1.34902775288,
                0.87863445282,
                0.84719145298,
                0.559377014637,
                0.809330999851,
                0.476416260004,
                0.592128276825,
                0.914274811745,
                0.262839436531,
                0.210855707526,
                0.0402403697371,
                0.00383452768438,
                0.000280042295344,
                1.61463776749e-05
            ],
            "dvar": [
                0.00374811841175,
                0.167093321681,
                2.90851259232,
                10.6256599426,
                311.045776367,
                128.31300354,
                66.989151001,
                81.2901535034,
                244.892456055,
                677.382080078,
                409.394592285,
                2408.13891602,
                6403.90673828,
                7849.20019531,
                4214.98779297,
                2488.77685547,
                4966.34521484,
                2650.58032227,
                9972.90332031,
                1370.50708008,
                1758.60412598,
                389.428070068,
                99.2450942993,
                138.536178589,
                12.1102457047,
                4.72008085251,
                10.0132427216,
                6.57602262497,
                9.52483940125,
                3.84977459908,
                5.05839586258,
                2.1256210804,
                6.89755249023,
                17.6560401917,
                1.72178196907,
                4.27501535416,
                0.0920936390758,
                0.00100810953882,
                4.66417805001e-06,
                3.75003850195e-09
            ],
            "dvar2": [
                0.00839428883046,
                0.354547858238,
                5.28251409531,
                22.3808174133,
                694.851257324,
                300.168151855,
                159.931930542,
                175.195144653,
                548.211242676,
                1317.3449707,
                829.82598877,
                4243.98925781,
                11856.3339844,
                15212.3105469,
                8204.01074219,
                3775.86157227,
                8016.16992188,
                4718.03076172,
                19884.7539063,
                2454.33325195,
                3553.42456055,
                749.969177246,
                176.145507813,
                294.254730225,
                25.3076095581,
                10.6977043152,
                19.655632019,
                13.7344350815,
                18.8189620972,
                9.00284767151,
                10.726606369,
                4.41460371017,
                14.9280824661,
                44.0550117493,
                3.62886714935,
                11.5837507248,
                0.196187764406,
                0.00228453450836,
                7.90556532593e-06,
                6.03187189085e-09
            ],
            "max": [
                2.36852955818,
                16.9103775024,
                62.4759063721,
                61.4527244568,
                352.24786377,
                253.876861572,
                231.868896484,
                292.291503906,
                558.800598145,
                844.756408691,
                748.94543457,
                2638.14624023,
                2925.23925781,
                2848.09545898,
                1739.21350098,
                2370.91772461,
                2555.60107422,
                2243.74633789,
                3116.21508789,
                1392.58789063,
                1905.75219727,
                848.507629395,
                456.804412842,
                429.326416016,
                122.565872192,
                73.1280441284,
                99.8930587769,
                140.672683716,
                161.538452148,
                97.0479354858,
                80.6997680664,
                55.0648956299,
                113.267593384,
                176.965148926,
                49.8412361145,
                132.337646484,
                15.6147851944,
                2.45084166527,
                0.14428640902,
                0.00460215937346
            ],
            "mean": [
                0.118702568114,
                0.907646775246,
                2.97766327858,
                5.40536308289,
                15.2441205978,
                16.745262146,
                11.3710651398,
                12.6841650009,
                12.9016685486,
                20.4703044891,
                12.6255817413,
                29.6133747101,
                50.2688484192,
                36.7315483093,
                42.7592926025,
                25.094329834,
                37.545665741,
                21.7941055298,
                51.1216125488,
                19.8937187195,
                19.2830543518,
                8.85294628143,
                5.67242622375,
                5.64534425735,
                2.19456243515,
                1.42011201382,
                1.91309309006,
                1.10480976105,
                0.962141335011,
                0.628735303879,
                0.938450396061,
                0.527043819427,
                0.553292155266,
                0.819136440754,
                0.257955282927,
                0.134106472135,
                0.0323843471706,
                0.00311965495348,
                0.00026904680999,
                3.77711003239e-05
            ],
            "median": [
                0.00308040576056,
                0.139746084809,
                1.24775648117,
                3.15867543221,
                8.14018535614,
                9.60329437256,
                6.15365028381,
                6.63696146011,
                3.13242030144,
                5.3290271759,
                4.14495992661,
                4.7626209259,
                5.07787656784,
                3.35933732986,
                5.60689258575,
                2.82066106796,
                2.17829227448,
                1.7650206089,
                2.54703593254,
                2.26089930534,
                1.85763883591,
                1.42991864681,
                0.907700181007,
                0.618335783482,
                0.35874581337,
                0.285321801901,
                0.34051990509,
                0.226722031832,
                0.152713492513,
                0.0985849946737,
                0.0972027480602,
                0.0522335655987,
                0.0359663926065,
                0.0370638221502,
                0.0118892733008,
                0.00327112339437,
                0.00078523682896,
                0.000119894189993,
                2.91709729936e-05,
                2.81233151327e-05
            ],
            "min": [
                5.45095186225e-23,
                4.01927710923e-22,
                1.19360142907e-21,
                3.23600002655e-21,
                8.58204247609e-21,
                2.20747121288e-20,
                3.24833600367e-20,
                7.33074988449e-20,
                1.09032964212e-19,
                1.19407049864e-19,
                5.13201140474e-20,
                3.25380308591e-19,
                3.08149619444e-19,
                5.61374963202e-19,
                8.71981645107e-19,
                9.38781442654e-19,
                1.38672052726e-18,
                1.78752737756e-18,
                1.63014820101e-18,
                2.07926260587e-18,
                2.94405263934e-18,
                3.46352227082e-18,
                3.86022733925e-18,
                4.52553242824e-18,
                5.80565398317e-18,
                6.84792719758e-18,
                7.96317263128e-18,
                8.75876156188e-18,
                1.01815858345e-17,
                9.31111141591e-18,
                1.03191732674e-17,
                1.03231007209e-17,
                9.11797549623e-18,
                6.3670490572e-18,
                5.60481370326e-18,
                3.9999000944e-18,
                2.02253662742e-18,
                8.99160008301e-19,
                2.28419515507e-19,
                2.4611599135e-20
            ],
            "var": [
                0.0489787496626,
                1.84502220154,
                22.5892391205,
                41.8783454895,
                575.24810791,
                469.436950684,
                258.734222412,
                365.137084961,
                835.168884277,
                2066.12060547,
                1021.7878418,
                10618.3037109,
                29736.2539063,
                21194.9882813,
                17951.1933594,
                9091.56542969,
                21872.8652344,
                7742.27246094,
                40756.8554688,
                4265.74462891,
                8557.41113281,
                1165.54541016,
                484.688140869,
                380.73248291,
                36.1587944031,
                12.0064668655,
                28.3500823975,
                11.4972639084,
                16.5777606964,
                6.0489115715,
                9.52828502655,
                3.78274774551,
                9.6311788559,
                21.0051269531,
                2.48179984093,
                3.09389591217,
                0.115173570812,
                0.00142867548857,
                8.85549980012e-06,
                7.42786809838e-09
            ]
        },
        "erbbands_crest": {
            "dmean": 2.26241827011,
            "dmean2": 3.51268029213,
            "dvar": 6.06481933594,
            "dvar2": 14.0974569321,
            "max": 31.4722118378,
            "mean": 11.6174373627,
            "median": 10.6893997192,
            "min": 2.57878065109,
            "var": 26.7874717712
        },
        "erbbands_flatness_db": {
            "dmean": 0.0169699694961,
            "dmean2": 0.0241535659879,
            "dvar": 0.000336279830663,
            "dvar2": 0.000674974638969,
            "max": 0.387535989285,
            "mean": 0.200500771403,
            "median": 0.201697736979,
            "min": 0.036674387753,
            "var": 0.00285073113628
        },
        "erbbands_kurtosis": {
            "dmean": 1.27836859226,
            "dmean2": 1.93351650238,
            "dvar": 5.01542329788,
            "dvar2": 11.3752479553,
            "max": 72.6629486084,
            "mean": 2.49570584297,
            "median": 0.972923636436,
            "min": -1.89182591438,
            "var": 25.1082344055
        },
        "erbbands_skewness": {
            "dmean": 0.33913397789,
            "dmean2": 0.496646612883,
            "dvar": 0.152760237455,
            "dvar2": 0.313017696142,
            "max": 7.7051692009,
            "mean": 0.794021546841,
            "median": 0.66240644455,
            "min": -4.21454429626,
            "var": 1.43910682201
        },
        "erbbands_spread": {
            "dmean": 5.78118181229,
            "dmean2": 8.41279029846,
            "dvar": 93.9327316284,
            "dvar2": 179.730697632,
            "max": 177.493453979,
            "mean": 29.9841957092,
            "median": 26.0206336975,
            "min": 2.77528381348,
            "var": 439.785491943
        },
        "gfcc": {
            "cov": [
                [
                    57809.4335938,
                    4950.69091797,
                    -6165.49755859,
                    -298.71282959,
                    -3182.26928711,
                    1022.20983887,
                    -2277.52832031,
                    339.96987915,
                    -1337.28967285,
                    -182.898742676,
                    -1087.39550781,
                    -452.753051758,
                    -191.424179077
                ],
                [
                    4950.69091797,
                    2341.05151367,
                    -776.153381348,
                    3.93866705894,
                    148.202850342,
                    -248.840042114,
                    131.978210449,
                    -204.833938599,
                    53.0369606018,
                    -159.480010986,
                    92.1018676758,
                    -130.361541748,
                    66.9355697632
                ],
                [
                    -6165.49755859,
                    -776.153381348,
                    1665.51940918,
                    189.50617981,
                    242.818374634,
                    -30.4080410004,
                    145.887649536,
                    111.566162109,
                    153.210830688,
                    131.979187012,
                    79.1428070068,
                    128.499420166,
                    -54.819103241
                ],
                [
                    -298.71282959,
                    3.93866705894,
                    189.50617981,
                    613.74987793,
                    157.094696045,
                    -66.8499221802,
                    15.5880651474,
                    -48.5721740723,
                    59.3402099609,
                    -24.9055671692,
                    52.9590377808,
                    89.4078292847,
                    -0.0166989136487
                ],
                [
                    -3182.26928711,
                    148.202850342,
                    242.818374634,
                    157.094696045,
                    578.400085449,
                    -41.5577507019,
                    237.094223022,
                    -29.6774196625,
                    151.590286255,
                    24.6846561432,
                    140.357192993,
                    32.8672142029,
                    69.973274231
                ],
                [
                    1022.20983887,
                    -248.840042114,
                    -30.4080410004,
                    -66.8499221802,
                    -41.5577507019,
                    412.495147705,
                    45.7706718445,
                    84.061164856,
                    13.4314641953,
                    104.639572144,
                    2.28916168213,
                    -9.84336566925,
                    35.2440567017
                ],
                [
                    -2277.52832031,
                    131.978210449,
                    145.887649536,
                    15.5880651474,
                    237.094223022,
                    45.7706718445,
                    368.418121338,
                    14.9131765366,
                    136.796646118,
                    44.818572998,
                    120.6537323,
                    8.86399459839,
                    63.2871704102
                ],
                [
                    339.96987915,
                    -204.833938599,
                    111.566162109,
                    -48.5721740723,
                    -29.6774196625,
                    84.061164856,
                    14.9131765366,
                    257.900512695,
                    69.0596618652,
                    85.9036331177,
                    -5.87105083466,
                    30.1966209412,
                    30.6984882355
                ],
                [
                    -1337.28967285,
                    53.0369606018,
                    153.210830688,
                    59.3402099609,
                    151.590286255,
                    13.4314641953,
                    136.796646118,
                    69.0596618652,
                    233.002975464,
                    67.3459472656,
                    65.773399353,
                    30.2663478851,
                    42.1709671021
                ],
                [
                    -182.898742676,
                    -159.480010986,
                    131.979187012,
                    -24.9055671692,
                    24.6846561432,
                    104.639572144,
                    44.818572998,
                    85.9036331177,
                    67.3459472656,
                    190.520645142,
                    48.5214080811,
                    23.7202568054,
                    20.9297389984
                ],
                [
                    -1087.39550781,
                    92.1018676758,
                    79.1428070068,
                    52.9590377808,
                    140.357192993,
                    2.28916168213,
                    120.6537323,
                    -5.87105083466,
                    65.773399353,
                    48.5214080811,
                    167.386291504,
                    30.6690273285,
                    15.0961208344
                ],
                [
                    -452.753051758,
                    -130.361541748,
                    128.499420166,
                    89.4078292847,
                    32.8672142029,
                    -9.84336566925,
                    8.86399459839,
                    30.1966209412,
                    30.2663478851,
                    23.7202568054,
                    30.6690273285,
                    128.798583984,
                    11.981803894
                ],
                [
                    -191.424179077,
                    66.9355697632,
                    -54.819103241,
                    -0.0166989136487,
                    69.973274231,
                    35.2440567017,
                    63.2871704102,
                    30.6984882355,
                    42.1709671021,
                    20.9297389984,
                    15.0961208344,
                    11.981803894,
                    112.33833313
                ]
            ],
            "icov": [
                [
                    0.00024602067424,
                    -0.000734908157028,
                    0.000498632958625,
                    -0.000476195127703,
                    0.000639106903691,
                    -0.000863687717356,
                    0.000843456073198,
                    -0.000894192897249,
                    0.000720003794413,
                    -0.000627883302514,
                    0.000675588904414,
                    -0.000388067157473,
                    0.000539722153917
                ],
                [
                    -0.000734908157028,
                    0.00287224794738,
                    -0.00118628691416,
                    0.00138987228274,
                    -0.00192600756418,
                    0.00295606767759,
                    -0.00267427740619,
                    0.00291841896251,
                    -0.00246953358874,
                    0.00212530815043,
                    -0.00241578090936,
                    0.00169935077429,
                    -0.0018865596503
                ],
                [
                    0.000498632958625,
                    -0.00118628691416,
                    0.00196128035896,
                    -0.00110269105062,
                    0.000981383607723,
                    -0.00145374936983,
                    0.00136899866629,
                    -0.00198121624999,
                    0.00121110014152,
                    -0.00164986576419,
                    0.00149467831943,
                    -0.00114403560292,
                    0.00190228817519
                ],
                [
                    -0.000476195127703,
                    0.00138987228274,
                    -0.00110269105062,
                    0.00300326826982,
                    -0.00168047240004,
                    0.00164690578822,
                    -0.00117879442405,
                    0.00218690023758,
                    -0.00185812346172,
                    0.00168906734325,
                    -0.00154928106349,
                    -0.000547610223293,
                    -0.000931261572987
                ],
                [
                    0.000639106903691,
                    -0.00192600756418,
                    0.000981383607723,
                    -0.00168047240004,
                    0.00475972425193,
                    -0.00195621885359,
                    0.00119877036195,
                    -0.00174213014543,
                    0.00105313782115,
                    -0.00135317188688,
                    0.000488519086502,
                    -0.000670693756547,
                    2.76493337878e-05
                ],
                [
                    -0.000863687717356,
                    0.00295606767759,
                    -0.00145374936983,
                    0.00164690578822,
                    -0.00195621885359,
                    0.00635263882577,
                    -0.0036635864526,
                    0.00273724389262,
                    -0.00219005276449,
                    0.000638934841845,
                    -0.00224211253226,
                    0.00203207600862,
                    -0.00261318008415
                ],
                [
                    0.000843456073198,
                    -0.00267427740619,
                    0.00136899866629,
                    -0.00117879442405,
                    0.00119877036195,
                    -0.0036635864526,
                    0.00797398760915,
                    -0.00286646396853,
                    0.00089777604444,
                    -0.00154602574185,
                    6.54770192341e-05,
                    -0.00073220016202,
                    0.000412637542468
                ],
                [
                    -0.000894192897249,
                    0.00291841896251,
                    -0.00198121624999,
                    0.00218690023758,
                    -0.00174213014543,
                    0.00273724389262,
                    -0.00286646396853,
                    0.00882916338742,
                    -0.00426726508886,
                    0.000894309428986,
                    -0.00177675625309,
                    0.000608171685599,
                    -0.00319140055217
                ],
                [
                    0.000720003794413,
                    -0.00246953358874,
                    0.00121110014152,
                    -0.00185812346172,
                    0.00105313782115,
                    -0.00219005276449,
                    0.00089777604444,
                    -0.00426726508886,
                    0.00928607862443,
                    -0.00337456632406,
                    0.00191240070853,
                    -0.00149588799104,
                    0.00102584203705
                ],
                [
                    -0.000627883302514,
                    0.00212530815043,
                    -0.00164986576419,
                    0.00168906734325,
                    -0.00135317188688,
                    0.000638934841845,
                    -0.00154602574185,
                    0.000894309428986,
                    -0.00337456632406,
                    0.00996437761933,
                    -0.00427390169352,
                    0.000868143280968,
                    -0.00198005023412
                ],
                [
                    0.000675588904414,
                    -0.00241578090936,
                    0.00149467831943,
                    -0.00154928106349,
                    0.000488519086502,
                    -0.00224211253226,
                    6.54770192341e-05,
                    -0.00177675625309,
                    0.00191240070853,
                    -0.00427390169352,
                    0.0117752449587,
                    -0.00311482674442,
                    0.00299576367252
                ],
                [
                    -0.000388067157473,
                    0.00169935077429,
                    -0.00114403560292,
                    -0.000547610223293,
                    -0.000670693756547,
                    0.00203207600862,
                    -0.00073220016202,
                    0.000608171685599,
                    -0.00149588799104,
                    0.000868143280968,
                    -0.00311482674442,
                    0.0110476613045,
                    -0.00256556877866
                ],
                [
                    0.000539722153917,
                    -0.0018865596503,
                    0.00190228817519,
                    -0.000931261572987,
                    2.76493337878e-05,
                    -0.00261318008415,
                    0.000412637542468,
                    -0.00319140055217,
                    0.00102584203705,
                    -0.00198005023412,
                    0.00299576367252,
                    -0.00256556877866,
                    0.0131707293913
                ]
            ],
            "mean": [
                -121.301582336,
                126.110664368,
                -92.0843276978,
                19.7970046997,
                -45.0762710571,
                6.67067718506,
                -38.8254203796,
                -3.34736347198,
                -25.1001834869,
                -9.03333950043,
                -16.9745941162,
                -5.59448051453,
                -5.45997619629
            ]
        },
        "hfc": {
            "dmean": 3.49152326584,
            "dmean2": 4.87144136429,
            "dvar": 58.3039245605,
            "dvar2": 112.780761719,
            "max": 238.293670654,
            "mean": 13.8431444168,
            "median": 6.83274888992,
            "min": 1.04234067927e-16,
            "var": 344.214172363
        },
        "melbands": {
            "dmean": [
                0.000157327318448,
                0.00037708945456,
                0.000569974305108,
                0.000528434000444,
                0.000152521359269,
                8.54362951941e-05,
                7.37440277589e-05,
                9.61855621426e-05,
                3.94577728002e-05,
                8.13901424408e-05,
                9.87000894384e-05,
                7.03406185494e-05,
                4.77051617054e-05,
                3.99963537348e-05,
                3.20666258631e-05,
                2.77359285974e-05,
                2.05024443858e-05,
                3.79789926228e-05,
                2.14104693441e-05,
                1.43935221786e-05,
                8.65672336658e-06,
                4.53847042081e-06,
                3.53196105607e-06,
                2.03758895623e-06,
                2.73718092103e-06,
                1.1987359585e-06,
