{
    "lowlevel": {
        "average_loudness": 0.796898782253,
        "barkbands": {
            "dmean": [
                0.00151486042887,
                0.00861442368478,
                0.0027469699271,
                0.0014573658118,
                0.00122412480414,
                0.00085616618162,
                0.00142315763514,
                0.000850256648846,
                0.000486472301418,
                0.000263323570834,
                0.000242915892159,
                0.000324908294715,
                0.000275683851214,
                0.000240228546318,
                0.000150602747453,
                0.000168873666553,
                0.000149977116962,
                0.000200151029276,
                0.000170235914993,
                0.000195761167561,
                0.000232947582845,
                0.00021935836412,
                0.000209996564081,
                0.000174298562342,
                0.000195329004782,
                0.000131791603053,
                1.29270083562e-05
            ],
            "dmean2": [
                0.00252344598994,
                0.0135155543685,
                0.00463749328628,
                0.00261272094212,
                0.00201196130365,
                0.00136147765443,
                0.00238503911532,
                0.00129882746842,
                0.000718626950402,
                0.000398317672079,
                0.00037104767398,
                0.000482079689391,
                0.000419496209361,
                0.000350583897671,
                0.000225031442824,
                0.00024825122091,
                0.000222521644901,
                0.000281310669379,
                0.000249642791459,
                0.000291916629067,
                0.000322331878124,
                0.000332508992869,
                0.00032380776247,
                0.000258743966697,
                0.000283379544271,
                0.000194044463569,
                2.06953172892e-05
            ],
            "dvar": [
                7.43495957067e-06,
                0.000270950724371,
                7.99026165623e-05,
                4.40980547864e-05,
                1.25402184494e-05,
                3.09309348268e-06,
                1.78067566594e-05,
                3.35687695951e-06,
                1.07991252207e-06,
                8.72987868661e-07,
                4.68196873271e-07,
                1.01453917978e-06,
                7.66762013882e-07,
                6.56558597711e-07,
                1.37781213994e-07,
                1.38556870866e-07,
                8.98085446011e-08,
                2.02194726739e-07,
                1.65858992318e-07,
                4.59830289401e-07,
                9.35365676469e-07,
                6.93946560659e-07,
                3.90954852492e-07,
                2.15331255049e-07,
                4.43930446181e-07,
                2.7355250154e-07,
                1.46594958395e-09
            ],
            "dvar2": [
                1.9374092517e-05,
                0.000669826404192,
                0.000196680703084,
                0.000123733232613,
                3.3179509046e-05,
                7.41692929296e-06,
                4.96025495522e-05,
                6.51714708511e-06,
                2.16847615775e-06,
                1.73313117102e-06,
                1.05535150396e-06,
                2.03489935302e-06,
                1.67863515799e-06,
                1.22148935588e-06,
                2.84662320382e-07,
                2.87710690827e-07,
                1.87444982203e-07,
                4.01718949661e-07,
                3.41147938343e-07,
                1.08057838588e-06,
                1.754356731e-06,
                1.42315388985e-06,
                8.56467693211e-07,
                4.66622879003e-07,
                9.69867642198e-07,
                5.8402730474e-07,
                3.69975361458e-09
            ],
            "max": [
                0.0452262125909,
                0.264897048473,
                0.113138519228,
                0.098321557045,
                0.0478012673557,
                0.0285344645381,
                0.0791604891419,
                0.0496434122324,
                0.0240743923932,
                0.039332613349,
                0.0193980969489,
                0.0241865236312,
                0.0242518261075,
                0.0248755756766,
                0.00886914227158,
                0.00608999235556,
                0.00557477679104,
                0.0082450741902,
                0.00692862318829,
                0.0160099659115,
                0.0209674108773,
                0.0116819655523,
                0.00865241233259,
                0.00680808583274,
                0.0191996078938,
                0.0160530507565,
                0.00102473481093
            ],
            "mean": [
                0.00664588063955,
                0.0572600252926,
                0.00314212706871,
                0.00129039224703,
                0.0015365597792,
                0.00133783603087,
                0.00203093304299,
                0.00146485038567,
                0.000910021364689,
                0.000408719963161,
                0.000371978094336,
                0.000501319766045,
                0.000376671028789,
                0.000370447116438,
                0.000223920171265,
                0.000256161263678,
                0.000241502115387,
                0.000314849719871,
                0.000253830658039,
                0.000258408952504,
                0.000278406747384,
                0.000277363229543,
                0.000332105177222,
                0.000278356426861,
                0.000313202646794,
                0.000228830322158,
                1.77901001734e-05
            ],
            "median": [
                0.00410199258476,
                0.0543592944741,
                0.000937290256843,
                0.000272087636404,
                0.00049519748427,
                0.000567661481909,
                0.000653275114018,
                0.000434600806329,
                0.000312048592605,
                0.000105539635115,
                0.000107623069198,
                0.000109601554868,
                5.80617779633e-05,
                5.43224014109e-05,
                4.81316528749e-05,
                5.61576525797e-05,
                6.68831635267e-05,
                7.6767122664e-05,
                6.92500616424e-05,
                4.80792296003e-05,
                3.72358044842e-05,
                4.39895957243e-05,
                4.96208231198e-05,
                5.91302632529e-05,
                5.82806460443e-05,
                3.26362569467e-05,
                1.79342896445e-06
            ],
            "min": [
                9.46985312659e-25,
                3.58629617592e-24,
                8.13269198401e-25,
                9.63974714152e-25,
                1.56165934023e-23,
                1.09601809817e-23,
                1.08758864608e-23,
                2.13058929607e-23,
                3.445114923e-23,
                2.13581313298e-23,
                1.90498833004e-23,
                3.71978808605e-23,
                3.50129601895e-23,
                3.90757705562e-23,
                8.49454447311e-23,
                6.09101088156e-23,
                9.29443744032e-23,
                9.36970297483e-23,
                1.11288066266e-22,
                1.32123460494e-22,
                3.1507278735e-22,
                4.11358902766e-22,
                4.72907446178e-22,
                7.59596664749e-22,
                9.77143853186e-22,
                1.39232177674e-21,
                2.24730088834e-21
            ],
            "var": [
                5.39829597983e-05,
                0.00222639087588,
                7.44734134059e-05,
                2.77374219877e-05,
                1.11426934382e-05,
                4.58404065284e-06,
                1.74166052602e-05,
                1.0408696653e-05,
                3.00260649055e-06,
                1.69743771039e-06,
                8.60548595938e-07,
                2.12416080103e-06,
                1.27294492813e-06,
                1.53591270191e-06,
                2.57157125816e-07,
                2.84406809214e-07,
                1.99147649482e-07,
                4.44704852498e-07,
                2.89124130859e-07,
                5.75012848003e-07,
                1.36492167258e-06,
                9.25963718146e-07,
                6.21466256234e-07,
                3.70318076648e-07,
                7.67361143517e-07,
                6.14713655978e-07,
                2.29202767876e-09
            ]
        },
        "barkbands_crest": {
            "dmean": 1.68027377129,
            "dmean2": 2.50833201408,
            "dvar": 4.84540748596,
            "dvar2": 10.3268270493,
            "max": 26.815536499,
            "mean": 17.7462806702,
            "median": 19.0604858398,
            "min": 3.14963054657,
            "var": 29.2596893311
        },
        "barkbands_flatness_db": {
            "dmean": 0.0251342318952,
            "dmean2": 0.0343110337853,
            "dvar": 0.000879997445736,
            "dvar2": 0.00155145640019,
            "max": 0.649032652378,
            "mean": 0.212371319532,
            "median": 0.205612421036,
            "min": 0.0257924813777,
            "var": 0.00745370332152
        },
        "barkbands_kurtosis": {
            "dmean": 15.2092866898,
            "dmean2": 22.5172843933,
            "dvar": 2374.88696289,
            "dvar2": 4873.21972656,
            "max": 2948.13989258,
            "mean": 30.2749290466,
            "median": 12.9977321625,
            "min": -1.96465849876,
            "var": 4577.36914062
        },
        "barkbands_skewness": {
            "dmean": 0.975660920143,
            "dmean2": 1.40573549271,
            "dvar": 1.96341073513,
            "dvar2": 4.02117061615,
            "max": 48.3740653992,
            "mean": 3.90402150154,
            "median": 3.41698694229,
            "min": -2.61709451675,
            "var": 8.31345176697
        },
        "barkbands_spread": {
            "dmean": 5.81475734711,
            "dmean2": 8.13688468933,
            "dvar": 87.2319793701,
            "dvar2": 154.378158569,
            "max": 127.349327087,
            "mean": 18.0245723724,
            "median": 11.5223264694,
            "min": 0.0690264329314,
            "var": 362.573272705
        },
        "dissonance": {
            "dmean": 0.0217811558396,
            "dmean2": 0.0356900878251,
            "dvar": 0.000494002655614,
            "dvar2": 0.00130174402148,
            "max": 0.499988138676,
            "mean": 0.455313682556,
            "median": 0.464295446873,
            "min": 0.105272740126,
            "var": 0.00135402183514
        },
        "dynamic_complexity": 4.05117177963,
        "erbbands": {
            "dmean": [
                0.398636817932,
                1.65863633156,
                3.2338476181,
                4.04129266739,
                3.47877120972,
                4.43549871445,
                6.76444911957,
                7.37885808945,
                17.1727924347,
                20.0417861938,
                17.3228740692,
                10.0129995346,
                8.71457958221,
                8.02949523926,
                9.14669513702,
                11.1675033569,
                12.8764362335,
                12.2497348785,
                8.25713729858,
                7.80538415909,
                9.34311962128,
                8.37271022797,
                10.9053096771,
                8.28119373322,
                9.65466499329,
                9.07898712158,
                9.82244205475,
                7.95327329636,
                8.22401332855,
                6.42053842545,
                6.07102394104,
                4.19147443771,
                2.77971744537,
                2.02125072479,
                1.55717480183,
                0.7616314888,
                0.226082205772,
                0.033803999424,
                0.00182188185863,
                4.54481050838e-05
            ],
            "dmean2": [
                0.613791167736,
                2.62686777115,
                5.33425569534,
                6.96825647354,
                6.25421190262,
                7.16485881805,
                10.6854324341,
                11.644944191,
                28.7598648071,
                32.5238838196,
                26.1925601959,
                15.0443172455,
                12.9319725037,
                11.795882225,
                13.6179189682,
                16.5962600708,
                18.7409248352,
                17.5141334534,
                12.0030794144,
                11.2089662552,
                13.533159256,
                11.9400844574,
                15.2805480957,
                12.0084791183,
                14.2256345749,
                13.4634628296,
                13.969701767,
                10.8295965195,
                12.4724292755,
                9.77033996582,
                9.49495983124,
                6.2558259964,
                4.1600151062,
                3.03571867943,
                2.25337362289,
                1.1162109375,
                0.348774194717,
                0.0513504445553,
                0.00294277491048,
                6.92809771863e-05
            ],
            "dvar": [
                0.553903162479,
                14.0739860535,
                110.894737244,
                239.226745605,
                266.42956543,
                156.251785278,
                269.029907227,
                220.063873291,
                2523.51171875,
                2149.41357422,
                1348.17993164,
                520.266296387,
                953.519042969,
                515.653137207,
                692.834472656,
                1159.8302002,
                1589.55419922,
                1772.38781738,
                613.763366699,
                275.321685791,
                435.782562256,
                278.24432373,
                593.304443359,
                415.131530762,
                561.844787598,
                1205.11035156,
                1744.6739502,
                906.237487793,
                1017.98419189,
                469.308074951,
                325.564178467,
                135.508651733,
                58.0823974609,
                41.2383308411,
                31.503692627,
                9.06683826447,
                0.865861833096,
                0.010670450516,
                3.25615874317e-05,
                1.54283910092e-08
            ],
            "dvar2": [
                1.30594360828,
                34.0280914307,
                271.76461792,
                629.661743164,
                757.27746582,
                397.829925537,
                678.958740234,
                525.685424805,
                6978.91845703,
                5636.63378906,
                2766.79760742,
                1079.35070801,
                1917.7701416,
                1070.80273438,
                1479.51245117,
                2326.51123047,
                3294.76269531,
                3264.70288086,
                1185.78088379,
                546.55670166,
                947.704711914,
                532.411621094,
                1102.63989258,
                871.013122559,
                1171.10571289,
                2829.94628906,
                3554.43041992,
                1462.13769531,
                2166.60620117,
                926.529724121,
                747.388244629,
                309.945587158,
                125.315238953,
                93.6121063232,
                67.2660140991,
                19.6022014618,
                2.02394151688,
                0.0229972787201,
                8.37264815345e-05,
                3.62774237317e-08
            ],
            "max": [
                14.2989845276,
                57.825176239,
                158.512252808,
                199.957015991,
                204.377487183,
                176.421737671,
                254.446807861,
                266.804412842,
                907.799438477,
                813.344360352,
                1119.46569824,
                754.38079834,
                1606.34899902,
                667.137145996,
                905.844970703,
                875.664733887,
                948.669433594,
                1428.38916016,
                608.54119873,
                343.04864502,
                385.115966797,
                335.340911865,
                479.452301025,
                438.362304688,
                377.935913086,
                812.783996582,
                877.95513916,
                593.262390137,
                437.524353027,
                300.913085938,
                273.203430176,
                191.131393433,
                132.310745239,
                173.678207397,
                161.549575806,
                91.0249023438,
                26.0895328522,
                2.5228126049,
                0.184069693089,
                0.00378514640033
            ],
            "mean": [
                2.80968403816,
                8.12834453583,
                4.983066082,
                4.3692317009,
                2.97297358513,
                5.53107595444,
                9.94262981415,
                12.0100135803,
                23.4126701355,
                33.5113716125,
                32.0210800171,
                18.5593681335,
                15.6997785568,
                13.4566574097,
                15.5157546997,
                17.9236469269,
                19.3194503784,
                19.5036735535,
                12.8352413177,
                12.8356781006,
                14.8140888214,
                14.5239200592,
                17.7625980377,
                12.9274129868,
                14.3100194931,
                11.8263101578,
                11.4223632812,
                10.2624807358,
                10.0791521072,
                9.31624031067,
                9.47581100464,
                6.34173583984,
                4.42867946625,
                3.18499159813,
                2.39845275879,
                1.22734940052,
                0.38222682476,
                0.0587164498866,
                0.00258387159556,
                0.000149389947182
            ],
            "median": [
                2.1641535759,
                5.82183837891,
                1.90358400345,
                1.28019094467,
                0.74743282795,
                1.69734108448,
                3.09489941597,
                5.24606323242,
                8.33902645111,
                11.6751251221,
                10.4821338654,
                7.01883506775,
                4.80649614334,
                4.37233877182,
                4.55996179581,
                4.07869577408,
                3.25169849396,
                2.88015842438,
                3.08166503906,
                3.17317461967,
                3.57948184013,
                4.35334968567,
                4.40334844589,
                3.78637599945,
                3.63731694221,
                2.25007081032,
                1.5856474638,
                1.40953695774,
                1.48287880421,
                1.56204903126,
                1.40779042244,
                1.33954942226,
                0.885799646378,
                0.590900242329,
                0.396172851324,
                0.178358316422,
                0.0516739189625,
                0.00763716781512,
                0.000316443678457,
                0.000126652113977
            ],
            "min": [
                2.01506074272e-22,
                1.00238518072e-21,
                2.80613328575e-21,
                3.47414766751e-21,
                3.59370846634e-20,
                5.56873239513e-20,
                5.13143173208e-20,
                1.05606924286e-19,
                1.86162115035e-19,
                3.35697060287e-19,
                5.05767539728e-19,
                6.37371509896e-19,
                7.3162817201e-19,
                8.63227902877e-19,
                1.36444641453e-18,
                1.63974814901e-18,
                2.0968354376e-18,
                2.23235429851e-18,
                2.78785219516e-18,
                3.02537214497e-18,
                3.76279621644e-18,
                5.05921447021e-18,
                5.96278314438e-18,
                6.96957899591e-18,
                8.64411515616e-18,
                6.84975195801e-18,
                9.85004522759e-18,
                1.36340424967e-17,
                1.28555927484e-17,
                1.1780944512e-17,
                1.38189272898e-17,
                1.35049659252e-17,
                1.20246203399e-17,
                1.04832701845e-17,
                7.25145733325e-18,
                4.26676344926e-18,
                2.50960166519e-18,
                9.84919612669e-19,
                2.74337474532e-19,
                2.92457815816e-20
            ],
            "var": [
                5.96551942825,
                69.5391387939,
                113.190574646,
                184.513137817,
                159.912475586,
                147.099411011,
                350.215698242,
                357.153625488,
                2281.50195312,
                3739.22460938,
                4456.15136719,
                1263.83557129,
                2057.82202148,
                983.020324707,
                1559.96398926,
                2477.8203125,
                3058.57910156,
                4323.13720703,
                1206.86645508,
                628.852844238,
                871.226745605,
                704.104614258,
                1440.57543945,
                705.693664551,
                965.772827148,
                1444.07543945,
                2263.81787109,
                1626.26428223,
                1290.8873291,
                667.254699707,
                531.177124023,
                202.860336304,
                101.806221008,
                65.1599197388,
                56.1596565247,
                18.4656906128,
                1.80880773067,
                0.0264017935842,
                4.90355669172e-05,
                3.37711476561e-08
            ]
        },
        "erbbands_crest": {
            "dmean": 2.4705991745,
            "dmean2": 3.945561409,
            "dvar": 5.65064239502,
            "dvar2": 13.3127889633,
            "max": 33.2848854065,
            "mean": 9.33365249634,
            "median": 8.25886917114,
            "min": 2.31724143028,
            "var": 20.0007400513
        },
        "erbbands_flatness_db": {
            "dmean": 0.0168346147984,
            "dmean2": 0.0248290728778,
            "dvar": 0.000341204664437,
            "dvar2": 0.000700539443642,
            "max": 0.440689206123,
            "mean": 0.13276925683,
            "median": 0.124864622951,
            "min": 0.0386244431138,
            "var": 0.00212403154001
        },
        "erbbands_kurtosis": {
            "dmean": 1.37299752235,
            "dmean2": 2.1259996891,
            "dvar": 8.26005363464,
            "dvar2": 18.9063835144,
            "max": 94.1287384033,
            "mean": 1.20421922207,
            "median": 0.0869215726852,
            "min": -1.81520783901,
            "var": 24.4149990082
        },
        "erbbands_skewness": {
            "dmean": 0.45177385211,
            "dmean2": 0.66459351778,
            "dvar": 0.248797774315,
            "dvar2": 0.517337083817,
            "max": 7.920317173,
            "mean": 0.314515948296,
            "median": 0.295997321606,
            "min": -4.15178442001,
            "var": 0.988572478294
        },
        "erbbands_spread": {
            "dmean": 12.7898683548,
            "dmean2": 18.9936962128,
            "dvar": 247.298400879,
            "dvar2": 520.288635254,
            "max": 222.058135986,
            "mean": 50.9408760071,
            "median": 44.8233757019,
            "min": 1.05703830719,
            "var": 848.910339355
        },
        "gfcc": {
            "cov": [
                [
                    18093.2070312,
                    -1235.68310547,
                    -396.445404053,
                    533.417907715,
                    -924.509521484,
                    230.869934082,
                    -874.617736816,
                    41.3449859619,
                    -461.116027832,
                    299.96661377,
                    -99.1962203979,
                    89.0082321167,
                    -464.625274658
                ],
                [
                    -1235.68310547,
                    2176.36108398,
                    -503.691375732,
                    -415.906494141,
                    327.383270264,
                    -336.072235107,
                    260.225341797,
                    -188.515380859,
                    102.948753357,
                    -170.953933716,
                    166.840438843,
                    -97.6562576294,
                    198.949249268
                ],
                [
                    -396.445404053,
                    -503.691375732,
                    1154.75183105,
                    101.993934631,
                    -52.7678794861,
                    144.364151001,
                    -122.759620667,
                    0.603195846081,
                    -20.8821048737,
                    73.9740905762,
                    -6.99538469315,
                    20.5447463989,
                    -79.7909851074
                ],
                [
                    533.417907715,
                    -415.906494141,
                    101.993934631,
                    576.215148926,
                    -11.7108230591,
                    -81.6689300537,
                    -60.1583328247,
                    -44.6015319824,
                    5.66714715958,
                    11.3835115433,
                    -43.0667228699,
                    5.36906051636,
                    13.4207639694
                ],
                [
                    -924.509521484,
                    327.383270264,
                    -52.7678794861,
                    -11.7108230591,
                    382.008392334,
                    -80.5755691528,
                    74.7822799683,
                    -1.63161027431,
                    5.23816585541,
                    -55.2639045715,
                    1.53009045124,
                    -35.7095794678,
                    58.0189971924
                ],
                [
                    230.869934082,
                    -336.072235107,
                    144.364151001,
                    -81.6689300537,
                    -80.5755691528,
                    381.139221191,
                    14.656580925,
                    29.8890132904,
                    -24.0821971893,
                    7.60192966461,
                    15.6770915985,
                    5.15690040588,
                    -57.3124694824
                ],
                [
                    -874.617736816,
                    260.225341797,
                    -122.759620667,
                    -60.1583328247,
                    74.7822799683,
                    14.656580925,
                    297.032440186,
                    23.1055202484,
                    27.9521102905,
                    -39.2649040222,
                    30.7186851501,
                    -9.86747074127,
                    45.0418434143
                ],
                [
                    41.3449859619,
                    -188.515380859,
                    0.603195846081,
                    -44.6015319824,
                    -1.63161027431,
                    29.8890132904,
                    23.1055202484,
                    255.834259033,
                    50.7526855469,
                    8.98566246033,
                    -11.3415088654,
                    29.0075435638,
                    -2.93379378319
                ],
                [
                    -461.116027832,
                    102.948753357,
                    -20.8821048737,
                    5.66714715958,
                    5.23816585541,
                    -24.0821971893,
                    27.9521102905,
                    50.7526855469,
                    201.708312988,
                    41.5666160583,
                    36.5270614624,
                    6.61915445328,
                    30.8170566559
                ],
                [
                    299.96661377,
                    -170.953933716,
                    73.9740905762,
                    11.3835115433,
                    -55.2639045715,
                    7.60192966461,
                    -39.2649040222,
                    8.98566246033,
                    41.5666160583,
                    163.484512329,
                    56.3240814209,
                    14.2764568329,
                    -26.0616073608
                ],
                [
                    -99.1962203979,
                    166.840438843,
                    -6.99538469315,
                    -43.0667228699,
                    1.53009045124,
                    15.6770915985,
                    30.7186851501,
                    -11.3415088654,
                    36.5270614624,
                    56.3240814209,
                    182.271530151,
                    39.4296302795,
                    9.97504329681
                ],
                [
                    89.0082321167,
                    -97.6562576294,
                    20.5447463989,
                    5.36906051636,
                    -35.7095794678,
                    5.15690040588,
                    -9.86747074127,
                    29.0075435638,
                    6.61915445328,
                    14.2764568329,
                    39.4296302795,
                    117.698501587,
                    30.3197860718
                ],
                [
                    -464.625274658,
                    198.949249268,
                    -79.7909851074,
                    13.4207639694,
                    58.0189971924,
                    -57.3124694824,
                    45.0418434143,
                    -2.93379378319,
                    30.8170566559,
                    -26.0616073608,
                    9.97504329681,
                    30.3197860718,
                    140.900527954
                ]
            ],
            "icov": [
                [
                    9.88008760032e-05,
                    -0.000139317751746,
                    9.35209245654e-05,
                    -0.000205590316909,
                    0.000175774010131,
                    -0.000157938236953,
                    0.000259118765825,
                    -0.000176965972059,
                    0.000291462260066,
                    -0.000279370724456,
                    0.000144098943565,
                    -0.000175630804733,
                    0.000284088746412
                ],
                [
                    -0.000139317751746,
                    0.00179057230707,
                    -3.71843293578e-06,
                    0.00148510502186,
                    -0.000625877815764,
                    0.00147788086906,
                    -0.000819430744741,
                    0.00136155507062,
                    -0.00119564076886,
                    0.00204472523183,
                    -0.0019459426403,
                    0.00174307927955,
                    -0.00157968513668
                ],
                [
                    9.35209245654e-05,
                    -3.71843293578e-06,
                    0.00111424794886,
                    -0.000294099823805,
                    -1.16188393804e-05,
                    -0.000458401278593,
                    0.0005144518218,
                    -4.57475398434e-05,
                    0.000234217863181,
                    -0.000504719675519,
                    0.00012561432959,
                    -0.000317150785122,
                    0.000540332286619
                ],
                [
                    -0.000205590316909,
                    0.00148510502186,
                    -0.000294099823805,
                    0.00325518823229,
                    -0.000585163012147,
                    0.00167850137223,
                    -0.000674067530781,
                    0.00156116404105,
                    -0.00136766582727,
                    0.00164893618785,
                    -0.00105876813177,
                    0.00126048794482,
                    -0.00167196465191
                ],
                [
                    0.000175774010131,
                    -0.000625877815764,
                    -1.16188393804e-05,
                    -0.000585163012147,
                    0.00365771912038,
                    4.06841936638e-05,
                    6.4965308411e-05,
                    -0.000825244002044,
                    0.000857270264532,
                    -1.97223653231e-05,
                    0.000137150229421,
                    0.000695708440617,
                    -0.000365604471881
                ],
                [
                    -0.000157938236953,
                    0.00147788086906,
                    -0.000458401278593,
                    0.00167850137223,
                    4.06841936638e-05,
                    0.00445323996246,
                    -0.0012447622139,
                    0.000828734715469,
                    -0.000767475750763,
                    0.00206097192131,
                    -0.0019471431151,
                    0.00141522032209,
                    -0.000434829882579
                ],
                [
                    0.000259118765825,
                    -0.000819430744741,
                    0.0005144518218,
                    -0.000674067530781,
                    6.4965308411e-05,
                    -0.0012447622139,
                    0.0049503701739,
                    -0.0011568920454,
                    0.000599940482061,
                    -0.000295370788081,
                    -4.61657691631e-05,
                    -0.000163554184837,
                    7.99789195298e-05
                ],
                [
                    -0.000176965972059,
                    0.00136155507062,
                    -4.57475398434e-05,
                    0.00156116404105,
                    -0.000825244002044,
                    0.000828734715469,
                    -0.0011568920454,
                    0.00566091667861,
                    -0.00241452502087,
                    0.001413438702,
                    -0.000337760517141,
                    -0.00033883829019,
                    -0.000629696587566
                ],
                [
                    0.000291462260066,
                    -0.00119564076886,
                    0.000234217863181,
                    -0.00136766582727,
                    0.000857270264532,
                    -0.000767475750763,
                    0.000599940482061,
                    -0.00241452502087,
                    0.00732926698402,
                    -0.00316337682307,
                    0.000340257276548,
                    -0.000360951642506,
                    -0.000129545966047
                ],
                [
                    -0.000279370724456,
                    0.00204472523183,
                    -0.000504719675519,
                    0.00164893618785,
                    -1.97223653231e-05,
                    0.00206097192131,
                    -0.000295370788081,
                    0.001413438702,
                    -0.00316337682307,
                    0.0107953492552,
                    -0.00481345131993,
                    0.00211428711191,
                    -0.000706506310962
                ],
                [
                    0.000144098943565,
                    -0.0019459426403,
                    0.00012561432959,
                    -0.00105876813177,
                    0.000137150229421,
                    -0.0019471431151,
                    -4.61657691631e-05,
                    -0.000337760517141,
                    0.000340257276548,
                    -0.00481345131993,
                    0.00956860091537,
                    -0.00462285988033,
                    0.00190665491391
                ],
                [
                    -0.000175630804733,
                    0.00174307927955,
                    -0.000317150785122,
                    0.00126048794482,
                    0.000695708440617,
                    0.00141522032209,
                    -0.000163554184837,
                    -0.00033883829019,
                    -0.000360951642506,
                    0.00211428711191,
                    -0.00462285988033,
                    0.0128879062831,
                    -0.0049816085957
                ],
                [
                    0.000284088746412,
                    -0.00157968513668,
                    0.000540332286619,
                    -0.00167196465191,
                    -0.000365604471881,
                    -0.000434829882579,
                    7.99789195298e-05,
                    -0.000629696587566,
                    -0.000129545966047,
                    -0.000706506310962,
                    0.00190665491391,
                    -0.0049816085957,
                    0.0114993723109
                ]
            ],
            "mean": [
                -17.6707935333,
                80.1448898315,
                -73.2929611206,
                35.3711853027,
                -43.9524765015,
                23.947725296,
                -24.6064720154,
                30.0290908813,
                -6.45617628098,
                17.487953186,
                -3.58979654312,
                11.096657753,
                -9.09606742859
            ]
        },
        "hfc": {
            "dmean": 11.4440660477,
            "dmean2": 15.8863620758,
            "dvar": 801.932617188,
            "dvar2": 1603.55969238,
            "max": 539.729797363,
            "mean": 28.1818199158,
            "median": 17.1896209717,
            "min": 1.11108792467e-16,
            "var": 1592.83154297
        },
        "melbands": {
            "dmean": [
                0.00281395041384,
                0.00171706022229,
                0.000676709751133,
                0.000255024497164,
                0.000232782622334,
                0.000166656915098,
                0.000271176220849,
                0.000217118795263,
                0.000132224624394,
                6.31837028777e-05,
                4.4422566134e-05,
                3.40597252944e-05,
                3.24986212945e-05,
                3.24263855873e-05,
                3.57216777047e-05,
                2.84282268694e-05,
                2.32546608459e-05,
                1.48564458868e-05,
                1.16602495837e-05,
                1.11117060442e-05,
                1.12988609544e-05,
                8.85645386006e-06,
                1.02243611764e-05,
                9.62149351835e-06,
                6.73868544254e-06,
                6.95482322044e-06,
                7.72939256422e-06,
