{
    "lowlevel": {
        "average_loudness": 0.906155943871,
        "barkbands": {
            "dmean": [
                0.00619372352958,
                0.0175242815167,
                0.0069909975864,
                0.00186533480883,
                0.000923572573811,
                0.000624668959063,
                0.000397350784624,
                0.000326092005707,
                0.00060829881113,
                0.000427796941949,
                0.00020833122835,
                0.00013180989481,
                0.000115785893286,
                0.000252460333286,
                0.000380143668735,
                0.000414903712226,
                0.000223749841098,
                0.000258101557847,
                0.000196689550648,
                0.000286339462036,
                0.000286930851871,
                0.000312632968416,
                0.00044113615877,
                0.000546244555153,
                0.000527187017724,
                0.000213673949474,
                0.000106723789941
            ],
            "dmean2": [
                0.00818868260831,
                0.0259715560824,
                0.0129177896306,
                0.0032982325647,
                0.00159037357662,
                0.00108832074329,
                0.000603745458648,
                0.000519147550222,
                0.000916962162592,
                0.000728635350242,
                0.000309704249958,
                0.000215306150494,
                0.00018200003251,
                0.000381441903301,
                0.000548545503989,
                0.000679282180499,
                0.000337967037922,
                0.000406968785683,
                0.000298776198179,
                0.000477004155982,
                0.000480414339108,
                0.000499228539411,
                0.000748972408473,
                0.000842607056256,
                0.000818195578177,
                0.000341551844031,
                0.000191352926777
            ],
            "dvar": [
                0.000109093052743,
                0.00158448319416,
                0.000678142008837,
                4.74109365314e-05,
                5.4164033827e-06,
                2.11975816455e-06,
                6.60196178615e-07,
                6.56618169614e-07,
                1.87929720141e-06,
                1.84695625194e-06,
                2.37386075241e-07,
                1.21263354913e-07,
                8.30123454421e-08,
                4.31197975104e-07,
                1.00526460756e-06,
                1.82294297701e-06,
                4.271952605e-07,
                5.00177748108e-07,
                2.4824726097e-07,
                6.39234770006e-07,
                8.08849506484e-07,
                7.01849671714e-07,
                1.34566039378e-06,
                1.66852237271e-06,
                1.13002658964e-06,
                2.09119448868e-07,
                2.1965580288e-07
            ],
            "dvar2": [
                0.000189097205293,
                0.00333567080088,
                0.00196805247106,
                0.000131298642373,
                1.47904556798e-05,
                5.8204313973e-06,
                1.42949966175e-06,
                1.46255752043e-06,
                4.28086377724e-06,
                5.09430356033e-06,
                4.75116650023e-07,
                3.09881869498e-07,
                1.91092681234e-07,
                8.98729979326e-07,
                1.86589352325e-06,
                4.5642045734e-06,
                8.22110223453e-07,
                1.15703517167e-06,
                4.71311921046e-07,
                1.70391183474e-06,
                2.14115698327e-06,
                1.75588195361e-06,
                3.46942465512e-06,
                3.67695179193e-06,
                2.61029640569e-06,
                5.05937123307e-07,
                6.25845871127e-07
            ],
            "max": [
                0.0949585288763,
                0.363780081272,
                0.276491761208,
                0.11067764461,
                0.0241481717676,
                0.0148500455543,
                0.0181544236839,
                0.0228761322796,
                0.0284233763814,
                0.0220274236053,
                0.0162871219218,
                0.0101157231256,
                0.00476572103798,
                0.00775038637221,
                0.011563940905,
                0.0149953765795,
                0.00735245505348,
                0.00776843354106,
                0.00674618361518,
                0.00666388263926,
                0.00746659282595,
                0.0104712611064,
                0.0126998014748,
                0.0257424693555,
                0.0202643256634,
                0.00980411935598,
                0.00564396288246
            ],
            "mean": [
                0.0103847431019,
                0.0394812598825,
                0.00540628749877,
                0.00163155584596,
                0.00113498209976,
                0.000749637780245,
                0.000714270281605,
                0.000484051503008,
                0.00112063542474,
                0.00048260303447,
                0.00033947834163,
                0.00020169315394,
                0.000158877563081,
                0.000349690701114,
                0.000528336386196,
                0.000470336031867,
                0.000306702189846,
                0.000344624335412,
                0.000259916152572,
                0.000304317683913,
                0.000272157398285,
                0.000353369978257,
                0.000520655012224,
                0.00086447247304,
                0.000803120667115,
                0.000302593834931,
                8.13451551949e-05
            ],
            "median": [
                0.00305108050816,
                0.0168349556625,
                0.000414609792642,
                0.000157221540576,
                0.000403057143558,
                0.000208695273614,
                0.000233825558098,
                0.000145300742588,
                0.000262749730609,
                0.000102848563984,
                9.96996750473e-05,
                7.91505444795e-05,
                4.49567633041e-05,
                7.64339492889e-05,
                8.32781297504e-05,
                6.91672612447e-05,
                6.261785893e-05,
                9.23271800275e-05,
                6.26219552942e-05,
                7.39168099244e-05,
                4.78532274428e-05,
                7.46905861888e-05,
                0.000108126725536,
                0.000254001963185,
                0.000250239303568,
                0.000111544068204,
                8.62281194713e-06
            ],
            "min": [
                4.99741569077e-24,
                5.99377777964e-23,
                6.65847197838e-23,
                4.54778059424e-23,
                7.57320920944e-23,
                4.61195442888e-23,
                3.18488454096e-23,
                4.00648885354e-23,
                5.30248445336e-23,
                6.53821360437e-23,
                3.61653408216e-23,
                4.92753476303e-23,
                5.20077188368e-23,
                1.34717878861e-22,
                2.53471535407e-22,
                1.63877358605e-22,
                1.7900118531e-22,
                1.27821606341e-22,
                1.93579536787e-22,
                3.66281825541e-22,
                2.85513651739e-22,
                4.8691473809e-22,
                5.79481620462e-22,
                7.64172865793e-22,
                9.88176697723e-22,
                1.9346078356e-21,
                2.66232482625e-21
            ],
            "var": [
                0.000311627751216,
                0.00399629259482,
                0.000418930168962,
                3.40528640663e-05,
                4.56845737062e-06,
                2.0237582703e-06,
                1.57275280799e-06,
                1.08997028292e-06,
                4.91699120175e-06,
                1.73464513864e-06,
                5.63629214412e-07,
                1.71663543824e-07,
                1.23268392827e-07,
                6.11129621575e-07,
                1.57975205184e-06,
                2.15258023673e-06,
                6.60039290779e-07,
                6.06919627444e-07,
                3.666355326e-07,
                5.58037299925e-07,
                6.75167086683e-07,
                7.19996194221e-07,
                1.63400432029e-06,
                3.14790304401e-06,
                1.95273423742e-06,
                2.89354801453e-07,
                1.31092562583e-07
            ]
        },
        "barkbands_crest": {
            "dmean": 2.47289848328,
            "dmean2": 3.73438549042,
            "dvar": 8.02935695648,
            "dvar2": 18.0425682068,
            "max": 26.7708129883,
            "mean": 13.5619478226,
            "median": 14.2432365417,
            "min": 2.09707474709,
            "var": 31.7203826904
        },
        "barkbands_flatness_db": {
            "dmean": 0.0322945639491,
            "dmean2": 0.0480098351836,
            "dvar": 0.00158001144882,
            "dvar2": 0.0029356230516,
            "max": 0.564864218235,
            "mean": 0.165908530354,
            "median": 0.145432859659,
            "min": 0.0221785604954,
            "var": 0.00851010158658
        },
        "barkbands_kurtosis": {
            "dmean": 21.221157074,
            "dmean2": 33.3059082031,
            "dvar": 3185.74853516,
            "dvar2": 7492.47998047,
            "max": 1654.09069824,
            "mean": 35.2865982056,
            "median": 5.33235406876,
            "min": -1.97608959675,
            "var": 5925.36474609
        },
        "barkbands_skewness": {
            "dmean": 1.3537197113,
            "dmean2": 1.99321055412,
            "dvar": 3.9146835804,
            "dvar2": 8.1043214798,
            "max": 32.1417312622,
            "mean": 3.55787968636,
            "median": 2.35780620575,
            "min": -5.80561542511,
            "var": 14.4913911819
        },
        "barkbands_spread": {
            "dmean": 11.1784191132,
            "dmean2": 17.267698288,
            "dvar": 229.940567017,
            "dvar2": 488.555664063,
            "max": 137.31489563,
            "mean": 31.6005630493,
            "median": 26.6940841675,
            "min": 0.126060768962,
            "var": 688.93371582
        },
        "dissonance": {
            "dmean": 0.0177973732352,
            "dmean2": 0.0289194528013,
            "dvar": 0.00032234392711,
            "dvar2": 0.000818071537651,
            "max": 0.500000178814,
            "mean": 0.459930330515,
            "median": 0.466682076454,
            "min": 0.244685217738,
            "var": 0.000931842194404
        },
        "dynamic_complexity": 3.46468091011,
        "erbbands": {
            "dmean": [
                0.928340792656,
                2.95861244202,
                6.93952941895,
                8.17372894287,
                3.48566532135,
                3.27001857758,
                4.16970920563,
                5.29572868347,
                4.34925270081,
                7.77668857574,
                7.41876316071,
                10.2854909897,
                20.4430961609,
                7.32472705841,
                6.82246494293,
                4.72430610657,
                5.25865077972,
                10.9285907745,
                15.366361618,
                21.39478302,
                22.9001636505,
                12.8799514771,
                14.5977087021,
                9.67486381531,
                11.6959991455,
                13.346200943,
                12.4756307602,
                11.0115261078,
                10.2524690628,
                15.8339958191,
                11.2960662842,
                9.94538974762,
                10.4104948044,
                8.51208400726,
                2.19186139107,
                0.854328334332,
                0.42059135437,
                0.118549481034,
                0.0194440241903,
                0.000881721323822
            ],
            "dmean2": [
                1.33260035515,
                4.59661197662,
                12.6178760529,
                14.3033590317,
                6.23788452148,
                5.5326333046,
                7.03399324417,
                9.35460281372,
                7.07732772827,
                11.8795385361,
                11.6079111099,
                15.85460186,
                33.3660316467,
                11.2853088379,
                10.3130884171,
                7.56637954712,
                8.1874294281,
                16.3600730896,
                22.5518531799,
                30.6386203766,
                38.1174850464,
                19.849067688,
                23.4836177826,
                14.5675954819,
                17.9582176208,
                21.6063861847,
                20.9244346619,
                18.2836685181,
                16.1328258514,
                27.7954063416,
                18.2779922485,
                15.3823013306,
                15.9370393753,
                12.9972639084,
                3.50528120995,
                1.3519487381,
                0.672411262989,
                0.203249484301,
                0.0350559614599,
                0.00160735694226
            ],
            "dvar": [
                3.65562295914,
                73.9539031982,
                668.610839844,
                794.649658203,
                165.274154663,
                56.6910133362,
                82.4836349487,
                168.902633667,
                81.2312011719,
                304.942108154,
                308.180541992,
                540.542236328,
                3117.99243164,
                353.723266602,
                233.685150146,
                146.776580811,
                168.847686768,
                825.420471191,
                1466.54785156,
                4035.13989258,
                5156.49072266,
                1363.84216309,
                1732.74609375,
                623.037841797,
                880.260253906,
                1378.34838867,
                1552.86340332,
                1199.2779541,
                731.037353516,
                1872.65905762,
                947.104492188,
                677.687561035,
                567.071411133,
                305.212341309,
                22.4113121033,
                3.3560655117,
                0.803261697292,
                0.147855728865,
                0.00776276085526,
                1.96502078325e-05
            ],
            "dvar2": [
                6.11231994629,
                182.683334351,
                1923.4666748,
                2221.92578125,
                466.227996826,
                150.284011841,
                214.296829224,
                467.662750244,
                194.236587524,
                673.977905273,
                686.565124512,
                1298.6105957,
                8416.84082031,
                845.807067871,
                512.391784668,
                376.452026367,
                393.431091309,
                1752.93054199,
                2891.94140625,
                8095.54296875,
                12947.125,
                2673.13671875,
                4191.82080078,
                1356.15795898,
                1832.78857422,
                3451.72045898,
                4157.64794922,
                3162.73999023,
                1757.8861084,
                5378.98388672,
                2336.45336914,
                1520.6184082,
                1257.31262207,
                679.588256836,
                55.8496055603,
                7.8713259697,
                1.93824708462,
                0.415321022272,
                0.0221429988742,
                5.62824461667e-05
            ],
            "max": [
                16.6918449402,
                76.0707092285,
                257.39541626,
                305.34753418,
                189.960494995,
                99.1966247559,
                124.713600159,
                161.254684448,
                230.635269165,
                351.949951172,
                572.451416016,
                422.360809326,
                740.622375488,
                537.198059082,
                474.343902588,
                372.285736084,
                216.378417969,
                309.339019775,
                591.150390625,
                672.681274414,
                750.377868652,
                473.790313721,
                439.54083252,
                343.082672119,
                332.356384277,
                357.630493164,
                414.661529541,
                285.779296875,
                302.130218506,
                397.60546875,
                435.109283447,
                486.359466553,
                532.551879883,
                343.708007813,
                66.6020584106,
                54.6889228821,
                15.825135231,
                4.29471445084,
                1.07432472706,
                0.0522830151021
            ],
            "mean": [
                2.24988079071,
                4.44891166687,
                5.67505931854,
                7.22395133972,
                2.93115258217,
                4.54705572128,
                5.85587072372,
                6.13773679733,
                7.25995349884,
                13.3068065643,
                12.1218729019,
                17.7245407104,
                29.3172264099,
                11.9862365723,
                11.5048961639,
                7.38320875168,
                7.72878789902,
                15.5891857147,
                23.0856571198,
                27.3309402466,
                26.877904892,
                18.4845962524,
                18.873758316,
                13.717540741,
                14.5109004974,
                14.3461475372,
                12.2677459717,
                10.3396205902,
                11.5568552017,
                16.7236042023,
                13.7558307648,
                14.1352319717,
                16.9522762299,
                13.482837677,
                3.01963543892,
                1.24452066422,
                0.577184319496,
                0.120006933808,
                0.014551830478,
                0.000673035043292
            ],
            "median": [
                0.847892701626,
                1.64280557632,
                0.622769296169,
                0.834374785423,
                0.650052845478,
                1.58705472946,
                1.7950656414,
                1.75904154778,
                2.74217987061,
                4.4283862114,
                4.06544399261,
                4.85965394974,
                6.07706880569,
                4.24173116684,
                3.67921996117,
                2.97709560394,
                2.43090128899,
                3.88019609451,
                4.25604724884,
                3.75331687927,
                4.58338737488,
                4.23771762848,
                4.80682754517,
                4.12014913559,
                3.47143006325,
                3.12546420097,
                2.39913439751,
                1.6079543829,
                2.25694942474,
                3.45122480392,
                2.96291995049,
                3.25161361694,
                5.26635360718,
                4.0944981575,
                0.97117215395,
                0.470114737749,
                0.193667113781,
                0.029528612271,
                0.00146158621646,
                0.000135347247124
            ],
            "min": [
                6.70977974409e-22,
                1.70035682925e-20,
                5.45253096741e-20,
                1.58515942431e-19,
                2.46707806766e-19,
                2.09632783305e-19,
                2.94782846034e-19,
                3.30740749153e-19,
                4.96409180169e-19,
                5.52868806469e-19,
                1.04979476773e-18,
                1.45471436003e-18,
                1.95965084173e-18,
                1.24385195982e-18,
                2.0236677969e-18,
                1.78146455726e-18,
                2.4414297818e-18,
                5.38510584717e-18,
                1.0657701069e-17,
                1.40032148585e-17,
                8.0286423224e-18,
                1.07148087913e-17,
                6.86312291903e-18,
                1.03669479108e-17,
                9.07131506505e-18,
                1.82208483288e-17,
                1.23004412336e-17,
                1.39350799914e-17,
                1.44531084675e-17,
                1.65993890398e-17,
                1.75290854544e-17,
                1.67377631214e-17,
                1.29375266424e-17,
                9.45145915044e-18,
                7.95427051353e-18,
                7.09003469107e-18,
                3.46971578565e-18,
                1.57035937954e-18,
                3.71595432252e-19,
                3.77184116502e-20
            ],
            "var": [
                13.1131210327,
                82.1158599854,
                419.156524658,
                569.65612793,
                104.048027039,
                68.0952072144,
                103.192817688,
                146.76802063,
                164.28352356,
                649.458129883,
                573.501281738,
                1077.1895752,
                3989.4440918,
                614.471618652,
                520.634521484,
                192.670166016,
                255.935256958,
                1182.78857422,
                2356.43701172,
                5919.76269531,
                6326.16162109,
                2168.67358398,
                1975.95751953,
                875.748596191,
                1159.39111328,
                1347.85925293,
                1287.55834961,
                993.310668945,
                813.085327148,
                1690.2130127,
                1227.12768555,
                1217.06750488,
                1066.06604004,
                581.570861816,
                29.0475597382,
                5.03973531723,
                1.12694549561,
                0.103573068976,
                0.00458959676325,
                1.12768375402e-05
            ]
        },
        "erbbands_crest": {
            "dmean": 2.20060706139,
            "dmean2": 3.48939561844,
            "dvar": 4.75000429153,
            "dvar2": 11.3276605606,
            "max": 28.168264389,
            "mean": 7.78519964218,
            "median": 7.0352396965,
            "min": 2.19144415855,
            "var": 11.5091257095
        },
        "erbbands_flatness_db": {
            "dmean": 0.0166688784957,
            "dmean2": 0.0249531269073,
            "dvar": 0.000361690210411,
            "dvar2": 0.0007518180646,
            "max": 0.325909465551,
            "mean": 0.108099423349,
            "median": 0.103237561882,
            "min": 0.0236579906195,
            "var": 0.00110719003715
        },
        "erbbands_kurtosis": {
            "dmean": 1.38864350319,
            "dmean2": 2.21968507767,
            "dvar": 13.118645668,
            "dvar2": 28.6830482483,
            "max": 78.9251403809,
            "mean": 0.666442573071,
            "median": -0.358421295881,
            "min": -1.90888977051,
            "var": 20.1181621552
        },
        "erbbands_skewness": {
            "dmean": 0.468438982964,
            "dmean2": 0.696249723434,
            "dvar": 0.391820162535,
            "dvar2": 0.786973237991,
            "max": 7.27113723755,
            "mean": 0.156974360347,
            "median": 0.196678340435,
            "min": -7.72961187363,
            "var": 1.12230658531
        },
        "erbbands_spread": {
            "dmean": 15.1434745789,
            "dmean2": 22.9807453156,
            "dvar": 325.245666504,
            "dvar2": 725.31842041,
            "max": 215.613250732,
            "mean": 63.5877494812,
            "median": 59.752532959,
            "min": 3.50064206123,
            "var": 858.499084473
        },
        "gfcc": {
            "cov": [
                [
                    8344.06152344,
                    -1051.56481934,
                    -33.3812561035,
                    -194.990814209,
                    -413.123748779,
                    319.212127686,
                    -144.557662964,
                    351.902130127,
                    138.570129395,
                    167.472000122,
                    -71.9553146362,
                    6.8420996666,
                    39.59009552
                ],
                [
                    -1051.56481934,
                    1480.16223145,
                    57.6637992859,
                    40.3679466248,
                    266.786499023,
                    -33.9684181213,
                    161.901321411,
                    69.195854187,
                    63.9345207214,
                    32.469417572,
                    134.002624512,
                    -15.0380496979,
                    11.0519781113
                ],
                [
                    -33.3812561035,
                    57.6637992859,
                    1177.67529297,
                    240.671524048,
                    167.021087646,
                    137.764526367,
                    132.796691895,
                    71.9759521484,
                    84.4233016968,
                    50.3186759949,
                    94.4592285156,
                    24.8366298676,
                    -10.872092247
                ],
                [
                    -194.990814209,
                    40.3679466248,
                    240.671524048,
                    556.402709961,
                    201.382247925,
                    86.3636703491,
                    109.78074646,
                    -34.031452179,
                    116.606155396,
                    40.8482971191,
                    48.3824539185,
                    45.7982902527,
                    55.894733429
                ],
                [
                    -413.123748779,
                    266.786499023,
                    167.021087646,
                    201.382247925,
                    382.538787842,
                    123.337120056,
                    173.211517334,
                    48.5510444641,
                    101.945365906,
                    53.58934021,
                    44.9680328369,
                    27.8301086426,
                    47.57421875
                ],
                [
                    319.212127686,
                    -33.9684181213,
                    137.764526367,
                    86.3636703491,
                    123.337120056,
                    354.447998047,
                    156.339233398,
                    125.633720398,
                    106.118453979,
                    66.9957809448,
                    22.915725708,
                    24.4325122833,
                    58.522518158
                ],
                [
                    -144.557662964,
                    161.901321411,
                    132.796691895,
                    109.78074646,
                    173.211517334,
                    156.339233398,
                    335.051208496,
                    69.2317886353,
                    110.413581848,
                    73.7176971436,
                    57.2705955505,
                    48.8671340942,
                    54.7935180664
                ],
                [
                    351.902130127,
                    69.195854187,
                    71.9759521484,
                    -34.031452179,
                    48.5510444641,
                    125.633720398,
                    69.2317886353,
                    245.99659729,
                    114.603088379,
                    73.6425323486,
                    58.8355484009,
                    14.2777843475,
                    38.8913459778
                ],
                [
                    138.570129395,
                    63.9345207214,
                    84.4233016968,
                    116.606155396,
                    101.945365906,
                    106.118453979,
                    110.413581848,
                    114.603088379,
                    237.872650146,
                    101.753982544,
                    68.2507476807,
                    28.8168029785,
                    46.4731330872
                ],
                [
                    167.472000122,
                    32.469417572,
                    50.3186759949,
                    40.8482971191,
                    53.58934021,
                    66.9957809448,
                    73.7176971436,
                    73.6425323486,
                    101.753982544,
                    142.063827515,
                    67.9034347534,
                    31.2356853485,
                    30.2533035278
                ],
                [
                    -71.9553146362,
                    134.002624512,
                    94.4592285156,
                    48.3824539185,
                    44.9680328369,
                    22.915725708,
                    57.2705955505,
                    58.8355484009,
                    68.2507476807,
                    67.9034347534,
                    138.380859375,
                    45.6239891052,
                    32.0765991211
                ],
                [
                    6.8420996666,
                    -15.0380496979,
                    24.8366298676,
                    45.7982902527,
                    27.8301086426,
                    24.4325122833,
                    48.8671340942,
                    14.2777843475,
                    28.8168029785,
                    31.2356853485,
                    45.6239891052,
                    123.075065613,
                    50.9945106506
                ],
                [
                    39.59009552,
                    11.0519781113,
                    -10.872092247,
                    55.894733429,
                    47.57421875,
                    58.522518158,
                    54.7935180664,
                    38.8913459778,
                    46.4731330872,
                    30.2533035278,
                    32.0765991211,
                    50.9945106506,
                    109.91153717
                ]
            ],
            "icov": [
                [
                    0.000157159665832,
                    7.08155785105e-05,
                    -5.85260841035e-06,
                    -1.46715165101e-05,
                    0.000177486072062,
                    -0.000112641871965,
                    7.05540005583e-05,
                    -0.000211441714782,
                    -1.5543995687e-05,
                    -0.000192504259758,
                    0.000153619024786,
                    -1.37974711834e-05,
                    -1.29215204652e-05
                ],
                [
                    7.08155785105e-05,
                    0.00097355095204,
                    7.7720360423e-05,
                    0.000139276511618,
                    -0.00064644421218,
                    0.00035944825504,
                    -0.00030046980828,
                    -0.000278475868981,
                    7.00326490914e-05,
                    0.000287452741759,
                    -0.000979119446129,
                    0.000510004581884,
                    9.05966153368e-05
                ],
                [
                    -5.85260841035e-06,
                    7.7720360423e-05,
                    0.00106576248072,
                    -0.000402747216867,
                    -0.000218170331209,
                    -0.000238607404754,
                    -0.000154496694449,
                    -0.000259827036643,
                    0.000172138155904,
                    0.000204119991395,
                    -0.000744646997191,
                    -9.67995947576e-06,
                    0.00078780768672
                ],
                [
                    -1.46715165101e-05,
                    0.000139276511618,
                    -0.000402747216867,
                    0.00287443562411,
                    -0.00115692510735,
                    -0.000206321055884,
                    0.000119466138131,
                    0.00157184014097,
                    -0.00136538746301,
                    0.000358023127774,
                    -0.000435738649685,
                    -0.000161595991813,
                    -0.000834541046061
                ],
                [
                    0.000177486072062,
                    -0.00064644421218,
                    -0.000218170331209,
                    -0.00115692510735,
                    0.00484708184376,
                    -0.000742440868635,
                    -0.00110184773803,
                    -0.000270539778285,
                    -0.000343936786521,
                    -0.00050966697745,
                    0.000929219473619,
                    -3.9284950617e-05,
                    -0.00045708543621
                ],
                [
                    -0.000112641871965,
                    0.00035944825504,
                    -0.000238607404754,
                    -0.000206321055884,
                    -0.000742440868635,
                    0.00482532149181,
                    -0.00149715400767,
                    -0.00171130162198,
                    -0.000108820233436,
                    -0.000377797958208,
                    0.000986835570075,
                    0.000404185091611,
                    -0.00113576313015
                ],
                [
                    7.05540005583e-05,
                    -0.00030046980828,
                    -0.000154496694449,
                    0.000119466138131,
                    -0.00110184773803,
                    -0.00149715400767,
                    0.00502449786291,
                    0.000340230209986,
                    -0.000775934488047,
                    -0.000775638967752,
                    -4.59658476757e-05,
                    -0.000974353461061,
                    -0.000415315589635
                ],
                [
                    -0.000211441714782,
                    -0.000278475868981,
                    -0.000259827036643,
                    0.00157184014097,
                    -0.000270539778285,
                    -0.00171130162198,
                    0.000340230209986,
                    0.00741276796907,
                    -0.00252234819345,
                    -0.000487004057504,
                    -0.00159754278138,
                    0.000614775926806,
                    -0.0011036132928
                ],
                [
                    -1.5543995687e-05,
                    7.00326490914e-05,
                    0.000172138155904,
                    -0.00136538746301,
                    -0.000343936786521,
                    -0.000108820233436,
                    -0.000775934488047,
                    -0.00252234819345,
                    0.00822522025555,
                    -0.003374441294,
                    -0.00067525729537,
                    0.000530213990714,
                    -0.000401834695367
                ],
                [
                    -0.000192504259758,
                    0.000287452741759,
                    0.000204119991395,
                    0.000358023127774,
                    -0.00050966697745,
                    -0.000377797958208,
                    -0.000775638967752,
                    -0.000487004057504,
                    -0.003374441294,
                    0.0125639699399,
                    -0.00429215002805,
                    -0.000513380393386,
                    0.000318667967804
                ],
                [
                    0.000153619024786,
                    -0.000979119446129,
                    -0.000744646997191,
                    -0.000435738649685,
                    0.000929219473619,
                    0.000986835570075,
                    -4.59658476757e-05,
                    -0.00159754278138,
                    -0.00067525729537,
                    -0.00429215002805,
                    0.012845066376,
                    -0.0031265784055,
                    -0.000979564152658
                ],
                [
                    -1.37974711834e-05,
                    0.000510004581884,
                    -9.67995947576e-06,
                    -0.000161595991813,
                    -3.9284950617e-05,
                    0.000404185091611,
                    -0.000974353461061,
                    0.000614775926806,
                    0.000530213990714,
                    -0.000513380393386,
                    -0.0031265784055,
                    0.0114791672677,
                    -0.00439137825742
                ],
                [
                    -1.29215204652e-05,
                    9.05966153368e-05,
                    0.00078780768672,
                    -0.000834541046061,
                    -0.00045708543621,
                    -0.00113576313015,
                    -0.000415315589635,
                    -0.0011036132928,
                    -0.000401834695367,
                    0.000318667967804,
                    -0.000979564152658,
                    -0.00439137825742,
                    0.0134017206728
                ]
            ],
            "mean": [
                6.44553375244,
                40.1373062134,
                -74.6472091675,
                32.9238891602,
                -47.271068573,
                28.4917526245,
                -34.4512023926,
                27.1178741455,
                -15.2598676682,
                8.58868503571,
                -11.9512882233,
                4.89230489731,
                -7.05350542068
            ]
        },
        "hfc": {
            "dmean": 23.3537216187,
            "dmean2": 36.0862350464,
            "dvar": 2421.06518555,
            "dvar2": 5881.09277344,
            "max": 458.448730469,
            "mean": 40.9535102844,
            "median": 22.757440567,
            "min": 1.21552245486e-16,
            "var": 3263.62036133
        },
        "melbands": {
            "dmean": [
                0.00636809971184,
                0.00344120152295,
                0.00128352514002,
                0.000214790052269,
                0.000147923608893,
                0.000117844479973,
                7.02612305759e-05,
                8.26739196782e-05,
                6.2496677856e-05,
                7.65232762205e-05,
                0.000103032005427,
                3.04368022626e-05,
                2.77875606116e-05,
                1.4485293832e-05,
                1.25958285935e-05,
                1.31587848955e-05,
                2.20498732233e-05,
                2.51547244261e-05,
                2.80667372863e-05,
                2.97216756735e-05,
                2.60994729615e-05,
                1.4060004105e-05,
                1.29172731249e-05,
                1.34435795189e-05,
                7.35457979317e-06,
                7.82457391324e-06,
                9.45702049648e-06,
                9.11068127607e-06,
                8.54599238664e-06,
