{
    "lowlevel": {
        "average_loudness": 0.50984698534,
        "barkbands": {
            "dmean": [
                8.3503306314e-07,
                5.03391165694e-05,
                0.000467535603093,
                0.0014222166501,
                0.00134894275106,
                0.000375039206119,
                0.000273755198577,
                0.000688776082825,
                0.0013916491298,
                0.00102231779601,
                0.000681886915118,
                0.000682608690113,
                0.00049960979959,
                0.000437151669757,
                0.000177801630343,
                0.000135622729431,
                0.000125552352984,
                7.48111124267e-05,
                5.99828163104e-05,
                7.03914629412e-05,
                8.39304411784e-05,
                9.26753200474e-05,
                9.42890401348e-05,
                5.99231134402e-05,
                7.35746143619e-05,
                3.5380544432e-05,
                5.23570088262e-06
            ],
            "dmean2": [
                1.46704951476e-06,
                8.01325950306e-05,
                0.000817847670987,
                0.00238959933631,
                0.00222438643686,
                0.000585255795158,
                0.000433466891991,
                0.00100436061621,
                0.00213940627873,
                0.00154703122098,
                0.000965470506344,
                0.000966528023127,
                0.000748936377931,
                0.000675304734614,
                0.000273347162874,
                0.000209773992538,
                0.000192762483493,
                0.000110560729809,
                9.20484744711e-05,
                0.000108550753794,
                0.000124625876197,
                0.000137069262564,
                0.000145419326145,
                8.82671010913e-05,
                0.000113902846351,
                5.53661848244e-05,
                8.63983404997e-06
            ],
            "dvar": [
                1.50456626324e-11,
                3.17737800515e-08,
                9.31813417537e-07,
                1.10350683826e-05,
                1.08630774776e-05,
                1.12125167107e-06,
                1.26267264022e-06,
                7.68531572248e-06,
                2.37992808252e-05,
                1.08518270281e-05,
                7.69840607973e-06,
                5.20150297234e-06,
                3.41394661518e-06,
                2.7709652386e-06,
                3.10425292582e-07,
                1.29261991333e-07,
                8.51846451155e-08,
                3.10591623531e-08,
                1.75295085114e-08,
                3.17088577617e-08,
                8.97725627169e-08,
                1.113555399e-07,
                1.3578332414e-07,
                6.17071620468e-08,
                8.19410814756e-08,
                1.78456733835e-08,
                5.62389412817e-10
            ],
            "dvar2": [
                4.24407280153e-11,
                7.68820385133e-08,
                2.5724018542e-06,
                3.00801457342e-05,
                2.82311375486e-05,
                2.48079891207e-06,
                2.5512092634e-06,
                1.38535742735e-05,
                5.55086407985e-05,
                2.40753961407e-05,
                1.65048350027e-05,
                9.57367046794e-06,
                7.72013754613e-06,
                7.02089027982e-06,
                6.19790455403e-07,
                2.92552385872e-07,
                1.68637086517e-07,
                6.61238885868e-08,
                4.14429059958e-08,
                7.5305749192e-08,
                1.96133697727e-07,
                2.45781507147e-07,
                3.23643860156e-07,
                1.22791647073e-07,
                1.95552161131e-07,
                4.29083932829e-08,
                1.42856126928e-09
            ],
            "max": [
                8.44321111799e-05,
                0.00240941578522,
                0.0157515201718,
                0.0655652210116,
                0.0520629994571,
                0.0251132193953,
                0.0405537448823,
                0.0725546628237,
                0.0851503387094,
                0.0821227356791,
                0.0758470594883,
                0.0479440949857,
                0.0501972064376,
                0.0596026740968,
                0.0179732311517,
                0.0101588340476,
                0.011875141412,
                0.00472134537995,
                0.00271078804508,
                0.00433877110481,
                0.0098232049495,
                0.00783870834857,
                0.00798298791051,
                0.011895114556,
                0.00591446226463,
                0.00318284798414,
                0.000815217208583
            ],
            "mean": [
                6.59076704324e-07,
                5.03291594214e-05,
                0.000622915104032,
                0.00175108213443,
                0.00180073198862,
                0.000730235013179,
                0.000397236901335,
                0.00118481123354,
                0.00224932911806,
                0.00174778536893,
                0.00134426821023,
                0.00115798972547,
                0.00085721432697,
                0.00108544959221,
                0.000303515640553,
                0.000225864889217,
                0.000260661036009,
                0.000151214771904,
                0.000112208566861,
                0.000124048980069,
                0.000114648864837,
                0.000117585870612,
                0.000103262565972,
                7.29724415578e-05,
                8.72054588399e-05,
                3.78908516723e-05,
                4.43342241851e-06
            ],
            "median": [
                8.34657782889e-08,
                4.09999893236e-06,
                0.000319670070894,
                0.000715255388059,
                0.000704867765307,
                0.000246397132287,
                6.21171930106e-05,
                0.000117507945106,
                0.000249108066782,
                0.000232857622905,
                0.000216016720515,
                0.000199682748644,
                0.000114824521006,
                5.79022489546e-05,
                9.31753020268e-05,
                7.1896611189e-05,
                9.33499832172e-05,
                3.53701470885e-05,
                4.73295513075e-05,
                4.16431284975e-05,
                2.4178165404e-05,
                1.79459912033e-05,
                1.08620261017e-05,
                7.61471710575e-06,
                8.30218232295e-06,
                3.10343830279e-06,
                1.11413505977e-07
            ],
            "min": [
                1.06366540868e-25,
                1.53092184838e-24,
                9.70950118099e-25,
                1.16968232393e-24,
                1.17252758744e-23,
                6.31168478014e-24,
                1.23108023593e-23,
                1.01683831473e-23,
                1.75665928735e-23,
                1.58452163367e-23,
                1.4932160326e-23,
                2.38145148155e-23,
                1.83299183512e-23,
                3.1485896818e-23,
                4.48484527123e-23,
                5.22530135576e-23,
                7.3013791011e-23,
                8.4276686321e-23,
                1.25205932906e-22,
                2.03983981038e-22,
                2.54631627944e-22,
                2.79371366161e-22,
                3.88240557699e-22,
                6.26523327372e-22,
                8.18804601057e-22,
                1.35657640654e-21,
                1.94556232416e-21
            ],
            "var": [
                9.65245678525e-12,
                3.26675966278e-08,
                9.52446555402e-07,
                1.02851836346e-05,
                1.20823287943e-05,
                3.64949687537e-06,
                3.78867684958e-06,
                2.01308121177e-05,
                4.93601764902e-05,
                2.61499426415e-05,
                2.49309141509e-05,
                1.55169691425e-05,
                8.96646542969e-06,
                2.00392478291e-05,
                7.07747460638e-07,
                2.64749161261e-07,
                3.1781237908e-07,
                1.36307761522e-07,
                3.35885701475e-08,
                5.42200062625e-08,
                1.20179578289e-07,
                1.43959439924e-07,
                1.45291167541e-07,
                1.09853971253e-07,
                1.07773921343e-07,
                1.9575516319e-08,
                4.65772975744e-10
            ]
        },
        "barkbands_crest": {
            "dmean": 2.39388251305,
            "dmean2": 3.88826203346,
            "dvar": 5.14959096909,
            "dvar2": 12.8909673691,
            "max": 25.7598228455,
            "mean": 10.1547040939,
            "median": 9.25080776215,
            "min": 2.42670083046,
            "var": 17.3152885437
        },
        "barkbands_flatness_db": {
            "dmean": 0.0214993041009,
            "dmean2": 0.0323275253177,
            "dvar": 0.000440918985987,
            "dvar2": 0.000939063320402,
            "max": 0.44294950366,
            "mean": 0.158496558666,
            "median": 0.149295866489,
            "min": 0.0306281857193,
            "var": 0.00409538159147
        },
        "barkbands_kurtosis": {
            "dmean": 2.18996930122,
            "dmean2": 3.48940134048,
            "dvar": 16.3677501678,
            "dvar2": 39.0973434448,
            "max": 178.631622314,
            "mean": 3.90867066383,
            "median": 1.75630378723,
            "min": -1.90589082241,
            "var": 75.0647354126
        },
        "barkbands_skewness": {
            "dmean": 0.474749743938,
            "dmean2": 0.742080152035,
            "dvar": 0.230954930186,
            "dvar2": 0.533002912998,
            "max": 11.2694406509,
            "mean": 1.25604319572,
            "median": 1.14971208572,
            "min": -4.84369802475,
            "var": 1.35582625866
        },
        "barkbands_spread": {
            "dmean": 4.72816705704,
            "dmean2": 7.2846736908,
            "dvar": 57.5162353516,
            "dvar2": 125.936958313,
            "max": 127.057044983,
            "mean": 18.0852966309,
            "median": 14.72905159,
            "min": 1.01239299774,
            "var": 191.793640137
        },
        "dissonance": {
            "dmean": 0.0230262223631,
            "dmean2": 0.0390829779208,
            "dvar": 0.000651668466162,
            "dvar2": 0.00178494956344,
            "max": 0.5,
            "mean": 0.455118268728,
            "median": 0.46639585495,
            "min": 0.18842639029,
            "var": 0.00148460827768
        },
        "dynamic_complexity": 6.6585893631,
        "erbbands": {
            "dmean": [
                0.000686807208695,
                0.0187860932201,
                0.34261995554,
                2.70498299599,
                5.95027971268,
                3.51800680161,
                3.378262043,
                2.71058249474,
                3.45070409775,
                7.47395324707,
                17.781206131,
                31.2098941803,
                36.9056510925,
                20.1625652313,
                26.8528633118,
                27.6856307983,
                22.0014152527,
                24.1809062958,
                9.49339389801,
                8.97926616669,
                6.54391765594,
                6.09447288513,
                4.3682641983,
                2.93162250519,
                2.77034163475,
                3.19479012489,
                3.70913028717,
                3.13254976273,
                3.02050685883,
                2.86067700386,
                2.81333327293,
                1.49746406078,
                1.0206656456,
                0.822656154633,
                0.534978568554,
                0.205137819052,
                0.0542376674712,
                0.0101555809379,
                0.00093217624817,
                3.38698373525e-05
            ],
            "dmean2": [
                0.00110490154475,
                0.0305080190301,
                0.588615834713,
                4.5397734642,
                10.0973949432,
                5.85510969162,
                4.97789382935,
                4.27938079834,
                5.28896951675,
                11.1485853195,
                26.1958560944,
                48.3351135254,
                55.9880752563,
                29.1711902618,
                37.5813064575,
                38.2296409607,
                32.831237793,
                36.7910728455,
                14.183344841,
                13.7686901093,
                10.0638237,
                9.32924175262,
                6.47670602798,
                4.49027252197,
                4.19527387619,
                4.92770957947,
                5.51220846176,
                4.66861724854,
                4.43731212616,
                4.31579256058,
                4.34347438812,
                2.27042555809,
                1.51493060589,
                1.27764880657,
                0.82738929987,
                0.320895344019,
                0.0844966769218,
                0.0162757858634,
                0.00153317209333,
                5.4962336435e-05
            ],
            "dvar": [
                7.61692808737e-06,
                0.00293031940237,
                0.498584777117,
                36.7965011597,
                227.708709717,
                78.0379714966,
                110.664955139,
                62.3911972046,
                215.972885132,
                807.12512207,
                5031.02587891,
                13979.4179688,
                15155.9677734,
                4728.75,
                9025.27441406,
                7429.59472656,
                6246.04199219,
                8633.41015625,
                852.932739258,
                608.413330078,
                306.731445312,
                161.269317627,
                85.6457214355,
                41.2280769348,
                43.1558609009,
                67.2029876709,
                186.249130249,
                121.925460815,
                114.848167419,
                100.848800659,
                128.2734375,
                37.164100647,
                18.2607212067,
                11.1428308487,
                4.23459196091,
                0.570939958096,
                0.0444862507284,
                0.0026967828162,
                1.84912532859e-05,
                1.77097678744e-08
            ],
            "dvar2": [
                1.88536323549e-05,
                0.00687402719632,
                1.31421458721,
                102.044723511,
                589.834594727,
                204.458770752,
                176.207748413,
                155.882720947,
                419.001556396,
                1568.00231934,
                9992.484375,
                32643.8886719,
                33900.46875,
                9587.45605469,
                18388.84375,
                12538.0126953,
                14560.6767578,
                22371.8359375,
                1699.09289551,
                1261.65405273,
                716.384765625,
                363.880126953,
                187.278106689,
                97.5445480347,
                98.5445251465,
                163.748291016,
                386.860229492,
                281.265441895,
                243.316299438,
                233.485824585,
                307.337036133,
                79.6030044556,
                38.2040328979,
                26.7725811005,
                9.90052604675,
                1.34648633003,
                0.107440009713,
                0.00710100494325,
                4.7122099204e-05,
                4.41507275184e-08
            ],
            "max": [
                0.0367488190532,
                0.801488637924,
                11.2285003662,
                116.43523407,
                172.325195312,
                132.217376709,
                337.660583496,
                223.496841431,
                623.018615723,
                1031.03161621,
                1817.30053711,
                2400.8269043,
                3070.12353516,
                2012.43566895,
                2780.23291016,
                2483.15625,
                2317.48779297,
                3137.67333984,
                1119.06628418,
                691.838867188,
                409.757415771,
                379.222320557,
                205.856384277,
                126.284942627,
                174.030319214,
                229.865478516,
                608.404785156,
                258.665252686,
                290.727935791,
                190.952194214,
                204.230056763,
                263.808319092,
                168.949920654,
                78.7032546997,
                54.2144470215,
                16.4841880798,
                5.03864574432,
                2.33920764923,
                0.148292526603,
                0.0029808471445
            ],
            "mean": [
                0.000687153253239,
                0.0235015638173,
                0.499371290207,
                3.49186468124,
                6.76013898849,
                5.02879190445,
                6.84777021408,
                5.16601276398,
                5.29961681366,
                13.4020233154,
                30.8565807343,
                49.5660514832,
                69.92527771,
                39.7247428894,
                53.8223991394,
                53.0234603882,
                42.4248352051,
                63.5512008667,
                19.0920829773,
                16.5788230896,
                12.6101064682,
                13.5757026672,
                9.95649242401,
                5.4621219635,
                5.48812294006,
                5.64807748795,
                5.64331102371,
                4.11752033234,
                3.88052797318,
                3.54062342644,
                2.99360227585,
                1.7470972538,
                1.20145630836,
                0.985298871994,
                0.606522023678,
                0.227774694562,
                0.0564701966941,
                0.00959927681834,
                0.000782864284702,
                4.41660704382e-05
            ],
            "median": [
                0.000153377593961,
                0.00755968457088,
                0.266741096973,
                1.62878906727,
                2.34179019928,
                2.01596188545,
                2.07564735413,
                1.91122221947,
                1.29767668247,
                1.95290112495,
                3.76593518257,
                7.24653863907,
                8.85507297516,
                7.16881275177,
                11.7507953644,
                10.3235187531,
                6.64130783081,
                4.02514362335,
                3.9118103981,
                5.69076251984,
                4.14625930786,
                5.068400383,
                3.04630947113,
                2.31078267097,
                2.11097812653,
                2.02570056915,
                1.46446168423,
                0.780653893948,
                0.604384064674,
                0.505936026573,
                0.283818006516,
                0.193727552891,
                0.106533393264,
                0.0971202254295,
                0.0520204007626,
                0.0185194667429,
                0.00414286600426,
                0.000637530931272,
                2.38590819208e-05,
                1.21494340419e-05
            ],
            "min": [
                7.32477229793e-23,
                2.41699282077e-22,
                1.30510268973e-21,
                3.98522411703e-21,
                9.8196896572e-21,
                2.76289989132e-20,
                2.70707812467e-20,
                4.59486002511e-20,
                1.33792147232e-19,
                2.07179598253e-19,
                2.90122458764e-19,
                3.95272934449e-19,
                5.2269212035e-19,
                5.95656481412e-19,
                8.13171740193e-19,
                9.4780887827e-19,
                1.16603359952e-18,
                2.11067541002e-18,
                2.3788095211e-18,
                2.78904126729e-18,
                3.38389745146e-18,
                5.6956302763e-18,
                5.39279118224e-18,
                6.78401219242e-18,
                6.95056045927e-18,
                9.61964813003e-18,
                7.63772420953e-18,
                1.16903566544e-17,
                9.15328535503e-18,
                1.02448709417e-17,
                1.11792839401e-17,
                1.08992510427e-17,
                1.05190540178e-17,
                8.32296972796e-18,
                5.78683190192e-18,
                4.19126791552e-18,
                2.29216235193e-18,
                1.02949503171e-18,
                2.47108058785e-19,
                2.51938244263e-20
            ],
            "var": [
                6.69268638376e-06,
                0.00340597028844,
                0.575154781342,
                33.8966293335,
                209.823165894,
                95.3905944824,
                386.511260986,
                190.810546875,
                641.535949707,
                2940.88354492,
                13129.4863281,
                24119.0019531,
                45426.9296875,
                13497.3427734,
                26721.3652344,
                27854.078125,
                17607.4902344,
                64824.1992188,
                2711.47387695,
                1482.16125488,
                782.049987793,
                586.098266602,
                410.390289307,
                80.7899703979,
                94.6324920654,
                106.693572998,
                268.586914062,
                145.414031982,
                158.022720337,
                121.047492981,
                133.304656982,
                59.7460441589,
                28.9240455627,
                14.9804000854,
                5.37978363037,
                0.688698112965,
                0.0477346740663,
                0.0021127955988,
                1.5137763512e-05,
                1.56759618619e-08
            ]
        },
        "erbbands_crest": {
            "dmean": 2.68101143837,
            "dmean2": 4.21434354782,
            "dvar": 7.23926925659,
            "dvar2": 16.8215065002,
            "max": 30.9967479706,
            "mean": 10.3851442337,
            "median": 8.91726779938,
            "min": 2.34557032585,
            "var": 30.5061569214
        },
        "erbbands_flatness_db": {
            "dmean": 0.0194910150021,
            "dmean2": 0.027515379712,
            "dvar": 0.000420784112066,
            "dvar2": 0.000804975163192,
            "max": 0.374297678471,
            "mean": 0.188412562013,
            "median": 0.178274735808,
            "min": 0.0394065380096,
            "var": 0.00381216709502
        },
        "erbbands_kurtosis": {
            "dmean": 1.15318274498,
            "dmean2": 1.76202630997,
            "dvar": 3.80366063118,
            "dvar2": 9.26317977905,
            "max": 49.4183349609,
            "mean": 1.51093995571,
            "median": 0.241820454597,
            "min": -1.72788512707,
            "var": 12.2056722641
        },
        "erbbands_skewness": {
            "dmean": 0.336137622595,
            "dmean2": 0.514003515244,
            "dvar": 0.129900947213,
            "dvar2": 0.295362770557,
            "max": 5.57083559036,
            "mean": 0.451770961285,
            "median": 0.313759237528,
            "min": -3.88736844063,
            "var": 0.656641483307
        },
        "erbbands_spread": {
            "dmean": 6.8108458519,
            "dmean2": 10.2021770477,
            "dvar": 78.9909439087,
            "dvar2": 172.427719116,
            "max": 142.618774414,
            "mean": 30.5344161987,
            "median": 28.3707103729,
            "min": 2.1685295105,
            "var": 349.056549072
        },
        "gfcc": {
            "cov": [
                [
                    36679.4101562,
                    -1805.38928223,
                    -3969.51367188,
                    50.6333656311,
                    -1837.34851074,
                    923.154785156,
                    -1165.18237305,
                    625.978820801,
                    -1114.94165039,
                    274.613494873,
                    -1250.04492188,
                    -163.154510498,
                    -652.289123535
                ],
                [
                    -1805.38928223,
                    2201.90356445,
                    -157.36579895,
                    -8.08757591248,
                    70.0983200073,
                    -232.779922485,
                    157.344604492,
                    -201.354751587,
                    122.587509155,
                    -203.067626953,
                    208.891494751,
                    -55.3880615234,
                    161.279907227
                ],
                [
                    -3969.51367188,
                    -157.36579895,
                    1152.68444824,
                    185.261901855,
                    164.601882935,
                    -85.2992248535,
                    13.6079082489,
                    -51.663433075,
                    121.26386261,
                    22.1186599731,
                    114.977256775,
                    109.354797363,
                    35.3750114441
                ],
                [
                    50.6333656311,
                    -8.08757591248,
                    185.261901855,
                    560.917785645,
                    -6.37292194366,
                    -26.9687919617,
                    -117.516082764,
                    -76.5883102417,
                    21.496088028,
                    -72.8121032715,
                    10.083193779,
                    67.7309646606,
                    44.8883209229
                ],
                [
                    -1837.34851074,
                    70.0983200073,
                    164.601882935,
                    -6.37292194366,
                    251.040100098,
                    -7.74676322937,
                    70.5172042847,
                    -33.7786636353,
                    35.4075965881,
                    -10.7740755081,
                    53.7106513977,
                    13.1554803848,
                    35.1547775269
                ],
                [
                    923.154785156,
                    -232.779922485,
                    -85.2992248535,
                    -26.9687919617,
                    -7.74676322937,
                    200.921264648,
                    26.1195888519,
                    10.6196317673,
                    -58.3086128235,
                    0.597065448761,
                    -58.0441131592,
                    -9.10772037506,
                    -32.08152771
                ],
                [
                    -1165.18237305,
                    157.344604492,
                    13.6079082489,
                    -117.516082764,
                    70.5172042847,
                    26.1195888519,
                    213.083389282,
                    -9.60252761841,
                    22.5859146118,
                    -20.6563053131,
                    40.7523536682,
                    -32.4923744202,
                    5.46810770035
                ],
                [
                    625.978820801,
                    -201.354751587,
                    -51.663433075,
                    -76.5883102417,
                    -33.7786636353,
                    10.6196317673,
                    -9.60252761841,
                    151.843231201,
                    6.24214220047,
                    49.0443458557,
                    -39.8997802734,
                    -19.9710731506,
                    -36.5326690674
                ],
                [
                    -1114.94165039,
                    122.587509155,
                    121.26386261,
                    21.496088028,
                    35.4075965881,
                    -58.3086128235,
                    22.5859146118,
                    6.24214220047,
                    161.489822388,
                    5.22066068649,
                    32.6490707397,
                    -17.3853759766,
                    18.3765735626
                ],
                [
                    274.613494873,
                    -203.067626953,
                    22.1186599731,
                    -72.8121032715,
                    -10.7740755081,
                    0.597065448761,
                    -20.6563053131,
                    49.0443458557,
                    5.22066068649,
                    126.111564636,
                    -9.029047966,
                    -0.789824962616,
                    -33.0234222412
                ],
                [
                    -1250.04492188,
                    208.891494751,
                    114.977256775,
                    10.083193779,
                    53.7106513977,
                    -58.0441131592,
                    40.7523536682,
                    -39.8997802734,
                    32.6490707397,
                    -9.029047966,
                    121.17049408,
                    21.7877845764,
                    38.7820205688
                ],
                [
                    -163.154510498,
                    -55.3880615234,
                    109.354797363,
                    67.7309646606,
                    13.1554803848,
                    -9.10772037506,
                    -32.4923744202,
                    -19.9710731506,
                    -17.3853759766,
                    -0.789824962616,
                    21.7877845764,
                    92.2303237915,
                    20.3251724243
                ],
                [
                    -652.289123535,
                    161.279907227,
                    35.3750114441,
                    44.8883209229,
                    35.1547775269,
                    -32.08152771,
                    5.46810770035,
                    -36.5326690674,
                    18.3765735626,
                    -33.0234222412,
                    38.7820205688,
                    20.3251724243,
                    89.0306167603
                ]
            ],
            "icov": [
                [
                    0.000154102875968,
                    -0.000107110405224,
                    0.000330976821715,
                    -0.000150013962411,
                    0.000520912639331,
                    -0.000386227795389,
                    0.000444796227384,
                    -0.000271103868727,
                    0.000432055792771,
                    -0.000306942005409,
                    0.000601768842898,
                    -0.000233744402067,
                    0.000371977308532
                ],
                [
                    -0.000107110405224,
                    0.000942568120081,
                    1.10494502223e-05,
                    0.000237618733081,
                    -0.000235538347624,
                    0.000978091033176,
                    -0.00060241256142,
                    0.000862061220687,
                    -0.00065036007436,
                    0.00115539471153,
                    -0.00130239198916,
                    0.000665300467517,
                    -0.000801988120656
                ],
                [
                    0.000330976821715,
                    1.10494502223e-05,
                    0.00205516931601,
                    -0.00061804195866,
                    0.000573718803935,
                    -0.000500785128679,
                    0.000713398272637,
                    -0.0002993006201,
                    1.84645341506e-05,
                    -0.000797600136138,
                    0.000529083423316,
                    -0.00172615749761,
                    0.00119024643209
                ],
                [
                    -0.000150013962411,
                    0.000237618733081,
                    -0.00061804195866,
                    0.00284006167203,
                    -0.000332141004037,
                    0.000243858899921,
                    0.0010625962168,
                    0.00113411992788,
                    -0.00110890413634,
                    0.0019674890209,
                    -0.000515860447194,
                    -0.000687779742293,
                    -0.000756366585847
                ],
                [
                    0.000520912639331,
                    -0.000235538347624,
                    0.000573718803935,
                    -0.000332141004037,
                    0.0070016128011,
                    -0.0016636379296,
                    0.000128662606585,
                    -0.000320951192407,
                    0.000989607535303,
                    -0.00107417581603,
                    0.0010883489158,
                    -0.000879781553522,
                    -0.000196999200853
                ],
                [
                    -0.000386227795389,
                    0.000978091033176,
                    -0.000500785128679,
                    0.000243858899921,
                    -0.0016636379296,
                    0.0084044020623,
                    -0.00311167072505,
                    0.00151329732034,
                    0.00054113130318,
                    0.00136646500323,
                    0.00101545802318,
                    0.000534827122465,
                    -0.000197346671484
                ],
                [
                    0.000444796227384,
                    -0.00060241256142,
                    0.000713398272637,
                    0.0010625962168,
                    0.000128662606585,
                    -0.00311167072505,
                    0.00871927011758,
                    -0.00096649734769,
                    0.000608364935033,
                    0.000731112610083,
                    -0.000797741347924,
                    0.00128677743487,
                    0.00162606406957
                ],
                [
                    -0.000271103868727,
                    0.000862061220687,
                    -0.0002993006201,
                    0.00113411992788,
                    -0.000320951192407,
                    0.00151329732034,
                    -0.00096649734769,
                    0.00988078862429,
                    -0.00209522945806,
                    -0.0011277331505,
                    0.000553701946046,
                    0.000943468068726,
                    0.000342666578945
                ],
                [
                    0.000432055792771,
                    -0.00065036007436,
                    1.84645341506e-05,
                    -0.00110890413634,
                    0.000989607535303,
                    0.00054113130318,
                    0.000608364935033,
                    -0.00209522945806,
                    0.00982450973243,
                    -0.00195247831289,
                    0.00139176100492,
                    0.00236670183949,
                    -9.61280748015e-05
                ],
                [
                    -0.000306942005409,
                    0.00115539471153,
                    -0.000797600136138,
                    0.0019674890209,
                    -0.00107417581603,
                    0.00136646500323,
                    0.000731112610083,
                    -0.0011277331505,
                    -0.00195247831289,
                    0.0125230811536,
                    -0.00318165309727,
                    4.38579882029e-05,
                    0.00181599438656
                ],
                [
                    0.000601768842898,
                    -0.00130239198916,
                    0.000529083423316,
                    -0.000515860447194,
                    0.0010883489158,
                    0.00101545802318,
                    -0.000797741347924,
                    0.000553701946046,
                    0.00139176100492,
                    -0.00318165309727,
                    0.0170935709029,
                    -0.00375933549367,
                    -0.00102476112079
                ],
                [
                    -0.000233744402067,
                    0.000665300467517,
                    -0.00172615749761,
                    -0.000687779742293,
                    -0.000879781553522,
                    0.000534827122465,
                    0.00128677743487,
                    0.000943468068726,
                    0.00236670183949,
                    4.38579882029e-05,
                    -0.00375933549367,
                    0.0163447018713,
                    -0.00360294501297
                ],
                [
                    0.000371977308532,
                    -0.000801988120656,
                    0.00119024643209,
                    -0.000756366585847,
                    -0.000196999200853,
                    -0.000197346671484,
                    0.00162606406957,
                    0.000342666578945,
                    -9.61280748015e-05,
                    0.00181599438656,
                    -0.00102476112079,
                    -0.00360294501297,
                    0.0173284132034
                ]
            ],
            "mean": [
                -88.2867050171,
                87.2818984985,
                -131.485412598,
                8.39122486115,
                -64.1524734497,
                7.36952352524,
                -41.7185325623,
                -4.8117184639,
                -41.62940979,
                -14.7129411697,
                -30.6806526184,
                -8.54603290558,
                -16.6728496552
            ]
        },
        "hfc": {
            "dmean": 6.73980045319,
            "dmean2": 9.67782306671,
            "dvar": 223.992370605,
            "dvar2": 495.149597168,
            "max": 226.114944458,
            "mean": 17.4633541107,
            "median": 6.44824123383,
            "min": 1.07401216761e-16,
            "var": 574.620239258
        },
        "melbands": {
            "dmean": [
                9.7458878372e-06,
                0.000128063707962,
                0.000573866185732,
                0.000337797479006,
                0.000119473959785,
                6.35010364931e-05,
                5.36049265065e-05,
                9.49172172113e-05,
                0.000163099975907,
                0.000204688170925,
                0.000183614858543,
                8.17231921246e-05,
                9.87455932773e-05,
                8.47922638059e-05,
                5.78058425162e-05,
                4.29382744187e-05,
                5.06609940203e-05,
                1.60660529218e-05,
                1.35383515953e-05,
                1.11023227873e-05,
                7.86933924246e-06,
                6.37768789602e-06,
                7.00164673617e-06,
                2.88646515401e-06,
                2.51754886449e-06,
