{
    "lowlevel": {
        "average_loudness": 0.877927541733,
        "barkbands": {
            "dmean": [
                0.00018853788788,
                0.00358576979488,
                0.0073282062076,
                0.00300367106684,
                0.00211957772262,
                0.00186472339556,
                0.00046422885498,
                0.000534690741915,
                0.000610654009506,
                0.000292795622954,
                0.000276692968328,
                0.00029093757621,
                0.000311058247462,
                0.000390698580304,
                0.000337008415954,
                0.000443768774858,
                0.000334804324666,
                0.000255065708188,
                0.00014752887364,
                0.000107521715108,
                0.000123955382151,
                0.000122423720313,
                0.000136186470627,
                0.00012095519196,
                0.000180633040145,
                0.00010623914568,
                1.05174603959e-05
            ],
            "dmean2": [
                0.000316062622005,
                0.00585726648569,
                0.0123315611854,
                0.00534874945879,
                0.00336743798107,
                0.00283089210279,
                0.000724130659364,
                0.000825977243949,
                0.000927947112359,
                0.000464470067527,
                0.000414792593801,
                0.000456286186818,
                0.000503219314851,
                0.000649045046885,
                0.000550263619516,
                0.000695953611284,
                0.00053712411318,
                0.000414218084188,
                0.000236991312704,
                0.000168688056874,
                0.000193162195501,
                0.000191987317521,
                0.000207979042898,
                0.000185580473044,
                0.000281083892332,
                0.000161019997904,
                1.74455744855e-05
            ],
            "dvar": [
                2.06899883892e-07,
                9.27675355342e-05,
                0.00062471680576,
                9.20595848584e-05,
                1.17014369607e-05,
                1.22063265735e-05,
                1.09063148557e-06,
                1.84529915259e-06,
                2.23126494348e-06,
                5.14950102115e-07,
                4.20343923224e-07,
                4.40675847813e-07,
                5.70891472762e-07,
                6.95144819929e-07,
                6.52796927625e-07,
                1.31485626298e-06,
                5.02192051499e-07,
                3.10159748551e-07,
                1.13392701451e-07,
                5.42273532744e-08,
                5.78040690868e-08,
                7.72479822331e-08,
                9.76589262791e-08,
                7.1720627659e-08,
                1.95923760771e-07,
                6.15813249283e-08,
                9.43847555668e-10
            ],
            "dvar2": [
                5.65447805911e-07,
                0.000225290234084,
                0.00162007764447,
                0.00025635221391,
                2.95855425065e-05,
                2.56802668446e-05,
                2.38653933593e-06,
                4.03597050536e-06,
                4.83702160636e-06,
                1.17445915748e-06,
                8.34107424907e-07,
                9.9023986877e-07,
                1.34862500545e-06,
                1.70230543972e-06,
                1.56309761223e-06,
                3.0079197586e-06,
                1.20834999962e-06,
                7.44882015624e-07,
                2.80170183942e-07,
                1.30204057314e-07,
                1.38425662044e-07,
                1.89789673755e-07,
                2.16659771013e-07,
                1.6783972967e-07,
                4.8545757636e-07,
                1.46133956491e-07,
                2.47735099101e-09
            ],
            "max": [
                0.00686929188669,
                0.111018121243,
                0.217546790838,
                0.0993356406689,
                0.058715607971,
                0.0485216006637,
                0.0207221601158,
                0.0245983768255,
                0.0349081158638,
                0.0154635021463,
                0.0136304814368,
                0.016584970057,
                0.0204779524356,
                0.0172229595482,
                0.0299669243395,
                0.0215606857091,
                0.0167914554477,
                0.00945089291781,
                0.00587622262537,
                0.00367311784066,
                0.00345476204529,
                0.00417128717527,
                0.0047233235091,
                0.00447149854153,
                0.00555940065533,
                0.00316660664976,
                0.000452749722172
            ],
            "mean": [
                0.000237963875406,
                0.00452567730099,
                0.00660803122446,
                0.0029610414058,
                0.00437643378973,
                0.00356515031308,
                0.00073349440936,
                0.000889550952706,
                0.00101806002203,
                0.000500821799506,
                0.000460265262518,
                0.000458916911157,
                0.000455819506897,
                0.000525321636815,
                0.000460227078293,
                0.000626847264357,
                0.000513491686434,
                0.000340029801009,
                0.000193427229533,
                0.000144829973578,
                0.000195960194105,
                0.000160267518368,
                0.000194348060177,
                0.000168292390299,
                0.000219602879952,
                0.000124554237118,
                9.77670606517e-06
            ],
            "median": [
                7.97839311417e-06,
                0.000187495883438,
                0.000572281365748,
                0.000781432667281,
                0.00260659074411,
                0.00141322449781,
                0.000252533005551,
                0.000223852490308,
                0.000324755848851,
                0.000133983470732,
                0.000130949847517,
                0.000131130407681,
                0.00010509006097,
                0.000131465567392,
                0.000119850730698,
                0.000133893729071,
                0.000158353475854,
                9.15917553357e-05,
                5.10109566676e-05,
                4.61806994281e-05,
                6.8855995778e-05,
                3.98496085836e-05,
                4.45803416369e-05,
                3.72416689061e-05,
                4.39104260295e-05,
                1.91417730093e-05,
                6.80668733821e-07
            ],
            "min": [
                2.13086811895e-25,
                5.96291280787e-24,
                2.51184356275e-24,
                9.31324254323e-25,
                1.46194811068e-23,
                1.34467462856e-23,
                9.04508387243e-24,
                6.58220963923e-24,
                1.80876812553e-23,
                2.54616500747e-23,
                8.69426007294e-24,
                2.26970649443e-23,
                3.96094570467e-23,
                3.02888887467e-23,
                4.05850192401e-23,
                6.03174660165e-23,
                7.5547138922e-23,
                1.18368339015e-22,
                1.12636046537e-22,
                1.94153234303e-22,
                3.09009817003e-22,
                3.11455613975e-22,
                4.48204866465e-22,
                6.56001835088e-22,
                9.01129064897e-22,
                1.36245815344e-21,
                2.1722978615e-21
            ],
            "var": [
                3.37772576131e-07,
                0.000118783937069,
                0.00048627392971,
                6.20433347649e-05,
                2.55731501966e-05,
                3.10195318889e-05,
                2.03414970201e-06,
                4.08686673836e-06,
                4.62259049527e-06,
                1.39664984999e-06,
                1.09257598524e-06,
                9.15554778658e-07,
                1.14735985335e-06,
                1.06002107714e-06,
                1.05962897123e-06,
                2.33639957514e-06,
                1.00754982668e-06,
                4.68017702815e-07,
                1.47286613128e-07,
                7.26356574887e-08,
                1.01629339611e-07,
                9.58414148045e-08,
                1.85407117215e-07,
                1.09847924534e-07,
                2.13196813093e-07,
                7.84855700431e-08,
                9.04885721908e-10
            ]
        },
        "barkbands_crest": {
            "dmean": 2.95381236076,
            "dmean2": 4.7180147171,
            "dvar": 7.71334266663,
            "dvar2": 18.3952579498,
            "max": 26.6019496918,
            "mean": 11.4823322296,
            "median": 10.5897016525,
            "min": 2.47221970558,
            "var": 22.9347019196
        },
        "barkbands_flatness_db": {
            "dmean": 0.032549969852,
            "dmean2": 0.0477033406496,
            "dvar": 0.00155372964218,
            "dvar2": 0.00323493219912,
            "max": 0.6262139678,
            "mean": 0.158791750669,
            "median": 0.142646327615,
            "min": 0.0173297654837,
            "var": 0.0068764234893
        },
        "barkbands_kurtosis": {
            "dmean": 10.6980009079,
            "dmean2": 16.9472293854,
            "dvar": 1024.03735352,
            "dvar2": 2342.61450195,
            "max": 1088.04101562,
            "mean": 14.8639802933,
            "median": 3.45610284805,
            "min": -1.94616544247,
            "var": 1870.42553711
        },
        "barkbands_skewness": {
            "dmean": 0.956186711788,
            "dmean2": 1.42133104801,
            "dvar": 1.68076336384,
            "dvar2": 3.6800968647,
            "max": 24.631313324,
            "mean": 2.25393462181,
            "median": 1.80118942261,
            "min": -5.34149885178,
            "var": 5.06686258316
        },
        "barkbands_spread": {
            "dmean": 7.47565841675,
            "dmean2": 11.2286119461,
            "dvar": 108.08618927,
            "dvar2": 219.747970581,
            "max": 111.196578979,
            "mean": 20.6957836151,
            "median": 16.5950222015,
            "min": 0.139487072825,
            "var": 289.906433105
        },
        "dissonance": {
            "dmean": 0.0217106603086,
            "dmean2": 0.034825284034,
            "dvar": 0.000596877362113,
            "dvar2": 0.00147251971066,
            "max": 0.500000059605,
            "mean": 0.451609402895,
            "median": 0.466417044401,
            "min": 0,
            "var": 0.00204954575747
        },
        "dynamic_complexity": 3.06875300407,
        "erbbands": {
            "dmean": [
                0.0783469676971,
                1.0971852541,
                7.55124235153,
                9.25606155396,
                6.90384912491,
                8.04454517365,
                12.1441326141,
                15.7093353271,
                6.97896766663,
                8.68126487732,
                12.2472515106,
                13.9915323257,
                10.3445472717,
                9.47043037415,
                11.0704813004,
                10.5836267471,
                13.441110611,
                17.4084262848,
                18.408197403,
                17.0932025909,
                23.8381080627,
                17.4504776001,
                14.3227462769,
                7.80979633331,
                7.29698467255,
                5.17322301865,
                4.68962144852,
                5.25196933746,
                4.18470573425,
                4.17143821716,
                3.83680844307,
                2.45115971565,
                2.27808332443,
                2.08643484116,
                1.24676299095,
                0.583296895027,
                0.168923974037,
                0.0326363071799,
                0.001086557284,
                3.84284539905e-05
            ],
            "dmean2": [
                0.129589483142,
                1.78929972649,
                12.7456302643,
                15.5593013763,
                11.6004371643,
                12.7155847549,
                18.5525550842,
                24.1283721924,
                10.9058237076,
                13.3634672165,
                18.5858955383,
                21.1784191132,
                15.7733364105,
                14.4841079712,
                16.768037796,
                16.5424613953,
                21.5381011963,
                28.2651081085,
                30.2225914001,
                27.3419704437,
                35.847202301,
                27.500869751,
                23.0199012756,
                12.6433267593,
                11.5251941681,
                8.09784030914,
                7.26715707779,
                8.18425559998,
                6.57030439377,
                6.43901872635,
                5.86712312698,
                3.72314667702,
                3.52814984322,
                3.28678536415,
                1.94137346745,
                0.89085817337,
                0.2553999722,
                0.0515671521425,
                0.00175052834675,
                5.77527243877e-05
            ],
            "dvar": [
                0.0403810814023,
                9.72512817383,
                637.944458008,
                898.47277832,
                221.651611328,
                243.964706421,
                456.012451172,
                1087.06091309,
                183.367584229,
                601.096801758,
                993.662780762,
                1463.11315918,
                618.796081543,
                516.176757812,
                510.529663086,
                513.429443359,
                1056.50415039,
                1648.39599609,
                1456.77490234,
                1804.51257324,
                4147.09130859,
                1251.37109375,
                924.167297363,
                293.682250977,
                253.326919556,
                133.466629028,
                84.8114242554,
                123.198364258,
                97.7331237793,
                81.9810409546,
                81.0692749023,
                30.5847644806,
                25.6810569763,
                28.2528991699,
                8.90239906311,
                2.05242753029,
                0.153022021055,
                0.00732119753957,
                9.63656020758e-06,
                5.53920909141e-09
            ],
            "dvar2": [
                0.117016427219,
                24.044878006,
                1659.28295898,
                2331.49755859,
                596.271789551,
                609.457336426,
                1034.87121582,
                2331.74511719,
                428.482543945,
                1310.12609863,
                2189.31958008,
                3255.67285156,
                1338.94140625,
                1173.46142578,
                1026.92626953,
                1201.06018066,
                2487.64819336,
                3787.5390625,
                3735.54931641,
                4239.52636719,
                8912.09960938,
                2887.28955078,
                2266.77099609,
                746.227844238,
                610.289855957,
                323.333221436,
                192.242858887,
                306.796691895,
                240.398544312,
                188.951583862,
                180.535064697,
                69.4090652466,
                61.9837150574,
                72.8635406494,
                21.2732810974,
                4.99604177475,
                0.357928097248,
                0.0183019712567,
                2.47967054747e-05,
                1.31888366894e-08
            ],
            "max": [
                2.30390787125,
                33.7659606934,
                217.372253418,
                318.5284729,
                182.301376343,
                315.896057129,
                284.419708252,
                496.393005371,
                300.75,
                510.034545898,
                601.975219727,
                1103.34460449,
                702.623840332,
                590.170959473,
                586.301696777,
                520.204956055,
                880.512145996,
                984.876159668,
                734.776184082,
                1011.31988525,
                1294.12341309,
                639.508972168,
                592.134643555,
                261.004302979,
                199.480560303,
                169.066818237,
                154.053909302,
                145.401947021,
                143.37298584,
                150.914871216,
                145.133270264,
                94.2423706055,
                75.1813354492,
                78.7003555298,
                36.2459106445,
                28.9570293427,
                4.81972789764,
                1.20956110954,
                0.0521424300969,
                0.000894355704077
            ],
            "mean": [
                0.104182936251,
                1.19249236584,
                6.67370271683,
                9.67675304413,
                10.4456214905,
                16.5009384155,
                22.2287425995,
                29.7614612579,
                12.6163892746,
                13.5663633347,
                21.6331558228,
                23.5196151733,
                18.1691951752,
                17.2859134674,
                20.803647995,
                18.2117042542,
                20.8642807007,
                25.4504413605,
                26.0110912323,
                25.4683742523,
                36.8834953308,
                28.4322299957,
                21.0528755188,
                10.9627418518,
                9.57310295105,
                7.01480960846,
                7.41129398346,
                7.71812915802,
                5.62589359283,
                5.70538568497,
                5.46774148941,
                3.3531332016,
                3.10529255867,
                2.50583696365,
                1.48264884949,
                0.692749559879,
                0.194095939398,
                0.0343881957233,
                0.00109859509394,
                6.51804512017e-05
            ],
            "median": [
                0.00282510602847,
                0.0714832618833,
                0.640185475349,
                2.25135993958,
                4.88462495804,
                7.83177423477,
                11.080034256,
                9.59706306458,
                4.99591970444,
                4.92838764191,
                6.36874771118,
                8.13581943512,
                5.8989777565,
                5.29101276398,
                7.31310558319,
                6.21806001663,
                5.43985939026,
                7.01912689209,
                7.61151361465,
                6.93787240982,
                8.65419864655,
                8.81489467621,
                6.22540092468,
                3.27633023262,
                2.60800027847,
                2.28069329262,
                2.60920000076,
                2.38581180573,
                1.42329084873,
                1.41726815701,
                1.21355509758,
                0.685654401779,
                0.702549040318,
                0.516986131668,
                0.268269777298,
                0.111991554499,
                0.0273608695716,
                0.00369280576706,
                0.000122880795971,
                3.70628622477e-05
            ],
            "min": [
                1.1176644414e-22,
                1.33755710895e-21,
                3.71239870604e-21,
                1.27223302423e-20,
                4.29153095579e-20,
                3.40080316203e-20,
                6.14956569657e-20,
                9.33875796333e-20,
                7.26477447582e-20,
                1.75081552516e-19,
                3.15783514221e-19,
                3.89368622634e-19,
                6.21913468801e-19,
                1.49256107838e-18,
                1.35980272596e-18,
                1.25082157686e-18,
                1.81652646868e-18,
                3.06815165151e-18,
                3.11454221501e-18,
                4.34402584079e-18,
                3.70366645112e-18,
                5.21914156984e-18,
                5.98727513513e-18,
                6.42641705053e-18,
                7.05284630509e-18,
                9.52180258973e-18,
                1.16420269727e-17,
                1.23657396984e-17,
                1.07604187031e-17,
                1.30822733235e-17,
                1.20649387773e-17,
                1.16107264584e-17,
                1.17824929941e-17,
                7.63169819877e-18,
                5.89913573214e-18,
                3.58053151796e-18,
                2.49651628829e-18,
                1.03411245729e-18,
                2.60785050774e-19,
                2.65378733682e-20
            ],
            "var": [
                0.058063197881,
                9.98044109344,
                490.261444092,
                710.570678711,
                250.378036499,
                566.783203125,
                906.319702148,
                2734.71044922,
                399.641296387,
                996.855712891,
                2234.77392578,
                2723.39331055,
                1403.18261719,
                1504.39404297,
                1582.31054688,
                1237.29943848,
                2198.12329102,
                2876.23217773,
                2238.08129883,
                2951.9362793,
                8261.26855469,
                2828.95507812,
                1571.59521484,
                401.756469727,
                342.675323486,
                173.523025513,
                154.496551514,
                181.023773193,
                120.563529968,
                140.277816772,
                147.181869507,
                48.815662384,
                36.2062034607,
                28.5157985687,
                10.4080429077,
                2.45833396912,
                0.199793383479,
                0.0080252001062,
                9.92454079096e-06,
                7.53467244152e-09
            ]
        },
        "erbbands_crest": {
            "dmean": 3.14361953735,
            "dmean2": 5.01639461517,
            "dvar": 9.57880973816,
            "dvar2": 23.0739688873,
            "max": 30.8971633911,
            "mean": 10.4171800613,
            "median": 9.27445888519,
            "min": 2.25880169868,
            "var": 27.4671497345
        },
        "erbbands_flatness_db": {
            "dmean": 0.0219939686358,
            "dmean2": 0.0316503494978,
            "dvar": 0.000570370815694,
            "dvar2": 0.00118851638399,
            "max": 0.494820505381,
            "mean": 0.15886823833,
            "median": 0.154927223921,
            "min": 0.044973731041,
            "var": 0.00274673686363
        },
        "erbbands_kurtosis": {
            "dmean": 2.44869637489,
            "dmean2": 3.85880303383,
            "dvar": 63.3249664307,
            "dvar2": 146.615264893,
            "max": 208.721817017,
            "mean": 2.60427927971,
            "median": 0.0648691654205,
            "min": -1.92126893997,
            "var": 113.735343933
        },
        "erbbands_skewness": {
            "dmean": 0.555995345116,
            "dmean2": 0.835231482983,
            "dvar": 0.541364252567,
            "dvar2": 1.15884244442,
            "max": 12.8622808456,
            "mean": 0.663045048714,
            "median": 0.440333604813,
            "min": -5.4084277153,
            "var": 1.88808095455
        },
        "erbbands_spread": {
            "dmean": 11.3111314774,
            "dmean2": 17.0253429413,
            "dvar": 189.519042969,
            "dvar2": 423.281616211,
            "max": 185.700973511,
            "mean": 41.9830322266,
            "median": 39.7140579224,
            "min": 1.09177005291,
            "var": 556.403137207
        },
        "gfcc": {
            "cov": [
                [
                    17423.4023438,
                    -1094.09265137,
                    -1411.53234863,
                    -4.52076101303,
                    -582.223083496,
                    704.629211426,
                    -424.028289795,
                    388.380554199,
                    -302.353057861,
                    375.25112915,
                    -275.742828369,
                    139.43963623,
                    -229.727600098
                ],
                [
                    -1094.09265137,
                    2119.91699219,
                    365.318786621,
                    185.208023071,
                    432.40423584,
                    -68.605430603,
                    295.598693848,
                    -32.454826355,
                    60.9188766479,
                    -139.195404053,
                    145.173278809,
                    -170.812026978,
                    63.1338729858
                ],
                [
                    -1411.53234863,
                    365.318786621,
                    1346.43811035,
                    421.548736572,
                    271.904876709,
                    144.979095459,
                    156.613388062,
                    24.371131897,
                    71.504196167,
                    -25.3334255219,
                    68.9273223877,
                    1.5447716713,
                    -58.9619941711
                ],
                [
                    -4.52076101303,
                    185.208023071,
                    421.548736572,
                    678.604431152,
                    227.221069336,
                    -36.2606391907,
                    31.0912914276,
                    53.3870162964,
                    88.4617462158,
                    0.830533146858,
                    60.1871948242,
                    26.3019695282,
                    65.6757583618
                ],
                [
                    -582.223083496,
                    432.40423584,
                    271.904876709,
                    227.221069336,
                    436.103546143,
                    107.292732239,
                    182.323394775,
                    71.2160339355,
                    80.9688034058,
                    21.9341278076,
                    73.8624801636,
                    2.57222437859,
                    45.0079803467
                ],
                [
                    704.629211426,
                    -68.605430603,
                    144.979095459,
                    -36.2606391907,
                    107.292732239,
                    433.819702148,
                    215.93927002,
                    102.338127136,
                    45.0722808838,
                    87.0133895874,
                    22.4764404297,
                    4.55778598785,
                    -35.504940033
                ],
                [
                    -424.028289795,
                    295.598693848,
                    156.613388062,
                    31.0912914276,
                    182.323394775,
                    215.93927002,
                    349.630187988,
                    73.5712966919,
                    53.5200843811,
                    46.7165908813,
                    50.6040496826,
                    -20.5349998474,
                    8.04335212708
                ],
                [
                    388.380554199,
                    -32.454826355,
                    24.371131897,
                    53.3870162964,
                    71.2160339355,
                    102.338127136,
                    73.5712966919,
                    210.762145996,
                    97.2483825684,
                    65.8843612671,
                    16.2208995819,
                    23.866853714,
                    26.9782180786
                ],
                [
                    -302.353057861,
                    60.9188766479,
                    71.504196167,
                    88.4617462158,
                    80.9688034058,
                    45.0722808838,
                    53.5200843811,
                    97.2483825684,
                    180.39491272,
                    51.716293335,
                    37.5180740356,
                    20.7819194794,
                    46.0739097595
                ],
                [
                    375.25112915,
                    -139.195404053,
                    -25.3334255219,
                    0.830533146858,
                    21.9341278076,
                    87.0133895874,
                    46.7165908813,
                    65.8843612671,
                    51.716293335,
                    153.594589233,
                    43.8641052246,
                    34.3851623535,
                    15.7509384155
                ],
                [
                    -275.742828369,
                    145.173278809,
                    68.9273223877,
                    60.1871948242,
                    73.8624801636,
                    22.4764404297,
                    50.6040496826,
                    16.2208995819,
                    37.5180740356,
                    43.8641052246,
                    129.304504395,
                    34.9065589905,
                    27.3313579559
                ],
                [
                    139.43963623,
                    -170.812026978,
                    1.5447716713,
                    26.3019695282,
                    2.57222437859,
                    4.55778598785,
                    -20.5349998474,
                    23.866853714,
                    20.7819194794,
                    34.3851623535,
                    34.9065589905,
                    132.187728882,
                    42.2284088135
                ],
                [
                    -229.727600098,
                    63.1338729858,
                    -58.9619941711,
                    65.6757583618,
                    45.0079803467,
                    -35.504940033,
                    8.04335212708,
                    26.9782180786,
                    46.0739097595,
                    15.7509384155,
                    27.3313579559,
                    42.2284088135,
                    125.80166626
                ]
            ],
            "icov": [
                [
                    0.000131062522996,
                    -0.000148471066495,
                    0.000201452348847,
                    -0.000266295624897,
                    0.000195081171114,
                    -0.000437351933215,
                    0.000361736718332,
                    -0.000289852265269,
                    0.000377103249775,
                    -0.000376965617761,
                    0.000357076583896,
                    -0.000321397383232,
                    0.000332482450176
                ],
                [
                    -0.000148471066495,
                    0.00115310947876,
                    -0.000343900348525,
                    0.000488885911182,
                    -0.000878556398675,
                    0.000978771247901,
                    -0.0010303882882,
                    0.00040549741243,
                    -0.000546231283806,
                    0.00139454356395,
                    -0.00156003772281,
                    0.00173026323318,
                    -0.00091317074839
                ],
                [
                    0.000201452348847,
                    -0.000343900348525,
                    0.00147132505663,
                    -0.00110462098382,
                    9.74641734501e-05,
                    -0.0010181091493,
                    0.000425511592766,
                    -0.000193945132196,
                    0.000257596606389,
                    -0.000204183044843,
                    0.000425227015512,
                    -0.000948729459196,
                    0.00165621086489
                ],
                [
                    -0.000266295624897,
                    0.000488885911182,
                    -0.00110462098382,
                    0.00293102115393,
                    -0.00138455326669,
                    0.001453633653,
                    -0.000434376474004,
                    0.000266048649792,
                    -0.0010756298434,
                    0.000927587156184,
                    -0.00112162332516,
                    0.000973443326075,
                    -0.00170846970286
                ],
                [
                    0.000195081171114,
                    -0.000878556398675,
                    9.74641734501e-05,
                    -0.00138455326669,
                    0.00466639827937,
                    -0.00121346581727,
                    -0.000505944364704,
                    -0.000805185758509,
                    0.000313853262924,
                    -0.000684373313561,
                    0.000245309318416,
                    -0.000987399253063,
                    7.58319720262e-06
                ],
                [
                    -0.000437351933215,
                    0.000978771247901,
                    -0.0010181091493,
                    0.001453633653,
                    -0.00121346581727,
                    0.00589733431116,
                    -0.00365558057092,
                    -4.4385829824e-05,
                    -0.00116942159366,
                    0.000195866610738,
                    -0.00110555824358,
                    0.00110568513628,
                    8.86862981133e-05
                ],
                [
                    0.000361736718332,
                    -0.0010303882882,
                    0.000425511592766,
                    -0.000434376474004,
                    -0.000505944364704,
                    -0.00365558057092,
                    0.00674556009471,
                    -0.00122371444013,
                    0.00108761957381,
                    -0.00164180702996,
                    0.000572793302126,
                    -0.000232253180002,
                    0.00034505900112
                ],
                [
                    -0.000289852265269,
                    0.00040549741243,
                    -0.000193945132196,
                    0.000266048649792,
                    -0.000805185758509,
                    -4.4385829824e-05,
                    -0.00122371444013,
                    0.00813484750688,
                    -0.0039994972758,
                    -0.000626636145171,
                    0.000367435539374,
                    0.000130426938995,
                    -0.000933697796427
                ],
                [
                    0.000377103249775,
                    -0.000546231283806,
                    0.000257596606389,
                    -0.0010756298434,
                    0.000313853262924,
                    -0.00116942159366,
                    0.00108761957381,
                    -0.0039994972758,
                    0.00978629104793,
                    -0.00249761762097,
                    0.000284359703073,
                    -0.000562798581086,
                    -0.00115344836377
                ],
                [
                    -0.000376965617761,
                    0.00139454356395,
                    -0.000204183044843,
                    0.000927587156184,
                    -0.000684373313561,
                    0.000195866610738,
                    -0.00164180702996,
                    -0.000626636145171,
                    -0.00249761762097,
                    0.011539708823,
                    -0.00479617295787,
                    0.000932432361878,
                    -0.00122978631407
                ],
                [
                    0.000357076583896,
                    -0.00156003772281,
                    0.000425227015512,
                    -0.00112162332516,
                    0.000245309318416,
                    -0.00110555824358,
                    0.000572793302126,
                    0.000367435539374,
                    0.000284359703073,
                    -0.00479617295787,
                    0.0129176340997,
                    -0.00462961290032,
                    0.000948564789724
                ],
                [
                    -0.000321397383232,
                    0.00173026323318,
                    -0.000948729459196,
                    0.000973443326075,
                    -0.000987399253063,
                    0.00110568513628,
                    -0.000232253180002,
                    0.000130426938995,
                    -0.000562798581086,
                    0.000932432361878,
                    -0.00462961290032,
                    0.0124985175207,
                    -0.0048561389558
                ],
                [
                    0.000332482450176,
                    -0.00091317074839,
                    0.00165621086489,
                    -0.00170846970286,
                    7.58319720262e-06,
                    8.86862981133e-05,
                    0.00034505900112,
                    -0.000933697796427,
                    -0.00115344836377,
                    -0.00122978631407,
                    0.000948564789724,
                    -0.0048561389558,
                    0.0128835188225
                ]
            ],
            "mean": [
                -23.6482906342,
                73.699508667,
                -98.4301300049,
                23.7299499512,
                -59.9835090637,
                6.85704374313,
                -54.6370506287,
                3.75900387764,
                -31.8784866333,
                -0.981630146503,
                -24.8579883575,
                2.50317931175,
                -11.4863214493
            ]
        },
        "hfc": {
            "dmean": 9.64419460297,
            "dmean2": 14.047990799,
            "dvar": 292.212738037,
            "dvar2": 688.750366211,
            "max": 207.752151489,
            "mean": 22.7494297028,
            "median": 15.4463281631,
            "min": 1.08830558389e-16,
            "var": 556.911071777
        },
        "melbands": {
            "dmean": [
                0.000777461274993,
                0.00309004844166,
                0.00148323585745,
                0.000504313036799,
                0.000396783550968,
                0.000342246028595,
                0.000107078638393,
                9.95386435534e-05,
                9.8935153801e-05,
                8.89182920218e-05,
                5.31011755811e-05,
                4.03148915211e-05,
                3.96616742364e-05,
                3.47438399331e-05,
                2.7194242648e-05,
                3.25206019625e-05,
                3.35452132276e-05,
                3.26527006109e-05,
                2.51037890848e-05,
                2.75420097751e-05,
                2.97309034067e-05,
                1.87424684555e-05,
                1.83592746907e-05,
                1.16505498227e-05,
                6.04923161518e-06,
                6.1957825892e-06,
                4.15097929363e-06,
                3.53152336174e-06,
