{
    "lowlevel": {
        "average_loudness": 0.864543020725,
        "barkbands": {
            "dmean": [
                0.00120628392324,
                0.0112021435052,
                0.00470365537331,
                0.00234941998497,
                0.00143819919322,
                0.000930128851905,
                0.000243018643232,
                0.000548710348085,
                0.00111216655932,
                0.00041584300925,
                0.000303516746499,
                0.000437113747466,
                0.000507809163537,
                0.000542836496606,
                0.000486236967845,
                0.000187386904145,
                0.000164108467288,
                0.000196820372366,
                0.000217433756916,
                0.000196215158212,
                0.000170814921148,
                0.000237769476371,
                0.000231796497246,
                0.0001795214921,
                9.5907926152e-05,
                2.73781952274e-05,
                1.22543099224e-06
            ],
            "dmean2": [
                0.00168051896617,
                0.0172652136534,
                0.00892822165042,
                0.00449951738119,
                0.00272526289336,
                0.00164264428895,
                0.000418072333559,
                0.000812486221548,
                0.00164435175247,
                0.000637676683255,
                0.000446009042207,
                0.000652898685075,
                0.000751407060307,
                0.000819767534267,
                0.000748804071918,
                0.000281300046481,
                0.000244353810558,
                0.00030540858279,
                0.00033951428486,
                0.000316253630444,
                0.000276346952887,
                0.000379974051611,
                0.000384123850381,
                0.000287602160824,
                0.000149882689584,
                4.18965464632e-05,
                2.07515790862e-06
            ],
            "dvar": [
                9.71848930931e-06,
                0.000822100497317,
                0.000373807066353,
                9.40055979299e-05,
                3.40614060406e-05,
                6.50306947136e-06,
                5.88906232224e-07,
                2.55307031694e-06,
                7.23317953089e-06,
                2.21888944907e-06,
                9.30539613364e-07,
                2.13058251575e-06,
                2.15713203033e-06,
                2.35018956118e-06,
                2.98425038636e-06,
                4.36286086369e-07,
                1.94446627688e-07,
                2.47018050459e-07,
                2.82681185126e-07,
                2.67075336069e-07,
                2.10118983546e-07,
                3.62617441851e-07,
                2.17860062435e-07,
                2.58401996689e-07,
                9.30749806116e-08,
                7.66237207017e-09,
                2.12949848727e-11
            ],
            "dvar2": [
                2.07222819881e-05,
                0.00200133677572,
                0.00107890297659,
                0.00027512316592,
                9.85878505162e-05,
                1.7629510694e-05,
                1.48749120399e-06,
                4.95170297654e-06,
                1.52140701175e-05,
                5.18519937032e-06,
                2.0442762434e-06,
                4.8814240472e-06,
                4.81334564029e-06,
                5.58609690415e-06,
                7.25054087525e-06,
                9.71968802332e-07,
                4.04547364496e-07,
                5.59997886285e-07,
                6.37701134565e-07,
                6.83770508658e-07,
                5.17483670137e-07,
                8.59124043018e-07,
                5.28998157279e-07,
                6.12864823779e-07,
                1.97607420205e-07,
                1.62602855625e-08,
                5.54711589162e-11
            ],
            "max": [
                0.0458838008344,
                0.27976423502,
                0.161390438676,
                0.0800847411156,
                0.0505884848535,
                0.0263551101089,
                0.0213233418763,
                0.0345402285457,
                0.038026638329,
                0.0317202880979,
                0.0232691653073,
                0.031744979322,
                0.0307013764977,
                0.0241693072021,
                0.0305850878358,
                0.0180790331215,
                0.0103836031631,
                0.00973699521273,
                0.0152841312811,
                0.00734243541956,
                0.00745519669726,
                0.0101240202785,
                0.0072890277952,
                0.0121822934598,
                0.00837122742087,
                0.00242757145315,
                0.000110938104626
            ],
            "mean": [
                0.00487867137417,
                0.0344204679132,
                0.00307973660529,
                0.00167122483253,
                0.00100147631019,
                0.000879567931406,
                0.000235143612372,
                0.000749818922486,
                0.00192034058273,
                0.000606251822319,
                0.000519480265211,
                0.000689561245963,
                0.000845753878821,
                0.000811695121229,
                0.000661695608869,
                0.000254321028478,
                0.000250826909905,
                0.000238964945311,
                0.000250059878454,
                0.000200291280635,
                0.000174235261511,
                0.000256520201219,
                0.000275332480669,
                0.000210265454371,
                0.00012166169472,
                3.36797966156e-05,
                9.77944068836e-07
            ],
            "median": [
                0.00256627611816,
                0.0248090289533,
                0.000314638600685,
                0.000281888991594,
                0.000139433221193,
                0.00013768581266,
                2.5859404559e-05,
                4.79258960695e-05,
                0.000382202357287,
                6.79523654981e-05,
                6.43652238068e-05,
                7.81457783887e-05,
                0.000110922628664,
                0.000107826490421,
                5.11198813911e-05,
                2.66944553005e-05,
                4.12361696362e-05,
                4.14582755184e-05,
                3.84165541618e-05,
                2.86214053631e-05,
                2.57537212747e-05,
                4.19404314016e-05,
                5.48989482922e-05,
                3.53615396307e-05,
                2.65144262812e-05,
                7.13736062607e-06,
                4.76112802517e-08
            ],
            "min": [
                2.13438387479e-24,
                8.9739358763e-23,
                6.88614733305e-23,
                5.20683727741e-23,
                9.58581804624e-24,
                1.70393103558e-23,
                3.92673249167e-23,
                4.73686234907e-23,
                2.36730215681e-23,
                6.96866786353e-23,
                7.87667390226e-23,
                9.24511091455e-23,
                6.58133400363e-23,
                1.43987751804e-22,
                1.78181817576e-22,
                1.19455099041e-22,
                2.39432891007e-22,
                2.05164748041e-22,
                2.72740466449e-22,
                2.52211730853e-22,
                3.64036613809e-22,
                5.01976654991e-22,
                7.51707803261e-22,
                8.83752819427e-22,
                1.12512032554e-21,
                1.3859635326e-21,
                2.17017457611e-21
            ],
            "var": [
                4.09332606068e-05,
                0.00153639540076,
                0.000209231366171,
                5.19649911439e-05,
                1.91659692064e-05,
                5.40630298929e-06,
                6.41259248368e-07,
                5.76620004722e-06,
                1.87662008102e-05,
                3.78242702936e-06,
                2.09704171539e-06,
                3.85262455893e-06,
                4.74774651593e-06,
                4.36388427261e-06,
                4.47393586001e-06,
                7.93661570242e-07,
                4.69405023296e-07,
                3.55630817239e-07,
                4.05263648418e-07,
                2.62339455048e-07,
                2.36773388451e-07,
                4.75912059983e-07,
                2.8265480978e-07,
                3.87009833958e-07,
                1.63866531011e-07,
                1.21637624417e-08,
                1.72252594133e-11
            ]
        },
        "barkbands_crest": {
            "dmean": 2.57788586617,
            "dmean2": 3.94378399849,
            "dvar": 9.18284511566,
            "dvar2": 21.8953399658,
            "max": 26.3990726471,
            "mean": 16.2157802582,
            "median": 16.598651886,
            "min": 2.85792016983,
            "var": 30.6427764893
        },
        "barkbands_flatness_db": {
            "dmean": 0.0352504737675,
            "dmean2": 0.0503778457642,
            "dvar": 0.00132476107683,
            "dvar2": 0.00269934046082,
            "max": 0.609363436699,
            "mean": 0.219806700945,
            "median": 0.208593010902,
            "min": 0.0371518693864,
            "var": 0.00608383584768
        },
        "barkbands_kurtosis": {
            "dmean": 16.3492507935,
            "dmean2": 25.9303226471,
            "dvar": 1223.42578125,
            "dvar2": 3018.05371094,
            "max": 631.939453125,
            "mean": 23.2428836823,
            "median": 4.32419347763,
            "min": -1.95957374573,
            "var": 2199.45019531
        },
        "barkbands_skewness": {
            "dmean": 1.24425685406,
            "dmean2": 1.88646352291,
            "dvar": 2.56124830246,
            "dvar2": 5.71633863449,
            "max": 20.2411136627,
            "mean": 3.08061504364,
            "median": 2.04176449776,
            "min": -4.88562774658,
            "var": 9.3067445755
        },
        "barkbands_spread": {
            "dmean": 7.71146011353,
            "dmean2": 11.9276218414,
            "dvar": 113.189552307,
            "dvar2": 246.219711304,
            "max": 128.186096191,
            "mean": 18.446855545,
            "median": 13.6810722351,
            "min": 0.251325875521,
            "var": 278.78012085
        },
        "dissonance": {
            "dmean": 0.0325074270368,
            "dmean2": 0.053327601403,
            "dvar": 0.00105647218879,
            "dvar2": 0.00278388871811,
            "max": 0.499999821186,
            "mean": 0.441340744495,
            "median": 0.454352140427,
            "min": 0.190077245235,
            "var": 0.00234265066683
        },
        "dynamic_complexity": 5.20391464233,
        "erbbands": {
            "dmean": [
                0.473125725985,
                2.12386465073,
                4.921002388,
                7.41283559799,
                5.86160230637,
                4.51524877548,
                5.51541280746,
                8.06807613373,
                5.02835416794,
                4.6435918808,
                14.2053251266,
                21.7714805603,
                22.4725589752,
                11.9909639359,
                12.995847702,
                16.1701755524,
                20.3900051117,
                26.7329616547,
                22.8877086639,
                17.3653583527,
                9.42739677429,
                8.50538158417,
                10.483549118,
                10.2017402649,
                12.1677150726,
                8.1300945282,
                6.12007045746,
                8.18307113647,
                8.90100002289,
                6.38152599335,
                6.6567697525,
                4.7086353302,
                2.51582360268,
                1.34280252457,
                0.548530161381,
                0.184623017907,
                0.0380188785493,
                0.00472959177569,
                0.000169274586369,
                2.81498341792e-05
            ],
            "dmean2": [
                0.686632633209,
                3.43758034706,
                9.12502670288,
                14.0988969803,
                11.2048301697,
                8.55469703674,
                10.1906108856,
                14.0969486237,
                8.60799407959,
                7.41886425018,
                20.9152088165,
                32.4604225159,
                32.9191665649,
                17.1297073364,
                18.4231510162,
                23.8476066589,
                29.5810146332,
                39.4375305176,
                34.4889945984,
                26.2903232574,
                13.8042087555,
                12.4098415375,
                16.0441875458,
                15.9523010254,
                18.9925327301,
                12.8006896973,
                9.72239685059,
                13.3196458817,
                14.385307312,
                10.2917890549,
                11.1240158081,
                7.75055503845,
                4.00663709641,
                2.14748001099,
                0.843725681305,
                0.278358399868,
                0.0596869811416,
                0.00760429352522,
                0.000279057014268,
                4.51857522421e-05
            ],
            "dvar": [
                1.47477400303,
                36.684299469,
                376.720245361,
                911.180358887,
                603.641723633,
                336.316558838,
                309.878723145,
                485.678253174,
                238.560806274,
                184.720977783,
                1606.38842773,
                3253.01782227,
                4209.85888672,
                1588.51940918,
                1389.60864258,
                3071.46508789,
                3795.17114258,
                5789.71435547,
                5446.22119141,
                3643.91992188,
                1062.59130859,
                460.939880371,
                694.907836914,
                633.298095703,
                975.995056152,
                392.702758789,
                299.401184082,
                469.857513428,
                527.38293457,
                177.56350708,
                192.731338501,
                131.026611328,
                70.356262207,
                20.2685394287,
                2.82124733925,
                0.364282697439,
                0.0153664108366,
                0.00022889986576,
                2.89587745783e-07,
                2.87367862839e-09
            ],
            "dvar2": [
                3.19187307358,
                94.7594451904,
                1070.82653809,
                2647.37744141,
                1754.71069336,
                974.227600098,
                880.29486084,
                1293.79248047,
                612.122192383,
                442.745056152,
                3170.84594727,
                7212.86376953,
                8952.70214844,
                3505.27661133,
                3081.2644043,
                7024.69726562,
                8115.50537109,
                13093.7792969,
                12792.5195312,
                8949.50585938,
                2187.95141602,
                946.031555176,
                1629.22387695,
                1451.92578125,
                2306.93310547,
                967.775146484,
                739.183227539,
                1163.46130371,
                1273.50866699,
                411.194000244,
                471.084259033,
                317.05947876,
                165.426269531,
                45.8345527649,
                5.77005529404,
                0.755347728729,
                0.0348623506725,
                0.000533257785719,
                7.30508986635e-07,
                7.57915241678e-09
            ],
            "max": [
                14.5217876434,
                72.846786499,
                175.035430908,
                254.453948975,
                187.662078857,
                172.640792847,
                151.353897095,
                287.663085938,
                319.051696777,
                342.790618896,
                947.938354492,
                1101.30712891,
                1154.4140625,
                1118.21789551,
                897.848510742,
                1601.29016113,
                1623.56811523,
                1435.11999512,
                1556.2166748,
                1350.4519043,
                1087.44714355,
                597.189575195,
                610.109985352,
                579.806945801,
                851.521972656,
                316.62713623,
                263.061828613,
                396.598999023,
                451.577301025,
                305.491638184,
                224.834960938,
                261.150512695,
                238.382080078,
                137.752380371,
                39.1405067444,
                16.7836151123,
                4.47089672089,
                0.383592844009,
                0.0116216922179,
                0.000907915527932
            ],
            "mean": [
                1.80952847004,
                4.49097108841,
                3.72081708908,
                5.35483026505,
                3.92385149002,
                3.2471549511,
                4.18953466415,
                8.0160741806,
                5.17528963089,
                5.62560224533,
                19.7791500092,
                35.2832641602,
                39.9133453369,
                21.7794246674,
                23.9867172241,
                26.4942474365,
                36.7943229675,
                45.3605804443,
                32.947479248,
                25.3017940521,
                14.1607971191,
                13.0038490295,
                13.7357110977,
                12.2690629959,
                13.3443050385,
                8.86989307404,
                6.21052694321,
                8.25732421875,
                9.45286083221,
                7.92778301239,
                7.55543613434,
                5.280148983,
                3.03628659248,
                1.62914705276,
                0.705950200558,
                0.237599000335,
                0.0439848788083,
                0.00478355260566,
                0.000181841605809,
                7.1658512752e-05
            ],
            "median": [
                1.31853866577,
                2.66886377335,
                0.643397331238,
                1.00535416603,
                0.491308987141,
                0.515041172504,
                0.603323101997,
                1.11622834206,
                0.614322423935,
                0.77692002058,
                2.72274541855,
                8.09914970398,
                6.61668729782,
                2.66155934334,
                4.07840061188,
                4.28245639801,
                5.5214009285,
                7.07197904587,
                3.74772596359,
                2.2586479187,
                1.61929106712,
                2.63932561874,
                2.6955807209,
                2.21159553528,
                2.20828199387,
                1.46584582329,
                0.995445549488,
                1.10205554962,
                1.42056131363,
                1.93017578125,
                1.40349078178,
                0.7996571064,
                0.561307072639,
                0.32416331768,
                0.15161126852,
                0.0503246858716,
                0.00870805047452,
                0.000760175578762,
                5.12418482685e-05,
                6.21066501481e-05
            ],
            "min": [
                2.97284390456e-21,
                1.95964095434e-20,
                6.18597262951e-20,
                1.52655251468e-19,
                8.50343737656e-20,
                2.24665307829e-20,
                4.81829734132e-20,
                2.20568227325e-19,
                2.265275725e-19,
                1.16815676536e-18,
                9.35616339438e-19,
                5.55017046219e-19,
                1.62792277497e-18,
                2.36768373506e-18,
                3.93669439661e-18,
                3.41989097505e-18,
                3.56828634976e-18,
                4.25038031005e-18,
                9.92052597886e-18,
                8.31098139934e-18,
                9.56773013888e-18,
                1.18717970674e-17,
                1.0296762463e-17,
                1.44820333191e-17,
                1.21098852903e-17,
                1.23895500923e-17,
                1.49300012517e-17,
                1.47472456215e-17,
                1.89462509844e-17,
                2.14433835223e-17,
                1.78596367533e-17,
                2.02032362976e-17,
                1.44616482801e-17,
                1.25975760902e-17,
                7.93213598751e-18,
                4.3697486763e-18,
                2.73644333368e-18,
                1.14064215325e-18,
                2.79768613187e-19,
                3.58534909539e-20
            ],
            "var": [
                3.81734204292,
                45.5533370972,
                226.275939941,
                510.272644043,
                335.2578125,
                189.767028809,
                188.36567688,
                461.24786377,
                262.974365234,
                254.781280518,
                3377.90112305,
                6396.77783203,
                10063.5136719,
                3348.98095703,
                2999.2019043,
                5182.70166016,
                9703.03320312,
                12996.0263672,
                8019.21679688,
                5563.93310547,
                2279.96362305,
                942.616821289,
                987.640014648,
                914.911193848,
                1133.91503906,
                435.058288574,
                313.33190918,
                543.508666992,
                664.330688477,
                261.066925049,
                232.489974976,
                182.991882324,
                105.692596436,
                32.6062774658,
                5.02251005173,
                0.616716206074,
                0.020664749667,
                0.000259444088442,
                2.8499530913e-07,
                4.91525220525e-09
            ]
        },
        "erbbands_crest": {
            "dmean": 3.42390346527,
            "dmean2": 5.51085662842,
            "dvar": 10.2461843491,
            "dvar2": 24.7932548523,
            "max": 32.8020401001,
            "mean": 11.3797187805,
            "median": 10.3041143417,
            "min": 2.77289652824,
            "var": 27.941865921
        },
        "erbbands_flatness_db": {
            "dmean": 0.0239139553159,
            "dmean2": 0.0358183085918,
            "dvar": 0.000543803616893,
            "dvar2": 0.00115560379345,
            "max": 0.408020347357,
            "mean": 0.178946718574,
            "median": 0.171702921391,
            "min": 0.0390453599393,
            "var": 0.00370973302051
        },
        "erbbands_kurtosis": {
            "dmean": 2.20885276794,
            "dmean2": 3.51585197449,
            "dvar": 10.819319725,
            "dvar2": 25.1779556274,
            "max": 58.2607536316,
            "mean": 2.28720664978,
            "median": 0.82616853714,
            "min": -1.86561799049,
            "var": 19.871925354
        },
        "erbbands_skewness": {
            "dmean": 0.624663889408,
            "dmean2": 0.951396346092,
            "dvar": 0.391368895769,
            "dvar2": 0.88536709547,
            "max": 4.59698915482,
            "mean": 0.170927673578,
            "median": 0.205171242356,
            "min": -5.77798223495,
            "var": 1.2443087101
        },
        "erbbands_spread": {
            "dmean": 13.5295257568,
            "dmean2": 20.879327774,
            "dvar": 271.945983887,
            "dvar2": 604.307189941,
            "max": 169.755050659,
            "mean": 38.128528595,
            "median": 29.3709030151,
            "min": 1.88452792168,
            "var": 858.344177246
        },
        "gfcc": {
            "cov": [
                [
                    17750.7363281,
                    -2082.06445312,
                    703.135742188,
                    1778.38952637,
                    530.040893555,
                    1611.9284668,
                    145.646194458,
                    1151.10058594,
                    370.239196777,
                    557.205749512,
                    148.239654541,
                    596.685180664,
                    -11.7806367874
                ],
                [
                    -2082.06445312,
                    2107.35498047,
                    216.707427979,
                    -339.686737061,
                    424.477661133,
                    -184.335754395,
                    354.046569824,
                    -228.827667236,
                    185.684371948,
                    -137.958709717,
                    152.524261475,
                    -148.568389893,
                    64.0361480713
                ],
                [
                    703.135742188,
                    216.707427979,
                    1790.79699707,
                    962.965332031,
                    357.913360596,
                    546.837646484,
                    374.810455322,
                    119.262657166,
                    237.398223877,
                    151.972320557,
                    162.281524658,
                    118.338165283,
                    59.9513397217
                ],
                [
                    1778.38952637,
                    -339.686737061,
                    962.965332031,
                    1318.3848877,
                    320.116546631,
                    332.239532471,
                    328.400817871,
                    161.522262573,
                    203.452468872,
                    158.368347168,
                    124.241882324,
                    118.628608704,
                    104.541534424
                ],
                [
                    530.040893555,
                    424.477661133,
                    357.913360596,
                    320.116546631,
                    751.522094727,
                    333.265441895,
                    271.015472412,
                    147.461196899,
                    194.396911621,
                    35.3334770203,
                    94.8738937378,
                    39.5050964355,
                    82.1147003174
                ],
                [
                    1611.9284668,
                    -184.335754395,
                    546.837646484,
                    332.239532471,
                    333.265441895,
                    799.87322998,
                    308.219482422,
                    180.518844604,
                    160.693435669,
                    110.631759644,
                    81.7847824097,
                    110.070610046,
                    6.46835422516
                ],
                [
                    145.646194458,
                    354.046569824,
                    374.810455322,
                    328.400817871,
                    271.015472412,
                    308.219482422,
                    558.098571777,
                    76.0280151367,
                    124.652984619,
                    36.225440979,
                    99.9390869141,
                    29.0715808868,
                    54.2392921448
                ],
                [
                    1151.10058594,
                    -228.827667236,
                    119.262657166,
                    161.522262573,
                    147.461196899,
                    180.518844604,
                    76.0280151367,
                    326.022796631,
                    97.301399231,
                    42.3821372986,
                    10.9220342636,
                    62.1094932556,
                    5.86579847336
                ],
                [
                    370.239196777,
                    185.684371948,
                    237.398223877,
                    203.452468872,
                    194.396911621,
                    160.693435669,
                    124.652984619,
                    97.301399231,
                    274.399475098,
                    93.3291931152,
                    34.3897972107,
                    24.272813797,
                    29.0267238617
                ],
                [
                    557.205749512,
                    -137.958709717,
                    151.972320557,
                    158.368347168,
                    35.3334770203,
                    110.631759644,
                    36.225440979,
                    42.3821372986,
                    93.3291931152,
                    233.517578125,
                    40.8930358887,
                    22.8051204681,
                    -8.10301017761
                ],
                [
                    148.239654541,
                    152.524261475,
                    162.281524658,
                    124.241882324,
                    94.8738937378,
                    81.7847824097,
                    99.9390869141,
                    10.9220342636,
                    34.3897972107,
                    40.8930358887,
                    165.570327759,
                    46.8056945801,
                    6.33007621765
                ],
                [
                    596.685180664,
                    -148.568389893,
                    118.338165283,
                    118.628608704,
                    39.5050964355,
                    110.070610046,
                    29.0715808868,
                    62.1094932556,
                    24.272813797,
                    22.8051204681,
                    46.8056945801,
                    158.127883911,
                    19.9419136047
                ],
                [
                    -11.7806367874,
                    64.0361480713,
                    59.9513397217,
                    104.541534424,
                    82.1147003174,
                    6.46835422516,
                    54.2392921448,
                    5.86579847336,
                    29.0267238617,
                    -8.10301017761,
                    6.33007621765,
                    19.9419136047,
                    135.651428223
                ]
            ],
            "icov": [
                [
                    0.000113951457024,
                    -0.000100849916635,
                    0.000143133904203,
                    -0.00024308929278,
                    8.78694845596e-05,
                    -0.000278149032965,
                    0.000202614741283,
                    -0.000323979184031,
                    0.000153251123265,
                    -0.000167030855664,
                    8.87467904249e-05,
                    -0.000221128269914,
                    6.02495783824e-05
                ],
                [
                    -0.000100849916635,
                    0.00182782125194,
                    -0.000771743012592,
                    0.00142526382115,
                    -0.00106272182893,
                    0.00138268875889,
                    -0.00135650299489,
                    0.00144439411815,
                    -0.0017197211273,
                    0.00113838270772,
                    -0.00150147313252,
                    0.00116538302973,
                    -0.000236898951698
                ],
                [
                    0.000143133904203,
                    -0.000771743012592,
                    0.00150938984007,
                    -0.00140869012102,
                    0.000494462554343,
                    -0.00121638714336,
                    0.000650788075291,
                    -0.000581242376938,
                    0.000500432448462,
                    -0.000502142531332,
                    0.000313428114168,
                    -0.000636187498458,
                    0.000260718836216
                ],
                [
                    -0.00024308929278,
                    0.00142526382115,
                    -0.00140869012102,
                    0.0028464240022,
                    -0.000981752295047,
                    0.00160251080524,
                    -0.00158168002963,
                    0.00117260811385,
                    -0.00147006823681,
                    0.00052523391787,
                    -0.00120581069496,
                    0.000752215215471,
                    -0.000873766664881
                ],
                [
                    8.78694845596e-05,
                    -0.00106272182893,
                    0.000494462554343,
                    -0.000981752295047,
                    0.00279854494147,
                    -0.00140554946847,
                    0.000547406612895,
                    -0.00132884806953,
                    0.000101778874523,
                    -0.000160562674864,
                    0.00010145874694,
                    -0.000191069717403,
                    -0.000749093480408
                ],
                [
                    -0.000278149032965,
                    0.00138268875889,
                    -0.00121638714336,
                    0.00160251080524,
                    -0.00140554946847,
                    0.00372834620066,
                    -0.00207027536817,
                    0.00101769750472,
                    -0.00142684869934,
                    0.000475255219499,
                    -0.000758527021389,
                    0.000113709415018,
                    0.000434928166214
                ],
                [
                    0.000202614741283,
                    -0.00135650299489,
                    0.000650788075291,
                    -0.00158168002963,
                    0.000547406612895,
                    -0.00207027536817,
                    0.00402113469318,
                    -0.00132063427009,
                    0.00095202238299,
                    -0.000488694466185,
                    4.09649646826e-06,
                    -0.000283984787529,
                    -0.000385434337659
                ],
                [
                    -0.000323979184031,
                    0.00144439411815,
                    -0.000581242376938,
                    0.00117260811385,
                    -0.00132884806953,
                    0.00101769750472,
                    -0.00132063427009,
                    0.00576227810234,
                    -0.00235670385882,
                    0.00111874344293,
                    -0.000485662545543,
                    4.87455690745e-05,
                    0.00026457302738
                ],
                [
                    0.000153251123265,
                    -0.0017197211273,
                    0.000500432448462,
                    -0.00147006823681,
                    0.000101778874523,
                    -0.00142684869934,
                    0.00095202238299,
                    -0.00235670385882,
                    0.00730039551854,
                    -0.00291183963418,
                    0.00176462612581,
                    -0.000943135004491,
                    -0.000215209482121
                ],
                [
                    -0.000167030855664,
                    0.00113838270772,
                    -0.000502142531332,
                    0.00052523391787,
                    -0.000160562674864,
                    0.000475255219499,
                    -0.000488694466185,
                    0.00111874344293,
                    -0.00291183963418,
                    0.00642221188173,
                    -0.00203425693326,
                    0.00111059925985,
                    0.000425166741479
                ],
                [
                    8.87467904249e-05,
                    -0.00150147313252,
                    0.000313428114168,
                    -0.00120581069496,
                    0.00010145874694,
                    -0.000758527021389,
                    4.09649646826e-06,
                    -0.000485662545543,
                    0.00176462612581,
                    -0.00203425693326,
                    0.00930048711598,
                    -0.00324513320811,
                    0.00104531995021
                ],
                [
                    -0.000221128269914,
                    0.00116538302973,
                    -0.000636187498458,
                    0.000752215215471,
                    -0.000191069717403,
                    0.000113709415018,
                    -0.000283984787529,
                    4.87455690745e-05,
                    -0.000943135004491,
                    0.00111059925985,
                    -0.00324513320811,
                    0.00931317359209,
                    -0.00159572984558
                ],
                [
                    6.02495783824e-05,
                    -0.000236898951698,
                    0.000260718836216,
                    -0.000873766664881,
                    -0.000749093480408,
                    0.000434928166214,
                    -0.000385434337659,
                    0.00026457302738,
                    -0.000215209482121,
                    0.000425166741479,
                    0.00104531995021,
                    -0.00159572984558,
                    0.00887969508767
                ]
            ],
            "mean": [
                -58.393119812,
                80.6660766602,
                -109.958389282,
                32.1085510254,
                -52.388469696,
                38.3587760925,
                -22.8088436127,
                17.5184688568,
                -14.5714578629,
                4.78984117508,
                -9.1846408844,
                0.378377705812,
                -8.13912010193
            ]
        },
        "hfc": {
            "dmean": 10.7382497787,
            "dmean2": 16.5040950775,
            "dvar": 348.814758301,
            "dvar2": 804.548156738,
            "max": 262.34375,
            "mean": 21.7481498718,
            "median": 15.4462175369,
            "min": 1.15034512245e-16,
            "var": 642.654541016
        },
        "melbands": {
            "dmean": [
                0.00344856991433,
                0.00248186104,
                0.0012516049901,
                0.00035153029603,
                0.000193474377738,
                0.000178665432031,
                7.1760136052e-05,
                6.48835048196e-05,
                0.000120292650536,
                0.000150891835801,
                0.000113262452942,
                4.83615549456e-05,
                4.37534981756e-05,
                5.32549747732e-05,
                4.03314552386e-05,
                5.29243734491e-05,
                5.07550830662e-05,
                3.70105699403e-05,
                3.94948547182e-05,
                1.51839185492e-05,
                1.0948138879e-05,
                8.41925975692e-06,
                1.05481103674e-05,
                9.98112409434e-06,
                8.36097569845e-06,
                8.93201740837e-06,
                9.03975160327e-06,
                4.74877515444e-06,
