{
    "lowlevel": {
        "average_loudness": 0.53472840786,
        "barkbands": {
            "dmean": [
                0.00683663925156,
                0.0119982566684,
                0.000918768870179,
                0.000235306200921,
                0.000343250401784,
                0.000440472911578,
                0.000912826450076,
                0.000638070807327,
                0.00083924503997,
                0.00042996412958,
                0.000249543081736,
                0.000405704689911,
                0.00038768639206,
                0.000420794967795,
                0.000416576309362,
                0.00022164254915,
                0.000320395542076,
                0.000287806935376,
                0.000272798672086,
                0.000290798750939,
                0.00034108402906,
                0.00059094914468,
                0.000389258319046,
                0.000139646304888,
                7.23878911231e-05,
                4.3207895942e-05,
                1.3132091226e-05
            ],
            "dmean2": [
                0.0117058726028,
                0.0187753420323,
                0.00171804754063,
                0.00042012592894,
                0.000571731361561,
                0.000742209260352,
                0.00141275068745,
                0.000957088137511,
                0.00121148931794,
                0.000631108763628,
                0.000368009030353,
                0.000636328943074,
                0.000574208970647,
                0.000650355126709,
                0.000633396964986,
                0.000319752638461,
                0.000491467944812,
                0.000429669511504,
                0.000435110996477,
                0.000468231184641,
                0.000528210075572,
                0.000954118499067,
                0.000631538103335,
                0.000211781647522,
                0.000105556660856,
                6.76074560033e-05,
                2.02181290661e-05
            ],
            "dvar": [
                0.000222426126129,
                0.00135152018629,
                2.94102846965e-05,
                1.54389465479e-06,
                1.1179173498e-06,
                1.10067162495e-06,
                6.36772028884e-06,
                4.99278257848e-06,
                9.27924975258e-06,
                4.2576539272e-06,
                1.46140348534e-06,
                3.88933904105e-06,
                2.70689952231e-06,
                2.53693769992e-06,
                1.9726667233e-06,
                6.48054424346e-07,
                9.5535165201e-07,
                5.5714588143e-07,
                7.11239010798e-07,
                7.52186053887e-07,
                1.08384699615e-06,
                5.30553234057e-06,
                1.08771200757e-06,
                1.09230377632e-07,
                4.25450998875e-08,
                2.0497292752e-08,
                3.27057603222e-09
            ],
            "dvar2": [
                0.000645421852823,
                0.00340247666463,
                8.61750449985e-05,
                4.42204736828e-06,
                2.92307868222e-06,
                2.61781565314e-06,
                1.42083399624e-05,
                1.04122427729e-05,
                1.91975395865e-05,
                8.54991594679e-06,
                3.11456983582e-06,
                9.16785756999e-06,
                5.72590261072e-06,
                5.89680348639e-06,
                4.30230147686e-06,
                1.28791577936e-06,
                2.17756928578e-06,
                1.06519917153e-06,
                1.55935197199e-06,
                1.69247346093e-06,
                2.39428027271e-06,
                1.25939141071e-05,
                2.60508932115e-06,
                2.16735344338e-07,
                7.71494583773e-08,
                4.98222405554e-08,
                7.33631022598e-09
            ],
            "max": [
                0.152593359351,
                0.434515982866,
                0.076935864985,
                0.0154003296047,
                0.0150404507294,
                0.0201347731054,
                0.0479496307671,
                0.0479545891285,
                0.0695213153958,
                0.0484254360199,
                0.030643209815,
                0.0458287112415,
                0.0378100350499,
                0.0401409864426,
                0.0273188836873,
                0.0175293795764,
                0.0166036784649,
                0.0139719434083,
                0.00982393324375,
                0.00989146064967,
                0.0148629769683,
                0.0447692275047,
                0.0183005090803,
                0.00815166626126,
                0.00598173541948,
                0.00322011252865,
                0.000962887890637
            ],
            "mean": [
                0.0176189746708,
                0.0336313359439,
                0.000872717180755,
                0.000191435654415,
                0.000404442369472,
                0.000569143332541,
                0.00148799130693,
                0.000827114796266,
                0.00117178133223,
                0.000525090144947,
                0.000282866123598,
                0.000412539171521,
                0.000438887946075,
                0.000474719214253,
                0.000503097544424,
                0.000253065343713,
                0.00036104323226,
                0.000362446269719,
                0.000254075712292,
                0.000285423971945,
                0.000337500183377,
                0.000555217673536,
                0.000354027171852,
                0.000180352944881,
                0.0001043392258,
                5.45396724192e-05,
                1.52740849444e-05
            ],
            "median": [
                6.41583142169e-07,
                2.72085344477e-06,
                2.44379975811e-06,
                7.02980560163e-06,
                0.000130050233565,
                0.000213564606383,
                0.000579955405556,
                0.00011019964586,
                5.76679158257e-05,
                1.23549552882e-05,
                1.13959940791e-05,
                1.13187234092e-05,
                4.30124509876e-06,
                3.2477462355e-06,
                2.97867791232e-06,
                2.25768189921e-06,
                2.88627143163e-06,
                5.40186010767e-06,
                4.18744821218e-06,
                5.18578690389e-06,
                1.07089217636e-05,
                2.04783573281e-05,
                1.3394643247e-05,
                1.0768159882e-05,
                3.3220376281e-06,
                1.84856901342e-06,
                7.51670796717e-08
            ],
            "min": [
                1.84753748358e-24,
                3.2575867114e-24,
                7.82229247414e-25,
                1.43955114656e-24,
                1.04521955795e-23,
                9.62158578855e-24,
                1.49474689608e-23,
                8.74472429391e-24,
                2.01861695923e-23,
                2.53724456835e-23,
                2.71238020901e-23,
                3.22661023413e-23,
                3.85652639546e-23,
                4.73877076137e-23,
                6.69561596742e-23,
                6.97487209678e-23,
                9.50066903122e-23,
                1.08431632482e-22,
                1.59942558276e-22,
                2.15562969757e-22,
                3.08678268231e-22,
                3.0009253333e-22,
                4.47171446058e-22,
                6.38653054599e-22,
                9.56213618943e-22,
                1.30933391244e-21,
                2.2042103522e-21
            ],
            "var": [
                0.000695288006682,
                0.00329877715558,
                1.79696580744e-05,
                9.41803364185e-07,
                9.80302161224e-07,
                1.56814007823e-06,
                9.44433850236e-06,
                8.24619019113e-06,
                2.05134692806e-05,
                7.18610453987e-06,
                1.99547685042e-06,
                4.1657804104e-06,
                4.30584350397e-06,
                3.78614799956e-06,
                3.31093542627e-06,
                1.0006916682e-06,
                1.21239372675e-06,
                9.23476989101e-07,
                7.16469173767e-07,
                7.97537836661e-07,
                1.1436833347e-06,
                4.6435029617e-06,
                1.05797039396e-06,
                2.21640192422e-07,
                1.09779925594e-07,
                3.54365532473e-08,
                5.16015941088e-09
            ]
        },
        "barkbands_crest": {
            "dmean": 2.91924834251,
            "dmean2": 4.76831054688,
            "dvar": 7.85420751572,
            "dvar2": 19.31914711,
            "max": 26.1978626251,
            "mean": 13.4001455307,
            "median": 13.8021764755,
            "min": 2.5405921936,
            "var": 20.3901119232
        },
        "barkbands_flatness_db": {
            "dmean": 0.0396996438503,
            "dmean2": 0.0568991675973,
            "dvar": 0.00217826548032,
            "dvar2": 0.00343842920847,
            "max": 0.66260188818,
            "mean": 0.268859028816,
            "median": 0.235621005297,
            "min": 0.0363914705813,
            "var": 0.016732564196
        },
        "barkbands_kurtosis": {
            "dmean": 20.280828476,
            "dmean2": 34.6099395752,
            "dvar": 2453.68847656,
            "dvar2": 6753.49316406,
            "max": 918.607177734,
            "mean": 30.0468120575,
            "median": 12.4581356049,
            "min": -1.94240367413,
            "var": 2900.84790039
        },
        "barkbands_skewness": {
            "dmean": 1.39138054848,
            "dmean2": 2.22851920128,
            "dvar": 3.53424906731,
            "dvar2": 8.7797870636,
            "max": 24.3414955139,
            "mean": 3.09150385857,
            "median": 2.70895695686,
            "min": -5.00452375412,
            "var": 9.04466915131
        },
        "barkbands_spread": {
            "dmean": 8.2774181366,
            "dmean2": 13.242732048,
            "dvar": 179.951065063,
            "dvar2": 373.8878479,
            "max": 113.198486328,
            "mean": 14.8728713989,
            "median": 6.868496418,
            "min": 0.0819423422217,
            "var": 332.261383057
        },
        "dissonance": {
            "dmean": 0.034235432744,
            "dmean2": 0.0562988482416,
            "dvar": 0.00128752808087,
            "dvar2": 0.0032226445619,
            "max": 0.500000059605,
            "mean": 0.436992555857,
            "median": 0.455688565969,
            "min": 0.150500521064,
            "var": 0.00345720234327
        },
        "dynamic_complexity": 6.86840629578,
        "erbbands": {
            "dmean": [
                0.535900056362,
                2.47648978233,
                1.47525954247,
                0.783338606358,
                1.12288916111,
                1.15440070629,
                0.972060024738,
                4.51728725433,
                11.7472982407,
                12.6646280289,
                16.9836387634,
                20.5183258057,
                12.0290527344,
                12.9044322968,
                9.89703655243,
                16.1125946045,
                17.6488933563,
                20.2692546844,
                21.9421806335,
                16.2014217377,
                12.1374759674,
                16.1417598724,
                15.8766975403,
                12.2996778488,
                15.3053293228,
                14.1949901581,
                14.0370397568,
                13.1180124283,
                22.1093196869,
                19.2979202271,
                9.31857013702,
                4.28149557114,
                1.72054100037,
                0.920384466648,
                0.476514339447,
                0.253883123398,
                0.0578484199941,
                0.0139375310391,
                0.00244930479676,
                0.000138469156809
            ],
            "dmean2": [
                0.793591022491,
                4.06716346741,
                2.47679138184,
                1.41822445393,
                1.8495182991,
                1.94348526001,
                1.63100457191,
                7.5382065773,
                18.3941268921,
                19.3720245361,
                24.7983150482,
                28.657497406,
                17.2632236481,
                18.3560695648,
                14.4190330505,
                24.8050441742,
                25.039018631,
                29.9293785095,
                32.8881912231,
                22.643283844,
                17.8199501038,
                23.7780265808,
                23.3244304657,
                19.0009803772,
                24.6566867828,
                22.8680381775,
                22.0786705017,
                20.2992630005,
                35.2916145325,
                31.7846393585,
                15.146273613,
                6.62481451035,
                2.57745361328,
                1.36428332329,
                0.672708213329,
                0.390414059162,
                0.0904398113489,
                0.0223254300654,
                0.00391746126115,
                0.000191505110706
            ],
            "dvar": [
                1.55942666531,
                87.6800079346,
                58.3723526001,
                20.9735507965,
                16.4688739777,
                9.91802406311,
                7.32167768478,
                123.88885498,
                1091.11938477,
                1314.0904541,
                3866.86376953,
                6272.90136719,
                3605.68725586,
                4023.62792969,
                1716.07299805,
                6867.22949219,
                5735.77783203,
                5857.99267578,
                5892.79150391,
                2824.42675781,
                1835.78723145,
                2173.00952148,
                1565.12976074,
                1394.81140137,
                2307.67822266,
                1779.78894043,
                1949.79125977,
                1416.50500488,
                11347.0869141,
                3844.43505859,
                460.44934082,
                104.26865387,
                21.1332588196,
                6.93120765686,
                2.18316626549,
                0.779525995255,
                0.0325426906347,
                0.00209964346141,
                0.000127799241454,
                3.56716441274e-07
            ],
            "dvar2": [
                3.81612229347,
                232.226287842,
                155.955337524,
                60.5270500183,
                41.3662757874,
                25.5140228271,
                19.6682949066,
                294.24786377,
                2381.47998047,
                3107.640625,
                7806.30761719,
                12612.1171875,
                7950.80761719,
                7080.68066406,
                3667.95117188,
                16225.0273438,
                11802.0458984,
                12940.7578125,
                13201.6308594,
                5454.85253906,
                3943.39746094,
                4620.90380859,
                3148.00585938,
                2728.05761719,
                5272.54101562,
                4017.74755859,
                4447.17919922,
                2974.81054688,
                27106.8828125,
                9175.21191406,
                1099.10876465,
                234.485839844,
                39.0141410828,
                12.8344240189,
                4.10722112656,
                1.85488915443,
                0.075357362628,
                0.00502088293433,
                0.000315164448693,
                6.36825632228e-07
            ],
            "max": [
                16.7496852875,
                99.7581176758,
                128.648391724,
                49.2299346924,
                52.9935379028,
                53.6618041992,
                44.6067848206,
                223.728027344,
                624.455383301,
                931.849487305,
                1483.92944336,
                1959.65661621,
                1609.71899414,
                2155.72338867,
                1111.29577637,
                2305.03637695,
                1950.84484863,
                2259.97827148,
                1594.06591797,
                1130.84655762,
                806.710083008,
                894.468994141,
                789.578186035,
                450.247467041,
                558.34753418,
                500.627532959,
                555.707336426,
                537.786071777,
                2134.73217773,
                1171.70263672,
                304.334075928,
                240.012863159,
                127.888519287,
                89.2987747192,
                43.0077056885,
                15.8554525375,
                5.35003852844,
                1.4248238802,
                0.168176531792,
                0.0137199293822
            ],
            "mean": [
                2.15014505386,
                3.0351998806,
                1.56341230869,
                0.726364374161,
                1.19013190269,
                1.37013411522,
                1.25776445866,
                6.01620340347,
                17.6568527222,
                21.6634864807,
                22.5275268555,
                28.9682102203,
                16.1851959229,
                16.8409194946,
                12.7770214081,
                16.7663211823,
                20.9815654755,
                24.4415779114,
                26.777135849,
                21.4730052948,
                14.0929641724,
                19.9541988373,
                20.8443202972,
                13.5331325531,
                14.0411710739,
                13.7443056107,
                13.3444395065,
                13.9332017899,
                20.9639415741,
                16.4513492584,
                8.66017818451,
                4.91830873489,
                2.39016199112,
                1.28160536289,
                0.681897103786,
                0.335076540709,
                0.0705708637834,
                0.0150073925033,
                0.00285394489765,
                0.000225533513003
            ],
            "median": [
                8.82994063431e-05,
                0.0006925596972,
                0.00393541250378,
                0.0397061929107,
                0.189605265856,
                0.516805589199,
                0.581960141659,
                2.19793486595,
                5.85852193832,
                8.87539863586,
                2.25769209862,
                1.22933661938,
                0.876015663147,
                0.471001654863,
                0.455574721098,
                0.410468935966,
                0.257644444704,
                0.180591180921,
                0.162653654814,
                0.144965276122,
                0.13753131032,
                0.201567679644,
                0.321225106716,
                0.274486035109,
                0.273774683475,
                0.258985280991,
                0.386131107807,
                0.558440446854,
                0.668668270111,
                0.516886293888,
                0.360030293465,
                0.28435087204,
                0.136017546058,
                0.0527140311897,
                0.0169197395444,
                0.00745036825538,
                0.00289640342817,
                0.000493060564622,
                6.55870098853e-05,
                5.12703772984e-05
            ],
            "min": [
                1.28883198549e-22,
                7.77973059629e-22,
                2.78813221195e-21,
                8.08038489956e-21,
                1.33977999529e-20,
                3.38548254924e-20,
                7.80111903124e-20,
                1.15801085231e-19,
                1.23093871403e-19,
                2.56194198374e-19,
                3.15634337367e-19,
                3.36201976503e-19,
                9.18841840399e-19,
                7.53777845766e-19,
                1.08811866589e-18,
                1.58229693995e-18,
                2.17821780896e-18,
                2.8645936697e-18,
                3.79284396578e-18,
                4.07324537214e-18,
                4.64839894129e-18,
                5.66519582002e-18,
                6.24575170576e-18,
                5.28883070926e-18,
                8.01326172609e-18,
                1.10484909688e-17,
                1.15107137049e-17,
                1.1455403446e-17,
                1.03941100406e-17,
                1.26521485039e-17,
                1.19201548732e-17,
                1.17500749587e-17,
                1.04791160834e-17,
                9.10498214316e-18,
                7.1892781666e-18,
                4.17837341055e-18,
                2.34099661376e-18,
                1.02434479842e-18,
                2.83266992642e-19,
                3.00441401196e-20
            ],
            "var": [
                9.85971450806,
                85.65990448,
                45.5684967041,
                12.9516687393,
                14.1981391907,
                9.88058567047,
                6.47114992142,
                177.183547974,
                1684.93041992,
                1817.90979004,
                6544.77929688,
                14405.9033203,
                5458.37646484,
                7935.94482422,
                2722.46826172,
                7091.28125,
                9775.30664062,
                9539.43261719,
                9427.74316406,
                5654.43457031,
                2465.83813477,
                3219.5456543,
                2776.41601562,
                1703.95288086,
                2186.44116211,
                1905.05847168,
                1950.84338379,
                1645.04199219,
                9696.078125,
                3372.52832031,
                498.77835083,
                158.010818481,
                48.5261116028,
                16.8163661957,
                5.33913183212,
                1.42988193035,
                0.0582322105765,
                0.00300797331147,
                0.0001860253833,
                7.25146435343e-07
            ]
        },
        "erbbands_crest": {
            "dmean": 3.28276133537,
            "dmean2": 5.340528965,
            "dvar": 9.49880027771,
            "dvar2": 21.2818145752,
            "max": 32.2928733826,
            "mean": 12.7494516373,
            "median": 11.7617101669,
            "min": 2.21909546852,
            "var": 31.4753189087
        },
        "erbbands_flatness_db": {
            "dmean": 0.0279460195452,
            "dmean2": 0.0436995252967,
            "dvar": 0.00088375271298,
            "dvar2": 0.00178924796637,
            "max": 0.59439176321,
            "mean": 0.221650153399,
            "median": 0.210222959518,
            "min": 0.0330029055476,
            "var": 0.00703008472919
        },
        "erbbands_kurtosis": {
            "dmean": 3.31646084785,
            "dmean2": 5.46305370331,
            "dvar": 29.0889377594,
            "dvar2": 69.4143676758,
            "max": 84.0505752563,
            "mean": 4.55566835403,
            "median": 1.81068325043,
            "min": -1.94053316116,
            "var": 59.9709968567
        },
        "erbbands_skewness": {
            "dmean": 0.836763203144,
            "dmean2": 1.29591619968,
            "dvar": 1.03020823002,
            "dvar2": 2.08742308617,
            "max": 7.74986457825,
            "mean": 0.678296387196,
            "median": 0.712166965008,
            "min": -6.76183509827,
            "var": 2.72476553917
        },
        "erbbands_spread": {
            "dmean": 15.7122926712,
            "dmean2": 25.5802249908,
            "dvar": 502.446746826,
            "dvar2": 1143.70373535,
            "max": 200.134994507,
            "mean": 35.4826583862,
            "median": 26.0502204895,
            "min": 0.852020084858,
            "var": 985.237426758
        },
        "gfcc": {
            "cov": [
                [
                    32361.2382812,
                    -6835.08349609,
                    -1873.90661621,
                    3140.03833008,
                    232.711959839,
                    2549.68188477,
                    -610.82409668,
                    1176.12463379,
                    396.973083496,
                    540.957824707,
                    -734.08782959,
                    458.797729492,
                    -515.049987793
                ],
                [
                    -6835.08349609,
                    5368.36474609,
                    775.812438965,
                    -858.360107422,
                    938.282775879,
                    -611.450622559,
                    964.429504395,
                    -167.961578369,
                    336.945556641,
                    -164.48500061,
                    632.242492676,
                    -253.849075317,
                    373.736724854
                ],
                [
                    -1873.90661621,
                    775.812438965,
                    3002.37133789,
                    766.33013916,
                    798.630981445,
                    638.362365723,
                    1093.30639648,
                    467.852355957,
                    603.374450684,
                    286.216217041,
                    455.93170166,
                    246.097717285,
                    126.471969604
                ],
                [
                    3140.03833008,
                    -858.360107422,
                    766.33013916,
                    1696.31591797,
                    675.035705566,
                    634.21496582,
                    472.751617432,
                    460.393341064,
                    421.975738525,
                    268.645233154,
                    163.838745117,
                    135.616775513,
                    59.6417274475
                ],
                [
                    232.711959839,
                    938.282775879,
                    798.630981445,
                    675.035705566,
                    1250.87316895,
                    410.696838379,
                    609.58782959,
                    366.525543213,
                    486.417663574,
                    199.341217041,
                    302.954406738,
                    16.8581180573,
                    188.991531372
                ],
                [
                    2549.68188477,
                    -611.450622559,
                    638.362365723,
                    634.21496582,
                    410.696838379,
                    834.534729004,
                    362.304656982,
                    341.941802979,
                    308.94430542,
                    218.557830811,
                    62.4843482971,
                    164.560089111,
                    -10.1773061752
                ],
                [
                    -610.82409668,
                    964.429504395,
                    1093.30639648,
                    472.751617432,
                    609.58782959,
                    362.304656982,
                    978.649108887,
                    260.499816895,
                    388.504638672,
                    160.949584961,
                    359.063476562,
                    92.2202758789,
                    107.203567505
                ],
                [
                    1176.12463379,
                    -167.961578369,
                    467.852355957,
                    460.393341064,
                    366.525543213,
                    341.941802979,
                    260.499816895,
                    365.522216797,
                    249.668151855,
                    130.133270264,
                    102.293304443,
                    94.8207321167,
                    36.3402099609
                ],
                [
                    396.973083496,
                    336.945556641,
                    603.374450684,
                    421.975738525,
                    486.417663574,
                    308.94430542,
                    388.504638672,
                    249.668151855,
                    439.456695557,
                    150.122879028,
                    159.679595947,
                    52.1836585999,
                    92.1773452759
                ],
                [
                    540.957824707,
                    -164.48500061,
                    286.216217041,
                    268.645233154,
                    199.341217041,
                    218.557830811,
                    160.949584961,
                    130.133270264,
                    150.122879028,
                    191.025985718,
                    76.417755127,
                    42.1440849304,
                    29.8946704865
                ],
                [
                    -734.08782959,
                    632.242492676,
                    455.93170166,
                    163.838745117,
                    302.954406738,
                    62.4843482971,
                    359.063476562,
                    102.293304443,
                    159.679595947,
                    76.417755127,
                    270.674713135,
                    39.5450248718,
                    72.1842193604
                ],
                [
                    458.797729492,
                    -253.849075317,
                    246.097717285,
                    135.616775513,
                    16.8581180573,
                    164.560089111,
                    92.2202758789,
                    94.8207321167,
                    52.1836585999,
                    42.1440849304,
                    39.5450248718,
                    169.658416748,
                    -5.9142408371
                ],
                [
                    -515.049987793,
                    373.736724854,
                    126.471969604,
                    59.6417274475,
                    188.991531372,
                    -10.1773061752,
                    107.203567505,
                    36.3402099609,
                    92.1773452759,
                    29.8946704865,
                    72.1842193604,
                    -5.9142408371,
                    128.923400879
                ]
            ],
            "icov": [
                [
                    7.00437813066e-05,
                    1.91192339116e-05,
                    9.46808650042e-05,
                    -8.32630830701e-05,
                    7.45503984945e-06,
                    -0.000169795021066,
                    1.8921422452e-05,
                    -0.000107625739474,
                    -2.68836211035e-05,
                    1.75612840394e-05,
                    5.91958378209e-05,
                    -2.27397213166e-05,
                    0.00014127184113
                ],
                [
                    1.91192339116e-05,
                    0.000713609566446,
                    7.53987308144e-07,
                    0.000462674186565,
                    -0.000397604628233,
                    0.000234854305745,
                    -0.00047393294517,
                    0.000316238467349,
                    -0.000394749164116,
                    0.000885629444383,
                    -0.000925186264794,
                    0.000631147122476,
                    -0.000676895200741
                ],
                [
                    9.46808650042e-05,
                    7.53987308144e-07,
                    0.000778265763074,
                    -0.000121167220641,
                    4.73911277368e-05,
                    -0.000276850943919,
                    -0.000412219029386,
                    -0.000261983223027,
                    -0.0002977658296,
                    -0.00012386443268,
                    -0.000117511030112,
                    -0.000493196188472,
                    0.000278730411083
                ],
                [
                    -8.32630830701e-05,
                    0.000462674186565,
                    -0.000121167220641,
                    0.00146614026744,
                    -0.000490639009513,
                    0.000161816889886,
                    -0.000416995608248,
                    -0.000270106538665,
                    -0.000332178198732,
                    0.000103997306724,
                    -0.000571313139517,
                    0.000381763908081,
                    -0.000527610012796
                ],
                [
                    7.45503984945e-06,
                    -0.000397604628233,
                    4.73911277368e-05,
                    -0.000490639009513,
                    0.00229066051543,
                    -0.000660048564896,
                    0.000130255153636,
                    -0.000932498951443,
                    -0.000562100845855,
                    -0.000231879239436,
                    -0.000499228248373,
                    0.000879258674104,
                    -0.00111709756311
                ],
                [
                    -0.000169795021066,
                    0.000234854305745,
                    -0.000276850943919,
                    0.000161816889886,
                    -0.000660048564896,
                    0.00371545180678,
                    -0.000939415069297,
                    -0.000541411398444,
                    -0.000584121618886,
                    -0.00147478294093,
                    0.00140412210021,
                    -0.00139062968083,
                    0.000941859441809
                ],
                [
                    1.8921422452e-05,
                    -0.00047393294517,
                    -0.000412219029386,
                    -0.000416995608248,
                    0.000130255153636,
                    -0.000939415069297,
                    0.0033294078894,
                    2.99389303109e-05,
                    -0.000463495467557,
                    4.38281176685e-06,
                    -0.0020983053837,
                    -0.000109090571641,
                    0.000504935451318
                ],
                [
                    -0.000107625739474,
                    0.000316238467349,
                    -0.000261983223027,
                    -0.000270106538665,
                    -0.000932498951443,
                    -0.000541411398444,
                    2.99389303109e-05,
                    0.00701308157295,
                    -0.00170942198019,
                    7.79881011113e-05,
                    -0.000754127919208,
                    -0.00127829459962,
                    -7.45170254959e-05
                ],
                [
                    -2.68836211035e-05,
                    -0.000394749164116,
                    -0.0002977658296,
                    -0.000332178198732,
                    -0.000562100845855,
                    -0.000584121618886,
                    -0.000463495467557,
                    -0.00170942198019,
                    0.00631619663909,
                    -0.00160211848561,
                    0.000624067033641,
                    0.000271845929092,
                    -0.00135353428777
                ],
                [
                    1.75612840394e-05,
                    0.000885629444383,
                    -0.00012386443268,
                    0.000103997306724,
                    -0.000231879239436,
                    -0.00147478294093,
                    4.38281176685e-06,
                    7.79881011113e-05,
                    -0.00160211848561,
                    0.0102923195809,
                    -0.00301166903228,
                    0.00135988509282,
                    -0.00171841098927
                ],
                [
                    5.91958378209e-05,
                    -0.000925186264794,
                    -0.000117511030112,
                    -0.000571313139517,
                    -0.000499228248373,
                    0.00140412210021,
                    -0.0020983053837,
                    -0.000754127919208,
                    0.000624067033641,
                    -0.00301166903228,
                    0.0106511693448,
                    -0.00258465204388,
                    0.000268123316346
                ],
                [
                    -2.27397213166e-05,
                    0.000631147122476,
                    -0.000493196188472,
                    0.000381763908081,
                    0.000879258674104,
                    -0.00139062968083,
                    -0.000109090571641,
                    -0.00127829459962,
                    0.000271845929092,
                    0.00135988509282,
                    -0.00258465204388,
                    0.00948507804424,
                    -0.00118836958427
                ],
                [
                    0.00014127184113,
                    -0.000676895200741,
                    0.000278730411083,
                    -0.000527610012796,
                    -0.00111709756311,
                    0.000941859441809,
                    0.000504935451318,
                    -7.45170254959e-05,
                    -0.00135353428777,
                    -0.00171841098927,
                    0.000268123316346,
                    -0.00118836958427,
                    0.0127284666523
                ]
            ],
            "mean": [
                -137.026580811,
                81.3343276978,
                -99.1467666626,
                13.6038894653,
                -82.5237884521,
                -7.38350152969,
                -30.3076210022,
                4.99485397339,
                -6.99901914597,
                7.22887039185,
                -2.92513799667,
                4.56574726105,
                -10.4669427872
            ]
        },
        "hfc": {
            "dmean": 14.8178167343,
            "dmean2": 22.2469558716,
            "dvar": 1006.66027832,
            "dvar2": 2112.10693359,
            "max": 388.741912842,
            "mean": 23.2917823792,
            "median": 6.94329357147,
            "min": 1.10852995135e-16,
            "var": 1483.9185791
        },
        "melbands": {
            "dmean": [
                0.00401212042198,
                0.00152233475819,
                0.000150137944729,
                8.59971332829e-05,
                3.50359259755e-05,
                0.000102872843854,
                0.000182333475095,
                0.000132884146296,
                0.000153531203978,
                0.000122876546811,
                6.03816843068e-05,
                5.50946024305e-05,
                3.29643080477e-05,
                4.60689734609e-05,
                3.72724862245e-05,
                3.93546288251e-05,
                4.05266218877e-05,
                3.71172827727e-05,
                2.85879323201e-05,
                1.7456648493e-05,
                1.53110795509e-05,
                1.70193343365e-05,
                1.76384801307e-05,
                1.28573983602e-05,
                9.49932382355e-06,
                1.22278579511e-05,
