{
    "lowlevel": {
        "average_loudness": 0.935568571091,
        "barkbands": {
            "dmean": [
                0.000678801327012,
                0.0104837706313,
                0.0064102509059,
                0.00154903857037,
                0.00138929777313,
                0.000959726108704,
                0.000582116772421,
                0.000818219035864,
                0.000832255929708,
                0.000442868389655,
                0.000456936802948,
                0.000503518385813,
                0.00044324962073,
                0.000567971321288,
                0.000448998587672,
                0.000471596140414,
                0.000399504118832,
                0.000301907741232,
                0.000194034975721,
                0.000162715397892,
                0.000145345926285,
                0.000170967468875,
                0.000190973631106,
                0.000142636636156,
                6.59865836496e-05,
                4.19435273216e-05,
                2.61635887e-06
            ],
            "dmean2": [
                0.000890184950549,
                0.0163765829057,
                0.011685051024,
                0.00274541904218,
                0.00227954448201,
                0.00155412429012,
                0.000917524332181,
                0.00125280371867,
                0.00127617828548,
                0.000709011161234,
                0.000704007397871,
                0.000780529051553,
                0.000709784333594,
                0.00092410139041,
                0.000723230594303,
                0.000749979109969,
                0.000613606360275,
                0.000476940214867,
                0.000311351352138,
                0.000261016335571,
                0.000229181998293,
                0.000266944523901,
                0.000274859543424,
                0.000199194357265,
                9.37435906962e-05,
                5.76111742703e-05,
                4.07313018513e-06
            ],
            "dvar": [
                1.85086958027e-06,
                0.00034126220271,
                0.000429640524089,
                1.84696618817e-05,
                8.74709894561e-06,
                3.37996311828e-06,
                3.48473986378e-06,
                3.34023252435e-06,
                3.59528166882e-06,
                1.26700592773e-06,
                1.56848523147e-06,
                1.6450962903e-06,
                1.2570499166e-06,
                1.41198211168e-06,
                1.08319341052e-06,
                1.08995288883e-06,
                1.05049196009e-06,
                3.7944153064e-07,
                1.23194453749e-07,
                1.09144657756e-07,
                1.23251268747e-07,
                9.38265074524e-08,
                1.84112565194e-07,
                1.54019730303e-07,
                1.7208130032e-08,
                6.74210864915e-09,
                6.49994016944e-11
            ],
            "dvar2": [
                3.65937057722e-06,
                0.000866233371198,
                0.0012018912239,
                5.10089121235e-05,
                2.25856929319e-05,
                8.31323905004e-06,
                9.11231745704e-06,
                7.25585277905e-06,
                8.19790511741e-06,
                2.92503978017e-06,
                3.51275889443e-06,
                3.58413581125e-06,
                2.97791712001e-06,
                3.46997126144e-06,
                2.63106403509e-06,
                2.6914940463e-06,
                2.44211742029e-06,
                8.11997210803e-07,
                2.93098480597e-07,
                2.71127390761e-07,
                3.01196564578e-07,
                2.38198907709e-07,
                3.51322768211e-07,
                2.67214460337e-07,
                3.59888012724e-08,
                1.29655282066e-08,
                1.6140867809e-10
            ],
            "max": [
                0.0306132845581,
                0.167506486177,
                0.154659494758,
                0.0506201721728,
                0.0402728766203,
                0.0355104394257,
                0.0695113688707,
                0.0374166890979,
                0.0451848097146,
                0.0302012078464,
                0.0281682703644,
                0.0281247850507,
                0.0257488936186,
                0.0236404910684,
                0.0225084442645,
                0.0207120571285,
                0.0315866693854,
                0.0207328721881,
                0.00715743843466,
                0.00923262070864,
                0.00701797800139,
                0.00470722280443,
                0.0105180609971,
                0.0112881828099,
                0.0021965559572,
                0.00125994626433,
                0.000147921062307
            ],
            "mean": [
                0.00104742136318,
                0.0144270984456,
                0.00558064412326,
                0.00139055249747,
                0.00222167535685,
                0.00150946038775,
                0.000892113079317,
                0.00118929811288,
                0.00135127163958,
                0.000613363576122,
                0.000650453788694,
                0.000723167788237,
                0.000575228477828,
                0.000775353517383,
                0.000595189980231,
                0.000749853206798,
                0.000629336573184,
                0.000466129276901,
                0.000309812399792,
                0.000266085320618,
                0.000249762437306,
                0.000330505543388,
                0.000365081476048,
                0.000293809047434,
                0.000130437067128,
                7.06752180122e-05,
                3.13344571623e-06
            ],
            "median": [
                0.000119710326544,
                0.0036608139053,
                0.000633955118246,
                0.000276845006738,
                0.00107378629036,
                0.000649875437375,
                0.000284952577204,
                0.000389405002352,
                0.000407280429499,
                0.000186786142876,
                0.000186876088264,
                0.000220099842409,
                0.000189579150174,
                0.000257464707829,
                0.00021729405853,
                0.000229010125622,
                0.000195709697437,
                0.000184485659702,
                0.000157777627464,
                0.000132671193569,
                9.36903234106e-05,
                0.000163777789567,
                0.000128839892568,
                8.43760426505e-05,
                3.99952114094e-05,
                1.37402330438e-05,
                1.22788208046e-07
            ],
            "min": [
                2.76604957184e-23,
                5.02277015358e-23,
                3.6345955259e-23,
                1.66221812195e-23,
                3.33739091769e-23,
                3.31562466759e-23,
                4.6144077863e-23,
                1.02232782422e-22,
                5.84602728754e-23,
                6.91896520888e-23,
                9.41260754174e-23,
                1.701140803e-22,
                3.51251046558e-23,
                4.99401301815e-23,
                2.66531765093e-22,
                1.00142761718e-22,
                1.42862444878e-22,
                2.70561695737e-22,
                3.14137387643e-22,
                5.20599578371e-22,
                3.39772867952e-22,
                6.14094161167e-22,
                4.43614831957e-22,
                6.00529641104e-22,
                1.38613579458e-21,
                1.72876264769e-21,
                2.20180110789e-21
            ],
            "var": [
                4.47032653028e-06,
                0.000515810446814,
                0.000276842416497,
                1.31475271701e-05,
                1.26666827782e-05,
                5.92679452893e-06,
                6.58020553601e-06,
                6.17116575086e-06,
                6.95618291502e-06,
                2.26232214118e-06,
                2.83484928332e-06,
                3.05215121443e-06,
                1.77644449195e-06,
                2.28960084314e-06,
                1.545671239e-06,
                2.13878274735e-06,
                2.24211771638e-06,
                7.29126952592e-07,
                2.12887783846e-07,
                1.72442241819e-07,
                1.96111756168e-07,
                2.11405051687e-07,
                6.39250913537e-07,
                5.02324496665e-07,
                4.76232635549e-08,
                1.9306607868e-08,
                9.44128455971e-11
            ]
        },
        "barkbands_crest": {
            "dmean": 3.47065067291,
            "dmean2": 5.65667819977,
            "dvar": 9.83419704437,
            "dvar2": 25.6137466431,
            "max": 26.6249961853,
            "mean": 11.5021705627,
            "median": 10.470662117,
            "min": 2.5043361187,
            "var": 26.0995769501
        },
        "barkbands_flatness_db": {
            "dmean": 0.0298871900886,
            "dmean2": 0.046276923269,
            "dvar": 0.000872294825967,
            "dvar2": 0.00199537421577,
            "max": 0.499058544636,
            "mean": 0.138890385628,
            "median": 0.127525821328,
            "min": 0.0217339415103,
            "var": 0.00375578831881
        },
        "barkbands_kurtosis": {
            "dmean": 6.44893264771,
            "dmean2": 10.5184259415,
            "dvar": 835.310852051,
            "dvar2": 2319.70703125,
            "max": 1655.59924316,
            "mean": 6.41795825958,
            "median": 1.17514002323,
            "min": -1.9831404686,
            "var": 916.782775879
        },
        "barkbands_skewness": {
            "dmean": 0.890563011169,
            "dmean2": 1.33983814716,
            "dvar": 1.33725094795,
            "dvar2": 3.2835149765,
            "max": 35.6461830139,
            "mean": 1.60973274708,
            "median": 1.30076670647,
            "min": -7.49402523041,
            "var": 3.48077702522
        },
        "barkbands_spread": {
            "dmean": 8.53735923767,
            "dmean2": 13.1206302643,
            "dvar": 89.3650665283,
            "dvar2": 183.731552124,
            "max": 126.352546692,
            "mean": 27.2958602905,
            "median": 24.4022216797,
            "min": 0.143610104918,
            "var": 303.708312988
        },
        "dissonance": {
            "dmean": 0.0175878368318,
            "dmean2": 0.0294096227735,
            "dvar": 0.000371819885913,
            "dvar2": 0.000911770621315,
            "max": 0.5,
            "mean": 0.468065500259,
            "median": 0.476526856422,
            "min": 0.0317306369543,
            "var": 0.000904229527805
        },
        "dynamic_complexity": 3.51017093658,
        "erbbands": {
            "dmean": [
                0.328350186348,
                2.34564733505,
                6.65864658356,
                7.02021217346,
                3.50222229958,
                4.90375375748,
                7.9709854126,
                8.7933921814,
                7.33387565613,
                10.8108577728,
                19.0294895172,
                19.409778595,
                13.1309480667,
                15.1013441086,
                17.8628997803,
                16.7419242859,
                19.9346179962,
                19.6098518372,
                30.0987091064,
                22.2899703979,
                22.3795146942,
                24.0286235809,
                17.806470871,
                9.77498626709,
                9.53314399719,
                7.27656507492,
                5.96179866791,
                5.67620658875,
                6.24846601486,
                5.60657119751,
                5.54589796066,
                3.89093112946,
                1.99135541916,
                0.919970095158,
                0.39667865634,
                0.251989454031,
                0.0643638893962,
                0.00994622986764,
                0.000285682064714,
                2.4687655241e-05
            ],
            "dmean2": [
                0.522770941257,
                3.64522886276,
                11.5782632828,
                12.656452179,
                5.94342184067,
                8.08180809021,
                12.7948713303,
                14.2836971283,
                11.5405311584,
                17.0663566589,
                28.9916381836,
                29.6438541412,
                20.7418518066,
                23.5218677521,
                27.5401878357,
                25.7141170502,
                31.3520526886,
                31.3526496887,
                48.2947425842,
                35.2380905151,
                35.4098358154,
                36.5951881409,
                27.9294567108,
                15.6704616547,
                15.0822877884,
                11.678144455,
                9.57462882996,
                8.78419685364,
                9.93976688385,
                8.32178878784,
                8.11170768738,
                5.52353143692,
                2.84526395798,
                1.32434284687,
                0.561382174492,
                0.35166272521,
                0.088374607265,
                0.0139448503032,
                0.000421486765845,
                3.63924264093e-05
            ],
            "dvar": [
                0.343692094088,
                19.7176742554,
                395.866088867,
                447.758605957,
                85.0800323486,
                111.262924194,
                312.816314697,
                284.124206543,
                374.3621521,
                923.443603516,
                1628.88024902,
                2212.20581055,
                1072.63867188,
                1576.36987305,
                1988.68334961,
                1895.69482422,
                2382.4609375,
                1810.20361328,
                3907.98535156,
                2653.42724609,
                2061.34838867,
                4082.90600586,
                1414.46875,
                333.989135742,
                307.340332031,
                286.164672852,
                219.891845703,
                149.151153564,
                137.791137695,
                112.619430542,
                156.779769897,
                130.402069092,
                23.6411132813,
                3.68312168121,
                0.566136777401,
                0.22370351851,
                0.020900035277,
                0.000556015176699,
                7.43135728953e-07,
                1.66529812162e-09
            ],
            "dvar2": [
                0.902242064476,
                47.3002700806,
                1064.40124512,
                1249.54663086,
                232.489624023,
                277.24520874,
                761.093994141,
                681.758666992,
                868.007568359,
                2267.04052734,
                3588.97241211,
                5150.41113281,
                2527.26806641,
                3624.46191406,
                4533.36474609,
                4051.17651367,
                5548.54736328,
                4333.67871094,
                9368.09179688,
                6543.48876953,
                5024.66699219,
                9552.67285156,
                2926.59887695,
                793.670471191,
                697.737731934,
                729.631164551,
                564.792724609,
                344.029296875,
                367.230163574,
                245.443481445,
                301.303588867,
                239.169235229,
                43.4603462219,
                7.90451574326,
                1.12538731098,
                0.452329486609,
                0.0431432761252,
                0.00114361732267,
                1.85931878605e-06,
                3.57890361791e-09
            ],
            "max": [
                5.20246362686,
                45.6774520874,
                166.289550781,
                153.467071533,
                164.209472656,
                203.13458252,
                405.250427246,
                330.573364258,
                487.854309082,
                942.085144043,
                754.873779297,
                1317.98547363,
                915.050720215,
                1108.6784668,
                1004.95904541,
                981.266174316,
                1397.69116211,
                1000.41369629,
                1557.11853027,
                1051.45422363,
                1013.4486084,
                2216.46411133,
                1357.45788574,
                333.033660889,
                476.059936523,
                494.649291992,
                206.792175293,
                358.434051514,
                167.460998535,
                276.173217773,
                319.383605957,
                298.629333496,
                162.640975952,
                36.3425636292,
                11.0831708908,
                7.16959953308,
                2.46818900108,
                0.375561714172,
                0.0234731212258,
                0.00057612726232
            ],
            "mean": [
                0.489224791527,
                2.90111923218,
                6.70612001419,
                5.78994989395,
                4.64602899551,
                7.43594503403,
                11.6961841583,
                14.087723732,
                12.3322486877,
                16.3254089355,
                28.9859027863,
                31.590845108,
                20.2926998138,
                23.3110218048,
                26.9423389435,
                25.73204422,
                28.1767139435,
                28.8675994873,
                42.9593772888,
                34.5830039978,
                39.5886192322,
                39.7377090454,
                28.7390975952,
                16.0817737579,
                16.2760677338,
                11.9869604111,
                9.64889335632,
                10.2388849258,
                11.4898891449,
                11.0555915833,
                10.4961500168,
                7.79146766663,
                3.96390271187,
                1.78998064995,
                0.775763392448,
                0.409159600735,
                0.106152027845,
                0.0150876594707,
                0.000415087852161,
                5.89872142882e-05
            ],
            "median": [
                0.0855924263597,
                0.74056494236,
                1.0010381937,
                1.00487041473,
                1.73552584648,
                3.07176113129,
                5.29938936234,
                5.57348537445,
                4.95093250275,
                5.94321870804,
                10.9849596024,
                10.0919914246,
                7.93098640442,
                7.42150783539,
                10.0783119202,
                8.89085865021,
                9.45398521423,
                12.2869539261,
                16.5026092529,
                13.4171028137,
                14.3205356598,
                12.8474006653,
                11.2434329987,
                8.09805297852,
                8.83210277557,
                6.08483743668,
                3.59009313583,
                4.07733440399,
                5.73342609406,
                4.66184616089,
                3.50155305862,
                2.0203294754,
                1.27236509323,
                0.538509011269,
                0.240596875548,
                0.0919440835714,
                0.0184194575995,
                0.00189534272067,
                7.3100469308e-05,
                4.31212247349e-05
            ],
            "min": [
                2.18024877163e-21,
                9.04566509252e-21,
                3.02920390406e-20,
                7.31269472892e-20,
                6.4995283654e-20,
                1.12334681476e-19,
                2.99674120092e-19,
                2.01970169851e-19,
                5.886043531e-19,
                9.14190500417e-19,
                2.48715736004e-18,
                1.27686701281e-18,
                1.5803277331e-18,
                2.26606294245e-18,
                4.7385897522e-18,
                7.6851274489e-18,
                2.40165149333e-18,
                2.21745243298e-18,
                1.26049859741e-17,
                7.52297440624e-18,
                7.66585248626e-18,
                7.99223479492e-18,
                1.49751950916e-17,
                1.54276479974e-17,
                1.71063647285e-17,
                2.0221048805e-17,
                1.68054959786e-17,
                1.40212076911e-17,
                1.94702252347e-17,
                1.60444319124e-17,
                1.32757773385e-17,
                1.18566348468e-17,
                1.180475077e-17,
                1.53112835376e-17,
                9.72106378185e-18,
                6.08820605912e-18,
                3.33807826297e-18,
                1.27279500945e-18,
                2.81402113951e-19,
                3.05241536753e-20
            ],
            "var": [
                0.68691688776,
                25.7281799316,
                297.041320801,
                292.554901123,
                78.9363250732,
                190.507400513,
                426.749481201,
                591.036132813,
                858.378662109,
                1488.14599609,
                2764.82080078,
                4135.14794922,
                1932.38562012,
                3683.05444336,
                3209.03930664,
                3786.54907227,
                3838.86791992,
                3085.37060547,
                6379.98828125,
                4066.03540039,
                4712.16210938,
                8843.2890625,
                2906.65966797,
                569.569091797,
                567.737915039,
                394.449981689,
                304.202270508,
                286.35458374,
                256.007049561,
                373.522521973,
                532.79876709,
                428.193634033,
                69.2586517334,
                9.70577907562,
                1.62528908253,
                0.572356879711,
                0.0542505532503,
                0.00128676183522,
                1.2069880313e-06,
                3.5794676112e-09
            ]
        },
        "erbbands_crest": {
            "dmean": 2.9482383728,
            "dmean2": 4.77288627625,
            "dvar": 7.51979541779,
            "dvar2": 18.9114151001,
            "max": 30.3891601563,
            "mean": 8.97091197968,
            "median": 8.05167102814,
            "min": 2.23618149757,
            "var": 18.9552688599
        },
        "erbbands_flatness_db": {
            "dmean": 0.0212922096252,
            "dmean2": 0.0306808464229,
            "dvar": 0.000438270886661,
            "dvar2": 0.000858961779159,
            "max": 0.453923583031,
            "mean": 0.153074413538,
            "median": 0.14493894577,
            "min": 0.0481062419713,
            "var": 0.00273746810853
        },
        "erbbands_kurtosis": {
            "dmean": 1.1409984827,
            "dmean2": 1.76965308189,
            "dvar": 4.25003242493,
            "dvar2": 8.31530761719,
            "max": 88.6252670288,
            "mean": 0.645819425583,
            "median": -0.110761329532,
            "min": -1.84396851063,
            "var": 10.0326251984
        },
        "erbbands_skewness": {
            "dmean": 0.435414731503,
            "dmean2": 0.653847396374,
            "dvar": 0.180224314332,
            "dvar2": 0.391589224339,
            "max": 5.80973863602,
            "mean": 0.020583761856,
            "median": 0.0120146032423,
            "min": -7.56830644608,
            "var": 0.745104312897
        },
        "erbbands_spread": {
            "dmean": 11.3292016983,
            "dmean2": 16.9367141724,
            "dvar": 139.195373535,
            "dvar2": 307.345825195,
            "max": 182.257980347,
            "mean": 41.4217224121,
            "median": 37.5366210938,
            "min": 1.92729771137,
            "var": 430.194580078
        },
        "gfcc": {
            "cov": [
                [
                    10413.3652344,
                    -750.184936523,
                    881.494140625,
                    576.362670898,
                    268.343994141,
                    590.461730957,
                    50.319278717,
                    405.110412598,
                    -94.1426620483,
                    285.013916016,
                    -294.290618896,
                    199.764251709,
                    -281.699493408
                ],
                [
                    -750.184936523,
                    1641.89916992,
                    73.6138916016,
                    68.5186157227,
                    398.827087402,
                    -44.8446998596,
                    270.801452637,
                    -64.6332473755,
                    94.8589324951,
                    -101.762008667,
                    182.495330811,
                    -109.559455872,
                    81.3805236816
                ],
                [
                    881.494140625,
                    73.6138916016,
                    1212.64709473,
                    464.697174072,
                    271.229827881,
                    343.404296875,
                    204.37020874,
                    127.046897888,
                    -20.9319210052,
                    99.6383666992,
                    -32.2240943909,
                    65.5281219482,
                    -84.3268661499
                ],
                [
                    576.362670898,
                    68.5186157227,
                    464.697174072,
                    607.079467773,
                    296.255645752,
                    163.215057373,
                    159.303695679,
                    86.4839401245,
                    59.7162322998,
                    29.3873252869,
                    -29.2802410126,
                    18.232925415,
                    -3.43274307251
                ],
                [
                    268.343994141,
                    398.827087402,
                    271.229827881,
                    296.255645752,
                    577.146911621,
                    161.177322388,
                    258.113555908,
                    117.248954773,
                    84.7616348267,
                    88.3694076538,
                    2.07749223709,
                    18.4033203125,
                    15.9775714874
                ],
                [
                    590.461730957,
                    -44.8446998596,
                    343.404296875,
                    163.215057373,
                    161.177322388,
                    390.170501709,
                    184.536193848,
                    81.4474487305,
                    32.3744392395,
                    74.226348877,
                    17.7481708527,
                    5.07972145081,
                    -25.712677002
                ],
                [
                    50.319278717,
                    270.801452637,
                    204.37020874,
                    159.303695679,
                    258.113555908,
                    184.536193848,
                    379.115325928,
                    95.460609436,
                    38.168964386,
                    85.6098175049,
                    38.6047172546,
                    7.16266822815,
                    16.7619857788
                ],
                [
                    405.110412598,
                    -64.6332473755,
                    127.046897888,
                    86.4839401245,
                    117.248954773,
                    81.4474487305,
                    95.460609436,
                    212.265075684,
                    84.4109649658,
                    45.2417640686,
                    7.44357252121,
                    41.188369751,
                    -1.02117502689
                ],
                [
                    -94.1426620483,
                    94.8589324951,
                    -20.9319210052,
                    59.7162322998,
                    84.7616348267,
                    32.3744392395,
                    38.168964386,
                    84.4109649658,
                    200.113342285,
                    30.6895904541,
                    35.9306793213,
                    5.47826719284,
                    39.9451675415
                ],
                [
                    285.013916016,
                    -101.762008667,
                    99.6383666992,
                    29.3873252869,
                    88.3694076538,
                    74.226348877,
                    85.6098175049,
                    45.2417640686,
                    30.6895904541,
                    165.565353394,
                    14.6086063385,
                    29.5108337402,
                    1.21119856834
                ],
                [
                    -294.290618896,
                    182.495330811,
                    -32.2240943909,
                    -29.2802410126,
                    2.07749223709,
                    17.7481708527,
                    38.6047172546,
                    7.44357252121,
                    35.9306793213,
                    14.6086063385,
                    153.264907837,
                    17.4198360443,
                    42.6661148071
                ],
                [
                    199.764251709,
                    -109.559455872,
                    65.5281219482,
                    18.232925415,
                    18.4033203125,
                    5.07972145081,
                    7.16266822815,
                    41.188369751,
                    5.47826719284,
                    29.5108337402,
                    17.4198360443,
                    127.112503052,
                    24.8502731323
                ],
                [
                    -281.699493408,
                    81.3805236816,
                    -84.3268661499,
                    -3.43274307251,
                    15.9775714874,
                    -25.712677002,
                    16.7619857788,
                    -1.02117502689,
                    39.9451675415,
                    1.21119856834,
                    42.6661148071,
                    24.8502731323,
                    112.636688232
                ]
            ],
            "icov": [
                [
                    0.000149600615259,
                    -0.000136379821924,
                    9.52604896156e-05,
                    -0.000179356968147,
                    0.000132840374135,
                    -0.000301986758132,
                    0.000263589638053,
                    -0.000355847529136,
                    0.00023874748149,
                    -0.000364454317605,
                    0.00036126296618,
                    -0.000308520073304,
                    0.000258771149674
                ],
                [
                    -0.000136379821924,
                    0.00192806276027,
                    -0.000720395764802,
                    0.000875759869814,
                    -0.00167871534359,
                    0.00144698820077,
                    -0.00150206696708,
                    0.00163898419123,
                    -0.00111388927326,
                    0.00237660855055,
                    -0.00240236381069,
                    0.00179493403994,
                    -0.000556456507184
                ],
                [
                    9.52604896156e-05,
                    -0.000720395764802,
                    0.00189792714082,
                    -0.00134853820782,
                    0.000620880047791,
                    -0.00148585217539,
                    0.000648022745736,
                    -0.000955745112151,
                    0.0010738237761,
                    -0.00128473946825,
                    0.000926766486373,
                    -0.00142294948455,
                    0.00120205699932
                ],
                [
                    -0.000179356968147,
                    0.000875759869814,
                    -0.00134853820782,
                    0.00349437445402,
                    -0.00177197915036,
                    0.000769640901126,
                    -0.00101029593498,
                    0.00105774833355,
                    -0.00135074858554,
                    0.00199843174778,
                    -0.000593746022787,
                    0.00103047292214,
                    -0.000942325568758
                ],
                [
                    0.000132840374135,
                    -0.00167871534359,
                    0.000620880047791,
                    -0.00177197915036,
                    0.00461694132537,
                    -0.00125421071425,
                    -0.000168232960277,
                    -0.00179702602327,
                    0.000433471053839,
                    -0.0026714426931,
                    0.0025062605273,
                    -0.00154681398999,
                    0.000290358846541
                ],
                [
                    -0.000301986758132,
                    0.00144698820077,
                    -0.00148585217539,
                    0.000769640901126,
                    -0.00125421071425,
                    0.0056199147366,
                    -0.00268414034508,
                    0.00126527692191,
                    -0.00143443234265,
                    0.00146414234769,
                    -0.00252292212099,
                    0.00215185969137,
                    -4.40469884779e-05
                ],
                [
                    0.000263589638053,
                    -0.00150206696708,
                    0.000648022745736,
                    -0.00101029593498,
                    -0.000168232960277,
                    -0.00268414034508,
                    0.00626479601488,
                    -0.00265731010586,
                    0.00199819006957,
                    -0.00314597412944,
                    0.00109156034887,
                    -0.000709322397597,
                    -0.000278205960058
                ],
                [
                    -0.000355847529136,
                    0.00163898419123,
                    -0.000955745112151,
                    0.00105774833355,
                    -0.00179702602327,
                    0.00126527692191,
                    -0.00265731010586,
                    0.00908993836492,
                    -0.00425230432302,
                    0.00232330197468,
                    -0.00185223226435,
                    -0.000484120217152,
                    0.000555641308893
                ],
                [
                    0.00023874748149,
                    -0.00111388927326,
                    0.0010738237761,
                    -0.00135074858554,
                    0.000433471053839,
                    -0.00143443234265,
                    0.00199819006957,
                    -0.00425230432302,
                    0.00825572758913,
                    -0.00252284528688,
                    0.00036275194725,
                    5.99926825089e-05,
                    -0.0016115027247
                ],
                [
                    -0.000364454317605,
                    0.00237660855055,
                    -0.00128473946825,
                    0.00199843174778,
                    -0.0026714426931,
                    0.00146414234769,
                    -0.00314597412944,
                    0.00232330197468,
                    -0.00252284528688,
                    0.0109131587669,
                    -0.00328057212755,
                    0.000871857162565,
                    -0.000499463290907
                ],
                [
                    0.00036126296618,
                    -0.00240236381069,
                    0.000926766486373,
                    -0.000593746022787,
                    0.0025062605273,
                    -0.00252292212099,
                    0.00109156034887,
                    -0.00185223226435,
                    0.00036275194725,
                    -0.00328057212755,
                    0.0112282996997,
                    -0.00326927448623,
                    -0.00142102187965
                ],
                [
                    -0.000308520073304,
                    0.00179493403994,
                    -0.00142294948455,
                    0.00103047292214,
                    -0.00154681398999,
                    0.00215185969137,
                    -0.000709322397597,
                    -0.000484120217152,
                    5.99926825089e-05,
                    0.000871857162565,
                    -0.00326927448623,
                    0.0117824161425,
                    -0.00368228065781
                ],
                [
                    0.000258771149674,
                    -0.000556456507184,
                    0.00120205699932,
                    -0.000942325568758,
                    0.000290358846541,
                    -4.40469884779e-05,
                    -0.000278205960058,
                    0.000555641308893,
                    -0.0016115027247,
                    -0.000499463290907,
                    -0.00142102187965,
                    -0.00368228065781,
                    0.0127212731168
                ]
            ],
            "mean": [
                -0.994531869888,
                72.7597427368,
                -122.727561951,
                35.8950157166,
                -61.549823761,
                21.8913841248,
                -41.6872634888,
                12.0075969696,
                -16.837726593,
                4.18997907639,
                -14.1435565948,
                3.81988692284,
                -9.66984462738
            ]
        },
        "hfc": {
            "dmean": 8.43129348755,
            "dmean2": 12.2198219299,
            "dvar": 137.871322632,
            "dvar2": 282.770751953,
            "max": 152.12512207,
            "mean": 27.133480072,
            "median": 21.1405105591,
            "min": 1.14278879447e-16,
            "var": 577.344909668
        },
        "melbands": {
            "dmean": [
                0.00287383259274,
                0.00312416348606,
                0.00109713501297,
                0.000283178815152,
                0.000269109761575,
                0.000185881159268,
                0.000113751812023,
                0.000135615759064,
                0.00015585271467,
                0.00012335878273,
                6.73217291478e-05,
                6.33592208032e-05,
                5.8434157836e-05,
                5.43704372831e-05,
                4.52237363788e-05,
                4.79588343296e-05,
                3.93894442823e-05,
                5.71973105252e-05,
                3.21618535963e-05,
                3.55747324647e-05,
                2.51559140452e-05,
                2.91882988677e-05,
                1.81788345799e-05,
                1.2485271327e-05,
                8.09406537883e-06,
                8.06422485766e-06,
                7.22539016351e-06,
                4.60106275568e-06,
                3.62760738426e-06,
