{
    "lowlevel": {
        "average_loudness": 0.919490158558,
        "barkbands": {
            "dmean": [
                0.000195733518922,
                0.0052040736191,
                0.00131992413662,
                0.000699504162185,
                0.00185796688311,
                0.00113122421317,
                0.000735150300898,
                0.000905267312191,
                0.000732837885153,
                0.00058501138119,
                0.000361475162208,
                0.00035243597813,
                0.000317866099067,
                0.000248886441113,
                0.000273209501756,
                0.000348001369275,
                0.000302865199046,
                0.00038124533603,
                0.000296508398606,
                0.000369679910364,
                0.000106220715679,
                7.78301764512e-05,
                0.000112472276669,
                0.000127453153254,
                0.000112279522,
                6.13857846474e-05,
                2.21057661065e-08
            ],
            "dmean2": [
                0.000334325130098,
                0.0089747486636,
                0.00235698511824,
                0.00122561783064,
                0.00293300789781,
                0.00172665063292,
                0.00116730318405,
                0.00145386683289,
                0.00114684272557,
                0.000919742218684,
                0.000550832017325,
                0.000539633096196,
                0.000505600357428,
                0.000394998118281,
                0.000432068598457,
                0.0005427490687,
                0.000461869465653,
                0.000593603122979,
                0.000454170716694,
                0.000566726841498,
                0.000167241858435,
                0.000121577744721,
                0.000169433275005,
                0.000185594777577,
                0.000159528790391,
                8.46330513014e-05,
                3.83626890255e-08
            ],
            "dvar": [
                1.75248331402e-07,
                0.000417366944021,
                2.00443137146e-05,
                2.63310880655e-06,
                1.28804440465e-05,
                6.32141200185e-06,
                4.536205779e-06,
                5.93496952206e-06,
                3.09717347591e-06,
                1.88394153611e-06,
                9.12394284569e-07,
                6.29834744359e-07,
                5.66389644518e-07,
                2.81514275002e-07,
                3.61760072565e-07,
                6.58359681438e-07,
                6.2703520598e-07,
                5.16125396643e-07,
                2.41288887537e-07,
                3.81314350761e-07,
                3.78896451991e-08,
                2.72197588913e-08,
                4.21140704532e-08,
                9.32117600883e-08,
                1.17376686148e-07,
                2.25846275015e-08,
                8.12946477984e-15
            ],
            "dvar2": [
                5.08659184106e-07,
                0.00112215080298,
                5.80722480663e-05,
                7.43266082281e-06,
                3.08733360725e-05,
                1.36524149639e-05,
                9.96663493424e-06,
                1.54829613166e-05,
                7.49634455133e-06,
                4.43813269158e-06,
                1.96838072952e-06,
                1.39097983265e-06,
                1.35976358706e-06,
                6.89474461524e-07,
                8.66123741616e-07,
                1.581795118e-06,
                1.4074490764e-06,
                1.20591244013e-06,
                5.57066414331e-07,
                8.23034838504e-07,
                8.95056189165e-08,
                6.70164652661e-08,
                9.41119822073e-08,
                1.82116679071e-07,
                2.25898332928e-07,
                4.58732998254e-08,
                2.17186057821e-14
            ],
            "max": [
                0.00701167341322,
                0.213704675436,
                0.0870614871383,
                0.021956525743,
                0.0521318875253,
                0.0427019782364,
                0.0735975429416,
                0.0357688181102,
                0.0318198762834,
                0.030846843496,
                0.0299208257347,
                0.0136790573597,
                0.0136736016721,
                0.00909007806331,
                0.0127580920234,
                0.0152335911989,
                0.0134444469586,
                0.0116237159818,
                0.010676571168,
                0.00936591345817,
                0.00370796187781,
                0.00408762739971,
                0.00365020358004,
                0.00804387684911,
                0.00783334579319,
                0.00322018330917,
                2.85600322059e-06
            ],
            "mean": [
                0.000281754502794,
                0.00698946230114,
                0.00163244025316,
                0.000797960208729,
                0.00364763033576,
                0.00163415644784,
                0.00110015447717,
                0.00136546953581,
                0.00126609927975,
                0.00105264456943,
                0.000516556203365,
                0.000570587057155,
                0.000469635182526,
                0.000348985282471,
                0.000389205699321,
                0.000548830837943,
                0.000505293544848,
                0.000712471315637,
                0.000584648223594,
                0.000782311079092,
                0.000171061372384,
                0.000106987958134,
                0.000186353398021,
                0.000205986681976,
                0.000171531690285,
                8.36951949168e-05,
                1.79323524918e-08
            ],
            "median": [
                6.47075721645e-05,
                0.00267327646725,
                0.000456289912108,
                0.000308398186462,
                0.00119992089458,
                0.000459850707557,
                0.000268593954388,
                0.000377186515834,
                0.000214480038267,
                0.00015407812316,
                0.00011126085883,
                0.000186994642718,
                0.000117467992823,
                0.000109735810838,
                9.86646991805e-05,
                0.000121794109873,
                0.000116544091725,
                0.000247936695814,
                0.000259650871158,
                0.000331713759806,
                9.19638696359e-05,
                5.05018797412e-05,
                9.41443286138e-05,
                7.21715332475e-05,
                4.31251210102e-05,
                2.04449170269e-05,
                2.10153494606e-09
            ],
            "min": [
                3.43567068025e-24,
                4.11927892359e-23,
                3.57665937221e-23,
                1.35628634554e-23,
                2.17468630513e-23,
                1.94372660697e-23,
                3.43119026585e-23,
                3.80649652131e-23,
                9.31844910409e-23,
                1.41086195177e-23,
                5.2853027473e-23,
                8.35454438162e-23,
                8.08608302489e-23,
                5.4666091735e-23,
                1.74813293158e-22,
                1.53310232303e-22,
                2.04634040289e-22,
                3.27296168144e-22,
                2.6040800828e-22,
                1.85631403446e-22,
                4.04505531656e-22,
                4.67844852433e-22,
                5.40582119297e-22,
                8.43714581768e-22,
                1.26260759843e-21,
                1.63885653636e-21,
                2.45139316421e-21
            ],
            "var": [
                2.19000213519e-07,
                0.000322560867062,
                1.47183463923e-05,
                2.15389559344e-06,
                3.73444272554e-05,
                1.24008302009e-05,
                8.90948103915e-06,
                8.55143753142e-06,
                7.34323248253e-06,
                6.42024042463e-06,
                1.71500892066e-06,
                1.29857926368e-06,
                1.0899946119e-06,
                4.5444963348e-07,
                5.97982875661e-07,
                1.18024581752e-06,
                1.33348657982e-06,
                1.38116820381e-06,
                6.44769386327e-07,
                1.16408534723e-06,
                6.17392572622e-08,
                3.13114050243e-08,
                7.54717675022e-08,
                2.40722727085e-07,
                2.86681654416e-07,
                4.06652311824e-08,
                6.18250449344e-15
            ]
        },
        "barkbands_crest": {
            "dmean": 2.73769259453,
            "dmean2": 4.36510038376,
            "dvar": 8.52445030212,
            "dvar2": 20.2874488831,
            "max": 25.7069778442,
            "mean": 10.0945415497,
            "median": 8.95604324341,
            "min": 2.2766430378,
            "var": 22.1538734436
        },
        "barkbands_flatness_db": {
            "dmean": 0.0244314484298,
            "dmean2": 0.0362157933414,
            "dvar": 0.000687395397108,
            "dvar2": 0.00153132027481,
            "max": 0.416204333305,
            "mean": 0.134743183851,
            "median": 0.126795619726,
            "min": 0.03603868559,
            "var": 0.00250328332186
        },
        "barkbands_kurtosis": {
            "dmean": 4.23943471909,
            "dmean2": 6.75227165222,
            "dvar": 175.318237305,
            "dvar2": 395.740600586,
            "max": 406.007720947,
            "mean": 4.88862752914,
            "median": 0.567939758301,
            "min": -1.94723677635,
            "var": 305.041473389
        },
        "barkbands_skewness": {
            "dmean": 0.686679363251,
            "dmean2": 1.00729370117,
            "dvar": 0.947147965431,
            "dvar2": 2.10637497902,
            "max": 15.5461921692,
            "mean": 1.34761571884,
            "median": 1.00861096382,
            "min": -6.5627207756,
            "var": 2.67402529716
        },
        "barkbands_spread": {
            "dmean": 8.27734947205,
            "dmean2": 12.5483493805,
            "dvar": 113.380821228,
            "dvar2": 266.819946289,
            "max": 152.044509888,
            "mean": 28.8492679596,
            "median": 26.4585762024,
            "min": 0.421476483345,
            "var": 279.290771484
        },
        "dissonance": {
            "dmean": 0.0187393128872,
            "dmean2": 0.0307957828045,
            "dvar": 0.000339052727213,
            "dvar2": 0.000872288714163,
            "max": 0.499999970198,
            "mean": 0.460187286139,
            "median": 0.467794328928,
            "min": 0.225517615676,
            "var": 0.00090855138842
        },
        "dynamic_complexity": 3.32218956947,
        "erbbands": {
            "dmean": [
                0.126167729497,
                1.26018440723,
                1.91509008408,
                1.7435400486,
                3.42294073105,
                6.83483028412,
                12.3453779221,
                8.25917625427,
                10.3118581772,
                11.3928556442,
                21.7521743774,
                17.2073841095,
                18.3286705017,
                16.7257442474,
                13.5422992706,
                11.8955869675,
                13.6604442596,
                10.3424329758,
                12.432431221,
                14.3363552094,
                19.0388889313,
                18.5713844299,
                19.8148517609,
                18.632024765,
                11.3156108856,
                17.9260406494,
                7.86317920685,
                2.72677326202,
                2.69754171371,
                3.03377723694,
                3.25935196877,
                2.66177034378,
                2.19924902916,
                1.48419797421,
                0.70428955555,
                0.307940036058,
                0.101781412959,
                0.0140989981592,
                0.000255295977695,
                2.04084190045e-05
            ],
            "dmean2": [
                0.214612424374,
                2.18498826027,
                3.40057945251,
                3.07187366486,
                5.83894062042,
                10.7984371185,
                18.1256008148,
                12.8704471588,
                16.546257019,
                17.8367824554,
                34.3540534973,
                27.001039505,
                27.6855049133,
                25.0322360992,
                20.2127552032,
                18.1100788116,
                21.4192142487,
                16.2441101074,
                19.5182609558,
                22.266494751,
                29.378704071,
                27.7155952454,
                30.4093170166,
                28.524559021,
                16.8248691559,
                27.4098091125,
                12.1501293182,
                4.20429229736,
                4.23896741867,
                4.62355136871,
                4.9122095108,
                3.9897005558,
                3.19245839119,
                2.16245532036,
                0.999486982822,
                0.431855380535,
                0.1434661448,
                0.0207935683429,
                0.000369417306501,
                2.95869122056e-05
            ],
            "dvar": [
                0.186634391546,
                26.2563819885,
                50.1073150635,
                19.1554870605,
                61.3313903809,
                220.816162109,
                794.251464844,
                437.009185791,
                1010.08947754,
                796.749572754,
                3569.74316406,
                1845.6706543,
                1691.99768066,
                1674.19445801,
                1038.11608887,
                756.678039551,
                973.327148438,
                528.786682129,
                653.434875488,
                1037.27404785,
                2253.2109375,
                2497.83447266,
                1870.38354492,
                1002.12207031,
                329.118041992,
                999.726257324,
                200.524978638,
                24.8961811066,
                37.2327346802,
                31.7021961212,
                37.4196510315,
                43.2035255432,
                28.3413105011,
                22.8221035004,
                4.44092035294,
                0.610954046249,
                0.0634368509054,
                0.00151403038763,
                4.65771421432e-07,
                1.34800937079e-09
            ],
            "dvar2": [
                0.495482742786,
                71.2862472534,
                142.551971436,
                54.9183120728,
                167.993988037,
                527.430603027,
                1670.43579102,
                956.605773926,
                2362.07543945,
                1833.52355957,
                9272.23242188,
                4533.16015625,
                3726.07592773,
                3458.02075195,
                2223.00170898,
                1617.57885742,
                2298.29785156,
                1274.09069824,
                1567.19702148,
                2418.64819336,
                5453.87255859,
                5589.07128906,
                4367.37060547,
                2305.27587891,
                702.171203613,
                2198.12963867,
                455.578674316,
                59.1424179077,
                94.0963287354,
                73.5043869019,
                83.637260437,
                94.3944320679,
                54.4745063782,
                46.9762001038,
                8.61671447754,
                1.19923686981,
                0.133292004466,
                0.00356400408782,
                1.0700043731e-06,
                3.0382483196e-09
            ],
            "max": [
                4.61532449722,
                54.5901184082,
                101.758628845,
                75.5103378296,
                135.682891846,
                251.464187622,
                613.176330566,
                485.414093018,
                1117.67919922,
                539.991149902,
                999.204833984,
                739.500732422,
                727.973022461,
                885.857727051,
                670.157714844,
                618.256286621,
                572.039428711,
                544.427612305,
                397.644592285,
                795.861022949,
                999.895141602,
                886.083557129,
                830.745483398,
                799.172851563,
                415.614807129,
                554.788391113,
                276.18548584,
                96.4253234863,
                168.917922974,
                118.495628357,
                115.136444092,
                162.927383423,
                190.364562988,
                119.754119873,
                54.1379432678,
                22.067647934,
                5.87322473526,
                0.694486796856,
                0.0118371909484,
                0.000482218456455
            ],
            "mean": [
                0.193296670914,
                1.55456387997,
                2.38452720642,
                2.29253292084,
                4.78821468353,
                12.4773321152,
                21.4770030975,
                11.9813394547,
                15.2480354309,
                17.5071258545,
                32.5072937012,
                29.0064163208,
                31.849489212,
                26.6880168915,
                22.0123653412,
                20.0768699646,
                22.1698951721,
                16.4666671753,
                19.7776317596,
                23.4979419708,
                31.8567562103,
                33.1618499756,
                37.4836349487,
                38.5730056763,
                26.4452342987,
                37.7761535645,
                14.6327371597,
                4.58774137497,
                3.66497778893,
                4.77549886703,
                5.31362533569,
                4.11659526825,
                3.57331323624,
                2.29558253288,
                1.00331008434,
                0.423628598452,
                0.135322421789,
                0.0169925019145,
                0.000330083363224,
                4.67192840006e-05
            ],
            "median": [
                0.0826117321849,
                0.440135926008,
                0.705111563206,
                1.0298858881,
                1.67199850082,
                3.72082996368,
                5.78496360779,
                3.67721867561,
                4.60270023346,
                5.60111761093,
                10.6709480286,
                6.50870656967,
                7.15037488937,
                6.14312362671,
                6.32554292679,
                7.18671369553,
                6.77445411682,
                5.39467525482,
                7.06224775314,
                6.59467315674,
                7.9311876297,
                7.80880022049,
                12.1843042374,
                17.7026176453,
                14.3791627884,
                15.536359787,
                7.50515079498,
                2.63588905334,
                1.74695694447,
                2.36787486076,
                2.6069881916,
                1.56167852879,
                1.22569346428,
                0.591915905476,
                0.237142249942,
                0.105293601751,
                0.032420348376,
                0.0034711509943,
                8.34865713841e-05,
                3.59906553058e-05
            ],
            "min": [
                7.37444188353e-22,
                1.09723521083e-20,
                4.60330469906e-20,
                3.55287353218e-20,
                6.50215531008e-20,
                8.72978695013e-20,
                9.89360874624e-20,
                1.86577708669e-19,
                5.05563639707e-19,
                5.27646001641e-19,
                1.12575207504e-18,
                2.17928590593e-18,
                7.96803800424e-19,
                1.39481097404e-18,
                2.12361809827e-18,
                3.0431073109e-18,
                4.15888172659e-18,
                2.23015730681e-18,
                7.25480410601e-18,
                8.78868730208e-18,
                9.6105359084e-18,
                1.13790497124e-17,
                1.87756648354e-17,
                1.55850687398e-17,
                1.13641687332e-17,
                1.08386005058e-17,
                1.40868577076e-17,
                1.69179362937e-17,
                1.5839994224e-17,
                1.34399710358e-17,
                1.52072407601e-17,
                1.47812956842e-17,
                1.68626409241e-17,
                1.20651852772e-17,
                9.87066849462e-18,
                6.19859372545e-18,
                3.14176845128e-18,
                1.24129442076e-18,
                3.77488732225e-19,
                3.56745000553e-20
            ],
            "var": [
                0.165288627148,
                19.4853954315,
                35.9788856506,
                15.956908226,
                86.1018295288,
                566.215026855,
                1880.35229492,
                755.456665039,
                1614.06872559,
                1419.63500977,
                4356.68017578,
                4235.88525391,
                4537.04101563,
                3449.96777344,
                2057.04492188,
                1571.6706543,
                2103.1496582,
                952.851623535,
                1129.32104492,
                2084.51171875,
                4124.54150391,
                5516.27490234,
                4790.00683594,
                2727.87280273,
                1184.90344238,
                2992.6015625,
                416.485748291,
                39.2452545166,
                39.3950042725,
                50.7720184326,
                66.9933166504,
                92.7011184692,
                72.3074188232,
                52.0721168518,
                9.95128631592,
                1.17553412914,
                0.106352187693,
                0.00190369645134,
                6.30251861367e-07,
                2.34072650152e-09
            ]
        },
        "erbbands_crest": {
            "dmean": 2.6978597641,
            "dmean2": 4.31704282761,
            "dvar": 6.68863010406,
            "dvar2": 16.649974823,
            "max": 29.5411338806,
            "mean": 9.25562667847,
            "median": 8.47234725952,
            "min": 2.2396094799,
            "var": 16.9218177795
        },
        "erbbands_flatness_db": {
            "dmean": 0.0205255895853,
            "dmean2": 0.0285232271999,
            "dvar": 0.000379514181986,
            "dvar2": 0.000747020589188,
            "max": 0.316111087799,
            "mean": 0.149337038398,
            "median": 0.147678941488,
            "min": 0.0379356816411,
            "var": 0.00192334433086
        },
        "erbbands_kurtosis": {
            "dmean": 1.17940199375,
            "dmean2": 1.84818959236,
            "dvar": 5.19751596451,
            "dvar2": 12.0342788696,
            "max": 47.864906311,
            "mean": 0.634671986103,
            "median": -0.189443081617,
            "min": -1.88742721081,
            "var": 9.3618888855
        },
        "erbbands_skewness": {
            "dmean": 0.429965436459,
            "dmean2": 0.625815927982,
            "dvar": 0.226941674948,
            "dvar2": 0.472545206547,
            "max": 6.18434906006,
            "mean": 0.137971028686,
            "median": 0.143969878554,
            "min": -5.36447668076,
            "var": 1.06438004971
        },
        "erbbands_spread": {
            "dmean": 10.5462388992,
            "dmean2": 16.0473613739,
            "dvar": 147.078048706,
            "dvar2": 343.718353271,
            "max": 156.311645508,
            "mean": 41.9277839661,
            "median": 38.5165252686,
            "min": 3.88973879814,
            "var": 359.93927002
        },
        "gfcc": {
            "cov": [
                [
                    10024.9238281,
                    -82.7662353516,
                    -432.672424316,
                    389.622528076,
                    -13.699221611,
                    58.84009552,
                    79.4452514648,
                    631.15435791,
                    113.636932373,
                    52.972743988,
                    44.9962005615,
                    -30.6522769928,
                    -44.154132843
                ],
                [
                    -82.7662353516,
                    1025.87365723,
                    89.8408279419,
                    85.614616394,
                    130.408035278,
                    10.4573221207,
                    176.838653564,
                    -34.7347373962,
                    58.5387496948,
                    -17.5255126953,
                    48.1940879822,
                    -35.2290382385,
                    40.2592468262
                ],
                [
                    -432.672424316,
                    89.8408279419,
                    1017.02301025,
                    175.57421875,
                    78.3868484497,
                    182.791213989,
                    -25.3626270294,
                    11.2108049393,
                    56.3199005127,
                    81.9839935303,
                    -44.2881622314,
                    70.640296936,
                    -25.5871295929
                ],
                [
                    389.622528076,
                    85.614616394,
                    175.57421875,
                    435.765594482,
                    233.593002319,
                    10.6131868362,
                    42.4602127075,
                    110.805496216,
                    90.9375305176,
                    5.95520544052,
                    28.0139884949,
                    27.1729412079,
                    9.69266605377
                ],
                [
                    -13.699221611,
                    130.408035278,
                    78.3868484497,
                    233.593002319,
                    385.043884277,
                    159.485610962,
                    122.711166382,
                    83.0749206543,
                    72.9855499268,
                    25.6718406677,
                    -8.78387641907,
                    21.2428455353,
                    18.5890293121
                ],
                [
                    58.84009552,
                    10.4573221207,
                    182.791213989,
                    10.6131868362,
                    159.485610962,
                    378.314788818,
                    180.437225342,
                    32.5130348206,
                    31.9930591583,
                    56.5953063965,
                    -5.4635310173,
                    0.311480402946,
                    -17.5505466461
                ],
                [
                    79.4452514648,
                    176.838653564,
                    -25.3626270294,
                    42.4602127075,
                    122.711166382,
                    180.437225342,
                    311.630950928,
                    113.092658997,
                    28.3840694427,
                    19.0670280457,
                    36.142578125,
                    -13.2086286545,
                    6.82918167114
                ],
                [
                    631.15435791,
                    -34.7347373962,
                    11.2108049393,
                    110.805496216,
                    83.0749206543,
                    32.5130348206,
                    113.092658997,
                    252.634048462,
                    103.038002014,
                    -2.33767580986,
                    0.510261654854,
                    9.0305185318,
                    14.7214870453
                ],
                [
                    113.636932373,
                    58.5387496948,
                    56.3199005127,
                    90.9375305176,
                    72.9855499268,
                    31.9930591583,
                    28.3840694427,
                    103.038002014,
                    168.495880127,
                    37.7840118408,
                    -14.9268665314,
                    9.57163047791,
                    12.1618919373
                ],
                [
                    52.972743988,
                    -17.5255126953,
                    81.9839935303,
                    5.95520544052,
                    25.6718406677,
                    56.5953063965,
                    19.0670280457,
                    -2.33767580986,
                    37.7840118408,
                    122.273963928,
                    19.8580150604,
                    -3.04824304581,
                    -3.32448172569
                ],
                [
                    44.9962005615,
                    48.1940879822,
                    -44.2881622314,
                    28.0139884949,
                    -8.78387641907,
                    -5.4635310173,
                    36.142578125,
                    0.510261654854,
                    -14.9268665314,
                    19.8580150604,
                    123.992897034,
                    8.69061470032,
                    0.301243156195
                ],
                [
                    -30.6522769928,
                    -35.2290382385,
                    70.640296936,
                    27.1729412079,
                    21.2428455353,
                    0.311480402946,
                    -13.2086286545,
                    9.0305185318,
                    9.57163047791,
                    -3.04824304581,
                    8.69061470032,
                    109.930953979,
                    30.9085178375
                ],
                [
                    -44.154132843,
                    40.2592468262,
                    -25.5871295929,
                    9.69266605377,
                    18.5890293121,
                    -17.5505466461,
                    6.82918167114,
                    14.7214870453,
                    12.1618919373,
                    -3.32448172569,
                    0.301243156195,
                    30.9085178375,
                    95.4264602661
                ]
            ],
            "icov": [
                [
                    0.000162818745594,
                    -0.000166450219695,
                    0.000224357834668,
                    -0.000319772021612,
                    0.000332647614414,
                    -0.00036869753967,
                    0.000419042044086,
                    -0.000740015995689,
                    0.000447842117865,
                    -0.000372639711713,
                    0.00016876841255,
                    -0.000133498164359,
                    0.000162411219208
                ],
                [
                    -0.000166450219695,
                    0.00180448847823,
                    -0.000766604149248,
                    0.000642701517791,
                    -0.00106353580486,
                    0.00148544565309,
                    -0.00215764297172,
                    0.00235342630185,
                    -0.0019255913794,
                    0.00149224360939,
                    -0.00100045849103,
                    0.00115896062925,
                    -0.00091224827338
                ],
                [
                    0.000224357834668,
                    -0.000766604149248,
                    0.00197081104852,
                    -0.00154849945102,
                    0.00136342074256,
                    -0.00193181389477,
                    0.00164334021974,
                    -0.00154414831195,
                    0.00127172260545,
                    -0.00175668345764,
                    0.00134746707045,
                    -0.00151244970039,
                    0.000875031924807
                ],
                [
                    -0.000319772021612,
                    0.000642701517791,
                    -0.00154849945102,
                    0.00564833404496,
                    -0.00407758401707,
                    0.00259237852879,
                    -0.00097274966538,
                    0.000874372373801,
                    -0.00233696890064,
                    0.00196538236924,
                    -0.00250876368955,
                    0.000787203782238,
                    -8.29508717288e-05
                ],
                [
                    0.000332647614414,
                    -0.00106353580486,
                    0.00136342074256,
                    -0.00407758401707,
                    0.00673940591514,
                    -0.00349048455246,
                    0.000918734702282,
                    -0.0019548565615,
                    0.0013835899299,
                    -0.00183726823889,
                    0.00232834066264,
                    -0.00146207702346,
                    -0.00011073386122
                ],
                [
                    -0.00036869753967,
                    0.00148544565309,
                    -0.00193181389477,
                    0.00259237852879,
                    -0.00349048455246,
                    0.00719684083015,
                    -0.00503267534077,
                    0.00351157202385,
                    -0.00246452307329,
                    0.000697101815604,
                    -0.000672064838,
                    0.000943537801504,
                    0.000278303283267
                ],
                [
                    0.000419042044086,
                    -0.00215764297172,
                    0.00164334021974,
                    -0.00097274966538,
                    0.000918734702282,
                    -0.00503267534077,
                    0.00926794763654,
                    -0.00633640913293,
                    0.00371177052148,
                    -0.00203184783459,
                    -0.00054108776385,
                    -0.000377989956178,
                    0.000433609413449
                ],
                [
                    -0.000740015995689,
                    0.00235342630185,
                    -0.00154414831195,
                    0.000874372373801,
                    -0.0019548565615,
                    0.00351157202385,
                    -0.00633640913293,
                    0.0118994163349,
                    -0.00728566665202,
                    0.00408590305597,
                    -0.00119436217938,
                    0.00122083490714,
                    -0.00151453155559
                ],
                [
                    0.000447842117865,
                    -0.0019255913794,
                    0.00127172260545,
                    -0.00233696890064,
                    0.0013835899299,
                    -0.00246452307329,
                    0.00371177052148,
                    -0.00728566665202,
                    0.0123659716919,
                    -0.00540565047413,
                    0.00296668941155,
                    -0.0015374844661,
                    0.000457790971268
                ],
                [
                    -0.000372639711713,
                    0.00149224360939,
                    -0.00175668345764,
                    0.00196538236924,
                    -0.00183726823889,
                    0.000697101815604,
                    -0.00203184783459,
                    0.00408590305597,
                    -0.00540565047413,
                    0.0124127576128,
                    -0.00383091857657,
                    0.00220405962318,
                    -0.00105187692679
                ],
                [
                    0.00016876841255,
                    -0.00100045849103,
                    0.00134746707045,
                    -0.00250876368955,
                    0.00232834066264,
                    -0.000672064838,
                    -0.00054108776385,
                    -0.00119436217938,
                    0.00296668941155,
                    -0.00383091857657,
                    0.0108780525625,
                    -0.00244188867509,
                    0.0010071323486
                ],
                [
                    -0.000133498164359,
                    0.00115896062925,
                    -0.00151244970039,
                    0.000787203782238,
                    -0.00146207702346,
                    0.000943537801504,
                    -0.000377989956178,
                    0.00122083490714,
                    -0.0015374844661,
                    0.00220405962318,
                    -0.00244188867509,
                    0.0119472732767,
                    -0.00432842737064
                ],
                [
                    0.000162411219208,
                    -0.00091224827338,
                    0.000875031924807,
                    -8.29508717288e-05,
                    -0.00011073386122,
                    0.000278303283267,
                    0.000433609413449,
                    -0.00151453155559,
                    0.000457790971268,
                    -0.00105187692679,
                    0.0010071323486,
                    -0.00432842737064,
                    0.0127615155652
                ]
            ],
            "mean": [
                -1.32406997681,
                65.2469406128,
                -113.91443634,
                35.5689926147,
                -62.6660842896,
                11.9714670181,
                -41.6575965881,
                17.2537326813,
                -31.0575351715,
                4.82144832611,
                -13.1276655197,
                2.08700323105,
                -11.8674564362
            ]
        },
        "hfc": {
            "dmean": 7.9163851738,
            "dmean2": 11.3436012268,
            "dvar": 117.117988586,
            "dvar2": 227.189498901,
            "max": 166.442367554,
            "mean": 25.3702735901,
            "median": 23.7890300751,
            "min": 1.15659887258e-16,
            "var": 396.79977417
        },
        "melbands": {
            "dmean": [
                0.00131322967354,
                0.00125334202312,
                0.000334187614499,
                0.000355709198629,
                0.000406136125093,
                0.000189466532902,
                0.00015329841699,
                0.000142617253005,
                0.000174733257154,
                0.000106012550532,
                9.4708535471e-05,
                7.52721171011e-05,
                4.55839217466e-05,
                3.94933085772e-05,
                3.14131793857e-05,
                3.18825477734e-05,
                2.0380877686e-05,
                2.22176568059e-05,
                2.25109452003e-05,
                2.22791277338e-05,
                2.20978799916e-05,
                2.18125314859e-05,
                1.79345206561e-05,
                1.68296137417e-05,
                1.6962423615e-05,
                9.59113003773e-06,
                1.08404383354e-05,
                1.39560743264e-05,
                6.76293393553e-06,
