{
    "lowlevel": {
        "average_loudness": 0.872356832027,
        "barkbands": {
            "dmean": [
                0.000106119070551,
                0.00272959354334,
                0.00352126802318,
                0.000987757695839,
                0.00238191103563,
                0.00136836431921,
                0.000711281609256,
                0.000982926110737,
                0.00121808575932,
                0.00118350773118,
                0.000478501897305,
                0.000455970992334,
                0.000645373947918,
                0.000231029349379,
                0.000245081668254,
                0.000149186394992,
                0.000154406545334,
                9.32168186409e-05,
                0.000103496393422,
                0.000143867044244,
                0.000147348080645,
                0.00012422267173,
                8.1566235167e-05,
                8.73498574947e-05,
                4.93276893394e-05,
                1.33606818054e-05,
                2.24844052354e-06
            ],
            "dmean2": [
                0.000185690965736,
                0.00444228667766,
                0.00631037866697,
                0.00170333427377,
                0.00417483458295,
                0.00213794130832,
                0.00107673532329,
                0.00154962309171,
                0.00192176655401,
                0.0018630392151,
                0.000754522974603,
                0.000742906064261,
                0.00105900957715,
                0.000374706229195,
                0.000403142126743,
                0.000238993903622,
                0.000248610653216,
                0.000155767309479,
                0.000163604592672,
                0.000227294600336,
                0.00022251617338,
                0.000191156665096,
                0.000113206631795,
                0.000124460464576,
                6.97530049365e-05,
                1.89841248357e-05,
                3.51801531906e-06
            ],
            "dvar": [
                4.68419862898e-08,
                3.99574746552e-05,
                0.000117141775263,
                3.99849204769e-06,
                3.54372314177e-05,
                9.15409145819e-06,
                6.07598849456e-06,
                5.2483210311e-06,
                1.13365340439e-05,
                1.42098879223e-05,
                1.25701012621e-06,
                1.36217158797e-06,
                3.33891830451e-06,
                4.30654523598e-07,
                3.64358101024e-07,
                1.72718429781e-07,
                1.20580210705e-07,
                3.58276821544e-08,
                6.46134523663e-08,
                1.20534267012e-07,
                1.30146673882e-07,
                1.01303321287e-07,
                4.03041227059e-08,
                6.54762857266e-08,
                2.12518092013e-08,
                7.53038409407e-10,
                3.09128209142e-11
            ],
            "dvar2": [
                1.27543913209e-07,
                8.96591373021e-05,
                0.000332428753609,
                1.11413828563e-05,
                9.99264666461e-05,
                2.0771054551e-05,
                1.26484846987e-05,
                1.24411899378e-05,
                2.71949811577e-05,
                3.42019338859e-05,
                2.81881466435e-06,
                3.5714592741e-06,
                8.71900283528e-06,
                1.04369894416e-06,
                8.86360112418e-07,
                4.04989151548e-07,
                2.62494523895e-07,
                9.68164854953e-08,
                1.40478846333e-07,
                2.80639909533e-07,
                2.80429759414e-07,
                2.12893269236e-07,
                7.77115047867e-08,
                1.4325158304e-07,
                3.8168593619e-08,
                1.60367108482e-09,
                7.47063938489e-11
            ],
            "max": [
                0.00239247409627,
                0.075823917985,
                0.100329741836,
                0.0443624556065,
                0.0827964544296,
                0.0865784361959,
                0.114379584789,
                0.0430513843894,
                0.0650104880333,
                0.0843735933304,
                0.0349199958146,
                0.0287192091346,
                0.0465110875666,
                0.0139373634011,
                0.0236619506031,
                0.0198864061385,
                0.0186684839427,
                0.00694877607748,
                0.0176704246551,
                0.0112352957949,
                0.0127590401098,
                0.0126925297081,
                0.0094779189676,
                0.0113070858642,
                0.00711620785296,
                0.000671118381433,
                9.15784548852e-05
            ],
            "mean": [
                0.00011104872101,
                0.00383926415816,
                0.00362648954615,
                0.00136802380439,
                0.0032348362729,
                0.00270031066611,
                0.00136500969529,
                0.00169022858609,
                0.00211341818795,
                0.00192831701133,
                0.000958924356382,
                0.000794834981207,
                0.00105707091279,
                0.000380330340704,
                0.00043736686348,
                0.000292479700875,
                0.000299739127513,
                0.000198630819796,
                0.000221935464651,
                0.000283663946902,
                0.000304583023535,
                0.000283884292003,
                0.000166631769389,
                0.000175359353307,
                9.82523997664e-05,
                2.39311721089e-05,
                2.44473289968e-06
            ],
            "median": [
                2.33463306358e-05,
                0.00193620787468,
                0.00102703645825,
                0.000578626524657,
                0.00181409611832,
                0.00113225239329,
                0.000466541649075,
                0.000533657672349,
                0.00036590298987,
                0.000423346849857,
                0.000306914822431,
                0.000212074519368,
                0.00017566466704,
                0.000136367729283,
                0.000213893988985,
                0.000136356786243,
                0.000163098680787,
                0.000122958852444,
                0.000144048710354,
                0.000163296819665,
                0.000163377830177,
                0.00015147747763,
                7.93660874479e-05,
                7.17559451004e-05,
                4.0906445065e-05,
                9.45693591348e-06,
                3.83434439755e-07
            ],
            "min": [
                1.88360028451e-25,
                1.42017682134e-24,
                4.74130105245e-25,
                7.96418389908e-25,
                7.02870333386e-24,
                7.08559282691e-24,
                2.64888447921e-24,
                4.99576894363e-24,
                1.2823945334e-23,
                1.20195912006e-23,
                4.74935759027e-24,
                1.92187200445e-23,
                2.37032002309e-23,
                2.80040730416e-23,
                4.63498632742e-23,
                4.67155571017e-23,
                6.9931332801e-23,
                8.06985016073e-23,
                1.1551822874e-22,
                1.77309703446e-22,
                2.40559258162e-22,
                2.7587223162e-22,
                3.8454333703e-22,
                5.69482852665e-22,
                8.37771795958e-22,
                1.31776495487e-21,
                1.93030855628e-21
            ],
            "var": [
                4.63920741822e-08,
                4.78209658468e-05,
                8.03979783086e-05,
                5.58635201742e-06,
                2.80081858364e-05,
                2.74259637081e-05,
                2.08202745853e-05,
                1.28119054352e-05,
                2.89511535811e-05,
                3.00166957459e-05,
                4.49673871117e-06,
                3.06967217512e-06,
                7.54822531235e-06,
                8.54992663335e-07,
                1.01474938674e-06,
                6.16592672031e-07,
                3.35707710519e-07,
                9.88638504396e-08,
                1.50404858346e-07,
                2.14602323467e-07,
                2.90371758638e-07,
                2.60453020928e-07,
                1.09641383972e-07,
                1.77630155918e-07,
                6.63559376335e-08,
                1.76296433008e-09,
                3.52301694762e-11
            ]
        },
        "barkbands_crest": {
            "dmean": 2.4762468338,
            "dmean2": 4.07364463806,
            "dvar": 5.5860710144,
            "dvar2": 14.6396093369,
            "max": 26.0747623444,
            "mean": 9.63621520996,
            "median": 8.61904621124,
            "min": 2.76613354683,
            "var": 17.6182117462
        },
        "barkbands_flatness_db": {
            "dmean": 0.018826123327,
            "dmean2": 0.0286314077675,
            "dvar": 0.00031247996958,
            "dvar2": 0.000716973969247,
            "max": 0.397350132465,
            "mean": 0.12210624665,
            "median": 0.113565251231,
            "min": 0.0226259417832,
            "var": 0.00240637152456
        },
        "barkbands_kurtosis": {
            "dmean": 2.96673321724,
            "dmean2": 4.70568370819,
            "dvar": 42.0592498779,
            "dvar2": 100.973937988,
            "max": 202.330352783,
            "mean": 5.18224191666,
            "median": 1.96413564682,
            "min": -1.87059950829,
            "var": 157.578704834
        },
        "barkbands_skewness": {
            "dmean": 0.490228921175,
            "dmean2": 0.771380841732,
            "dvar": 0.324783056974,
            "dvar2": 0.753266274929,
            "max": 11.7906980515,
            "mean": 1.57097887993,
            "median": 1.35723090172,
            "min": -2.22833681107,
            "var": 1.70957064629
        },
        "barkbands_spread": {
            "dmean": 5.0664973259,
            "dmean2": 7.69881486893,
            "dvar": 34.2821578979,
            "dvar2": 74.845085144,
            "max": 97.7054443359,
            "mean": 21.521697998,
            "median": 19.347492218,
            "min": 0.483825087547,
            "var": 166.768417358
        },
        "dissonance": {
            "dmean": 0.0185874588788,
            "dmean2": 0.0314882621169,
            "dvar": 0.000375588104362,
            "dvar2": 0.00104393332731,
            "max": 0.500000059605,
            "mean": 0.462966710329,
            "median": 0.472029447556,
            "min": 0.239088818431,
            "var": 0.00101002492011
        },
        "dynamic_complexity": 3.56435084343,
        "erbbands": {
            "dmean": [
                0.0720426365733,
                0.679838001728,
                3.59005355835,
                3.65452837944,
                5.44102430344,
                9.19381332397,
                8.32055091858,
                11.8645038605,
                11.7569084167,
                12.5641679764,
                23.7043819427,
                31.3573818207,
                28.0247402191,
                30.7117671967,
                17.9319648743,
                22.9810314178,
                30.566526413,
                12.8140172958,
                12.1068410873,
                9.84660625458,
                7.57929706573,
                7.03625631332,
                5.64073038101,
                4.78752803802,
                5.37789106369,
                7.16765928268,
                6.14867067337,
                5.67339801788,
                4.62247133255,
                3.20581126213,
                2.17712450027,
                1.89672684669,
                1.48231005669,
                0.79104411602,
                0.219991162419,
                0.0735138654709,
                0.0220795795321,
                0.0043604709208,
                0.000405174854677,
                2.07526209124e-05
            ],
            "dmean2": [
                0.117628768086,
                1.1140460968,
                6.35240697861,
                6.42880773544,
                9.45758152008,
                16.4030685425,
                13.2389745712,
                18.9337596893,
                17.6057415009,
                20.2324790955,
                36.838432312,
                48.767780304,
                44.5747261047,
                47.7123832703,
                28.5035190582,
                37.3082847595,
                50.3236846924,
                20.683298111,
                20.0934562683,
                15.9163818359,
                12.23254776,
                11.3997545242,
                9.32932186127,
                7.79835700989,
                8.41477108002,
                11.3597593307,
                9.47397613525,
                8.59100246429,
                7.13756084442,
                4.72646188736,
                3.04667663574,
                2.73724651337,
                2.10994720459,
                1.12405157089,
                0.310473710299,
                0.105250030756,
                0.0315517410636,
                0.00629168236628,
                0.000652176328003,
                3.25413748214e-05
            ],
            "dvar": [
                0.0227429624647,
                2.77410769463,
                120.332023621,
                84.4334869385,
                125.836265564,
                654.47467041,
                359.281219482,
                782.868530273,
                1681.53442383,
                1016.59442139,
                3211.67626953,
                8119.25195312,
                8503.52148438,
                13030.7089844,
                1508.54272461,
                3195.41674805,
                7968.86669922,
                1214.41271973,
                872.922241211,
                966.140625,
                379.961303711,
                233.677764893,
                130.302810669,
                105.382598877,
                209.7684021,
                298.377044678,
                265.816375732,
                181.582870483,
                136.766448975,
                77.6389923096,
                26.8205013275,
                26.9095611572,
                24.4418296814,
                6.31937932968,
                0.278525769711,
                0.0239987727255,
                0.0021984889172,
                8.12806028989e-05,
                1.08297399493e-06,
                1.59478030781e-09
            ],
            "dvar2": [
                0.0530803576112,
                6.32278108597,
                334.070495605,
                239.739593506,
                350.846069336,
                1865.82324219,
                851.388244629,
                1878.07312012,
                3674.72241211,
                2424.3059082,
                7643.80419922,
                19028.1484375,
                21500.328125,
                30075.5058594,
                3512.87695312,
                8381.74316406,
                21086.2636719,
                2921.09765625,
                2227.81811523,
                2290.390625,
                875.82635498,
                511.082122803,
                344.012115479,
                243.449661255,
                490.307128906,
                720.907226562,
                605.257568359,
                384.546356201,
                287.958374023,
                152.55947876,
                51.7012748718,
                58.8661231995,
                56.0258560181,
                11.4782018661,
                0.555627644062,
                0.0499461628497,
                0.00481986487284,
                0.000174952947418,
                2.64297295871e-06,
                3.9684189268e-09
            ],
            "max": [
                1.69811952114,
                19.3533382416,
                110.734779358,
                121.00037384,
                185.786682129,
                362.83883667,
                609.551269531,
                882.16973877,
                1695.47180176,
                1059.25964355,
                1092.82312012,
                1808.52929688,
                2073.92529297,
                3074.16479492,
                1477.88098145,
                1474.80053711,
                2378.359375,
                796.308898926,
                1225.7175293,
                1583.04492188,
                872.067321777,
                820.90814209,
                471.605987549,
                829.414428711,
                731.841064453,
                472.8855896,
                557.257629395,
                485.573272705,
                456.516143799,
                569.80267334,
                236.589111328,
                174.383911133,
                248.86567688,
                119.542533875,
                20.9206466675,
                5.22101545334,
                0.900266945362,
                0.13903914392,
                0.0180257502943,
                0.000674392620567
            ],
            "mean": [
                0.0953477695584,
                0.937941253185,
                3.76440358162,
                4.87039375305,
                7.34290885925,
                10.998717308,
                15.479801178,
                22.2167873383,
                24.0211753845,
                23.6408786774,
                41.2538566589,
                56.5254135132,
                47.8804893494,
                52.5097770691,
                38.6041641235,
                42.3872108459,
                52.2146224976,
                23.0531139374,
                21.4732189178,
                20.447429657,
                16.1949234009,
                14.8721885681,
                12.9007968903,
                10.6964769363,
                11.6090993881,
                13.8323955536,
                12.5732889175,
                11.7724542618,
                10.4250421524,
                7.2680478096,
                4.48945808411,
                3.55380415916,
                2.97145175934,
                1.56069922447,
                0.436262965202,
                0.137684822083,
                0.0375382900238,
                0.0065278080292,
                0.000434878660599,
                4.59466427856e-05
            ],
            "median": [
                0.0374113880098,
                0.453783005476,
                1.16660189629,
                2.05626583099,
                3.68385696411,
                5.43748855591,
                6.62485647202,
                9.12098503113,
                8.57007980347,
                9.97079563141,
                11.7927217484,
                10.5761480331,
                13.4314050674,
                13.671995163,
                15.4284362793,
                12.549870491,
                10.2800998688,
                8.63265800476,
                10.0362863541,
                9.64570045471,
                8.32891941071,
                8.63226985931,
                8.02373790741,
                7.37012529373,
                7.33390569687,
                7.82309341431,
                6.72433185577,
                6.26248455048,
                5.62037086487,
                3.60379481316,
                2.07224917412,
                1.37250912189,
                1.22140038013,
                0.628374278545,
                0.189022913575,
                0.0565673261881,
                0.0147906970233,
                0.00202450412326,
                7.96511230874e-05,
                3.45236512658e-05
            ],
            "min": [
                5.79051104356e-23,
                3.94915204481e-22,
                6.20252072502e-22,
                2.27372684514e-21,
                4.0917615872e-21,
                1.87205399814e-20,
                4.70450055349e-20,
                7.26750998796e-20,
                6.55079223763e-20,
                1.33026009963e-19,
                1.45042010358e-19,
                4.29896414294e-19,
                4.17372615477e-19,
                5.0614974887e-19,
                7.60384020331e-19,
                1.29703016063e-18,
                1.4275801476e-18,
                1.99243759288e-18,
                2.78472110975e-18,
                2.5711168126e-18,
                4.13248639324e-18,
                4.98256047002e-18,
                4.43833394319e-18,
                5.92526140461e-18,
                6.54541235832e-18,
                8.37896902825e-18,
                8.64216797299e-18,
                8.4226863508e-18,
                9.95218962553e-18,
                9.68016962673e-18,
                1.11532641468e-17,
                9.12654343301e-18,
                9.23761228258e-18,
                8.48605831189e-18,
                4.98096897452e-18,
                4.29656924827e-18,
                2.47243768104e-18,
                9.3338398576e-19,
                2.51816060639e-19,
                2.71346324814e-20
            ],
            "var": [
                0.0279521476477,
                3.15040230751,
                86.2568893433,
                78.4377822876,
                129.040756226,
                459.173370361,
                924.813720703,
                2022.68664551,
                5553.76318359,
                3274.34863281,
                6935.19677734,
                21028.1972656,
                16820.640625,
                27218.8183594,
                5831.21386719,
                7228.16503906,
                17290.2148438,
                2616.46166992,
                1656.30126953,
                3849.68530273,
                1339.18505859,
                678.964538574,
                445.685424805,
                273.424285889,
                445.313995361,
                484.329101562,
                525.258728027,
                435.587768555,
                351.441680908,
                203.021850586,
                74.6433792114,
                61.8482971191,
                65.4865341187,
                19.4762973785,
                0.834011316299,
                0.0634793639183,
                0.00443952856585,
                0.000144438658026,
                1.18056652809e-06,
                2.3669934901e-09
            ]
        },
        "erbbands_crest": {
            "dmean": 2.78535699844,
            "dmean2": 4.4773607254,
            "dvar": 7.93130874634,
            "dvar2": 20.0094642639,
            "max": 31.2284622192,
            "mean": 10.0158843994,
            "median": 8.34890365601,
            "min": 2.16666865349,
            "var": 33.9292984009
        },
        "erbbands_flatness_db": {
            "dmean": 0.0157013759017,
            "dmean2": 0.0231707021594,
            "dvar": 0.000202774506761,
            "dvar2": 0.000445148092695,
            "max": 0.357993155718,
            "mean": 0.155986145139,
            "median": 0.149158075452,
            "min": 0.0593577027321,
            "var": 0.00283552356996
        },
        "erbbands_kurtosis": {
            "dmean": 1.23252248764,
            "dmean2": 1.92854380608,
            "dvar": 5.46072387695,
            "dvar2": 12.723118782,
            "max": 131.626449585,
            "mean": 1.41929268837,
            "median": -0.0055673122406,
            "min": -1.72585344315,
            "var": 24.2201881409
        },
        "erbbands_skewness": {
            "dmean": 0.353937774897,
            "dmean2": 0.544248819351,
            "dvar": 0.125736624002,
            "dvar2": 0.292902737856,
            "max": 9.544090271,
            "mean": 0.700953066349,
            "median": 0.56124818325,
            "min": -2.95533108711,
            "var": 0.970874726772
        },
        "erbbands_spread": {
            "dmean": 7.39017438889,
            "dmean2": 11.5131874084,
            "dvar": 59.377407074,
            "dvar2": 136.871063232,
            "max": 122.821754456,
            "mean": 37.3786964417,
            "median": 34.3286399841,
            "min": 1.87381660938,
            "var": 352.901062012
        },
        "gfcc": {
            "cov": [
                [
                    26378.1386719,
                    1369.55615234,
                    -176.41986084,
                    1593.49523926,
                    -1087.47241211,
                    895.635620117,
                    -578.005126953,
                    253.477722168,
                    -307.439056396,
                    291.738830566,
                    -396.949615479,
                    -54.7411689758,
                    -353.98425293
                ],
                [
                    1369.55615234,
                    866.411987305,
                    99.9159469604,
                    91.2695465088,
                    -41.216884613,
                    -124.629981995,
                    -117.312690735,
                    -80.9943389893,
                    -15.5044136047,
                    -60.776473999,
                    24.1097812653,
                    -43.0763206482,
                    -32.4702262878
                ],
                [
                    -176.41986084,
                    99.9159469604,
                    1221.17175293,
                    407.703643799,
                    208.84286499,
                    82.9278564453,
                    -57.922164917,
                    39.9748001099,
                    111.66872406,
                    75.4860305786,
                    33.3578186035,
                    -2.14399623871,
                    -29.0263690948
                ],
                [
                    1593.49523926,
                    91.2695465088,
                    407.703643799,
                    545.538452148,
                    176.010162354,
                    152.920852661,
                    -16.0014762878,
                    71.4244384766,
                    75.4164581299,
                    75.8414611816,
                    -28.428144455,
                    -14.8565340042,
                    -7.35890674591
                ],
                [
                    -1087.47241211,
                    -41.216884613,
                    208.84286499,
                    176.010162354,
                    354.877044678,
                    93.9294433594,
                    95.5970916748,
                    52.4519233704,
                    80.3208236694,
                    36.5045433044,
                    16.4567680359,
                    13.8872346878,
                    22.4456748962
                ],
                [
                    895.635620117,
                    -124.629981995,
                    82.9278564453,
                    152.920852661,
                    93.9294433594,
                    304.231811523,
                    161.264266968,
                    103.7576828,
                    32.1727104187,
                    58.7194442749,
                    -19.3670368195,
                    6.54859638214,
                    -19.0839805603
                ],
                [
                    -578.005126953,
                    -117.312690735,
                    -57.922164917,
                    -16.0014762878,
                    95.5970916748,
                    161.264266968,
                    275.49230957,
                    90.6427764893,
                    23.7678165436,
                    19.4126091003,
                    3.4030020237,
                    0.745312392712,
                    -12.3295135498
                ],
                [
                    253.477722168,
                    -80.9943389893,
                    39.9748001099,
                    71.4244384766,
                    52.4519233704,
                    103.7576828,
                    90.6427764893,
                    128.122589111,
                    44.3503112793,
                    29.2036628723,
                    -6.87251567841,
                    3.78590631485,
                    -8.73794269562
                ],
                [
                    -307.439056396,
                    -15.5044136047,
                    111.66872406,
                    75.4164581299,
                    80.3208236694,
                    32.1727104187,
                    23.7678165436,
                    44.3503112793,
                    112.742668152,
                    40.4007492065,
                    0.918019890785,
                    1.86705684662,
                    12.4575576782
                ],
                [
                    291.738830566,
                    -60.776473999,
                    75.4860305786,
                    75.8414611816,
                    36.5045433044,
                    58.7194442749,
                    19.4126091003,
                    29.2036628723,
                    40.4007492065,
                    85.3181228638,
                    12.7654542923,
                    12.0987873077,
                    4.88635349274
                ],
                [
                    -396.949615479,
                    24.1097812653,
                    33.3578186035,
                    -28.428144455,
                    16.4567680359,
                    -19.3670368195,
                    3.4030020237,
                    -6.87251567841,
                    0.918019890785,
                    12.7654542923,
                    81.639755249,
                    30.4611091614,
                    8.4233379364
                ],
                [
                    -54.7411689758,
                    -43.0763206482,
                    -2.14399623871,
                    -14.8565340042,
                    13.8872346878,
                    6.54859638214,
                    0.745312392712,
                    3.78590631485,
                    1.86705684662,
                    12.0987873077,
                    30.4611091614,
                    68.5873260498,
                    24.2256736755
                ],
                [
                    -353.98425293,
                    -32.4702262878,
                    -29.0263690948,
                    -7.35890674591,
                    22.4456748962,
                    -19.0839805603,
                    -12.3295135498,
                    -8.73794269562,
                    12.4575576782,
                    4.88635349274,
                    8.4233379364,
                    24.2256736755,
                    76.5224227905
                ]
            ],
            "icov": [
                [
                    0.000194237582036,
                    -0.000374637456844,
                    0.000195734479348,
                    -0.000561720342375,
                    0.000705641054083,
                    -0.000703180616256,
                    0.000589249830227,
                    -0.000467528705485,
                    0.000634711759631,
                    -0.000741590396501,
                    0.000696213101037,
                    -0.000618083286099,
                    0.000482053525047
                ],
                [
                    -0.000374637456844,
                    0.00226826057769,
                    -0.000346362357959,
                    0.000377718592063,
                    -0.00111470371485,
                    0.00170196546242,
                    -0.00105768593494,
                    0.00163701432757,
                    -0.00170016556513,
                    0.00277532706968,
                    -0.00252673984505,
                    0.00198257993907,
                    -0.00034763669828
                ],
                [
                    0.000195734479348,
                    -0.000346362357959,
                    0.00144990428817,
                    -0.00132757681422,
                    0.000378514872864,
                    -0.00078427727567,
                    0.00102727173362,
                    -0.000277441053186,
                    -8.97703575902e-05,
                    -0.000709511281457,
                    -0.000139643321745,
                    -0.000556384213269,
                    0.00125943520106
                ],
                [
                    -0.000561720342375,
                    0.000377718592063,
                    -0.00132757681422,
                    0.00565033173189,
                    -0.00344801833853,
                    0.000305636116536,
                    8.77286438481e-05,
                    -7.23400717106e-06,
                    -0.00145889574196,
                    8.15901366877e-05,
                    -0.00028607796412,
                    0.00242878124118,
                    -0.00180259917397
                ],
                [
                    0.000705641054083,
                    -0.00111470371485,
                    0.000378514872864,
                    -0.00344801833853,
                    0.00719508854672,
                    -0.00248774536885,
                    0.000255131133599,
                    -0.000905872264411,
                    0.000101577927126,
                    -0.00151481421199,
                    0.00143014476635,
                    -0.0026124487631,
                    0.000559811422136
                ],
                [
                    -0.000703180616256,
                    0.00170196546242,
                    -0.00078427727567,
                    0.000305636116536,
                    -0.00248774536885,
                    0.0100360941142,
                    -0.00576015980914,
                    -0.000298146303976,
                    -0.000827826734167,
                    2.73359273706e-05,
                    -0.000574347446673,
                    0.000634983531199,
                    -0.000533052836545
                ],
                [
                    0.000589249830227,
                    -0.00105768593494,
                    0.00102727173362,
                    8.77286438481e-05,
                    0.000255131133599,
                    -0.00576015980914,
                    0.00939914025366,
                    -0.00441884621978,
                    0.00197443459183,
                    -0.00164397933986,
                    0.000748003250919,
                    -0.000293778808555,
                    0.0019677891396
                ],
                [
                    -0.000467528705485,
                    0.00163701432757,
                    -0.000277441053186,
                    -7.23400717106e-06,
                    -0.000905872264411,
                    -0.000298146303976,
                    -0.00441884621978,
                    0.0150357410312,
                    -0.00594723969698,
                    0.00244479137473,
                    -0.00157303223386,
                    0.000325817614794,
                    0.000504314899445
                ],
                [
                    0.000634711759631,
                    -0.00170016556513,
                    -8.97703575902e-05,
                    -0.00145889574196,
                    0.000101577927126,
                    -0.000827826734167,
                    0.00197443459183,
                    -0.00594723969698,
                    0.0164985749871,
                    -0.00809712056071,
                    0.00383556936868,
                    -0.000938446610235,
                    -0.00085085851606
                ],
                [
                    -0.000741590396501,
                    0.00277532706968,
                    -0.000709511281457,
                    8.15901366877e-05,
                    -0.00151481421199,
                    2.73359273706e-05,
                    -0.00164397933986,
                    0.00244479137473,
                    -0.00809712056071,
                    0.0217528771609,
                    -0.00722940685228,
                    0.00157085980754,
                    -0.00182110758033
                ],
                [
                    0.000696213101037,
                    -0.00252673984505,
                    -0.000139643321745,
                    -0.00028607796412,
                    0.00143014476635,
                    -0.000574347446673,
                    0.000748003250919,
                    -0.00157303223386,
                    0.00383556936868,
                    -0.00722940685228,
                    0.0202925242484,
                    -0.00986222270876,
                    0.00217183353379
                ],
                [
                    -0.000618083286099,
                    0.00198257993907,
                    -0.000556384213269,
                    0.00242878124118,
                    -0.0026124487631,
                    0.000634983531199,
                    -0.000293778808555,
                    0.000325817614794,
                    -0.000938446610235,
                    0.00157085980754,
                    -0.00986222270876,
                    0.0229709278792,
                    -0.00721502210945
                ],
                [
                    0.000482053525047,
                    -0.00034763669828,
                    0.00125943520106,
                    -0.00180259917397,
                    0.000559811422136,
                    -0.000533052836545,
                    0.0019677891396,
                    0.000504314899445,
                    -0.00085085851606,
                    -0.00182110758033,
                    0.00217183353379,
                    -0.00721502210945,
                    0.0178322438151
                ]
            ],
            "mean": [
                -9.66210746765,
                79.9288330078,
                -122.559417725,
                26.8298950195,
                -70.7016525269,
                14.5820941925,
                -36.5830001831,
                5.53338956833,
                -27.3277645111,
                0.935883104801,
                -16.88621521,
                -0.0629752054811,
                -9.90024280548
            ]
        },
        "hfc": {
            "dmean": 6.35049629211,
            "dmean2": 9.31082344055,
            "dvar": 97.95262146,
            "dvar2": 202.42427063,
            "max": 281.770446777,
            "mean": 22.8892879486,
            "median": 18.0604534149,
            "min": 1.08347279771e-16,
            "var": 446.334564209
        },
        "melbands": {
            "dmean": [
                0.000673839240335,
                0.00150211015716,
                0.000631828675978,
                0.000567465263885,
                0.000304744113237,
                0.000267027819064,
                0.000169693114003,
                0.000150708627189,
                0.000215878651943,
                0.000178018817678,
                0.00014092141646,
                0.000130906220875,
                6.71722737025e-05,
                5.33295242349e-05,
                7.30434258003e-05,
                4.88595796924e-05,
                2.47828083957e-05,
                2.01504790311e-05,
                1.38937730298e-05,
                1.30367961901e-05,
                9.27642031456e-06,
                7.54433540351e-06,
                8.11839254311e-06,
                4.58792601421e-06,
                4.21884942625e-06,
                4.0962922867e-06,
                4.93966581416e-06,
