{
    "lowlevel": {
        "average_loudness": 0.724512696266,
        "barkbands": {
            "dmean": [
                0.000503472052515,
                0.00630240188912,
                0.00265592895448,
                0.00181442126632,
                0.00194391363766,
                0.00156349991448,
                0.00115332833957,
                0.000757642206736,
                0.000635461241473,
                0.000323498563375,
                0.000447090831585,
                0.000558993779123,
                0.00054249673849,
                0.000372944254195,
                0.000373557559215,
                0.000265073002083,
                0.00023118063109,
                0.000146525388118,
                0.000189833663171,
                0.000177452384378,
                0.000171999956365,
                0.000167912483448,
                0.000195128232008,
                0.000255281309364,
                0.000305056164507,
                0.000158219831064,
                7.76291853981e-05
            ],
            "dmean2": [
                0.000633040966932,
                0.00945154577494,
                0.00478153536096,
                0.00316592259333,
                0.00296253385022,
                0.00254388642497,
                0.00176709261723,
                0.00120971386787,
                0.000978605123237,
                0.000495256972499,
                0.000672615598887,
                0.000892055395525,
                0.000869668030646,
                0.000600646366365,
                0.000594748882577,
                0.000420490017859,
                0.000360670383088,
                0.000230889869272,
                0.000302564381855,
                0.000280344916973,
                0.000269278796623,
                0.000257342966506,
                0.000306189118419,
                0.000393266032916,
                0.000483604439069,
                0.000250027689617,
                0.000131547945784
            ],
            "dvar": [
                2.57399051407e-06,
                0.000691849447321,
                0.000228972145123,
                4.85966411361e-05,
                1.66606678249e-05,
                1.0419083992e-05,
                3.93167920265e-06,
                3.65108553524e-06,
                2.4229243536e-06,
                6.23280470791e-07,
                1.47408593421e-06,
                2.14325928027e-06,
                2.12634813579e-06,
                1.03793536255e-06,
                1.15247905796e-06,
                5.54131588615e-07,
                3.56559240799e-07,
                1.11677955772e-07,
                1.40602836041e-07,
                1.39046463232e-07,
                1.16552577367e-07,
                1.36487031455e-07,
                2.08345781516e-07,
                2.20992845357e-07,
                4.18695123017e-07,
                1.3744246985e-07,
                2.41269788148e-07
            ],
            "dvar2": [
                3.92792526327e-06,
                0.00130142399576,
                0.000647996668704,
                0.00014514583745,
                4.25564903708e-05,
                2.87186394416e-05,
                9.08551919565e-06,
                8.83483244252e-06,
                5.60976923225e-06,
                1.32027969357e-06,
                2.88854039354e-06,
                5.31882369614e-06,
                5.15883448315e-06,
                2.54511633102e-06,
                2.847370979e-06,
                1.3499366105e-06,
                8.53907749843e-07,
                2.71046019407e-07,
                3.41517221614e-07,
                3.44651283513e-07,
                2.74453896054e-07,
                3.08165908791e-07,
                5.04554122926e-07,
                5.29145552264e-07,
                1.06042341486e-06,
                3.31797480158e-07,
                6.42106783744e-07
            ],
            "max": [
                0.0297469012439,
                0.307208120823,
                0.203389406204,
                0.102782323956,
                0.0615655034781,
                0.0385844931006,
                0.0316309593618,
                0.0424350462854,
                0.0338890850544,
                0.0260154101998,
                0.0322504378855,
                0.0306530483067,
                0.0187425073236,
                0.0167990941554,
                0.0191238410771,
                0.0145010324195,
                0.0148962354288,
                0.00936112180352,
                0.00530997291207,
                0.00752330385149,
                0.00688880402595,
                0.00935927592218,
                0.00641058385372,
                0.00648583564907,
                0.00588555866852,
                0.00487733772025,
                0.0183638203889
            ],
            "mean": [
                0.00195015326608,
                0.0159903950989,
                0.00258643901907,
                0.00257999985479,
                0.00350477988832,
                0.00255913543515,
                0.00212075607851,
                0.00105193036143,
                0.000982095487416,
                0.000483455485664,
                0.000666736974381,
                0.000741149066016,
                0.000598574755713,
                0.000413222092902,
                0.00042627134826,
                0.000309334893245,
                0.000300683663227,
                0.000220931877266,
                0.000299774343148,
                0.00029291518149,
                0.000277143582935,
                0.000237569081946,
                0.00024463358568,
                0.000429948529927,
                0.000426448037615,
                0.00020066878642,
                5.94922639721e-05
            ],
            "median": [
                1.64001392022e-06,
                0.000109474392957,
                0.000526223680936,
                0.0010584758129,
                0.00163045385852,
                0.00131131138187,
                0.000956875970587,
                0.000263110530796,
                0.000235701591009,
                0.000136809409014,
                0.00010743833991,
                0.000124652884551,
                7.56864028517e-05,
                7.10238018655e-05,
                8.33316225908e-05,
                6.04620981903e-05,
                9.01477324078e-05,
                5.0951835874e-05,
                0.000123217090731,
                0.000104721068055,
                8.60162326717e-05,
                4.42604396085e-05,
                6.57898854115e-05,
                0.000188914695173,
                0.000197083878447,
                7.00121090631e-05,
                3.03345973407e-06
            ],
            "min": [
                2.86563209874e-24,
                3.14360439642e-24,
                4.91220924668e-24,
                4.87605101823e-24,
                1.71417423666e-23,
                1.43280916656e-23,
                1.71973870371e-23,
                1.84911362767e-23,
                3.70929465829e-23,
                2.53241516189e-23,
                2.5492120616e-23,
                4.40529716863e-23,
                3.4169854053e-23,
                3.85530997194e-23,
                5.64719205648e-23,
                8.82521287647e-23,
                3.84328426076e-23,
                1.46260075108e-22,
                1.60029699007e-22,
                2.09629359977e-22,
                2.59194752829e-22,
                4.48625323017e-22,
                4.13046156335e-22,
                6.90621343012e-22,
                9.14314174419e-22,
                1.28888057932e-21,
                2.20552402649e-21
            ],
            "var": [
                1.75486620719e-05,
                0.00150302378461,
                0.000138409275678,
                3.2891122828e-05,
                2.5849789381e-05,
                1.25846008814e-05,
                9.66159768723e-06,
                5.0928492783e-06,
                4.53009351986e-06,
                1.25555732211e-06,
                3.24212874148e-06,
                3.43203055309e-06,
                2.4935395686e-06,
                1.2254364492e-06,
                1.17661011245e-06,
                6.61025751469e-07,
                4.46439230473e-07,
                2.39835856064e-07,
                2.18151953391e-07,
                2.73207035661e-07,
                2.53119935678e-07,
                2.55213507216e-07,
                2.35843046426e-07,
                3.60092599294e-07,
                4.75584442938e-07,
                1.63435643685e-07,
                1.72362874196e-07
            ]
        },
        "barkbands_crest": {
            "dmean": 2.53318071365,
            "dmean2": 3.81144475937,
            "dvar": 7.71328926086,
            "dvar2": 16.0936546326,
            "max": 26.9096298218,
            "mean": 11.7279949188,
            "median": 10.9065799713,
            "min": 2.19860434532,
            "var": 26.6040763855
        },
        "barkbands_flatness_db": {
            "dmean": 0.0286080725491,
            "dmean2": 0.0392958074808,
            "dvar": 0.0010281058494,
            "dvar2": 0.00183922494762,
            "max": 0.489571690559,
            "mean": 0.153232455254,
            "median": 0.137961059809,
            "min": 0.0112440455705,
            "var": 0.00582195166498
        },
        "barkbands_kurtosis": {
            "dmean": 8.18538093567,
            "dmean2": 12.1927852631,
            "dvar": 1369.58630371,
            "dvar2": 2692.75024414,
            "max": 1898.50244141,
            "mean": 12.0652933121,
            "median": 4.0428519249,
            "min": -1.95269012451,
            "var": 2090.40844727
        },
        "barkbands_skewness": {
            "dmean": 0.86157977581,
            "dmean2": 1.2144947052,
            "dvar": 1.63838839531,
            "dvar2": 2.91274929047,
            "max": 42.1619796753,
            "mean": 2.28691673279,
            "median": 2.00356864929,
            "min": -6.04776716232,
            "var": 5.03264665604
        },
        "barkbands_spread": {
            "dmean": 9.06450462341,
            "dmean2": 13.8568716049,
            "dvar": 148.826278687,
            "dvar2": 334.717468262,
            "max": 147.060272217,
            "mean": 25.909948349,
            "median": 21.7861480713,
            "min": 0.210663288832,
            "var": 355.256530762
        },
        "dissonance": {
            "dmean": 0.0222272537649,
            "dmean2": 0.0356183238328,
            "dvar": 0.000479481881484,
            "dvar2": 0.00116377265658,
            "max": 0.499992251396,
            "mean": 0.447329580784,
            "median": 0.458160579205,
            "min": 0.190382555127,
            "var": 0.00172559765633
        },
        "dynamic_complexity": 3.95397520065,
        "erbbands": {
            "dmean": [
                0.246070444584,
                1.46955871582,
                2.98656129837,
                4.87719535828,
                5.54187774658,
                6.77009963989,
                10.850859642,
                11.6008338928,
                14.2852106094,
                18.9763298035,
                17.1250305176,
                12.8119068146,
                10.4753961563,
                14.0582742691,
                13.810667038,
                22.7473888397,
                25.5703258514,
                18.6041584015,
                20.1666946411,
                15.4034471512,
                14.8008136749,
                13.0935077667,
                8.65390205383,
                8.01236629486,
                9.12922477722,
                8.16602325439,
                7.93451976776,
                6.12424945831,
                5.81162929535,
                6.08125209808,
                5.49123811722,
                4.88801383972,
                4.78678369522,
                3.65703892708,
                2.06518435478,
                0.837216377258,
                0.240834087133,
                0.156820908189,
                0.00597763573751,
                0.000211697115446
            ],
            "dmean2": [
                0.312171339989,
                2.27704787254,
                5.129758358,
                8.59651470184,
                8.95023059845,
                10.3239107132,
                17.2676868439,
                19.0470962524,
                22.4211654663,
                28.8251266479,
                26.6880569458,
                19.8700256348,
                16.0547523499,
                21.1973400116,
                20.8901290894,
                36.3507385254,
                40.7267074585,
                29.7575721741,
                32.5695266724,
                24.2061138153,
                23.2103309631,
                20.5915470123,
                13.5889692307,
                12.7028589249,
                14.3806533813,
                12.9283761978,
                12.454668045,
                9.396692276,
                8.99263477325,
                9.5113697052,
                8.59532833099,
                7.47543001175,
                7.50197458267,
                5.87456846237,
                3.2837240696,
                1.31822860241,
                0.382465749979,
                0.267517805099,
                0.00993169285357,
                0.00034931814298
            ],
            "dvar": [
                0.987171769142,
                41.2092895508,
                252.742965698,
                464.069122314,
                272.978088379,
                209.766601562,
                390.236907959,
                832.823791504,
                888.557678223,
                1523.39794922,
                1668.05371094,
                1027.85693359,
                818.833312988,
                1237.4074707,
                1398.81628418,
                3691.55566406,
                4691.02441406,
                2623.45556641,
                3921.38378906,
                1539.50305176,
                1760.17749023,
                1210.10021973,
                428.125427246,
                264.926025391,
                352.802368164,
                323.180175781,
                278.860656738,
                155.450439453,
                171.844116211,
                199.784698486,
                169.984741211,
                76.6437454224,
                89.6760635376,
                63.1418876648,
                18.7775917053,
                2.86121082306,
                0.354738712311,
                0.887957632542,
                0.000861534790602,
                5.30045326741e-07
            ],
            "dvar2": [
                1.29973137379,
                99.1442718506,
                686.781188965,
                1355.72851562,
                781.034179688,
                508.706756592,
                1002.17932129,
                2321.1081543,
                2278.35131836,
                3390.09423828,
                4065.8046875,
                2378.58813477,
                1812.64526367,
                2575.35375977,
                2806.48144531,
                9254.11914062,
                11610.2578125,
                6454.00976562,
                10241.1347656,
                3402.77514648,
                4313.81445312,
                2926.17504883,
                1041.46069336,
                648.710205078,
                861.02532959,
                813.995605469,
                672.665771484,
                336.508758545,
                386.920562744,
                472.270233154,
                422.11050415,
                178.98475647,
                220.990341187,
                163.489562988,
                46.821598053,
                6.75259542465,
                0.86266297102,
                2.37424707413,
                0.00225308351219,
                1.35702998705e-06
            ],
            "max": [
                13.9498977661,
                83.0930328369,
                206.39541626,
                300.314788818,
                243.156234741,
                257.960601807,
                247.07875061,
                372.998565674,
                479.494842529,
                735.424926758,
                913.3125,
                818.561157227,
                794.478820801,
                1160.11853027,
                1198.59570312,
                1190.87768555,
                940.505554199,
                991.875549316,
                1106.91186523,
                411.540893555,
                779.557128906,
                1064.86083984,
                666.792663574,
                218.013839722,
                299.124237061,
                401.529052734,
                322.375244141,
                331.120849609,
                421.411346436,
                238.874359131,
                207.485412598,
                133.102676392,
                104.421768188,
                77.9850387573,
                42.0569076538,
                30.114818573,
                7.60910463333,
                30.906879425,
                0.976697564125,
                0.0160216595978
            ],
            "mean": [
                0.623818457127,
                2.83424019814,
                3.73671245575,
                6.40260267258,
                9.30705165863,
                12.0448350906,
                19.2356204987,
                18.4985122681,
                24.1565132141,
                33.1601257324,
                26.6338233948,
                19.8209667206,
                16.1142940521,
                22.7763748169,
                21.1443710327,
                29.6248474121,
                29.9046382904,
                22.0167732239,
                22.1146640778,
                19.2980213165,
                18.3917369843,
                17.9807376862,
                13.5183534622,
                12.6656417847,
                14.7686929703,
                13.6381816864,
                12.5754356384,
                10.2962064743,
                8.52931594849,
                7.67090129852,
                6.93539142609,
                7.9085650444,
                7.60734319687,
                5.08029794693,
                2.79447841644,
                1.14413702488,
                0.29610311985,
                0.122873529792,
                0.00503198988736,
                0.000223489201744
            ],
            "median": [
                0.00201251078397,
                0.0411479324102,
                0.579725265503,
                2.85034346581,
                4.4147644043,
                5.35543584824,
                8.89762783051,
                9.41296195984,
                11.6380615234,
                11.299202919,
                7.62179470062,
                5.71130275726,
                5.10401725769,
                5.1807308197,
                4.48754692078,
                5.19306564331,
                4.40294361115,
                4.30826568604,
                4.83232879639,
                4.19227838516,
                4.01565074921,
                5.27086877823,
                3.30730319023,
                5.2704000473,
                5.6399140358,
                4.92986440659,
                4.83338308334,
                2.37336325645,
                1.43662202358,
                1.89560294151,
                1.88668036461,
                2.88240218163,
                3.49012446404,
                2.28345632553,
                1.19317114353,
                0.438852399588,
                0.0956323519349,
                0.0106669254601,
                0.000604456989095,
                7.48754537199e-05
            ],
            "min": [
                1.66022189365e-22,
                8.20075310825e-22,
                4.59931121001e-21,
                1.64351304218e-20,
                2.01459369667e-20,
                6.13983275344e-20,
                8.01304011923e-20,
                1.29541615031e-19,
                2.39891424928e-19,
                2.26441080427e-19,
                5.32281521794e-19,
                8.2552532075e-19,
                6.81815458919e-19,
                1.13087418419e-18,
                1.00986955129e-18,
                1.93198185704e-18,
                1.90335334283e-18,
                2.11902331676e-18,
                3.07005209896e-18,
                3.34350249984e-18,
                4.27139772864e-18,
                2.84733061711e-18,
                8.37408369955e-18,
                7.03320407427e-18,
                8.63383909141e-18,
                9.62876862346e-18,
                1.00139353495e-17,
                1.19351458674e-17,
                1.35324887057e-17,
                1.421507732e-17,
                1.31731399409e-17,
                1.30063621315e-17,
                1.15225796107e-17,
                1.00818898912e-17,
                6.1796777592e-18,
                4.28454990038e-18,
                2.30331336698e-18,
                9.60461743112e-19,
                3.06226321122e-19,
                3.1535175179e-20
            ],
            "var": [
                2.53929424286,
                60.1892204285,
                182.709259033,
                291.548614502,
                250.70375061,
                375.000549316,
                715.486022949,
                807.62689209,
                1290.49694824,
                3585.43237305,
                2706.72314453,
                1723.87963867,
                1352.31152344,
                3057.04370117,
                2777.86157227,
                5003.06396484,
                5584.55908203,
                3208.96655273,
                3379.62255859,
                1961.59765625,
                2230.22583008,
                1685.66455078,
                948.424865723,
                399.82699585,
                582.594909668,
                615.944519043,
                502.525878906,
                428.791168213,
                347.753601074,
                250.583526611,
                186.834915161,
                139.234786987,
                123.302474976,
                68.1007232666,
                22.079284668,
                4.04210233688,
                0.407317966223,
                0.628888607025,
                0.00064641633071,
                4.31408523127e-07
            ]
        },
        "erbbands_crest": {
            "dmean": 2.63429117203,
            "dmean2": 4.16641950607,
            "dvar": 7.11372852325,
            "dvar2": 16.7999420166,
            "max": 30.0357723236,
            "mean": 9.35247516632,
            "median": 8.12141418457,
            "min": 2.523686409,
            "var": 22.3799495697
        },
        "erbbands_flatness_db": {
            "dmean": 0.0183926876634,
            "dmean2": 0.0267540756613,
            "dvar": 0.000370375841158,
            "dvar2": 0.000744831864722,
            "max": 0.481953889132,
            "mean": 0.145522102714,
            "median": 0.128873631358,
            "min": 0.0336653254926,
            "var": 0.00472252164036
        },
        "erbbands_kurtosis": {
            "dmean": 1.46777522564,
            "dmean2": 2.25710225105,
            "dvar": 6.35466957092,
            "dvar2": 13.7832012177,
            "max": 51.1996498108,
            "mean": 1.20915222168,
            "median": -0.0549700260162,
            "min": -1.87734222412,
            "var": 16.3326702118
        },
        "erbbands_skewness": {
            "dmean": 0.47646188736,
            "dmean2": 0.69927918911,
            "dvar": 0.280985832214,
            "dvar2": 0.568656027317,
            "max": 6.75103330612,
            "mean": 0.634957432747,
            "median": 0.566950976849,
            "min": -4.00905656815,
            "var": 1.16407310963
        },
        "erbbands_spread": {
            "dmean": 13.5032339096,
            "dmean2": 20.375617981,
            "dvar": 248.414703369,
            "dvar2": 574.209777832,
            "max": 187.736068726,
            "mean": 52.712059021,
            "median": 49.0404129028,
            "min": 2.30965876579,
            "var": 769.133544922
        },
        "gfcc": {
            "cov": [
                [
                    21690.6816406,
                    -2503.86865234,
                    1744.70568848,
                    1261.24743652,
                    -429.982940674,
                    2183.47143555,
                    -614.404968262,
                    1439.17663574,
                    -227.132919312,
                    284.147033691,
                    -178.980667114,
                    180.769485474,
                    -472.04296875
                ],
                [
                    -2503.86865234,
                    2457.70751953,
                    -381.201782227,
                    -262.595031738,
                    475.141204834,
                    -440.39465332,
                    451.603759766,
                    -202.616912842,
                    150.894973755,
                    -11.5735187531,
                    195.65953064,
                    -27.6133079529,
                    165.887039185
                ],
                [
                    1744.70568848,
                    -381.201782227,
                    1964.18920898,
                    593.077209473,
                    47.7008056641,
                    641.998474121,
                    -123.92565918,
                    358.875244141,
                    -19.7459201813,
                    68.4607009888,
                    -5.45651245117,
                    50.7285614014,
                    -118.948982239
                ],
                [
                    1261.24743652,
                    -262.595031738,
                    593.077209473,
                    820.102539062,
                    165.677993774,
                    273.033660889,
                    14.574174881,
                    216.679214478,
                    79.28855896,
                    42.5186424255,
                    61.2037506104,
                    35.2915725708,
                    38.4394683838
                ],
                [
                    -429.982940674,
                    475.141204834,
                    47.7008056641,
                    165.677993774,
                    555.678222656,
                    84.6477203369,
                    243.017028809,
                    78.6584091187,
                    145.085510254,
                    61.6252593994,
                    112.364295959,
                    60.2590484619,
                    63.6956634521
                ],
                [
                    2183.47143555,
                    -440.39465332,
                    641.998474121,
                    273.033660889,
                    84.6477203369,
                    694.877075195,
                    78.9522857666,
                    289.501678467,
                    32.9857025146,
                    84.6251983643,
                    11.992808342,
                    78.9125976562,
                    -77.7023162842
                ],
                [
                    -614.404968262,
                    451.603759766,
                    -123.92565918,
                    14.574174881,
                    243.017028809,
                    78.9522857666,
                    496.336914062,
                    48.4684028625,
                    83.660369873,
                    85.1530838013,
                    101.674324036,
                    96.9525604248,
                    62.7316551208
                ],
                [
                    1439.17663574,
                    -202.616912842,
                    358.875244141,
                    216.679214478,
                    78.6584091187,
                    289.501678467,
                    48.4684028625,
                    382.813018799,
                    52.0616073608,
                    82.1010971069,
                    57.939239502,
                    28.3280334473,
                    -18.5750656128
                ],
                [
                    -227.132919312,
                    150.894973755,
                    -19.7459201813,
                    79.28855896,
                    145.085510254,
                    32.9857025146,
                    83.660369873,
                    52.0616073608,
                    212.618667603,
                    45.1913833618,
                    39.9130096436,
                    29.8423156738,
                    35.6827964783
                ],
                [
                    284.147033691,
                    -11.5735187531,
                    68.4607009888,
                    42.5186424255,
                    61.6252593994,
                    84.6251983643,
                    85.1530838013,
                    82.1010971069,
                    45.1913833618,
                    142.503509521,
                    53.882774353,
                    18.5586051941,
                    8.38764476776
                ],
                [
                    -178.980667114,
                    195.65953064,
                    -5.45651245117,
                    61.2037506104,
                    112.364295959,
                    11.992808342,
                    101.674324036,
                    57.939239502,
                    39.9130096436,
                    53.882774353,
                    149.128616333,
                    32.94140625,
                    38.8700294495
                ],
                [
                    180.769485474,
                    -27.6133079529,
                    50.7285614014,
                    35.2915725708,
                    60.2590484619,
                    78.9125976562,
                    96.9525604248,
                    28.3280334473,
                    29.8423156738,
                    18.5586051941,
                    32.94140625,
                    133.714889526,
                    31.816608429
                ],
                [
                    -472.04296875,
                    165.887039185,
                    -118.948982239,
                    38.4394683838,
                    63.6956634521,
                    -77.7023162842,
                    62.7316551208,
                    -18.5750656128,
                    35.6827964783,
                    8.38764476776,
                    38.8700294495,
                    31.816608429,
                    130.918045044
                ]
            ],
            "icov": [
                [
                    0.000108177388029,
                    -7.82646166044e-05,
                    0.000132531407871,
                    -0.000157301241416,
                    9.08732617972e-05,
                    -0.000297861755826,
                    0.000257985579083,
                    -0.000292437936878,
                    0.000200916751055,
                    -0.000210125523154,
                    0.000219933979679,
                    -0.000286689202767,
                    0.000232784106629
                ],
                [
                    -7.82646166044e-05,
                    0.000934010953642,
                    -0.000367522705346,
                    0.000519221706782,
                    -0.000563237932511,
                    0.000693914305884,
                    -0.000923037354369,
                    0.000478121568449,
                    -0.000480139249703,
                    0.000769565929659,
                    -0.000955748546403,
                    0.00110609282274,
                    -0.000659531389829
                ],
                [
                    0.000132531407871,
                    -0.000367522705346,
                    0.00117634271737,
                    -0.000786885793786,
                    0.000182984789717,
                    -0.00104126834776,
                    0.000885062792804,
                    -0.000649672118016,
                    0.000638769939542,
                    -0.000610538292676,
                    0.000608791713603,
                    -0.000892727461178,
                    0.000921295839362
                ],
                [
                    -0.000157301241416,
                    0.000519221706782,
                    -0.000786885793786,
                    0.00232337787747,
                    -0.000662846374325,
                    0.000355006894097,
                    -0.000503559596837,
                    0.00012032109953,
                    -0.000799270754214,
                    0.000941769743804,
                    -0.00103250320535,
                    0.00112635968253,
                    -0.00164031551685
                ],
                [
                    9.08732617972e-05,
                    -0.000563237932511,
                    0.000182984789717,
                    -0.000662846374325,
                    0.00325163942762,
                    -0.000624069885816,
                    -0.000389132212149,
                    -0.000288019306026,
                    -0.000948730332311,
                    -0.000206657903618,
                    -0.000481090130052,
                    -0.000563581066672,
                    0.000147016718984
                ],
                [
                    -0.000297861755826,
                    0.000693914305884,
                    -0.00104126834776,
                    0.000355006894097,
                    -0.000624069885816,
                    0.00418277876452,
                    -0.00155049248133,
                    -0.000478986068629,
                    -0.000664587656502,
                    0.000276447128272,
                    -0.000149037747178,
                    -0.000133605208248,
                    0.000697768293321
                ],
                [
                    0.000257985579083,
                    -0.000923037354369,
                    0.000885062792804,
                    -0.000503559596837,
                    -0.000389132212149,
                    -0.00155049248133,
                    0.00456686457619,
                    -0.000811554316897,
                    0.000796169799287,
                    -0.00210545375012,
                    0.00043527194066,
                    -0.0029058130458,
                    0.000512274214998
                ],
                [
                    -0.000292437936878,
                    0.000478121568449,
                    -0.000649672118016,
                    0.00012032109953,
                    -0.000288019306026,
                    -0.000478986068629,
                    -0.000811554316897,
                    0.00542522873729,
                    -0.00112961011473,
                    -0.000348076951923,
                    -0.00208048615605,
                    0.00153929286171,
                    -0.000697599083651
                ],
                [
                    0.000200916751055,
                    -0.000480139249703,
                    0.000638769939542,
                    -0.000799270754214,
                    -0.000948730332311,
                    -0.000664587656502,
                    0.000796169799287,
                    -0.00112961011473,
                    0.00672953343019,
                    -0.00188638770487,
                    0.00108618300874,
                    -0.00142409850378,
                    -1.64914617926e-05
                ],
                [
                    -0.000210125523154,
                    0.000769565929659,
                    -0.000610538292676,
                    0.000941769743804,
                    -0.000206657903618,
                    0.000276447128272,
                    -0.00210545375012,
                    -0.000348076951923,
                    -0.00188638770487,
                    0.0106080919504,
                    -0.00348555971868,
                    0.00199082307518,
                    -0.000954331655521
                ],
                [
                    0.000219933979679,
                    -0.000955748546403,
                    0.000608791713603,
                    -0.00103250320535,
                    -0.000481090130052,
                    -0.000149037747178,
                    0.00043527194066,
                    -0.00208048615605,
                    0.00108618300874,
                    -0.00348555971868,
                    0.0111407097429,
                    -0.00245971325785,
                    -0.000280492386082
                ],
                [
                    -0.000286689202767,
                    0.00110609282274,
                    -0.000892727461178,
                    0.00112635968253,
                    -0.000563581066672,
                    -0.000133605208248,
                    -0.0029058130458,
                    0.00153929286171,
                    -0.00142409850378,
                    0.00199082307518,
                    -0.00245971325785,
                    0.011763041839,
                    -0.00363922398537
                ],
                [
                    0.000232784106629,
                    -0.000659531389829,
                    0.000921295839362,
                    -0.00164031551685,
                    0.000147016718984,
                    0.000697768293321,
                    0.000512274214998,
                    -0.000697599083651,
                    -1.64914617926e-05,
                    -0.000954331655521,
                    -0.000280492386082,
                    -0.00363922398537,
                    0.0116635989398
                ]
            ],
            "mean": [
                -15.5412111282,
                61.2618560791,
                -89.5876617432,
                19.9489860535,
                -66.3072891235,
                5.74853420258,
                -48.8733711243,
                7.17744398117,
                -32.5411262512,
                6.54666471481,
                -15.352183342,
                -1.61471319199,
                -11.0479860306
            ]
        },
        "hfc": {
            "dmean": 14.1444749832,
            "dmean2": 21.1168174744,
            "dvar": 866.051269531,
            "dvar2": 1969.68969727,
            "max": 366.828063965,
            "mean": 30.3349437714,
            "median": 21.820980072,
            "min": 1.12712119957e-16,
            "var": 1192.34387207
        },
        "melbands": {
            "dmean": [
                0.00183691596612,
                0.00158063217532,
                0.000826441741083,
                0.000437314098235,
                0.000347410183167,
                0.000276984239463,
                0.000218354995013,
                0.000198810987058,
                0.000143469893374,
                7.71939521655e-05,
                5.31673831574e-05,
                5.56283375772e-05,
                5.28655837115e-05,
                4.96051943628e-05,
                7.46486548451e-05,
                5.03747651237e-05,
                3.49050278601e-05,
                3.38902937074e-05,
                2.72165216302e-05,
                1.78148366103e-05,
                1.75665318238e-05,
                1.50693249452e-05,
                1.03989368654e-05,
                5.94874609305e-06,
                6.93374113325e-06,
                7.73888041294e-06,
                5.83507880947e-06,
