{
    "lowlevel": {
        "average_loudness": 0.866932034492,
        "barkbands": {
            "dmean": [
                0.000165288118296,
                0.00469429977238,
                0.00331382383592,
                0.000918015139177,
                0.000813035701867,
                0.000851255317684,
                0.000412358844187,
                0.000367525295587,
                0.00055952637922,
                0.000611833122093,
                0.000526364718098,
                0.000488511403091,
                0.0002884104033,
                0.000229833283811,
                0.000473579973914,
                0.000307892769342,
                0.000310256029479,
                0.000226300398936,
                0.000246473558946,
                0.00015645629901,
                0.00011588128109,
                9.05531996978e-05,
                6.98320727679e-05,
                8.96960482351e-05,
                5.30557554157e-05,
                1.45763024193e-05,
                1.68032602232e-06
            ],
            "dmean2": [
                0.00024777528597,
                0.00717427814379,
                0.00568801769987,
                0.00158668099903,
                0.00127208884805,
                0.00134316727053,
                0.000649743829854,
                0.000581914151553,
                0.000883262138814,
                0.000936685944907,
                0.000795430329163,
                0.000769291829783,
                0.000455091474578,
                0.000364012899809,
                0.000755104003474,
                0.000490443839226,
                0.000500536232721,
                0.000370627094526,
                0.000383221980883,
                0.000236343737924,
                0.00017921802646,
                0.000145287631312,
                0.000104966231447,
                0.00013066457177,
                7.35824141884e-05,
                2.04305524676e-05,
                2.46025638262e-06
            ],
            "dvar": [
                1.13388068712e-07,
                5.8900728618e-05,
                6.870150537e-05,
                6.136895081e-06,
                1.68382655374e-06,
                2.06352592613e-06,
                6.97520476933e-07,
                5.77267769586e-07,
                1.39083294926e-06,
                2.30959972214e-06,
                2.84416887553e-06,
                2.10366874853e-06,
                6.39613290332e-07,
                3.11460155444e-07,
                1.10411485821e-06,
                5.92554727064e-07,
                8.69489895194e-07,
                3.27611189732e-07,
                2.81483949038e-07,
                1.34707505595e-07,
                6.38451709278e-08,
                8.71858958362e-08,
                2.55162042606e-08,
                8.38868032815e-08,
                3.80297144886e-08,
                2.7080770959e-09,
                6.50331524743e-11
            ],
            "dvar2": [
                2.27022582067e-07,
                0.000129861626192,
                0.000192722611246,
                1.73812240973e-05,
                4.22585117121e-06,
                4.6585309974e-06,
                1.77255276412e-06,
                1.3294825294e-06,
                3.21674065162e-06,
                5.17385888088e-06,
                6.13323300058e-06,
                5.43596388525e-06,
                1.35858761041e-06,
                7.02284808085e-07,
                2.67901987172e-06,
                1.36070593726e-06,
                2.13572616303e-06,
                8.04248713848e-07,
                6.53708866594e-07,
                2.99431974327e-07,
                1.38067150601e-07,
                2.15947991933e-07,
                5.26098631326e-08,
                1.64510112199e-07,
                6.57324079611e-08,
                4.84958961877e-09,
                1.23313539935e-10
            ],
            "max": [
                0.00421679578722,
                0.0855587422848,
                0.0710012465715,
                0.0355108976364,
                0.020656440407,
                0.0355432704091,
                0.018593724817,
                0.0200563631952,
                0.0284152179956,
                0.0432832017541,
                0.0550686493516,
                0.057384878397,
                0.036452062428,
                0.0151549242437,
                0.0358073785901,
                0.0185844320804,
                0.037977181375,
                0.021944809705,
                0.0108454059809,
                0.0142388148233,
                0.00805419776589,
                0.00772227160633,
                0.00440170429647,
                0.00808276887983,
                0.00473766354844,
                0.00238394504413,
                0.000252264610026
            ],
            "mean": [
                0.00026394156157,
                0.0117803225294,
                0.0064167608507,
                0.0015074206749,
                0.00174248637632,
                0.00158951501362,
                0.000723471108358,
                0.000545950257219,
                0.000895606761333,
                0.00113147753291,
                0.00095323426649,
                0.000843676156364,
                0.000444932520622,
                0.000354326301022,
                0.000789086800069,
                0.000445057579782,
                0.000455203582533,
                0.000359997968189,
                0.000461951014586,
                0.000322181673255,
                0.000222071495955,
                0.000127427425468,
                0.000121138196846,
                0.00015923815954,
                9.50799949351e-05,
                2.24665018322e-05,
                2.18248919737e-06
            ],
            "median": [
                8.52197408676e-05,
                0.0100096967071,
                0.00273594539613,
                0.000592669821344,
                0.00118815735914,
                0.000879350933246,
                0.000411558139604,
                0.000286018883344,
                0.000343116320437,
                0.000296358310152,
                0.0001482663356,
                0.000280375388684,
                0.000143107317854,
                0.000125033140648,
                0.000248684722465,
                0.000122146870126,
                0.000133300156449,
                0.00011227466166,
                0.000152439606609,
                0.000101207260741,
                8.77460624906e-05,
                4.31570224464e-05,
                4.6552697313e-05,
                4.34249086538e-05,
                2.07032153412e-05,
                1.65160645338e-06,
                1.9566899212e-09
            ],
            "min": [
                1.43724370993e-26,
                1.06102393259e-24,
                1.01469610378e-24,
                5.400772992e-25,
                2.51925964412e-24,
                4.4003966858e-24,
                4.685981294e-24,
                8.14126147863e-24,
                4.45211519561e-24,
                1.05265583415e-23,
                1.14076796851e-23,
                2.04590255354e-23,
                2.19476691724e-23,
                1.53129529513e-23,
                1.97279297588e-23,
                4.04118737377e-23,
                3.76867284971e-23,
                5.82543107594e-23,
                1.1066357873e-22,
                9.89546235985e-23,
                2.03206883627e-22,
                2.96260562597e-22,
                3.38648520281e-22,
                5.55297846168e-22,
                8.02042329185e-22,
                1.33140343853e-21,
                1.74085430765e-21
            ],
            "var": [
                2.30040342331e-07,
                0.000132515051519,
                7.70963961259e-05,
                7.99146710051e-06,
                3.6707738218e-06,
                5.50046115677e-06,
                1.17831530133e-06,
                8.77837408098e-07,
                3.12988595397e-06,
                8.36424896988e-06,
                1.38966788654e-05,
                4.96413485962e-06,
                1.46773038523e-06,
                6.75116496041e-07,
                2.30518003264e-06,
                1.11462418317e-06,
                1.54458746238e-06,
                7.59936256145e-07,
                7.16629926956e-07,
                4.624446035e-07,
                1.72068197912e-07,
                1.25999164879e-07,
                5.82316630471e-08,
                2.20634717607e-07,
                1.06534947975e-07,
                6.98158952872e-09,
                1.35876934704e-10
            ]
        },
        "barkbands_crest": {
            "dmean": 2.33837246895,
            "dmean2": 3.64207553864,
            "dvar": 5.77406454086,
            "dvar2": 13.5905561447,
            "max": 26.0323829651,
            "mean": 10.798989296,
            "median": 10.1194267273,
            "min": 2.53015422821,
            "var": 18.4671859741
        },
        "barkbands_flatness_db": {
            "dmean": 0.0274715740234,
            "dmean2": 0.0396102704108,
            "dvar": 0.000744437507819,
            "dvar2": 0.00161496747751,
            "max": 0.556804418564,
            "mean": 0.16452974081,
            "median": 0.146097511053,
            "min": 0.0162580180913,
            "var": 0.00538044283167
        },
        "barkbands_kurtosis": {
            "dmean": 3.59784960747,
            "dmean2": 5.48934650421,
            "dvar": 80.6024398804,
            "dvar2": 153.685043335,
            "max": 338.226715088,
            "mean": 5.36499738693,
            "median": 2.17008829117,
            "min": -1.88359117508,
            "var": 164.629837036
        },
        "barkbands_skewness": {
            "dmean": 0.565718412399,
            "dmean2": 0.858340024948,
            "dvar": 0.45127338171,
            "dvar2": 0.953935205936,
            "max": 14.7874078751,
            "mean": 1.71079611778,
            "median": 1.5578789711,
            "min": -2.56520676613,
            "var": 2.1292886734
        },
        "barkbands_spread": {
            "dmean": 5.70774841309,
            "dmean2": 8.79770851135,
            "dvar": 47.3170394897,
            "dvar2": 102.209899902,
            "max": 114.81337738,
            "mean": 22.9229850769,
            "median": 21.1338825226,
            "min": 0.179354473948,
            "var": 217.654388428
        },
        "dissonance": {
            "dmean": 0.0178409665823,
            "dmean2": 0.0298906918615,
            "dvar": 0.000322502630297,
            "dvar2": 0.000857231731061,
            "max": 0.500000119209,
            "mean": 0.467889398336,
            "median": 0.475650757551,
            "min": 0.289979159832,
            "var": 0.000726634752937
        },
        "dynamic_complexity": 4.03927564621,
        "erbbands": {
            "dmean": [
                0.159218475223,
                1.04388535023,
                3.51992082596,
                3.39344739914,
                2.42171025276,
                2.82350111008,
                5.93037366867,
                7.20506954193,
                6.33269643784,
                5.40886116028,
                9.96538162231,
                11.4980983734,
                12.5539274216,
                23.2729072571,
                19.0358085632,
                20.875743866,
                13.5813302994,
                10.5589666367,
                22.7657356262,
                16.2058620453,
                18.7676830292,
                13.1619873047,
                10.675280571,
                13.0951576233,
                10.1958389282,
                7.12486791611,
                6.58612394333,
                3.01054978371,
                3.35047030449,
                2.49075341225,
                2.11570191383,
                2.07677054405,
                1.38419961929,
                0.820600748062,
                0.26522770524,
                0.0899332761765,
                0.022237861529,
                0.00362956267782,
                0.000279398955172,
                1.52578795678e-05
            ],
            "dmean2": [
                0.239057093859,
                1.64989042282,
                5.97506713867,
                5.8475484848,
                3.92122244835,
                4.44213533401,
                9.15987300873,
                11.494559288,
                10.1341991425,
                8.54645347595,
                15.6479272842,
                18.0279483795,
                19.4726047516,
                34.9654045105,
                28.3863620758,
                33.0613059998,
                21.286737442,
                16.72681427,
                36.853427887,
                25.2057361603,
                29.950799942,
                21.1043682098,
                17.2920742035,
                19.9618358612,
                15.9161329269,
                10.632941246,
                9.88747501373,
                4.66864442825,
                5.44733667374,
                3.83780837059,
                3.23411250114,
                3.1207306385,
                1.97852945328,
                1.15699052811,
                0.367178410292,
                0.126662448049,
                0.031880132854,
                0.005166801624,
                0.000404675316531,
                2.33151931752e-05
            ],
            "dvar": [
                0.112851858139,
                2.39295101166,
                65.1109085083,
                82.8978881836,
                22.0196838379,
                26.2710418701,
                118.413398743,
                193.217575073,
                146.780105591,
                196.109085083,
                405.714172363,
                600.496948242,
                957.609985352,
                3209.23364258,
                2806.18432617,
                4277.28662109,
                1512.6418457,
                653.005371094,
                2433.74902344,
                2279.60327148,
                2343.69628906,
                1204.67858887,
                660.844238281,
                991.747497559,
                502.632415771,
                286.085845947,
                204.268829346,
                55.0851554871,
                120.778114319,
                58.1639480591,
                22.8035678864,
                37.0246086121,
                24.6749248505,
                9.61042404175,
                0.91022092104,
                0.104207970202,
                0.0065692672506,
                0.000206686308957,
                1.99798910216e-06,
                2.11940132111e-09
            ],
            "dvar2": [
                0.215912744403,
                5.83713006973,
                179.526901245,
                231.941421509,
                59.6167945862,
                63.7104988098,
                262.98815918,
                429.98147583,
                366.717926025,
                495.097290039,
                930.923950195,
                1358.58447266,
                2114.39746094,
                7255.99853516,
                5870.30908203,
                11325.4511719,
                3129.91088867,
                1479.54663086,
                6084.16259766,
                5263.18994141,
                5288.30859375,
                2904.15795898,
                1604.48852539,
                2139.92285156,
                1174.13427734,
                611.00567627,
                421.724853516,
                124.648864746,
                303.846099854,
                128.008392334,
                49.9112014771,
                80.7746963501,
                46.6353988647,
                18.0017700195,
                1.57618844509,
                0.193362340331,
                0.0116118565202,
                0.00035474204924,
                3.68694054487e-06,
                4.39234915106e-09
            ],
            "max": [
                3.46871137619,
                15.5881071091,
                73.9165649414,
                112.013717651,
                60.6190719604,
                99.1772994995,
                273.235473633,
                441.434570312,
                234.611633301,
                425.164337158,
                536.002624512,
                586.867919922,
                1177.45507812,
                1373.96044922,
                1755.56152344,
                2872.0144043,
                1968.72827148,
                904.283508301,
                1171.01171875,
                2398.76391602,
                1323.14294434,
                1046.67321777,
                868.900146484,
                1253.88696289,
                574.944885254,
                535.718200684,
                400.975311279,
                220.352783203,
                231.896682739,
                313.365386963,
                118.364875793,
                181.380279541,
                134.708724976,
                82.0803375244,
                23.4038696289,
                13.8102617264,
                3.66433119774,
                0.413491725922,
                0.0532143712044,
                0.00206181732938
            ],
            "mean": [
                0.289076447487,
                2.81400680542,
                8.14778709412,
                5.71079540253,
                4.95881175995,
                5.35474205017,
                10.6999082565,
                12.5928897858,
                11.2353925705,
                9.15745735168,
                15.4967336655,
                18.8922405243,
                22.8501644135,
                46.7208786011,
                38.1556282043,
                36.7782211304,
                22.7141819,
                18.7880859375,
                38.7993125916,
                27.7944755554,
                29.3157577515,
                21.1381912231,
                18.0938224792,
                24.2430305481,
                20.7864246368,
                15.7472801208,
                13.8330755234,
                5.515666008,
                4.71897363663,
                3.82841157913,
                3.56893539429,
                3.49264812469,
                2.4754588604,
                1.42542994022,
                0.464989095926,
                0.143105462193,
                0.0328397154808,
                0.00525883818045,
                0.000383187783882,
                4.89304147777e-05
            ],
            "median": [
                0.161387473345,
                2.35632824898,
                3.69058895111,
                3.17705464363,
                3.28045368195,
                3.0923333168,
                5.462059021,
                6.45917510986,
                6.38341379166,
                5.44079494476,
                8.26486778259,
                7.82190608978,
                8.85153865814,
                12.0932092667,
                10.1574258804,
                13.2333087921,
                7.83268213272,
                7.87247610092,
                13.8621244431,
                8.61960124969,
                8.33068943024,
                6.772336483,
                6.36298513412,
                7.23878574371,
                7.4486374855,
                5.39458370209,
                4.83604335785,
                2.40639424324,
                1.67340934277,
                1.29408407211,
                1.36601138115,
                1.02921867371,
                0.599784612656,
                0.302425146103,
                0.0954750031233,
                0.0166249666363,
                0.00185391819105,
                9.52572881943e-05,
                2.77001290669e-05,
                4.24861427746e-05
            ],
            "min": [
                3.04995493183e-23,
                5.55818923506e-22,
                2.06505094663e-21,
                5.27426231707e-21,
                5.78008204996e-21,
                1.283095909e-20,
                2.67172423142e-20,
                7.60422548853e-20,
                1.09920516085e-19,
                1.43623589477e-19,
                2.4826665448e-19,
                2.00950462951e-19,
                4.99195589761e-19,
                5.74576507284e-19,
                8.55061045292e-19,
                9.17260891453e-19,
                1.05623323142e-18,
                1.69738764505e-18,
                1.28914857695e-18,
                1.72739889505e-18,
                2.35261064315e-18,
                4.28060342168e-18,
                4.19463578139e-18,
                5.24902677819e-18,
                5.92160816144e-18,
                6.02975830421e-18,
                6.68893108973e-18,
                8.74816703259e-18,
                8.01087448284e-18,
                1.00096637888e-17,
                1.01952549942e-17,
                1.07800559708e-17,
                9.50488922775e-18,
                8.14630959172e-18,
                6.49605449117e-18,
                3.84082829952e-18,
                1.99691201961e-18,
                8.93050865887e-19,
                2.51102384716e-19,
                2.39516705648e-20
            ],
            "var": [
                0.191754594445,
                6.47213029861,
                103.915390015,
                87.9785614014,
                35.1342697144,
                54.0754814148,
                325.51776123,
                488.18182373,
                257.40637207,
                266.556121826,
                649.365966797,
                1364.65673828,
                2678.46606445,
                12168.9501953,
                13877.0234375,
                8879.06054688,
                3640.0144043,
                1702.70849609,
                5337.48291016,
                4501.91552734,
                5100.39501953,
                2507.63134766,
                1547.99987793,
                2751.48876953,
                1468.08813477,
                1041.04589844,
                683.137451172,
                110.296333313,
                163.940658569,
                107.621871948,
                48.0938224792,
                81.9035568237,
                66.8632202148,
                24.9427070618,
                2.54065871239,
                0.25829192996,
                0.0163146797568,
                0.000541591725778,
                4.13388306697e-06,
                4.16005585535e-09
            ]
        },
        "erbbands_crest": {
            "dmean": 2.45817351341,
            "dmean2": 3.95944547653,
            "dvar": 5.7904791832,
            "dvar2": 14.0380821228,
            "max": 31.0051136017,
            "mean": 8.42695713043,
            "median": 7.35770511627,
            "min": 2.08642148972,
            "var": 18.0457382202
        },
        "erbbands_flatness_db": {
            "dmean": 0.0188130307943,
            "dmean2": 0.0258907787502,
            "dvar": 0.000337455188856,
            "dvar2": 0.000611728581134,
            "max": 0.43114554882,
            "mean": 0.164595782757,
            "median": 0.154808178544,
            "min": 0.0434133373201,
            "var": 0.00316274003126
        },
        "erbbands_kurtosis": {
            "dmean": 0.774065673351,
            "dmean2": 1.20441317558,
            "dvar": 0.966325938702,
            "dvar2": 2.21918463707,
            "max": 19.1122455597,
            "mean": 0.332338958979,
            "median": -0.10179567337,
            "min": -1.82614922523,
            "var": 2.59935617447
        },
        "erbbands_skewness": {
            "dmean": 0.321254700422,
            "dmean2": 0.487990021706,
            "dvar": 0.0921190455556,
            "dvar2": 0.202854081988,
            "max": 3.99370336533,
            "mean": 0.0628720968962,
            "median": 0.0751743540168,
            "min": -3.30830764771,
            "var": 0.44056764245
        },
        "erbbands_spread": {
            "dmean": 8.21951007843,
            "dmean2": 12.1045827866,
            "dvar": 87.6833724976,
            "dvar2": 177.603256226,
            "max": 155.262130737,
            "mean": 38.8376045227,
            "median": 34.9254341125,
            "min": 4.3587474823,
            "var": 405.672149658
        },
        "gfcc": {
            "cov": [
                [
                    40495.0898438,
                    338.995117188,
                    -1906.3885498,
                    2198.08740234,
                    -1039.84472656,
                    1827.14221191,
                    -818.658325195,
                    1476.47131348,
                    -1019.49578857,
                    500.644897461,
                    -438.474975586,
                    47.2199745178,
                    -297.47467041
                ],
                [
                    338.995117188,
                    2714.2734375,
                    -582.014648438,
                    -216.508483887,
                    223.913070679,
                    -392.340087891,
                    325.969818115,
                    -473.002960205,
                    354.662719727,
                    -328.421325684,
                    221.204345703,
                    -282.057647705,
                    185.318359375
                ],
                [
                    -1906.3885498,
                    -582.014648438,
                    1376.00854492,
                    30.252910614,
                    344.060913086,
                    146.940383911,
                    95.7883453369,
                    162.159118652,
                    23.1608066559,
                    140.163452148,
                    -73.1284561157,
                    121.291549683,
                    -143.158050537
                ],
                [
                    2198.08740234,
                    -216.508483887,
                    30.252910614,
                    625.02746582,
                    11.347076416,
                    241.187911987,
                    33.4337005615,
                    155.402770996,
                    -1.51965939999,
                    44.1782989502,
                    9.75971412659,
                    27.0466575623,
                    -38.122505188
                ],
                [
                    -1039.84472656,
                    223.913070679,
                    344.060913086,
                    11.347076416,
                    508.35055542,
                    8.32532405853,
                    243.680175781,
                    46.5679283142,
                    77.5934906006,
                    32.065071106,
                    27.9972686768,
                    11.5110416412,
                    -7.85962867737
                ],
                [
                    1827.14221191,
                    -392.340087891,
                    146.940383911,
                    241.187911987,
                    8.32532405853,
                    411.342529297,
                    7.82424211502,
                    181.573577881,
                    -66.8992233276,
                    72.365737915,
                    -13.5117921829,
                    12.2980337143,
                    -34.7859230042
                ],
                [
                    -818.658325195,
                    325.969818115,
                    95.7883453369,
                    33.4337005615,
                    243.680175781,
                    7.82424211502,
                    312.323944092,
                    -34.611656189,
                    117.115394592,
                    -21.0238742828,
                    57.7533187866,
                    -16.6637248993,
                    20.1157569885
                ],
                [
                    1476.47131348,
                    -473.002960205,
                    162.159118652,
                    155.402770996,
                    46.5679283142,
                    181.573577881,
                    -34.611656189,
                    319.106658936,
                    -106.871604919,
                    110.847244263,
                    -34.0701522827,
                    46.2924880981,
                    -15.2975530624
                ],
                [
                    -1019.49578857,
                    354.662719727,
                    23.1608066559,
                    -1.51965939999,
                    77.5934906006,
                    -66.8992233276,
                    117.115394592,
                    -106.871604919,
                    228.647354126,
                    -67.8354644775,
                    59.6270828247,
                    -27.3667507172,
                    13.9090566635
                ],
                [
                    500.644897461,
                    -328.421325684,
                    140.163452148,
                    44.1782989502,
                    32.065071106,
                    72.365737915,
                    -21.0238742828,
                    110.847244263,
                    -67.8354644775,
                    165.630142212,
                    -23.2524871826,
                    54.8415641785,
                    -36.7970314026
                ],
                [
                    -438.474975586,
                    221.204345703,
                    -73.1284561157,
                    9.75971412659,
                    27.9972686768,
                    -13.5117921829,
                    57.7533187866,
                    -34.0701522827,
                    59.6270828247,
                    -23.2524871826,
                    138.953033447,
                    -26.9310569763,
                    58.6027870178
                ],
                [
                    47.2199745178,
                    -282.057647705,
                    121.291549683,
                    27.0466575623,
                    11.5110416412,
                    12.2980337143,
                    -16.6637248993,
                    46.2924880981,
                    -27.3667507172,
                    54.8415641785,
                    -26.9310569763,
                    140.933990479,
                    -36.5769882202
                ],
                [
                    -297.47467041,
                    185.318359375,
                    -143.158050537,
                    -38.122505188,
                    -7.85962867737,
                    -34.7859230042,
                    20.1157569885,
                    -15.2975530624,
                    13.9090566635,
                    -36.7970314026,
                    58.6027870178,
                    -36.5769882202,
                    126.030944824
                ]
            ],
            "icov": [
                [
                    9.25498025026e-05,
                    -0.000265391339781,
                    0.00013235276856,
                    -0.000169839593582,
                    0.000161121381097,
                    -0.000329583213897,
                    0.000161128860782,
                    -0.000407156650908,
                    0.000206863725907,
                    -0.000206159253139,
                    0.000282943132333,
                    -0.000230510922847,
                    0.000270104705123
                ],
                [
                    -0.000265391339781,
                    0.00165644788649,
                    -0.000149771934957,
                    0.000445468293037,
                    -0.000917238765396,
                    0.00129140377976,
                    -0.000745300902054,
                    0.00173726514913,
                    -0.000945323728956,
                    0.00113014050294,
                    -0.00120509555563,
                    0.00163820979651,
                    -0.000998304458335
                ],
                [
                    0.00013235276856,
                    -0.000149771934957,
                    0.00140307052061,
                    -1.12034040285e-05,
                    -0.000638931349386,
                    -0.00072506890865,
                    0.000370848079911,
                    -0.000715511094313,
                    -0.000267220137175,
                    -0.000481983006466,
                    0.000533716054633,
                    -0.000605570501648,
                    0.00120181159582
                ],
                [
                    -0.000169839593582,
                    0.000445468293037,
                    -1.12034040285e-05,
                    0.00261526298709,
                    -0.00015308408183,
                    -0.000524118659087,
                    -0.000530876917765,
                    -0.000151729458594,
                    -0.000947428168729,
                    0.000554141122848,
                    -0.000907244335394,
                    1.32936484079e-05,
                    0.000326623936417
                ],
                [
                    0.000161121381097,
                    -0.000917238765396,
                    -0.000638931349386,
                    -0.00015308408183,
                    0.00451820949093,
                    -0.000145335987327,
                    -0.0025766401086,
                    -0.00186586508062,
                    0.000526390678715,
                    -0.00098377186805,
                    0.000572463904973,
                    -0.000609740498476,
                    0.000594920245931
                ],
                [
                    -0.000329583213897,
                    0.00129140377976,
                    -0.00072506890865,
                    -0.000524118659087,
                    -0.000145335987327,
                    0.00539206713438,
                    -0.00143366854172,
                    9.57439697231e-05,
                    -0.000119714568427,
                    0.000697202922311,
                    -0.00152453163173,
                    0.00206667953171,
                    -0.000413859554101
                ],
                [
                    0.000161128860782,
                    -0.000745300902054,
                    0.000370848079911,
                    -0.000530876917765,
                    -0.0025766401086,
                    -0.00143366854172,
                    0.00689166691154,
                    -7.92611535871e-05,
                    -0.00146503327414,
                    -0.00047488452401,
                    -0.000148056104081,
                    -0.000726918166038,
                    -4.81975221192e-05
                ],
                [
                    -0.000407156650908,
                    0.00173726514913,
                    -0.000715511094313,
                    -0.000151729458594,
                    -0.00186586508062,
                    9.57439697231e-05,
                    -7.92611535871e-05,
                    0.00829750299454,
                    0.000389843829907,
                    -0.000937482342124,
                    -0.000769231817685,
                    0.00116539339069,
                    -0.00306514557451
                ],
                [
                    0.000206863725907,
                    -0.000945323728956,
                    -0.000267220137175,
                    -0.000947428168729,
                    0.000526390678715,
                    -0.000119714568427,
                    -0.00146503327414,
                    0.000389843829907,
                    0.00800851359963,
                    0.00110826897435,
                    -0.00130834919401,
                    -0.000637736578938,
                    0.00143213104457
                ],
                [
                    -0.000206159253139,
                    0.00113014050294,
                    -0.000481983006466,
                    0.000554141122848,
                    -0.00098377186805,
                    0.000697202922311,
                    -0.00047488452401,
                    -0.000937482342124,
                    0.00110826897435,
                    0.0103680621833,
                    -0.00188881997019,
                    -0.000994696631096,
                    0.00105927034747
                ],
                [
                    0.000282943132333,
                    -0.00120509555563,
                    0.000533716054633,
                    -0.000907244335394,
                    0.000572463904973,
                    -0.00152453163173,
                    -0.000148056104081,
                    -0.000769231817685,
                    -0.00130834919401,
                    -0.00188881997019,
                    0.0116305286065,
                    -0.00072988163447,
                    -0.00371013046242
                ],
                [
                    -0.000230510922847,
                    0.00163820979651,
                    -0.000605570501648,
                    1.32936484079e-05,
                    -0.000609740498476,
                    0.00206667953171,
                    -0.000726918166038,
                    0.00116539339069,
                    -0.000637736578938,
                    -0.000994696631096,
                    -0.00072988163447,
                    0.0105837713927,
                    0.000344091648003
                ],
                [
                    0.000270104705123,
                    -0.000998304458335,
                    0.00120181159582,
                    0.000326623936417,
                    0.000594920245931,
                    -0.000413859554101,
                    -4.81975221192e-05,
                    -0.00306514557451,
                    0.00143213104457,
                    0.00105927034747,
                    -0.00371013046242,
                    0.000344091648003,
                    0.0130387190729
                ]
            ],
            "mean": [
                -50.1293411255,
                111.999557495,
                -123.609825134,
                41.8841133118,
                -54.075050354,
                21.4142055511,
                -29.6972026825,
                8.432721138,
                -16.6743907928,
                -1.96488296986,
                -4.80411958694,
                -6.59317159653,
                -0.567265868187
            ]
        },
        "hfc": {
            "dmean": 5.8542098999,
            "dmean2": 8.7335357666,
            "dvar": 74.3743591309,
            "dvar2": 161.633132935,
            "max": 128.641708374,
            "mean": 20.8440818787,
            "median": 14.6714830399,
            "min": 1.06143167693e-16,
            "var": 416.954193115
        },
        "melbands": {
            "dmean": [
                0.00131923076697,
                0.00157540617511,
                0.000543551810551,
                0.000172639163793,
                0.00018217881734,
                0.000157887043315,
                9.53997514443e-05,
                5.66629860259e-05,
                8.50083233672e-05,
                7.60014227126e-05,
                6.57895943732e-05,
                9.90459448076e-05,
                7.72494677221e-05,
                5.84512854402e-05,
                3.89338310924e-05,
                2.39107994275e-05,
                2.07881330425e-05,
                3.60087615263e-05,
                2.76904556813e-05,
                1.948033605e-05,
                2.58123964159e-05,
                1.52580059876e-05,
                1.23232957776e-05,
                1.19926726256e-05,
                1.15419024951e-05,
