{
    "lowlevel": {
        "average_loudness": 0.967954576015,
        "barkbands": {
            "dmean": [
                0.000283599365503,
                0.00746992928907,
                0.00248276954517,
                0.00147399236448,
                0.00210387562402,
                0.000480158429127,
                0.000825322873425,
                0.0005969015765,
                0.000488578167278,
                0.000438923190814,
                0.000637753459159,
                0.000521670095623,
                0.000411962828366,
                0.000621336861514,
                0.00110309151933,
                0.000565146503504,
                0.000440510339104,
                0.000487001787405,
                0.00025607549469,
                0.000307290698402,
                0.000166894329595,
                0.000197991073946,
                0.000206639786484,
                0.000239246641286,
                0.000216488246224,
                0.000111204681161,
                3.03233500745e-05
            ],
            "dmean2": [
                0.000475947425002,
                0.0117393713444,
                0.00411345111206,
                0.00247004255652,
                0.00337051344104,
                0.000783122435678,
                0.00129929254763,
                0.000977819086984,
                0.000788929115515,
                0.000720075448044,
                0.00102738279384,
                0.000843337737024,
                0.000678217737004,
                0.000999701209366,
                0.00175790197682,
                0.000902873522136,
                0.000710216525476,
                0.000798412424047,
                0.000423703284469,
                0.000501571397763,
                0.000279450468952,
                0.000327739282511,
                0.000319397135172,
                0.000370507652406,
                0.000331796851242,
                0.000169571125298,
                4.58324575447e-05
            ],
            "dvar": [
                1.55966091597e-07,
                0.000123671954498,
                2.28351927944e-05,
                1.21703023979e-05,
                2.16101889237e-05,
                1.30120611175e-06,
                2.17202386921e-06,
                1.44955242831e-06,
                1.19298886148e-06,
                1.00991451291e-06,
                2.06376057577e-06,
                1.65344226843e-06,
                1.00913553069e-06,
                2.28297949434e-06,
                4.92336357638e-06,
                1.49036372932e-06,
                9.66289462667e-07,
                6.56573433844e-07,
                1.27014573081e-07,
                2.26904802503e-07,
                4.51722215189e-08,
                1.19181642333e-07,
                7.65247918366e-08,
                1.0004383455e-07,
                8.51216981346e-08,
                2.33847199382e-08,
                1.38028455332e-09
            ],
            "dvar2": [
                4.0513018007e-07,
                0.000284007634036,
                5.88661059737e-05,
                3.23128333548e-05,
                5.38024251e-05,
                3.23413428305e-06,
                4.998100394e-06,
                3.65811911252e-06,
                2.88915816782e-06,
                2.58744171333e-06,
                4.96397296956e-06,
                4.04477168559e-06,
                2.59661419477e-06,
                5.80449659537e-06,
                1.17374693218e-05,
                3.53881978299e-06,
                2.42400960815e-06,
                1.73216369603e-06,
                3.13145193331e-07,
                5.58687077046e-07,
                1.26584140503e-07,
                3.09722878455e-07,
                1.70564561586e-07,
                2.14674571453e-07,
                1.81147200351e-07,
                5.1488076025e-08,
                3.18726756099e-09
            ],
            "max": [
                0.00353243248537,
                0.102758318186,
                0.0585570111871,
                0.0429247915745,
                0.0518229752779,
                0.0198424719274,
                0.0339268296957,
                0.0281013194472,
                0.0219641551375,
                0.0195422004908,
                0.0317007042468,
                0.0253748968244,
                0.0171758048236,
                0.0357685796916,
                0.0380041375756,
                0.0246248934418,
                0.0166066158563,
                0.0156594756991,
                0.00723337940872,
                0.00902554672211,
                0.00256589218043,
                0.00770367495716,
                0.0062114559114,
                0.00519020343199,
                0.00406334269792,
                0.00246645277366,
                0.0004171836772
            ],
            "mean": [
                0.000409495958593,
                0.0120940133929,
                0.00405335053802,
                0.00193517992739,
                0.00272175879218,
                0.000734559434932,
                0.00135386141483,
                0.000885053887032,
                0.000731954758521,
                0.000619695347268,
                0.00093037483748,
                0.000766809796914,
                0.000569098687265,
                0.000860335945617,
                0.00158712628763,
                0.00078855548054,
                0.000725129153579,
                0.000839314772747,
                0.000509895849973,
                0.000623144849669,
                0.000394750299165,
                0.000472736865049,
                0.000560535234399,
                0.00065157096833,
                0.000600001018029,
                0.00027046125615,
                8.31179131637e-05
            ],
            "median": [
                0.000163453514688,
                0.00754332449287,
                0.00199067499489,
                0.000788757693954,
                0.00118274986744,
                0.000385270628612,
                0.000704510079231,
                0.000417842471506,
                0.000309598981403,
                0.000243348244112,
                0.000257450097706,
                0.000235173472902,
                0.000210615311516,
                0.000321994011756,
                0.00055580935441,
                0.000320881110383,
                0.000337363948347,
                0.000496882072184,
                0.000387721927837,
                0.00042844901327,
                0.000338204466971,
                0.000354284595232,
                0.000419399817474,
                0.000504099298269,
                0.000490391161293,
                0.000214990461245,
                8.12357757241e-05
            ],
            "min": [
                1.11815250826e-19,
                1.69178959686e-19,
                1.10417858428e-19,
                1.13476384592e-19,
                2.79400983104e-19,
                2.78817458881e-19,
                2.80888641586e-19,
                2.80122465544e-19,
                3.91500861609e-19,
                3.91177692483e-19,
                3.92610084961e-19,
                5.03989463302e-19,
                5.60380226817e-19,
                6.143147292e-19,
                7.28664952562e-19,
                8.39061200896e-19,
                9.53578669837e-19,
                1.17454921713e-18,
                1.45614527909e-18,
                1.79141409246e-18,
                2.35253867843e-18,
                2.85477772416e-18,
                3.41599516116e-18,
                4.64741500996e-18,
                6.49599576135e-18,
                9.12563684306e-18,
                1.29902701598e-17
            ],
            "var": [
                2.75224977031e-07,
                0.000190154532902,
                2.74236863333e-05,
                1.23440277093e-05,
                2.39550263359e-05,
                1.67141035945e-06,
                3.62487685379e-06,
                1.90799437405e-06,
                1.72783597918e-06,
                1.3667525991e-06,
                3.69313715964e-06,
                2.91693390864e-06,
                1.36399000894e-06,
                2.93331004286e-06,
                7.92969240138e-06,
                2.13765497392e-06,
                1.61737000326e-06,
                1.10398400466e-06,
                2.45093360718e-07,
                4.62491300368e-07,
                1.11979574058e-07,
                2.62243844418e-07,
                2.94510158483e-07,
                3.15281710073e-07,
                2.416321081e-07,
                6.26740686016e-08,
                4.80615902632e-09
            ]
        },
        "barkbands_crest": {
            "dmean": 2.93783116341,
            "dmean2": 4.64634275436,
            "dvar": 7.610871315,
            "dvar2": 17.6269931793,
            "max": 25.4553413391,
            "mean": 9.83825492859,
            "median": 8.85189819336,
            "min": 2.23650121689,
            "var": 19.8162631989
        },
        "barkbands_flatness_db": {
            "dmean": 0.0207340102643,
            "dmean2": 0.0317296013236,
            "dvar": 0.000418495881604,
            "dvar2": 0.00094901380362,
            "max": 0.345254272223,
            "mean": 0.0847019404173,
            "median": 0.0761779248714,
            "min": 0.0156418532133,
            "var": 0.0016025158111
        },
        "barkbands_kurtosis": {
            "dmean": 1.96212613583,
            "dmean2": 3.05081295967,
            "dvar": 20.2306785583,
            "dvar2": 45.9096183777,
            "max": 93.7855987549,
            "mean": 1.60832023621,
            "median": -0.135343626142,
            "min": -1.93861699104,
            "var": 37.2663269043
        },
        "barkbands_skewness": {
            "dmean": 0.527890622616,
            "dmean2": 0.793166399002,
            "dvar": 0.331476032734,
            "dvar2": 0.699842751026,
            "max": 9.3118686676,
            "mean": 1.11886548996,
            "median": 0.940556049347,
            "min": -5.54970598221,
            "var": 1.22815930843
        },
        "barkbands_spread": {
            "dmean": 8.71859645844,
            "dmean2": 13.4054450989,
            "dvar": 81.8400268555,
            "dvar2": 176.448928833,
            "max": 122.088653564,
            "mean": 43.6504096985,
            "median": 43.6956100464,
            "min": 1.29461801052,
            "var": 311.200439453
        },
        "dissonance": {
            "dmean": 0.0133359655738,
            "dmean2": 0.0223887376487,
            "dvar": 0.000194020423805,
            "dvar2": 0.000508743454702,
            "max": 0.5,
            "mean": 0.475434273481,
            "median": 0.481636285782,
            "min": 0.271176099777,
            "var": 0.000470344326459
        },
        "dynamic_complexity": 1.99291074276,
        "erbbands": {
            "dmean": [
                0.240075618029,
                1.71433138847,
                2.91968679428,
                3.50581884384,
                8.32354831696,
                6.02248764038,
                3.50048851967,
                4.21394538879,
                7.90492868423,
                17.1309585571,
                11.3327274323,
                10.1109514236,
                13.6681280136,
                16.0364723206,
                24.016544342,
                21.883895874,
                17.2532806396,
                30.3988399506,
                40.9095497131,
                50.6887550354,
                23.3987312317,
                22.285654068,
                21.644449234,
                19.6838493347,
                11.7139139175,
                16.2405490875,
                8.00353622437,
                6.26842260361,
                7.06320047379,
                6.04828643799,
                6.47762203217,
                5.11644268036,
                4.08743476868,
                2.68606543541,
                1.5144162178,
                0.626832664013,
                0.185046851635,
                0.0361694432795,
                0.00482602091506,
                0.000323258398566
            ],
            "dmean2": [
                0.371941864491,
                2.69162726402,
                4.8151307106,
                5.89168643951,
                13.1745452881,
                10.1779184341,
                5.68041944504,
                6.95164489746,
                12.6005954742,
                27.0095996857,
                18.5949020386,
                16.2212085724,
                22.3383045197,
                25.9250812531,
                38.0230140686,
                35.198677063,
                27.9720363617,
                48.7766952515,
                64.4046325684,
                81.3528060913,
                36.6827850342,
                35.6047859192,
                35.1519165039,
                32.3770523071,
                19.0339393616,
                26.344871521,
                13.4210424423,
                10.615860939,
                11.8776502609,
                9.76439762115,
                10.1185588837,
                7.86808681488,
                6.41915559769,
                4.18664216995,
                2.31885790825,
                0.961807608604,
                0.28483119607,
                0.0542053878307,
                0.0073040057905,
                0.000486465665745
            ],
            "dvar": [
                0.132691413164,
                6.87184715271,
                29.8636989594,
                55.5682525635,
                491.557312012,
                158.470977783,
                67.5389099121,
                121.509307861,
                274.965209961,
                1219.79406738,
                617.734375,
                624.758056641,
                920.929870605,
                1114.34155273,
                3151.42553711,
                3007.89282227,
                1833.44287109,
                5619.15478516,
                8754.39355469,
                11813.6767578,
                2724.39086914,
                2401.92260742,
                1234.39904785,
                1095.91333008,
                246.834213257,
                691.835571289,
                103.058738708,
                73.6258468628,
                144.588088989,
                88.597618103,
                78.7163543701,
                43.8408241272,
                31.963809967,
                11.6158037186,
                4.79255437851,
                0.788822770119,
                0.0604597367346,
                0.00233003357425,
                3.60459744115e-05,
                1.66390293543e-07
            ],
            "dvar2": [
                0.309265673161,
                16.8914146423,
                75.1180648804,
                151.257080078,
                1193.83581543,
                413.078643799,
                169.544921875,
                319.46875,
                653.230895996,
                2859.40869141,
                1588.02758789,
                1539.84741211,
                2346.4128418,
                2817.5402832,
                7554.52392578,
                7350.42822266,
                4684.66650391,
                14411.4091797,
                20045.9726563,
                29222.2480469,
                6361.83837891,
                5956.86035156,
                3199.41357422,
                2834.47021484,
                593.957214355,
                1681.9609375,
                278.731414795,
                207.991928101,
                394.488952637,
                207.91796875,
                180.965911865,
                94.3425445557,
                70.3490142822,
                25.2369937897,
                10.4894514084,
                1.72248709202,
                0.138952448964,
                0.00515801087022,
                7.98089022283e-05,
                3.73777425011e-07
            ],
            "max": [
                2.92499613762,
                26.549571991,
                75.5653533936,
                88.6844329834,
                272.683929443,
                194.491455078,
                192.291107178,
                214.499450684,
                341.646514893,
                966.379882813,
                668.203186035,
                609.262084961,
                782.744384766,
                670.008300781,
                1230.64404297,
                1220.8704834,
                948.856994629,
                1890.4017334,
                2348.59228516,
                2114.15551758,
                979.030029297,
                757.291870117,
                730.459533691,
                813.594970703,
                366.40447998,
                514.128295898,
                134.014083862,
                113.317192078,
                245.151138306,
                205.057739258,
                197.771270752,
                129.928466797,
                95.5391540527,
                46.5594940186,
                42.71641922,
                15.2925920486,
                4.00701236725,
                0.677523195744,
                0.064273327589,
                0.00449286354706
            ],
            "mean": [
                0.373817712069,
                2.56303453445,
                5.08607435226,
                5.29070281982,
                10.2079648972,
                7.74503183365,
                5.26077842712,
                6.14119958878,
                12.4463634491,
                28.214805603,
                18.0304527283,
                15.8545122147,
                20.9900836945,
                24.4390411377,
                37.4837379456,
                33.609046936,
                27.1498126984,
                46.9874687195,
                64.578666687,
                78.3306045532,
                40.6357421875,
                39.1258888245,
                39.2182922363,
                37.5643196106,
                25.6508216858,
                32.2089729309,
                19.195892334,
                14.6912736893,
                16.7284755707,
                15.1048851013,
                16.8700447083,
                13.9576730728,
                10.714430809,
                7.35646009445,
                3.82525229454,
                1.48182046413,
                0.447643101215,
                0.0974665954709,
                0.0128511190414,
                0.000895679753739
            ],
            "median": [
                0.167732357979,
                1.62076640129,
                2.92346715927,
                3.08889460564,
                3.66003847122,
                3.37736129761,
                2.43264818192,
                3.25288724899,
                6.90010547638,
                12.4550018311,
                8.55318069458,
                7.50038337708,
                9.46001243591,
                9.5940694809,
                11.8686504364,
                12.2047739029,
                11.7588710785,
                19.6633834839,
                23.3206825256,
                29.3862915039,
                19.5372657776,
                19.4772834778,
                23.3919639587,
                26.0240287781,
                20.3294372559,
                21.1879940033,
                15.6572303772,
                12.6576337814,
                12.7578163147,
                10.7185382843,
                12.5044555664,
                10.8306674957,
                8.14947891235,
                5.88936471939,
                2.99115610123,
                1.12007212639,
                0.365565925837,
                0.087798371911,
                0.0123769110069,
                0.000864938017912
            ],
            "min": [
                6.09856815065e-18,
                3.45257643792e-17,
                1.13829091717e-16,
                2.81319097071e-16,
                5.62382072555e-16,
                1.00698008451e-15,
                1.63320827131e-15,
                2.48202295237e-15,
                3.5900788432e-15,
                4.98443398779e-15,
                6.70513398629e-15,
                8.76486654523e-15,
                1.12200423648e-14,
                1.40898619879e-14,
                1.73896507816e-14,
                2.11673889273e-14,
                2.54536585494e-14,
                3.02850870467e-14,
                3.56357264118e-14,
                4.15561580644e-14,
                4.80072321414e-14,
                5.49245673628e-14,
                6.22043242653e-14,
                6.97690467682e-14,
                7.73414942116e-14,
                8.46537670149e-14,
                9.12263225573e-14,
                9.65765553466e-14,
                1.00010914806e-13,
                1.00780183352e-13,
                9.82063890387e-14,
                9.16514721104e-14,
                8.09150923348e-14,
                6.64526959393e-14,
                4.95419779148e-14,
                3.23494113712e-14,
                1.74803697044e-14,
                7.09816955579e-15,
                1.79843390614e-15,
                1.91286271042e-16
            ],
            "var": [
                0.226274326444,
                9.036485672,
                37.8873023987,
                55.1882705688,
                530.273681641,
                181.817626953,
                95.9061126709,
                131.374282837,
                369.25982666,
                2086.64208984,
                875.432617188,
                844.79864502,
                1361.1496582,
                1859.82104492,
                5616.43505859,
                5174.40527344,
                2750.46362305,
                7962.32617188,
                16916.8535156,
                20541.890625,
                4833.71044922,
                4104.96582031,
                2216.74560547,
                1834.21069336,
                568.877319336,
                1411.03369141,
                250.541809082,
                172.2006073,
                309.876586914,
                269.396697998,
                271.979797363,
                151.138183594,
                88.9237747192,
                34.0040931702,
                12.391500473,
                2.13019824028,
                0.161804392934,
                0.00682683754712,
                0.00011661908502,
                5.89227568071e-07
            ]
        },
        "erbbands_crest": {
            "dmean": 2.99927330017,
            "dmean2": 4.91085100174,
            "dvar": 8.64476966858,
            "dvar2": 21.8780670166,
            "max": 31.0449848175,
            "mean": 8.70785903931,
            "median": 7.72828578949,
            "min": 2.19526934624,
            "var": 19.1252574921
        },
        "erbbands_flatness_db": {
            "dmean": 0.0143598774448,
            "dmean2": 0.0218300055712,
            "dvar": 0.000188083315152,
            "dvar2": 0.000411855842685,
            "max": 0.327853173018,
            "mean": 0.106973469257,
            "median": 0.100652053952,
            "min": 0.0427078567445,
            "var": 0.00143590418156
        },
        "erbbands_kurtosis": {
            "dmean": 0.827001273632,
            "dmean2": 1.31447601318,
            "dvar": 1.08209717274,
            "dvar2": 2.52912807465,
            "max": 30.0131893158,
            "mean": 0.46132671833,
            "median": 0.118302702904,
            "min": -1.78110873699,
            "var": 2.38620400429
        },
        "erbbands_skewness": {
            "dmean": 0.30517116189,
            "dmean2": 0.465110808611,
            "dvar": 0.0849812030792,
            "dvar2": 0.184565916657,
            "max": 3.56794810295,
            "mean": -0.0585111565888,
            "median": -0.0739197582006,
            "min": -4.32786846161,
            "var": 0.406611144543
        },
        "erbbands_spread": {
            "dmean": 10.0422706604,
            "dmean2": 15.0689868927,
            "dvar": 103.732589722,
            "dvar2": 211.204330444,
            "max": 176.186935425,
            "mean": 46.7578430176,
            "median": 42.7627716064,
            "min": 5.35541009903,
            "var": 446.395294189
        },
        "gfcc": {
            "cov": [
                [
                    5806.0703125,
                    -589.223754883,
                    456.924407959,
                    485.539306641,
                    288.8934021,
                    87.092124939,
                    78.3873062134,
                    -44.6094017029,
                    35.7693138123,
                    -61.0203857422,
                    -114.606391907,
                    81.4258956909,
                    -65.7554244995
                ],
                [
                    -589.223754883,
                    761.98034668,
                    -81.6897277832,
                    -96.4245986938,
                    16.6064815521,
                    33.621837616,
                    26.7870922089,
                    43.0246353149,
                    -18.8251304626,
                    -9.50075149536,
                    59.4808578491,
                    -77.1292419434,
                    14.8817892075
                ],
                [
                    456.924407959,
                    -81.6897277832,
                    785.428100586,
                    304.3253479,
                    81.2975158691,
                    134.057113647,
                    31.5800056458,
                    39.3373413086,
                    16.7565860748,
                    1.43151032925,
                    -39.9882507324,
                    42.7373847961,
                    -13.31524086
                ],
                [
                    485.539306641,
                    -96.4245986938,
                    304.3253479,
                    397.66217041,
                    126.586250305,
                    53.8420639038,
                    37.1855545044,
                    22.847158432,
                    73.2814483643,
                    2.18780493736,
                    -32.7971076965,
                    43.2487449646,
                    -9.48086833954
                ],
                [
                    288.8934021,
                    16.6064815521,
                    81.2975158691,
                    126.586250305,
                    232.794616699,
                    89.3787460327,
                    69.9364395142,
                    -6.46280813217,
                    38.9639320374,
                    19.3621253967,
                    -16.2119865417,
                    18.6500968933,
                    0.820302069187
                ],
                [
                    87.092124939,
                    33.621837616,
                    134.057113647,
                    53.8420639038,
                    89.3787460327,
                    219.430267334,
                    106.82950592,
                    21.765378952,
                    -15.6117095947,
                    25.3752307892,
                    28.3520832062,
                    16.7656536102,
                    4.03905820847
                ],
                [
                    78.3873062134,
                    26.7870922089,
                    31.5800056458,
                    37.1855545044,
                    69.9364395142,
                    106.82950592,
                    192.697265625,
                    10.5274372101,
                    -9.10395908356,
                    17.1580810547,
                    19.879611969,
                    27.4403820038,
                    -9.41774177551
                ],
                [
                    -44.6094017029,
                    43.0246353149,
                    39.3373413086,
                    22.847158432,
                    -6.46280813217,
                    21.765378952,
                    10.5274372101,
                    161.011962891,
                    52.8614273071,
                    3.08379673958,
                    26.4692573547,
                    -0.600392341614,
                    21.1745243073
                ],
                [
                    35.7693138123,
                    -18.8251304626,
                    16.7565860748,
                    73.2814483643,
                    38.9639320374,
                    -15.6117095947,
                    -9.10395908356,
                    52.8614273071,
                    140.150085449,
                    44.6225967407,
                    -10.6448736191,
                    19.4115962982,
                    7.32866716385
                ],
                [
                    -61.0203857422,
                    -9.50075149536,
                    1.43151032925,
                    2.18780493736,
                    19.3621253967,
                    25.3752307892,
                    17.1580810547,
                    3.08379673958,
                    44.6225967407,
                    95.416885376,
                    40.7463531494,
                    7.2475938797,
                    -2.15150165558
                ],
                [
                    -114.606391907,
                    59.4808578491,
                    -39.9882507324,
                    -32.7971076965,
                    -16.2119865417,
                    28.3520832062,
                    19.879611969,
                    26.4692573547,
                    -10.6448736191,
                    40.7463531494,
                    100.380966187,
                    11.6663675308,
                    2.96940422058
                ],
                [
                    81.4258956909,
                    -77.1292419434,
                    42.7373847961,
                    43.2487449646,
                    18.6500968933,
                    16.7656536102,
                    27.4403820038,
                    -0.600392341614,
                    19.4115962982,
                    7.2475938797,
                    11.6663675308,
                    87.7545852661,
                    16.6718959808
                ],
                [
                    -65.7554244995,
                    14.8817892075,
                    -13.31524086,
                    -9.48086833954,
                    0.820302069187,
                    4.03905820847,
                    -9.41774177551,
                    21.1745243073,
                    7.32866716385,
                    -2.15150165558,
                    2.96940422058,
                    16.6718959808,
                    68.8895950317
                ]
            ],
            "icov": [
                [
                    0.000215916967136,
                    0.000155448433361,
                    -4.05871433031e-05,
                    -0.00013428182865,
                    -0.000219597030082,
                    2.45374703809e-05,
                    -2.27731597988e-05,
                    1.49895622599e-05,
                    1.72010677488e-05,
                    0.000207778779441,
                    -3.74796254619e-05,
                    2.90640782623e-05,
                    0.000138884526677
                ],
                [
                    0.000155448433361,
                    0.00183464132715,
                    -0.00015089783119,
                    0.000333572621457,
                    -0.000595428515226,
                    -1.58433922479e-05,
                    -0.000432825530879,
                    0.000120285840239,
                    -0.000675826857332,
                    0.00136786850635,
                    -0.00174284458626,
                    0.0020292350091,
                    -0.000620685401373
                ],
                [
                    -4.05871433031e-05,
                    -0.00015089783119,
                    0.0022385683842,
                    -0.00167620251887,
                    0.000523361668456,
                    -0.00134445179719,
                    0.000755622866563,
                    -0.000860147294588,
                    0.00123597821221,
                    -0.00105883739889,
                    0.00158371706493,
                    -0.000973487680312,
                    0.000638899509795
                ],
                [
                    -0.00013428182865,
                    0.000333572621457,
                    -0.00167620251887,
                    0.00501646986231,
                    -0.00176907377318,
                    0.000425726699177,
                    -0.000414639944211,
                    0.000316263089189,
                    -0.00250910641626,
                    0.00168113817926,
                    -0.000703705765773,
                    -0.000387882115319,
                    0.00045201566536
                ],
                [
                    -0.000219597030082,
                    -0.000595428515226,
                    0.000523361668456,
                    -0.00176907377318,
                    0.00711752986535,
                    -0.0024142167531,
                    -0.00106347131077,
                    0.00121423031669,
                    -0.00149671488907,
                    -0.000832668214571,
                    0.00166543293744,
                    -0.000121835408208,
                    -0.000594176992308
                ],
                [
                    2.45374703809e-05,
                    -1.58433922479e-05,
                    -0.00134445179719,
                    0.000425726699177,
                    -0.0024142167531,
                    0.00849509146065,
                    -0.00337592209689,
                    -0.0010434637079,
                    0.0021217702888,
                    -0.001572436071,
                    -0.00135494419374,
                    0.000395851966459,
                    -0.0010967659764
                ],
                [
                    -2.27731597988e-05,
                    -0.000432825530879,
                    0.000755622866563,
                    -0.000414639944211,
                    -0.00106347131077,
                    -0.00337592209689,
                    0.00818865932524,
                    -0.00113019812852,
                    0.00171560293529,
                    -0.00125542061869,
                    0.000831164012197,
                    -0.00304692122154,
                    0.00231802323833
                ],
                [
                    1.49895622599e-05,
                    0.000120285840239,
                    -0.000860147294588,
                    0.000316263089189,
                    0.00121423031669,
                    -0.0010434637079,
                    -0.00113019812852,
                    0.00989728141576,
                    -0.00651481887326,
                    0.00488188676536,
                    -0.00512218428776,
                    0.00299522955902,
                    -0.0029428624548
                ],
                [
                    1.72010677488e-05,
                    -0.000675826857332,
                    0.00123597821221,
                    -0.00250910641626,
                    -0.00149671488907,
                    0.0021217702888,
                    0.00171560293529,
                    -0.00651481887326,
                    0.0158395133913,
                    -0.0104284435511,
                    0.00702600972727,
                    -0.00439820811152,
                    0.000937218253966
                ],
                [
                    0.000207778779441,
                    0.00136786850635,
                    -0.00105883739889,
                    0.00168113817926,
                    -0.000832668214571,
                    -0.001572436071,
                    -0.00125542061869,
                    0.00488188676536,
                    -0.0104284435511,
                    0.0207143109292,
                    -0.0111136548221,
                    0.0037320156116,
                    -0.000308316579321
                ],
                [
                    -3.74796254619e-05,
                    -0.00174284458626,
                    0.00158371706493,
                    -0.000703705765773,
                    0.00166543293744,
                    -0.00135494419374,
                    0.000831164012197,
                    -0.00512218428776,
                    0.00702600972727,
                    -0.0111136548221,
                    0.019070809707,
                    -0.00582332164049,
                    0.00179035123438
                ],
                [
                    2.90640782623e-05,
                    0.0020292350091,
                    -0.000973487680312,
                    -0.000387882115319,
                    -0.000121835408208,
                    0.000395851966459,
                    -0.00304692122154,
                    0.00299522955902,
                    -0.00439820811152,
                    0.0037320156116,
                    -0.00582332164049,
                    0.0171934682876,
                    -0.00533661572263
                ],
                [
                    0.000138884526677,
                    -0.000620685401373,
                    0.000638899509795,
                    0.00045201566536,
                    -0.000594176992308,
                    -0.0010967659764,
                    0.00231802323833,
                    -0.0029428624548,
                    0.000937218253966,
                    -0.000308316579321,
                    0.00179035123438,
                    -0.00533661572263,
                    0.0173661466688
                ]
            ],
            "mean": [
                66.2739334106,
                31.8035697937,
                -91.5538253784,
                31.3366622925,
                -43.8618888855,
                23.3204021454,
                -35.1019134521,
                17.4936275482,
                -18.7207508087,
                6.73794603348,
                -13.2273635864,
                -2.62114858627,
                -13.0775327682
            ]
        },
        "hfc": {
            "dmean": 10.6192703247,
            "dmean2": 16.4436855316,
            "dvar": 160.66027832,
            "dvar2": 379.811859131,
            "max": 160.317825317,
            "mean": 47.4480667114,
            "median": 45.0787811279,
            "min": 6.32770040792e-13,
            "var": 677.805236816
        },
        "melbands": {
            "dmean": [
                0.00208745221607,
                0.00162969669327,
                0.000768876110669,
                0.000523848517332,
                0.000144799982081,
                9.63372876868e-05,
                0.000130595450173,
                0.000172160624061,
                8.84148175828e-05,
                6.71398593113e-05,
                6.91280656611e-05,
                6.36788390693e-05,
                9.08593865461e-05,
                6.17850382696e-05,
                4.72896463179e-05,
                4.45665500592e-05,
                6.02553882345e-05,
                6.4955529524e-05,
                7.39139359212e-05,
                5.4620722949e-05,
                2.7973232136e-05,
                2.7410529583e-05,
                1.92825209524e-05,
                2.68903240794e-05,
                1.65435940289e-05,
                1.02425165096e-05,
                1.03607935671e-05,
                1.12135012387e-05,
                6.13378597336e-06,
