{
    "lowlevel": {
        "average_loudness": 0.940691053867,
        "barkbands": {
            "dmean": [
                0.00219755270518,
                0.0122938863933,
                0.00484523316845,
                0.00173556932714,
                0.00147968553938,
                0.000793800805695,
                0.00129236071371,
                0.000868201139383,
                0.000682088953909,
                0.00047743920004,
                0.000274108024314,
                0.000423255638452,
                0.000325747503666,
                0.00022283483122,
                0.000240829773247,
                0.000148659295519,
                0.000201725706575,
                0.000163825243362,
                0.000135841270094,
                0.000386996805901,
                7.60161492508e-05,
                6.19841521257e-05,
                4.64398399345e-05,
                7.35406720196e-05,
                7.76598972152e-05,
                2.98078684864e-05,
                1.71708018115e-06
            ],
            "dmean2": [
                0.00289187091403,
                0.0157684553415,
                0.00855675153434,
                0.00321943568997,
                0.00241370289586,
                0.00131948816124,
                0.00209205131978,
                0.00132760941051,
                0.00099114398472,
                0.000670147826895,
                0.000405087834224,
                0.000633264658973,
                0.000502329494338,
                0.000339060439728,
                0.0003549651301,
                0.000224997915211,
                0.000301055901218,
                0.000244721682975,
                0.000216613785597,
                0.000671239686199,
                0.000112799825729,
                9.86582454061e-05,
                7.41982439649e-05,
                0.000114522859803,
                0.000122368335724,
                4.87034085381e-05,
                2.91858896162e-06
            ],
            "dvar": [
                1.97820991161e-05,
                0.000837462430354,
                0.000486521428684,
                5.73227953282e-05,
                1.51638241732e-05,
                3.8733060137e-06,
                6.99659085512e-06,
                4.8222350415e-06,
                2.645755103e-06,
                1.08076528704e-06,
                5.81656763643e-07,
                1.60023898843e-06,
                8.53140704749e-07,
                3.77880127189e-07,
                3.91112592979e-07,
                1.88408975532e-07,
                3.08448335318e-07,
                2.55701763763e-07,
                2.01046432835e-07,
                3.89994283978e-06,
                5.43461702307e-08,
                3.22086748383e-08,
                1.87889899195e-08,
                5.33363575528e-08,
                7.4886081336e-08,
                6.91979007428e-09,
                3.28337391997e-11
            ],
            "dvar2": [
                3.1732419302e-05,
                0.00128020113334,
                0.00136363180354,
                0.000173979671672,
                4.14135720348e-05,
                1.05047656689e-05,
                1.73435491888e-05,
                1.01538262243e-05,
                5.59544560019e-06,
                1.93057326214e-06,
                1.24972928006e-06,
                3.58444299309e-06,
                2.118137445e-06,
                8.1746907199e-07,
                8.36325625642e-07,
                4.08130887308e-07,
                6.62464344714e-07,
                5.57321243377e-07,
                4.86268561417e-07,
                1.07330160972e-05,
                1.1347490414e-07,
                7.14855588058e-08,
                4.32819291518e-08,
                1.15643949528e-07,
                1.56166578336e-07,
                1.5867586356e-08,
                8.5165534347e-11
            ],
            "max": [
                0.117028079927,
                0.384629279375,
                0.207617357373,
                0.0866261422634,
                0.0530742481351,
                0.0419534780085,
                0.0358952507377,
                0.0645065158606,
                0.0414112769067,
                0.0255692061037,
                0.0226664338261,
                0.0390443429351,
                0.0300782825798,
                0.0151009475812,
                0.0133648021147,
                0.00803368072957,
                0.0112206107005,
                0.00636631809175,
                0.00935630965978,
                0.0277523584664,
                0.00757990311831,
                0.00649119867012,
                0.00441291742027,
                0.00542196864262,
                0.00660596927628,
                0.00199604826048,
                0.000222239963477
            ],
            "mean": [
                0.0111252889037,
                0.0527459718287,
                0.0048018367961,
                0.00201293732971,
                0.00238669337705,
                0.00138791708741,
                0.00198281090707,
                0.00136822497007,
                0.00114613363985,
                0.000884392531589,
                0.000413298548665,
                0.000593281234615,
                0.000438744173152,
                0.000272103847237,
                0.000296065671137,
                0.000175544453668,
                0.000254716578638,
                0.000181542840437,
                0.000144452234963,
                0.000296502985293,
                0.000102504833194,
                7.56509471103e-05,
                5.76970887778e-05,
                8.9969849796e-05,
                8.95223711268e-05,
                3.07923473883e-05,
                1.58770330927e-06
            ],
            "median": [
                0.00520595628768,
                0.0519603565335,
                0.00195084209554,
                0.000287423987174,
                0.00125380279496,
                0.000792163889855,
                0.000777308770921,
                0.000240827415837,
                0.000192532927031,
                0.000251341611147,
                0.000102232559584,
                0.000124306840007,
                6.91583845764e-05,
                3.9605267375e-05,
                4.39677642134e-05,
                2.28251083172e-05,
                3.37992460118e-05,
                1.93450341612e-05,
                1.82790427061e-05,
                1.03224047052e-05,
                7.19921990822e-06,
                1.21756311273e-05,
                1.09915436042e-05,
                1.30197631734e-05,
                1.28304563987e-05,
                6.77291245665e-06,
                1.78790685368e-07
            ],
            "min": [
                1.90871680222e-24,
                7.24774239711e-24,
                2.11609235977e-24,
                2.91285753293e-23,
                1.98946460448e-23,
                1.65977139097e-23,
                8.9128447523e-24,
                4.6708040835e-23,
                3.86302629377e-23,
                3.86122800645e-23,
                3.87904616549e-23,
                1.40276609318e-22,
                6.84497384251e-23,
                4.39797243735e-23,
                1.42139280309e-22,
                1.62890916442e-22,
                1.62503503696e-22,
                1.54674418933e-22,
                3.19683900222e-22,
                3.30466152049e-22,
                4.51514396709e-22,
                4.12774308556e-22,
                5.65159692956e-22,
                8.39867616367e-22,
                1.11363370297e-21,
                1.37401273165e-21,
                2.53046363361e-21
            ],
            "var": [
                0.000137817885843,
                0.00287221744657,
                0.00029739481397,
                3.51276503352e-05,
                1.45932372106e-05,
                4.18116906076e-06,
                1.0236189155e-05,
                1.03897737063e-05,
                6.4032951741e-06,
                3.05576350002e-06,
                1.05998742583e-06,
                2.72966963166e-06,
                1.43033696531e-06,
                5.68560324155e-07,
                6.19929608092e-07,
                2.57855731434e-07,
                4.54039223996e-07,
                2.86742960043e-07,
                1.94097921735e-07,
                2.57478131971e-06,
                1.1141681e-07,
                5.3384187737e-08,
                2.7988663831e-08,
                8.7072400845e-08,
                1.10359437144e-07,
                8.24177259773e-09,
                3.15138089235e-11
            ]
        },
        "barkbands_crest": {
            "dmean": 1.98208796978,
            "dmean2": 2.87943530083,
            "dvar": 5.55811548233,
            "dvar2": 12.878027916,
            "max": 26.668384552,
            "mean": 16.0859966278,
            "median": 16.5427207947,
            "min": 3.35253024101,
            "var": 20.9292163849
        },
        "barkbands_flatness_db": {
            "dmean": 0.033447843045,
            "dmean2": 0.0452173762023,
            "dvar": 0.0014484875137,
            "dvar2": 0.00237880833447,
            "max": 0.694131791592,
            "mean": 0.266256034374,
            "median": 0.247505933046,
            "min": 0.0378779359162,
            "var": 0.0101424660534
        },
        "barkbands_kurtosis": {
            "dmean": 11.6624641418,
            "dmean2": 17.411989212,
            "dvar": 449.555633545,
            "dvar2": 956.015075684,
            "max": 617.033935547,
            "mean": 22.1229915619,
            "median": 11.5235157013,
            "min": -1.89253640175,
            "var": 1111.0144043
        },
        "barkbands_skewness": {
            "dmean": 0.928043782711,
            "dmean2": 1.34567403793,
            "dvar": 1.10533976555,
            "dvar2": 2.1901242733,
            "max": 19.2411766052,
            "mean": 3.25767946243,
            "median": 3.02631473541,
            "min": -6.0261759758,
            "var": 5.19992876053
        },
        "barkbands_spread": {
            "dmean": 4.47930288315,
            "dmean2": 6.47657203674,
            "dvar": 60.9424743652,
            "dvar2": 123.507926941,
            "max": 154.515762329,
            "mean": 10.6945810318,
            "median": 7.30888748169,
            "min": 0.173543706536,
            "var": 144.223480225
        },
        "dissonance": {
            "dmean": 0.0360529981554,
            "dmean2": 0.0594169571996,
            "dvar": 0.00123761163559,
            "dvar2": 0.00330580887385,
            "max": 0.499999880791,
            "mean": 0.418271094561,
            "median": 0.429213762283,
            "min": 0.057818915695,
            "var": 0.00339081091806
        },
        "dynamic_complexity": 2.67822098732,
        "erbbands": {
            "dmean": [
                0.613104224205,
                2.39587283134,
                5.14889526367,
                5.77300405502,
                4.50585842133,
                5.67614984512,
                6.28214597702,
                6.06847429276,
                15.4985799789,
                17.6030979156,
                19.8067646027,
                18.6550121307,
                10.2653150558,
                17.7825870514,
                10.0439844131,
                18.3830909729,
                14.0934371948,
                12.6682872772,
                11.9340906143,
                9.03714084625,
                8.38740348816,
                9.05901622772,
                9.55029010773,
                7.05278730392,
                7.2330956459,
                18.3284091949,
                8.13204669952,
                2.78838562965,
                2.46356892586,
                1.55166053772,
                1.33025348186,
                1.31125056744,
                1.3635956049,
                1.0042488575,
                0.496589958668,
                0.192642465234,
                0.0439459681511,
                0.00510077597573,
                0.000310773320962,
                2.28750268434e-05
            ],
            "dmean2": [
                0.813444316387,
                3.03519010544,
                8.65533351898,
                10.5956363678,
                7.95187282562,
                9.10987377167,
                10.1311912537,
                10.2468748093,
                25.1053962708,
                28.2463779449,
                29.9651927948,
                26.7754249573,
                14.8645782471,
                24.7821350098,
                14.8910264969,
                27.3751277924,
                21.4842605591,
                18.8459854126,
                17.472618103,
                13.1945400238,
                12.6724662781,
                13.3217124939,
                14.222779274,
                10.9674854279,
                11.1250696182,
                32.2008628845,
                14.0225381851,
                4.24988365173,
                3.94761586189,
                2.42420053482,
                2.13709282875,
                2.07064294815,
                2.13520359993,
                1.57727491856,
                0.79182946682,
                0.311783611774,
                0.0732920318842,
                0.00849310774356,
                0.000530046992935,
                3.33892348863e-05
            ],
            "dvar": [
                2.25232982635,
                36.2207527161,
                475.347442627,
                672.861877441,
                262.977233887,
                197.665283203,
                185.527252197,
                281.614013672,
                1097.86108398,
                1423.17504883,
                2567.25146484,
                1838.58447266,
                743.912109375,
                1496.31201172,
                774.33215332,
                3306.62573242,
                1595.00183105,
                1091.50036621,
                1001.36260986,
                546.476989746,
                563.656799316,
                601.407104492,
                856.507019043,
                473.341094971,
                585.846374512,
                9238.30664063,
                1208.82922363,
                101.574035645,
                53.8204917908,
                17.1194190979,
                16.3941612244,
                15.9902696609,
                21.3064365387,
                15.2602729797,
                2.51736855507,
                0.314040750265,
                0.0150826824829,
                0.00018145298236,
                1.09920540581e-06,
                1.69423353125e-09
            ],
            "dvar2": [
                3.45781469345,
                65.9314880371,
                1263.85571289,
                1960.95471191,
                772.031311035,
                514.959899902,
                489.433410645,
                761.424072266,
                2747.79589844,
                3422.50097656,
                5300.40722656,
                3793.69067383,
                1435.46386719,
                2761.1184082,
                1727.41003418,
                7491.99023438,
                3892.7019043,
                2298.1237793,
                2150.34350586,
                1111.09521484,
                1294.45117188,
                1248.78686523,
                1883.96057129,
                1121.45141602,
                1287.54602051,
                25608.1621094,
                3332.16455078,
                207.083938599,
                122.407363892,
                38.5073394775,
                38.0975990295,
                36.6425056458,
                46.1264076233,
                33.0513954163,
                5.36961889267,
                0.687748908997,
                0.0375227443874,
                0.000445647485321,
                2.83513554677e-06,
                3.25321081185e-09
            ],
            "max": [
                19.5737457275,
                74.55052948,
                226.664611816,
                282.437408447,
                212.547988892,
                195.805023193,
                188.194854736,
                498.68862915,
                480.950317383,
                928.623779297,
                1084.13525391,
                944.775268555,
                987.464599609,
                991.099060059,
                663.772888184,
                1910.19116211,
                1200.1138916,
                809.161071777,
                649.968017578,
                391.513427734,
                370.112030029,
                642.577514648,
                400.431793213,
                252.825866699,
                545.398010254,
                1366.09313965,
                575.345825195,
                519.743896484,
                272.579528809,
                140.777740479,
                137.457946777,
                125.720664978,
                113.700813293,
                99.9761505127,
                35.8788528442,
                12.2207689285,
                2.82067370415,
                0.317294985056,
                0.0414621271193,
                0.000767086108681
            ],
            "mean": [
                2.88430690765,
                6.36028051376,
                6.02668905258,
                6.88463878632,
                5.81967353821,
                8.68152809143,
                12.4795084,
                8.89819049835,
                25.3562164307,
                26.3593540192,
                32.8429336548,
                32.9703712463,
                19.1396064758,
                32.3887634277,
                16.8485240936,
                26.2774486542,
                20.4489517212,
                17.1076107025,
                16.0136852264,
                11.4659061432,
                10.3797063828,
                11.8600883484,
                10.9762392044,
                7.78765201569,
                8.20591831207,
                13.7605686188,
                7.28920269012,
                3.59756040573,
                2.91249895096,
                2.02668738365,
                1.60563588142,
                1.57981622219,
                1.65627658367,
                1.14361464977,
                0.554578542709,
                0.205007389188,
                0.0431246906519,
                0.00503602484241,
                0.000324552005623,
                0.000101384983282
            ],
            "median": [
                2.83501958847,
                4.59899425507,
                2.81313228607,
                2.50638961792,
                2.5395154953,
                3.45738601685,
                7.59011411667,
                3.95305156708,
                10.8755950928,
                9.9957113266,
                8.97332191467,
                7.05311489105,
                6.64607810974,
                10.0002174377,
                5.08521223068,
                6.20836162567,
                4.03222322464,
                3.12771177292,
                2.80793237686,
                1.71174371243,
                1.60314810276,
                1.74386835098,
                1.34445762634,
                1.06187582016,
                0.953718304634,
                0.523570358753,
                0.330638200045,
                0.287472128868,
                0.3774933815,
                0.520831823349,
                0.266921103001,
                0.228915542364,
                0.226967126131,
                0.145906060934,
                0.0808761194348,
                0.0433966144919,
                0.00883017014712,
                0.000911027484108,
                8.48036288517e-05,
                9.63527490967e-05
            ],
            "min": [
                3.17541354004e-22,
                1.16788148385e-21,
                2.66592395049e-21,
                4.68726159253e-20,
                3.41962572149e-20,
                7.64285870054e-20,
                1.46088044866e-19,
                1.41376760139e-19,
                2.12766854324e-19,
                5.24055520794e-19,
                1.21078324348e-18,
                8.93475416336e-19,
                1.42891335595e-18,
                6.18592338642e-19,
                2.26580568928e-18,
                5.32990932566e-18,
                3.90799826039e-18,
                2.73072131179e-18,
                5.49867443655e-18,
                5.76054244769e-18,
                1.06889949659e-17,
                9.02362396683e-18,
                8.69108743442e-18,
                1.26142867929e-17,
                1.54711924392e-17,
                1.58479500472e-17,
                1.86306021714e-17,
                1.75566256057e-17,
                1.4653562454e-17,
                1.1490690971e-17,
                1.82596100123e-17,
                1.65503835516e-17,
                1.41299802873e-17,
                1.20208541866e-17,
                7.58391859223e-18,
                4.83777242996e-18,
                2.35156839557e-18,
                1.41710245757e-18,
                3.68140402231e-19,
                3.35203989556e-20
            ],
            "var": [
                8.00916576385,
                76.6487731934,
                338.870117188,
                413.557281494,
                181.17250061,
                229.529159546,
                284.729370117,
                256.815338135,
                1616.1940918,
                2081.05004883,
                5618.12011719,
                4840.734375,
                1685.09875488,
                4063.2409668,
                1336.74450684,
                5550.32714844,
                2852.37353516,
                1838.06213379,
                1686.54772949,
                837.969299316,
                738.284118652,
                909.800109863,
                961.644958496,
                483.432342529,
                651.777160645,
                5926.06640625,
                906.64465332,
                183.684295654,
                83.7034988403,
                29.8640136719,
                23.092918396,
                24.4290599823,
                33.7361907959,
                21.2486000061,
                3.60704541206,
                0.405672967434,
                0.0155173111707,
                0.000198739231564,
                1.04635694242e-06,
                6.1306879573e-09
            ]
        },
        "erbbands_crest": {
            "dmean": 3.03538417816,
            "dmean2": 4.86697053909,
            "dvar": 8.15050697327,
            "dvar2": 19.8643245697,
            "max": 34.2987442017,
            "mean": 11.1309204102,
            "median": 10.0573530197,
            "min": 2.48033428192,
            "var": 25.5846271515
        },
        "erbbands_flatness_db": {
            "dmean": 0.0242969002575,
            "dmean2": 0.0353741832078,
            "dvar": 0.000716896145605,
            "dvar2": 0.00145146902651,
            "max": 0.534434318542,
            "mean": 0.194487988949,
            "median": 0.174030065536,
            "min": 0.0551106669009,
            "var": 0.00594389718026
        },
        "erbbands_kurtosis": {
            "dmean": 1.79632329941,
            "dmean2": 2.77755975723,
            "dvar": 17.703042984,
            "dvar2": 37.3447036743,
            "max": 308.431152344,
            "mean": 2.10287594795,
            "median": 0.956072449684,
            "min": -1.84121596813,
            "var": 39.8538169861
        },
        "erbbands_skewness": {
            "dmean": 0.515711665154,
            "dmean2": 0.767548203468,
            "dvar": 0.294135868549,
            "dvar2": 0.647644937038,
            "max": 13.2453947067,
            "mean": 0.467075496912,
            "median": 0.462275087833,
            "min": -4.06315565109,
            "var": 1.06572556496
        },
        "erbbands_spread": {
            "dmean": 10.1911144257,
            "dmean2": 15.9310693741,
            "dvar": 223.595870972,
            "dvar2": 523.204956055,
            "max": 179.780197144,
            "mean": 31.6373519897,
            "median": 27.2493362427,
            "min": 0.45561131835,
            "var": 456.554748535
        },
        "gfcc": {
            "cov": [
                [
                    18587.5996094,
                    -849.84552002,
                    -310.85458374,
                    1864.5513916,
                    -979.499755859,
                    795.367919922,
                    -547.258972168,
                    946.7265625,
                    -566.830749512,
                    484.839416504,
                    -164.045013428,
                    356.174072266,
                    -62.5069961548
                ],
                [
                    -849.84552002,
                    4420.43652344,
                    648.290161133,
                    -369.044219971,
                    1350.52612305,
                    -13.3677062988,
                    704.774536133,
                    -285.99987793,
                    621.684692383,
                    -298.886474609,
                    394.412231445,
                    -91.8753128052,
                    241.968338013
                ],
                [
                    -310.85458374,
                    648.290161133,
                    1940.94665527,
                    518.13659668,
                    275.362670898,
                    450.634979248,
                    294.812408447,
                    73.4328079224,
                    233.769943237,
                    129.512863159,
                    144.278213501,
                    139.271377563,
                    86.8455810547
                ],
                [
                    1864.5513916,
                    -369.044219971,
                    518.13659668,
                    982.996337891,
                    92.559677124,
                    196.121856689,
                    50.4928855896,
                    202.477249146,
                    75.9440078735,
                    171.545425415,
                    56.4943237305,
                    112.099647522,
                    113.058998108
                ],
                [
                    -979.499755859,
                    1350.52612305,
                    275.362670898,
                    92.559677124,
                    1017.80651855,
                    129.145614624,
                    353.667388916,
                    22.8652496338,
                    363.502960205,
                    -35.8102645874,
                    184.146865845,
                    30.9615802765,
                    134.170837402
                ],
                [
                    795.367919922,
                    -13.3677062988,
                    450.634979248,
                    196.121856689,
                    129.145614624,
                    505.675964355,
                    184.136856079,
                    147.328598022,
                    76.7657470703,
                    76.1117095947,
                    57.3748245239,
                    98.1383209229,
                    7.96034240723
                ],
                [
                    -547.258972168,
                    704.774536133,
                    294.812408447,
                    50.4928855896,
                    353.667388916,
                    184.136856079,
                    504.728790283,
                    43.0154304504,
                    161.980484009,
                    17.7272129059,
                    147.913909912,
                    58.4781341553,
                    88.6290435791
                ],
                [
                    946.7265625,
                    -285.99987793,
                    73.4328079224,
                    202.477249146,
                    22.8652496338,
                    147.328598022,
                    43.0154304504,
                    296.184356689,
                    52.8252906799,
                    76.8464813232,
                    26.6982841492,
                    68.973526001,
                    0.297432661057
                ],
                [
                    -566.830749512,
                    621.684692383,
                    233.769943237,
                    75.9440078735,
                    363.502960205,
                    76.7657470703,
                    161.980484009,
                    52.8252906799,
                    379.904571533,
                    24.5204849243,
                    91.5990371704,
                    -0.136063307524,
                    50.5586051941
                ],
                [
                    484.839416504,
                    -298.886474609,
                    129.512863159,
                    171.545425415,
                    -35.8102645874,
                    76.1117095947,
                    17.7272129059,
                    76.8464813232,
                    24.5204849243,
                    219.77331543,
                    37.8651885986,
                    30.5285739899,
                    5.36593484879
                ],
                [
                    -164.045013428,
                    394.412231445,
                    144.278213501,
                    56.4943237305,
                    184.146865845,
                    57.3748245239,
                    147.913909912,
                    26.6982841492,
                    91.5990371704,
                    37.8651885986,
                    201.399627686,
                    49.1417579651,
                    49.9874954224
                ],
                [
                    356.174072266,
                    -91.8753128052,
                    139.271377563,
                    112.099647522,
                    30.9615802765,
                    98.1383209229,
                    58.4781341553,
                    68.973526001,
                    -0.136063307524,
                    30.5285739899,
                    49.1417579651,
                    170.463195801,
                    51.2799377441
                ],
                [
                    -62.5069961548,
                    241.968338013,
                    86.8455810547,
                    113.058998108,
                    134.170837402,
                    7.96034240723,
                    88.6290435791,
                    0.297432661057,
                    50.5586051941,
                    5.36593484879,
                    49.9874954224,
                    51.2799377441,
                    170.804855347
                ]
            ],
            "icov": [
                [
                    0.000205139702302,
                    -0.000406518840464,
                    0.000278017745586,
                    -0.000505125150084,
                    0.000372889655409,
                    -0.000430540705565,
                    0.00037546720705,
                    -0.00054549833294,
                    0.000447681668447,
                    -0.00047716620611,
                    0.000398430565838,
                    -0.000376766023692,
                    0.000256217783317
                ],
                [
                    -0.000406518840464,
                    0.00150727399159,
                    -0.000758725160267,
                    0.00124840065837,
                    -0.0012340801768,
                    0.00102820899338,
                    -0.00107150245458,
                    0.00145932263695,
                    -0.00126062694471,
                    0.00168275134638,
                    -0.00149520556442,
                    0.00126045756042,
                    -0.000870218675118
                ],
                [
                    0.000278017745586,
                    -0.000758725160267,
                    0.00124091864564,
                    -0.00110421492718,
                    0.000725475314539,
                    -0.00119527208153,
                    0.000449785293313,
                    -0.000371577945771,
                    0.000357143086148,
                    -0.000924384919927,
                    0.000626605644356,
                    -0.000902533414774,
                    0.000540530483704
                ],
                [
                    -0.000505125150084,
                    0.00124840065837,
                    -0.00110421492718,
                    0.00295725604519,
                    -0.00120269367471,
                    0.00106993340887,
                    -0.000695158320013,
                    0.000632254465017,
                    -0.00110656733159,
                    0.000639148522168,
                    -0.00109605304897,
                    0.00100328552071,
                    -0.00176789797843
                ],
                [
                    0.000372889655409,
                    -0.0012340801768,
                    0.000725475314539,
                    -0.00120269367471,
                    0.00295141502284,
                    -0.00108153978363,
                    0.000290655705612,
                    -0.00107327348087,
                    -0.000310020899633,
                    -0.00072050653398,
                    0.000540243869182,
                    -0.00088728411356,
                    0.000117658833915
                ],
                [
                    -0.000430540705565,
                    0.00102820899338,
                    -0.00119527208153,
                    0.00106993340887,
                    -0.00108153978363,
                    0.00427985144779,
                    -0.00174709386192,
                    0.000140845775604,
                    -0.000853733858094,
                    0.000850241689477,
                    -0.000595957331825,
                    -5.76695019845e-05,
                    0.000259506719885
                ],
                [
                    0.00037546720705,
                    -0.00107150245458,
                    0.000449785293313,
                    -0.000695158320013,
                    0.000290655705612,
                    -0.00174709386192,
                    0.00426420755684,
                    -0.00124903884716,
                    0.000797149026766,
                    -0.00116848573089,
                    -0.000306289701257,
                    -0.000883877743036,
                    -0.000314844917739
                ],
                [
                    -0.00054549833294,
                    0.00145932263695,
                    -0.000371577945771,
                    0.000632254465017,
                    -0.00107327348087,
                    0.000140845775604,
                    -0.00124903884716,
                    0.0066910632886,
                    -0.00223440886475,
                    0.000957195763476,
                    -0.00138477177825,
                    -0.000141603595694,
                    5.55449732929e-05
                ],
                [
                    0.000447681668447,
                    -0.00126062694471,
                    0.000357143086148,
                    -0.00110656733159,
                    -0.000310020899633,
                    -0.000853733858094,
                    0.000797149026766,
                    -0.00223440886475,
                    0.00566509645432,
                    -0.00185861892533,
                    0.000775575463194,
                    -5.02734765178e-05,
                    0.00054374767933
                ],
                [
                    -0.00047716620611,
                    0.00168275134638,
                    -0.000924384919927,
                    0.000639148522168,
                    -0.00072050653398,
                    0.000850241689477,
                    -0.00116848573089,
                    0.000957195763476,
                    -0.00185861892533,
                    0.0077913380228,
                    -0.00287493341602,
                    0.0015346967848,
                    -0.000694528105669
                ],
                [
                    0.000398430565838,
                    -0.00149520556442,
                    0.000626605644356,
                    -0.00109605304897,
                    0.000540243869182,
                    -0.000595957331825,
                    -0.000306289701257,
                    -0.00138477177825,
                    0.000775575463194,
                    -0.00287493341602,
                    0.00888489373028,
                    -0.00271922675893,
                    0.00051250186516
                ],
                [
                    -0.000376766023692,
                    0.00126045756042,
                    -0.000902533414774,
                    0.00100328552071,
                    -0.00088728411356,
                    -5.76695019845e-05,
                    -0.000883877743036,
                    -0.000141603595694,
                    -5.02734765178e-05,
                    0.0015346967848,
                    -0.00271922675893,
                    0.0093844961375,
                    -0.00302513106726
                ],
                [
                    0.000256217783317,
                    -0.000870218675118,
                    0.000540530483704,
                    -0.00176789797843,
                    0.000117658833915,
                    0.000259506719885,
                    -0.000314844917739,
                    5.55449732929e-05,
                    0.00054374767933,
                    -0.000694528105669,
                    0.00051250186516,
                    -0.00302513106726,
                    0.00875441264361
                ]
            ],
            "mean": [
                -55.8561897278,
                122.606880188,
                -83.7456817627,
                14.8148651123,
                -44.871925354,
                17.7012634277,
                -26.3558444977,
                14.0891609192,
                -13.2754116058,
                5.73927164078,
                -5.77228975296,
                2.35391569138,
                -5.89503908157
            ]
        },
        "hfc": {
            "dmean": 7.49627017975,
            "dmean2": 10.9397888184,
            "dvar": 208.916854858,
            "dvar2": 468.04196167,
            "max": 208.480407715,
            "mean": 17.5243377686,
            "median": 12.7575969696,
            "min": 1.20751693472e-16,
            "var": 321.452789307
        },
        "melbands": {
            "dmean": [
                0.00417451141402,
                0.00252000661567,
                0.000938995275646,
                0.000359091645805,
                0.000215093226871,
                0.000144438497955,
                0.000252931116847,
                0.000189237631275,
                0.000159078612342,
                0.00011090443877,
                5.04472263856e-05,
                7.40641262382e-05,
                3.12464253511e-05,
                5.28542077518e-05,
                3.40737133229e-05,
                3.02831940644e-05,
                2.46492236329e-05,
                1.86499364645e-05,
                1.61052321346e-05,
                1.23927748064e-05,
                1.05257840914e-05,
                9.82169422059e-06,
                9.45971896726e-06,
                8.20465993456e-06,
                5.56615486857e-06,
                5.69656458538e-06,
                4.75136312161e-06,
