{
    "lowlevel": {
        "average_loudness": 0.845201790333,
        "barkbands": {
            "dmean": [
                0.000432251603343,
                0.00547971623018,
                0.00213602045551,
                0.001531447866,
                0.00161897984799,
                0.00114553922322,
                0.000782451010309,
                0.000449828221463,
                0.0010548265418,
                0.000937087403145,
                0.000467292615213,
                0.000430803687777,
                0.000492023711558,
                0.000377149030101,
                0.000351883965777,
                0.000204452459002,
                0.00019858063024,
                0.000210766782402,
                0.000138587478432,
                0.000160374562256,
                0.000103356840555,
                5.60236476304e-05,
                4.30112449976e-05,
                3.62042446795e-05,
                8.23116533866e-06,
                7.66158425591e-09,
                4.51386794609e-09
            ],
            "dmean2": [
                0.000780681613833,
                0.00848489720374,
                0.00347579061054,
                0.00257181259803,
                0.00279605970718,
                0.00184557063039,
                0.00124328734819,
                0.000726166937966,
                0.00168170290999,
                0.00152138539124,
                0.000753769476432,
                0.000685617094859,
                0.000793914310634,
                0.000600453349762,
                0.000574223231524,
                0.000322183623211,
                0.000324371358147,
                0.000340793165378,
                0.00021924613975,
                0.000252911617281,
                0.000159010305651,
                8.24200178613e-05,
                6.18126432528e-05,
                5.09301316924e-05,
                1.19565729619e-05,
                1.36923663518e-08,
                8.29500290678e-09
            ],
            "dvar": [
                1.10187022528e-06,
                8.94493496162e-05,
                1.68209226103e-05,
                8.76387639437e-06,
                1.49194502228e-05,
                5.78849949306e-06,
                2.00747763301e-06,
                7.73594592829e-07,
                4.98510098623e-06,
                7.50395611249e-06,
                9.56445092015e-07,
                5.86274836678e-07,
                8.91536444669e-07,
                6.5850485953e-07,
                6.5100368829e-07,
                1.98683025587e-07,
                1.98165579945e-07,
                1.7274685149e-07,
                6.44510294023e-08,
                8.20942105406e-08,
                3.81737592647e-08,
                1.40516656089e-08,
                1.71749920952e-08,
                4.03956157413e-08,
                7.51041284719e-10,
                1.06859527279e-15,
                5.32833539948e-16
            ],
            "dvar2": [
                3.35294225806e-06,
                0.000215986132389,
                4.2335865146e-05,
                2.28596145462e-05,
                4.13182351622e-05,
                1.4643385839e-05,
                4.83408757646e-06,
                1.94064296011e-06,
                1.24367916214e-05,
                1.9624538254e-05,
                2.48816263593e-06,
                1.45638341564e-06,
                2.32113143284e-06,
                1.58685872975e-06,
                1.73229511802e-06,
                4.4257038212e-07,
                5.39561483492e-07,
                4.50039209454e-07,
                1.62076872812e-07,
                2.03311245173e-07,
                9.08203787731e-08,
                2.96206614792e-08,
                3.5388364239e-08,
                9.44312432694e-08,
                1.46623535535e-09,
                3.03701820941e-15,
                1.6314205024e-15
            ],
            "max": [
                0.0124884843826,
                0.112497776747,
                0.0615350194275,
                0.0420493632555,
                0.0636291876435,
                0.0472227632999,
                0.0433404147625,
                0.0193485356867,
                0.0696712583303,
                0.075686186552,
                0.028663020581,
                0.0136638972908,
                0.0196550637484,
                0.0176653880626,
                0.0183851774782,
                0.0133500415832,
                0.010195530951,
                0.0100821200758,
                0.0057685431093,
                0.00512847490609,
                0.00501840049401,
                0.00383434887044,
                0.00511920405552,
                0.0122360121459,
                0.00148978165817,
                1.04812170321e-06,
                1.20486220112e-06
            ],
            "mean": [
                0.000391088455217,
                0.0093172006309,
                0.00304689421318,
                0.00191156915389,
                0.00197310047224,
                0.0018315030029,
                0.00128826103173,
                0.00066887808498,
                0.00188680877909,
                0.00149075197987,
                0.000726553029381,
                0.000731601088773,
                0.000822139088996,
                0.000615394732449,
                0.000630558643024,
                0.000385634135455,
                0.000370784924598,
                0.000442682707217,
                0.000287138740532,
                0.000347748340573,
                0.00022190650634,
                0.00011612878734,
                7.98423716333e-05,
                6.92299508955e-05,
                1.45789090311e-05,
                5.94808868826e-09,
                3.35193828249e-09
            ],
            "median": [
                6.3885228883e-05,
                0.00410770066082,
                0.000922898412682,
                0.000762495910749,
                0.000816782121547,
                0.000847728573717,
                0.000583400949836,
                0.000275682716165,
                0.000753199623432,
                0.000274376070593,
                0.000304644665448,
                0.000331945600919,
                0.000320875784382,
                0.000205900825677,
                0.000159226270625,
                0.000132226326969,
                0.000134424830321,
                0.000157786140335,
                0.000125700214994,
                0.000150798630784,
                8.68196439114e-05,
                4.22331359005e-05,
                2.64629252342e-05,
                1.7714122805e-05,
                4.04502225138e-06,
                5.40022859763e-10,
                4.80550266246e-10
            ],
            "min": [
                2.88220882737e-25,
                2.40324265965e-24,
                2.52657238471e-24,
                2.01806948976e-24,
                7.73794529678e-24,
                2.76888757783e-24,
                7.19004037734e-24,
                1.97702758122e-23,
                3.40487639041e-23,
                2.01211280107e-23,
                1.65082633939e-23,
                2.66015035957e-23,
                2.74816641066e-23,
                3.9896785432e-23,
                3.49894426682e-23,
                6.48369511167e-23,
                8.38388558968e-23,
                1.28391605676e-22,
                1.28244991144e-22,
                1.89121828962e-22,
                2.59247158437e-22,
                3.90559985465e-22,
                4.09446350522e-22,
                5.65495230208e-22,
                8.29990825398e-22,
                1.46044300824e-21,
                2.03709987558e-21
            ],
            "var": [
                9.09672337457e-07,
                0.000183450523764,
                2.31475914916e-05,
                9.86069517239e-06,
                1.26113282022e-05,
                9.05383149075e-06,
                4.34907315139e-06,
                1.31991851049e-06,
                1.05623657873e-05,
                1.7238975488e-05,
                1.62420656125e-06,
                1.26975271542e-06,
                1.89015338492e-06,
                1.40554095651e-06,
                1.60342119671e-06,
                6.48722789265e-07,
                4.77887965644e-07,
                5.90363754327e-07,
                1.69487265111e-07,
                2.49926273455e-07,
                1.18504011937e-07,
                4.2386965049e-08,
                3.88659238126e-08,
                6.58880310311e-08,
                1.84193893471e-09,
                7.40132254174e-16,
                3.10401258631e-16
            ]
        },
        "barkbands_crest": {
            "dmean": 2.78058052063,
            "dmean2": 4.40980482101,
            "dvar": 5.84163284302,
            "dvar2": 14.449098587,
            "max": 25.7393569946,
            "mean": 10.2477226257,
            "median": 9.23493385315,
            "min": 2.21888446808,
            "var": 20.0431365967
        },
        "barkbands_flatness_db": {
            "dmean": 0.0238825418055,
            "dmean2": 0.0372826084495,
            "dvar": 0.000486948963953,
            "dvar2": 0.00110026507173,
            "max": 0.470965176821,
            "mean": 0.181627511978,
            "median": 0.171712487936,
            "min": 0.0600633509457,
            "var": 0.00268706772476
        },
        "barkbands_kurtosis": {
            "dmean": 3.25498723984,
            "dmean2": 5.08678293228,
            "dvar": 56.2853546143,
            "dvar2": 133.20640564,
            "max": 236.727020264,
            "mean": 4.41872549057,
            "median": 1.24360370636,
            "min": -1.91033828259,
            "var": 125.884056091
        },
        "barkbands_skewness": {
            "dmean": 0.577449917793,
            "dmean2": 0.87575930357,
            "dvar": 0.390293180943,
            "dvar2": 0.861008346081,
            "max": 13.0218982697,
            "mean": 1.43066048622,
            "median": 1.180727005,
            "min": -5.52913236618,
            "var": 1.86103069782
        },
        "barkbands_spread": {
            "dmean": 5.0946764946,
            "dmean2": 7.83957672119,
            "dvar": 34.8028106689,
            "dvar2": 76.0119857788,
            "max": 101.658821106,
            "mean": 20.5500087738,
            "median": 18.8054733276,
            "min": 0.442451298237,
            "var": 146.13508606
        },
        "dissonance": {
            "dmean": 0.0194738991559,
            "dmean2": 0.032723184675,
            "dvar": 0.000443903758423,
            "dvar2": 0.00120509508997,
            "max": 0.500000059605,
            "mean": 0.46386307478,
            "median": 0.473164826632,
            "min": 0.178977325559,
            "var": 0.00100754620507
        },
        "dynamic_complexity": 3.49970054626,
        "erbbands": {
            "dmean": [
                0.170541316271,
                1.31022775173,
                2.48660635948,
                3.82835054398,
                5.13203001022,
                5.64003276825,
                7.07213497162,
                9.27015209198,
                9.84955883026,
                10.391497612,
                13.1147012711,
                21.4173240662,
                24.0407905579,
                32.964214325,
                11.7491559982,
                15.6703701019,
                21.5018672943,
                19.8226261139,
                15.8258018494,
                14.4250278473,
                10.6748113632,
                11.551451683,
                11.2788591385,
                7.82594537735,
                8.15109539032,
                6.31490135193,
                4.99502801895,
                3.57209968567,
                2.12899589539,
                1.39603424072,
                1.26883125305,
                0.954083204269,
                0.525375962257,
                0.180117323995,
                0.00856671854854,
                0.000292854354484,
                3.43658903148e-05,
                7.49815853851e-06,
                5.127447821e-06,
                1.02186422737e-05
            ],
            "dmean2": [
                0.265268445015,
                2.05106544495,
                4.01546001434,
                6.26842546463,
                8.72404384613,
                9.77955722809,
                11.7931566238,
                15.0205612183,
                15.7182779312,
                16.5166244507,
                20.7175559998,
                34.4589881897,
                38.6235084534,
                53.5956840515,
                18.8302249908,
                24.9736042023,
                34.4832496643,
                31.4920768738,
                25.0997543335,
                22.8065090179,
                17.0544071198,
                18.8150157928,
                18.1704692841,
                12.4837360382,
                12.8133068085,
                9.86929225922,
                7.80549716949,
                5.43723678589,
                3.13223266602,
                2.02832436562,
                1.83255386353,
                1.38270521164,
                0.741064608097,
                0.254542171955,
                0.0124956257641,
                0.000420301978011,
                5.09818382852e-05,
                1.15054535854e-05,
                7.73155989009e-06,
                1.57361791935e-05
            ],
            "dvar": [
                0.10234990716,
                5.38063240051,
                22.4043979645,
                51.544178009,
                142.141555786,
                169.861328125,
                267.271484375,
                436.175628662,
                357.735229492,
                333.537719727,
                575.281494141,
                2921.03295898,
                3311.36328125,
                8172.26708984,
                419.186004639,
                762.157226562,
                1707.96801758,
                1580.43579102,
                1079.04089355,
                1184.04101562,
                443.617218018,
                758.288269043,
                512.185241699,
                185.878112793,
                233.756317139,
                128.094604492,
                75.6882629395,
                63.7640037537,
                19.281709671,
                14.5466299057,
                17.9812679291,
                36.2414627075,
                4.90646266937,
                0.338350921869,
                0.000594534620177,
                7.19335560007e-07,
                9.99609550689e-09,
                5.41200029236e-10,
                5.78144823682e-11,
                1.70055830528e-10
            ],
            "dvar2": [
                0.2540589571,
                13.8124198914,
                56.9724807739,
                127.493659973,
                384.790588379,
                475.057800293,
                711.77154541,
                1077.1842041,
                879.749328613,
                794.56427002,
                1401.2890625,
                7389.91992188,
                8260.77246094,
                22070.3007812,
                1040.56079102,
                1892.6574707,
                4459.13867188,
                3750.15307617,
                2783.71508789,
                3036.56494141,
                1102.95751953,
                2077.20141602,
                1335.68286133,
                469.070770264,
                587.164672852,
                315.119415283,
                187.310119629,
                153.133575439,
                40.3694877625,
                31.738615036,
                38.3076095581,
                91.368850708,
                10.1086091995,
                0.651414573193,
                0.00120195397176,
                1.41762916428e-06,
                2.25471321613e-08,
                1.37038924652e-09,
                1.36001321316e-10,
                3.84107440299e-10
            ],
            "max": [
                4.48024511337,
                28.8507671356,
                70.3421630859,
                75.4621810913,
                240.368118286,
                155.738769531,
                356.940734863,
                464.149078369,
                354.940460205,
                712.418823242,
                563.819580078,
                1974.96813965,
                1734.48498535,
                2745.23876953,
                404.95892334,
                479.77923584,
                889.800231934,
                882.232299805,
                818.889343262,
                917.456115723,
                490.151245117,
                619.28137207,
                611.288269043,
                264.264770508,
                339.571655273,
                215.870529175,
                141.032241821,
                266.651641846,
                140.775817871,
                123.746299744,
                169.70350647,
                386.72869873,
                95.209564209,
                27.5381469727,
                1.02134490013,
                0.0349231548607,
                0.00360798160546,
                0.000863805937115,
                0.000288489274681,
                0.000161929216119
            ],
            "mean": [
                0.268319785595,
                2.06570243835,
                3.87426757812,
                5.36848592758,
                6.24181938171,
                6.92161655426,
                10.121752739,
                14.862531662,
                16.2920379639,
                17.7044334412,
                22.206325531,
                37.2609901428,
                42.6992073059,
                52.7936515808,
                22.0297889709,
                28.3227443695,
                38.7745475769,
                34.6273269653,
                30.3573417664,
                27.7780265808,
                21.8077716827,
                22.6234703064,
                23.9101142883,
                17.4936885834,
                17.7668190002,
                14.4158315659,
                10.8212919235,
                7.53964233398,
                4.46114397049,
                2.695977211,
                2.28028130531,
                1.70968854427,
                1.00026190281,
                0.340701162815,
                0.0153520908207,
                0.000576130289119,
                7.10481763235e-05,
                1.53277615027e-05,
                1.8176575395e-05,
                3.53221039404e-05
            ],
            "median": [
                0.0858546048403,
                0.948140203953,
                1.6557341814,
                2.41691732407,
                2.43547081947,
                2.8269007206,
                4.27210664749,
                6.03640365601,
                7.72693967819,
                8.87308692932,
                9.82641792297,
                14.9526042938,
                12.3077793121,
                14.1632232666,
                11.2282676697,
                14.1720600128,
                16.98787117,
                15.1883068085,
                10.0437192917,
                8.38551712036,
                8.19074630737,
                8.36775302887,
                8.82087230682,
                7.53511333466,
                7.70029020309,
                6.75010585785,
                4.36916351318,
                2.76515841484,
                1.6824709177,
                0.94774210453,
                0.749307751656,
                0.467772066593,
                0.253091990948,
                0.0972898900509,
                0.00427095405757,
                0.000188142250408,
                3.12922456942e-05,
                7.18268256605e-06,
                1.49441311805e-05,
                2.95109748549e-05
            ],
            "min": [
                1.19697702169e-22,
                2.76152510745e-22,
                3.47529917724e-21,
                4.82196577424e-21,
                1.24785324893e-20,
                1.52320608443e-20,
                8.23971281023e-20,
                4.52674687155e-20,
                1.01244341424e-19,
                1.69856782499e-19,
                2.45892129134e-19,
                5.30473770264e-19,
                6.61514792326e-19,
                6.59856605391e-19,
                8.99034587041e-19,
                1.11129481909e-18,
                1.59724305964e-18,
                2.59273000803e-18,
                2.60030346693e-18,
                2.5667648086e-18,
                3.74429880358e-18,
                5.46523855542e-18,
                6.60877728838e-18,
                5.14054245444e-18,
                9.19628220327e-18,
                9.17999418983e-18,
                1.04910423735e-17,
                9.27574282728e-18,
                1.18300393357e-17,
                1.15327795749e-17,
                1.05683035243e-17,
                1.13307225123e-17,
                9.78974293375e-18,
                8.27080027391e-18,
                6.58359791053e-18,
                4.86865190941e-18,
                2.73461691889e-18,
                1.00987244642e-18,
                2.62974675403e-19,
                2.94326630077e-20
            ],
            "var": [
                0.209989354014,
                9.02104187012,
                32.1875305176,
                65.0718917847,
                133.842086792,
                144.662322998,
                318.0128479,
                774.269104004,
                701.281738281,
                718.928283691,
                1229.20263672,
                5274.74609375,
                8619.01757812,
                15561.2041016,
                1013.45294189,
                1704.06091309,
                3816.77246094,
                3197.98461914,
                2917.27075195,
                3250.23461914,
                1539.94934082,
                1831.65942383,
                1692.62219238,
                609.817138672,
                655.345703125,
                409.371368408,
                240.90512085,
                173.583435059,
                62.114276886,
                30.5876579285,
                37.1711349487,
                45.5200042725,
                11.0743379593,
                0.930421352386,
                0.00150279665831,
                1.9797701043e-06,
                2.23074199113e-08,
                9.24584575568e-10,
                2.19620308051e-10,
                7.22663706654e-10
            ]
        },
        "erbbands_crest": {
            "dmean": 2.63339328766,
            "dmean2": 4.28617048264,
            "dvar": 6.04278850555,
            "dvar2": 15.0295724869,
            "max": 32.793926239,
            "mean": 8.73711204529,
            "median": 7.67129516602,
            "min": 2.3602745533,
            "var": 18.3612346649
        },
        "erbbands_flatness_db": {
            "dmean": 0.0162234250456,
            "dmean2": 0.0234408676624,
            "dvar": 0.00024699838832,
            "dvar2": 0.000476306711789,
            "max": 0.431830555201,
            "mean": 0.199175819755,
            "median": 0.191158056259,
            "min": 0.0555448643863,
            "var": 0.00235642772168
        },
        "erbbands_kurtosis": {
            "dmean": 0.961455047131,
            "dmean2": 1.52295911312,
            "dvar": 2.70951604843,
            "dvar2": 5.97281169891,
            "max": 60.5049247742,
            "mean": 0.581722676754,
            "median": -0.0737102031708,
            "min": -1.81752216816,
            "var": 6.42629480362
        },
        "erbbands_skewness": {
            "dmean": 0.361361265182,
            "dmean2": 0.561075568199,
            "dvar": 0.118344329298,
            "dvar2": 0.257355391979,
            "max": 5.05970525742,
            "mean": 0.230729237199,
            "median": 0.203910306096,
            "min": -5.4226307869,
            "var": 0.59417873621
        },
        "erbbands_spread": {
            "dmean": 7.21727895737,
            "dmean2": 10.9490556717,
            "dvar": 57.8825569153,
            "dvar2": 125.158599854,
            "max": 124.829841614,
            "mean": 34.3449172974,
            "median": 31.6637382507,
            "min": 0.986519932747,
            "var": 292.790283203
        },
        "gfcc": {
            "cov": [
                [
                    13356.3271484,
                    476.758117676,
                    -576.798034668,
                    1499.06958008,
                    -67.5140838623,
                    663.86114502,
                    29.9201774597,
                    416.322998047,
                    137.060897827,
                    65.4520874023,
                    108.469841003,
                    -155.269302368,
                    -59.4626693726
                ],
                [
                    476.758117676,
                    1143.71411133,
                    228.481506348,
                    -26.2024307251,
                    399.145935059,
                    -92.0101318359,
                    249.091156006,
                    -31.2096271515,
                    132.437088013,
                    -32.2885169983,
                    93.1359176636,
                    7.51626586914,
                    35.7924919128
                ],
                [
                    -576.798034668,
                    228.481506348,
                    1062.53601074,
                    462.954589844,
                    297.268432617,
                    251.657165527,
                    117.562187195,
                    76.4207687378,
                    59.9222259521,
                    31.9306716919,
                    -2.67662882805,
                    31.3323307037,
                    15.0352058411
                ],
                [
                    1499.06958008,
                    -26.2024307251,
                    462.954589844,
                    816.997070312,
                    237.438568115,
                    222.541015625,
                    61.3602600098,
                    79.5226211548,
                    47.0490074158,
                    63.44921875,
                    -28.0852985382,
                    -24.0739116669,
                    -4.33443784714
                ],
                [
                    -67.5140838623,
                    399.145935059,
                    297.268432617,
                    237.438568115,
                    491.92956543,
                    76.4824447632,
                    179.132522583,
                    44.0572242737,
                    105.732971191,
                    45.00207901,
                    28.832780838,
                    17.1814899445,
                    14.4221544266
                ],
                [
                    663.86114502,
                    -92.0101318359,
                    251.657165527,
                    222.541015625,
                    76.4824447632,
                    338.3019104,
                    89.1882553101,
                    113.028953552,
                    29.8861446381,
                    26.932100296,
                    2.00044250488,
                    2.03419208527,
                    -3.01842784882
                ],
                [
                    29.9201774597,
                    249.091156006,
                    117.562187195,
                    61.3602600098,
                    179.132522583,
                    89.1882553101,
                    287.815887451,
                    72.0428161621,
                    78.7010040283,
                    23.1158943176,
                    30.7438716888,
                    18.9486141205,
                    1.66338551044
                ],
                [
                    416.322998047,
                    -31.2096271515,
                    76.4207687378,
                    79.5226211548,
                    44.0572242737,
                    113.028953552,
                    72.0428161621,
                    177.442886353,
                    64.8106918335,
                    23.4063873291,
                    21.3237323761,
                    9.92268848419,
                    -7.05191659927
                ],
                [
                    137.060897827,
                    132.437088013,
                    59.9222259521,
                    47.0490074158,
                    105.732971191,
                    29.8861446381,
                    78.7010040283,
                    64.8106918335,
                    157.005371094,
                    61.9781723022,
                    34.3488426208,
                    23.7801799774,
                    10.3972129822
                ],
                [
                    65.4520874023,
                    -32.2885169983,
                    31.9306716919,
                    63.44921875,
                    45.00207901,
                    26.932100296,
                    23.1158943176,
                    23.4063873291,
                    61.9781723022,
                    114.03338623,
                    37.0530471802,
                    10.5123414993,
                    8.4377822876
                ],
                [
                    108.469841003,
                    93.1359176636,
                    -2.67662882805,
                    -28.0852985382,
                    28.832780838,
                    2.00044250488,
                    30.7438716888,
                    21.3237323761,
                    34.3488426208,
                    37.0530471802,
                    103.823234558,
                    40.9728279114,
                    11.0502233505
                ],
                [
                    -155.269302368,
                    7.51626586914,
                    31.3323307037,
                    -24.0739116669,
                    17.1814899445,
                    2.03419208527,
                    18.9486141205,
                    9.92268848419,
                    23.7801799774,
                    10.5123414993,
                    40.9728279114,
                    81.0040588379,
                    30.7031936646
                ],
                [
                    -59.4626693726,
                    35.7924919128,
                    15.0352058411,
                    -4.33443784714,
                    14.4221544266,
                    -3.01842784882,
                    1.66338551044,
                    -7.05191659927,
                    10.3972129822,
                    8.4377822876,
                    11.0502233505,
                    30.7031936646,
                    68.5274658203
                ]
            ],
            "icov": [
                [
                    0.000274727412034,
                    -0.000656692602206,
                    0.000658444943838,
                    -0.000849676551297,
                    0.000563075882383,
                    -0.000707099912688,
                    0.00043920398457,
                    -0.000544450071175,
                    0.000157761038281,
                    -0.000167797610629,
                    -2.67869490926e-05,
                    -0.00015901842562,
                    0.00023912783945
                ],
                [
                    -0.000656692602206,
                    0.00393699901178,
                    -0.00207678531297,
                    0.00235591898672,
                    -0.00265703396872,
                    0.00268180575222,
                    -0.00232971040532,
                    0.00243368861265,
                    -0.00215931446292,
                    0.00308641698211,
                    -0.00274417595938,
                    0.00299833179452,
                    -0.00199045916088
                ],
                [
                    0.000658444943838,
                    -0.00207678531297,
                    0.003194646677,
                    -0.00264952192083,
                    0.00104950170498,
                    -0.00262012821622,
                    0.00137384189293,
                    -0.00138576037716,
                    0.000753987813368,
                    -0.000747347832657,
                    0.000785891839769,
                    -0.00174232712016,
                    0.000906861678232
                ],
                [
                    -0.000849676551297,
                    0.00235591898672,
                    -0.00264952192083,
                    0.00470895553008,
                    -0.00261298567057,
                    0.00157709070481,
                    -0.00111994496547,
                    0.00155871734023,
                    -0.000478823611047,
                    -9.41144899116e-05,
                    0.000399681011913,
                    0.00146062939893,
                    -0.000916295452043
                ],
                [
                    0.000563075882383,
                    -0.00265703396872,
                    0.00104950170498,
                    -0.00261298567057,
                    0.00540933059528,
                    -0.00156299874652,
                    -8.386940317e-05,
                    -0.00113021966536,
                    -0.000128067913465,
                    -0.00161296909209,
                    0.000968510925304,
                    -0.00136535160709,
                    0.00083288771566
                ],
                [
                    -0.000707099912688,
                    0.00268180575222,
                    -0.00262012821622,
                    0.00157709070481,
                    -0.00156299874652,
                    0.00717745162547,
                    -0.00263267196715,
                    -0.000664354360197,
                    -0.000172820320586,
                    0.000940965372138,
                    -0.000865180569235,
                    0.00161260459572,
                    -0.00137169030495
                ],
                [
                    0.00043920398457,
                    -0.00232971040532,
                    0.00137384189293,
                    -0.00111994496547,
                    -8.386940317e-05,
                    -0.00263267196715,
                    0.00668596802279,
                    -0.00233720825054,
                    -6.3437883e-06,
                    -0.00113378395326,
                    0.000934841635171,
                    -0.00192081881687,
                    0.00157498312183
                ],
                [
                    -0.000544450071175,
                    0.00243368861265,
                    -0.00138576037716,
                    0.00155871734023,
                    -0.00113021966536,
                    -0.000664354360197,
                    -0.00233720825054,
                    0.0103912791237,
                    -0.00443973718211,
                    0.00249757920392,
                    -0.00231835432351,
                    0.00136583065614,
                    0.000121702447359
                ],
                [
                    0.000157761038281,
                    -0.00215931446292,
                    0.000753987813368,
                    -0.000478823611047,
                    -0.000128067913465,
                    -0.000172820320586,
                    -6.3437883e-06,
                    -0.00443973718211,
                    0.0126075791195,
                    -0.00695922784507,
                    0.00226453621872,
                    -0.00361196207814,
                    0.000828799325973
                ],
                [
                    -0.000167797610629,
                    0.00308641698211,
                    -0.000747347832657,
                    -9.41144899116e-05,
                    -0.00161296909209,
                    0.000940965372138,
                    -0.00113378395326,
                    0.00249757920392,
                    -0.00695922784507,
                    0.0160839017481,
                    -0.00736833363771,
                    0.00465890299529,
                    -0.00275795464404
                ],
                [
                    -2.67869490926e-05,
                    -0.00274417595938,
                    0.000785891839769,
                    0.000399681011913,
                    0.000968510925304,
                    -0.000865180569235,
                    0.000934841635171,
                    -0.00231835432351,
                    0.00226453621872,
                    -0.00736833363771,
                    0.0176492091268,
                    -0.00982795469463,
                    0.00288074999116
                ],
                [
                    -0.00015901842562,
                    0.00299833179452,
                    -0.00174232712016,
                    0.00146062939893,
                    -0.00136535160709,
                    0.00161260459572,
                    -0.00192081881687,
                    0.00136583065614,
                    -0.00361196207814,
                    0.00465890299529,
                    -0.00982795469463,
                    0.022279869765,
                    -0.00910699181259
                ],
                [
                    0.00023912783945,
                    -0.00199045916088,
                    0.000906861678232,
                    -0.000916295452043,
                    0.00083288771566,
                    -0.00137169030495,
                    0.00157498312183,
                    0.000121702447359,
                    0.000828799325973,
                    -0.00275795464404,
                    0.00288074999116,
                    -0.00910699181259,
                    0.0191511064768
                ]
            ],
            "mean": [
                -42.638671875,
                134.46572876,
                -157.626495361,
                53.0188026428,
                -69.3973846436,
                17.3203716278,
                -24.1176681519,
                -2.83998775482,
                -5.68046379089,
                -16.228515625,
                8.11595916748,
                -21.9475231171,
                7.04760026932
            ]
        },
        "hfc": {
            "dmean": 4.43299341202,
            "dmean2": 6.45757436752,
            "dvar": 30.8986225128,
            "dvar2": 65.0390396118,
            "max": 161.202758789,
            "mean": 19.1434669495,
            "median": 14.9656085968,
            "min": 1.10029599701e-16,
            "var": 259.54296875
        },
        "melbands": {
            "dmean": [
                0.00150174309965,
                0.00138698134106,
                0.000655435258523,
                0.000394083472202,
                0.000228317483561,
                0.000209460602491,
                0.000157603004482,
                0.000106138941192,
                0.000123205725686,
                0.000145729660289,
                0.000126081329654,
                0.000140995733091,
                4.57675669168e-05,
                3.97043550038e-05,
                5.11976722919e-05,
                5.42718080396e-05,
                3.75798626919e-05,
                2.59562875726e-05,
                3.16048572131e-05,
                1.45703106682e-05,
                1.2584318938e-05,
                1.36683001983e-05,
                9.69842585619e-06,
                1.14406648208e-05,
                6.55912481307e-06,
                5.7261040638e-06,
