{
    "lowlevel": {
        "average_loudness": 0.0215733144432,
        "barkbands": {
            "dmean": [
                5.10200225108e-05,
                0.00103084964212,
                0.00157955719624,
                0.00134323467501,
                0.00305102579296,
                0.000440887233708,
                0.00103658332955,
                0.000666452979203,
                0.000332090217853,
                0.00033848095336,
                0.000246886309469,
                0.000207864941331,
                0.000209528327105,
                0.000134129921207,
                0.000116442024591,
                7.05549900886e-05,
                7.8873403254e-05,
                5.49875367142e-05,
                4.27111990575e-05,
                2.71936078207e-05,
                2.40211520577e-05,
                2.8328742701e-05,
                3.45264706993e-05,
                3.93198206439e-05,
                2.84832567559e-05,
                1.3135258996e-05,
                5.71647933612e-06
            ],
            "dmean2": [
                8.26253235573e-05,
                0.00166746776085,
                0.00270726531744,
                0.00231175636873,
                0.00480502843857,
                0.000663785205688,
                0.00159252702724,
                0.00100045464933,
                0.000516325177159,
                0.00051685172366,
                0.000386600237107,
                0.000326430890709,
                0.000332379189786,
                0.000207635166589,
                0.000186333796591,
                0.000112411769805,
                0.000121093653433,
                8.26959658298e-05,
                6.45369800623e-05,
                4.10770408052e-05,
                3.56839664164e-05,
                4.1966624849e-05,
                4.9857506383e-05,
                5.64573892916e-05,
                3.90807181248e-05,
                1.86250799743e-05,
                8.55984217196e-06
            ],
            "dvar": [
                2.65643755881e-08,
                9.34819217946e-06,
                7.74539075792e-05,
                2.58695854427e-05,
                4.62319112557e-05,
                1.12291706955e-06,
                1.22438450489e-05,
                9.56883195613e-06,
                1.65817709785e-06,
                2.59206444753e-06,
                2.24340556088e-06,
                1.15927684874e-06,
                1.01512887341e-06,
                3.29351820483e-07,
                2.43779879838e-07,
                4.3087453605e-08,
                6.28774685651e-08,
                2.83073635643e-08,
                1.31855211194e-08,
                8.68864891146e-09,
                5.1570019366e-09,
                9.62493995615e-09,
                1.70520095821e-08,
                2.29659384843e-08,
                1.32669280006e-08,
                2.94705104764e-09,
                9.7454577741e-10
            ],
            "dvar2": [
                6.56459846482e-08,
                2.33937753364e-05,
                0.000209383346373,
                7.04057165422e-05,
                0.000113780297397,
                2.69084239335e-06,
                2.88179126073e-05,
                1.92473489733e-05,
                3.88419994124e-06,
                5.91888283452e-06,
                5.42112002222e-06,
                2.80004860542e-06,
                2.65387825493e-06,
                7.55971711897e-07,
                5.65684842968e-07,
                1.09911681534e-07,
                1.42788053381e-07,
                6.15836697193e-08,
                3.01684899284e-08,
                2.06349035636e-08,
                1.15168194981e-08,
                2.23264180477e-08,
                3.69448400761e-08,
                4.85411995044e-08,
                2.73629332526e-08,
                6.33611163536e-09,
                2.35356867329e-09
            ],
            "max": [
                0.00386778917164,
                0.0954307317734,
                0.293718755245,
                0.111988633871,
                0.173976555467,
                0.0495753325522,
                0.130543082952,
                0.167834356427,
                0.071683049202,
                0.0633370056748,
                0.0713847130537,
                0.0456517636776,
                0.0311254058033,
                0.0327559970319,
                0.0232944879681,
                0.00589524721727,
                0.0113654686138,
                0.00598117196932,
                0.00297266012058,
                0.00475726462901,
                0.00229537766427,
                0.00430495431647,
                0.00569867575541,
                0.00882946979254,
                0.00477501098067,
                0.00158633803949,
                0.00127486151177
            ],
            "mean": [
                8.49985299283e-05,
                0.00247585820034,
                0.00187808740884,
                0.00167429202702,
                0.00521806674078,
                0.000960031116847,
                0.00201303814538,
                0.00137652398553,
                0.000524058821611,
                0.000571504642721,
                0.000413531233789,
                0.000391061941627,
                0.000363128463505,
                0.000232427104493,
                0.000190142629435,
                0.000125183127238,
                0.000150265361299,
                0.000106776940811,
                8.72215605341e-05,
                4.79127302242e-05,
                4.66293276986e-05,
                5.33639031346e-05,
                5.57166968065e-05,
                6.5333522798e-05,
                4.53763786936e-05,
                1.71571409737e-05,
                6.23987853032e-06
            ],
            "median": [
                1.72692102751e-06,
                0.0001845813822,
                0.000259155931417,
                0.000292738666758,
                0.00158287328668,
                0.000315232551657,
                0.000320193707012,
                7.90238991613e-05,
                6.62399761495e-05,
                4.38340648543e-05,
                2.60066080955e-05,
                1.89965376194e-05,
                2.89158306259e-05,
                2.39757191594e-05,
                1.86218912859e-05,
                2.32460406551e-05,
                1.65187084349e-05,
                1.62698015629e-05,
                1.48892413563e-05,
                1.03876818685e-05,
                8.80475636222e-06,
                9.96787639451e-06,
                8.21541107143e-06,
                7.24022675058e-06,
                3.70641191694e-06,
                7.49754974549e-07,
                1.27836329966e-07
            ],
            "min": [
                8.09331372395e-24,
                3.21473125108e-23,
                1.91597022047e-23,
                1.92772361687e-23,
                4.71070782353e-23,
                3.75541462225e-23,
                4.41782932852e-23,
                9.88970556851e-23,
                7.88065480993e-23,
                6.41988888621e-23,
                2.63430569859e-23,
                4.41199869979e-23,
                9.81086239202e-23,
                7.21105642072e-23,
                1.72930414706e-22,
                1.0158129691e-22,
                1.10525723709e-22,
                2.5337389336e-22,
                1.66536829598e-22,
                2.92624734239e-22,
                4.19739533831e-22,
                5.90773968683e-22,
                8.87733929047e-22,
                9.88960863328e-22,
                9.35187964086e-22,
                1.57671449186e-21,
                2.20352170819e-21
            ],
            "var": [
                4.22667163491e-08,
                2.1367057343e-05,
                6.02148247708e-05,
                2.33599530475e-05,
                8.8685672381e-05,
                3.04542209051e-06,
                4.36369955423e-05,
                6.32311130175e-05,
                3.45645139532e-06,
                5.85948100706e-06,
                4.07760035159e-06,
                3.56929535883e-06,
                2.35620655076e-06,
                9.78126422524e-07,
                5.37068046924e-07,
                9.81481136364e-08,
                1.57565111181e-07,
                7.43165955441e-08,
                3.55113343176e-08,
                1.28186963266e-08,
                1.20799903414e-08,
                1.74972019096e-08,
                3.27582334592e-08,
                5.68159563841e-08,
                2.96790325649e-08,
                4.40069358731e-09,
                1.0504477288e-09
            ]
        },
        "barkbands_crest": {
            "dmean": 2.68764138222,
            "dmean2": 4.33345603943,
            "dvar": 5.77357959747,
            "dvar2": 14.3222637177,
            "max": 26.1638584137,
            "mean": 12.0468330383,
            "median": 11.1772537231,
            "min": 2.15435528755,
            "var": 21.8469772339
        },
        "barkbands_flatness_db": {
            "dmean": 0.0248528327793,
            "dmean2": 0.0361157469451,
            "dvar": 0.000592497934122,
            "dvar2": 0.00116248137783,
            "max": 0.525334775448,
            "mean": 0.184698536992,
            "median": 0.173072993755,
            "min": 0.0253810342401,
            "var": 0.00524601340294
        },
        "barkbands_kurtosis": {
            "dmean": 6.60440206528,
            "dmean2": 10.3281793594,
            "dvar": 220.599914551,
            "dvar2": 550.102294922,
            "max": 989.737426758,
            "mean": 13.8746433258,
            "median": 8.21202945709,
            "min": -1.94125974178,
            "var": 399.403961182
        },
        "barkbands_skewness": {
            "dmean": 0.694661200047,
            "dmean2": 1.05333852768,
            "dvar": 0.605938971043,
            "dvar2": 1.38260531425,
            "max": 19.9553604126,
            "mean": 2.47639155388,
            "median": 2.3724398613,
            "min": -3.30259871483,
            "var": 2.76765036583
        },
        "barkbands_spread": {
            "dmean": 4.33475494385,
            "dmean2": 6.54029273987,
            "dvar": 51.1678161621,
            "dvar2": 101.653549194,
            "max": 103.107460022,
            "mean": 12.7920970917,
            "median": 9.10307884216,
            "min": 0.128893107176,
            "var": 163.667068481
        },
        "dissonance": {
            "dmean": 0.0239603836089,
            "dmean2": 0.0388458222151,
            "dvar": 0.000603949825745,
            "dvar2": 0.00149179797154,
            "max": 0.500000059605,
            "mean": 0.439628660679,
            "median": 0.453066587448,
            "min": 0.151768818498,
            "var": 0.00230729184113
        },
        "dynamic_complexity": 7.33529996872,
        "erbbands": {
            "dmean": [
                0.0222441479564,
                0.275001615286,
                1.39411127567,
                3.46167802811,
                9.46864128113,
                9.66637802124,
                5.03169536591,
                3.90289306641,
                13.8577537537,
                14.9759950638,
                10.5351572037,
                6.93945741653,
                8.9780292511,
                11.0619125366,
                7.03716468811,
                8.24838066101,
                9.13584136963,
                6.91038322449,
                5.3393073082,
                4.99870824814,
                3.56838011742,
                4.02251577377,
                3.07692408562,
                2.21614694595,
                1.93496119976,
                1.23320090771,
                0.93949431181,
                1.00019991398,
                1.01935005188,
                0.938014924526,
                0.978455483913,
                0.911087930202,
                0.615401506424,
                0.363040149212,
                0.18402723968,
                0.0648756623268,
                0.023172268644,
                0.00550979515538,
                0.000880105071701,
                7.74246873334e-05
            ],
            "dmean2": [
                0.0368255451322,
                0.447479814291,
                2.40017080307,
                5.8366317749,
                15.2750244141,
                15.4821949005,
                7.77929830551,
                5.81354522705,
                21.3308258057,
                22.5982093811,
                15.9755153656,
                10.6282176971,
                13.8147888184,
                16.6768360138,
                10.8982315063,
                12.6726083755,
                14.4036521912,
                10.5729694366,
                8.30145454407,
                7.9223947525,
                5.55190944672,
                6.15068292618,
                4.56975984573,
                3.32844781876,
                2.89173746109,
                1.85869634151,
                1.40147078037,
                1.47963964939,
                1.5130147934,
                1.37732303143,
                1.42684113979,
                1.3353600502,
                0.879058599472,
                0.502625763416,
                0.257810145617,
                0.0923147201538,
                0.0334079563618,
                0.00812968239188,
                0.00133068847936,
                0.000116285846161
            ],
            "dvar": [
                0.00331697799265,
                0.822149395943,
                55.6768875122,
                249.189559937,
                637.42980957,
                509.092407227,
                183.623535156,
                105.797233582,
                1797.63867188,
                4283.23193359,
                1479.51281738,
                740.803771973,
                1710.56237793,
                4964.01416016,
                1080.24353027,
                1953.60217285,
                1961.95043945,
                924.314880371,
                440.018432617,
                348.9347229,
                108.981430054,
                151.723876953,
                91.0941619873,
                35.5597038269,
                29.9947147369,
                18.6547222137,
                8.86130142212,
                9.07590293884,
                10.916762352,
                15.715637207,
                13.3423576355,
                11.4163370132,
                6.37211608887,
                2.1658000946,
                0.64266461134,
                0.0701263993979,
                0.00991129223257,
                0.000646165222861,
                2.09282679862e-05,
                2.38037273448e-07
            ],
            "dvar2": [
                0.00874173082411,
                2.07180333138,
                152.483322144,
                657.444458008,
                1658.87902832,
                1278.1730957,
                417.541870117,
                254.046783447,
                4312.1171875,
                8824.15234375,
                3231.9230957,
                1571.90612793,
                3956.79125977,
                11247.3330078,
                2599.6796875,
                4752.48095703,
                5024.57324219,
                2168.73535156,
                1071.55236816,
                800.218383789,
                267.949554443,
                359.476135254,
                195.992843628,
                82.4653091431,
                65.855758667,
                45.1401901245,
                20.4324874878,
                20.0461387634,
                25.1572685242,
                36.6836242676,
                29.2693805695,
                25.5957107544,
                12.5635223389,
                4.13076972961,
                1.42090892792,
                0.147247001529,
                0.0224402751774,
                0.00150693091564,
                5.08196062583e-05,
                5.87368504057e-07
            ],
            "max": [
                0.951187670231,
                30.4015464783,
                278.900238037,
                339.780822754,
                672.10736084,
                697.316040039,
                434.057342529,
                515.090454102,
                1251.59204102,
                3654.84570312,
                1851.64282227,
                2075.56787109,
                1457.80700684,
                3367.42285156,
                1401.6706543,
                2079.79858398,
                1591.14904785,
                1545.92102051,
                702.50793457,
                943.322143555,
                376.071258545,
                508.900268555,
                426.134246826,
                204.7290802,
                168.183624268,
                229.009048462,
                97.9150695801,
                134.782363892,
                121.343086243,
                211.822433472,
                147.960800171,
                145.472061157,
                141.823547363,
                80.2738342285,
                37.0424118042,
                7.75151443481,
                2.62724661827,
                0.859091162682,
                0.160781949759,
                0.0293505210429
            ],
            "mean": [
                0.0569023117423,
                0.603591382504,
                1.90367257595,
                4.45483589172,
                13.849319458,
                16.5174045563,
                9.51394462585,
                9.05214118958,
                26.6766490936,
                33.4748344421,
                20.6792240143,
                11.6079206467,
                16.4908981323,
                18.8179779053,
                13.938835144,
                16.6862564087,
                16.8713493347,
                13.5260477066,
                9.6188325882,
                8.82604122162,
                7.22867870331,
                8.23489952087,
                6.45828294754,
                4.70734834671,
                3.83051729202,
                2.22085022926,
                1.83380281925,
                1.99527776241,
                1.89970839024,
                1.5857282877,
                1.58133649826,
                1.49624872208,
                1.00494909286,
                0.607001721859,
                0.269309014082,
                0.0895341709256,
                0.0288154259324,
                0.00648864451796,
                0.000964473350905,
                9.84742364381e-05
            ],
            "median": [
                0.00356788933277,
                0.0535892210901,
                0.292424738407,
                0.923251867294,
                2.89825391769,
                4.69938468933,
                3.41430091858,
                2.93931293488,
                4.92411994934,
                3.52677965164,
                2.02485370636,
                1.64476823807,
                1.5250313282,
                1.26988697052,
                0.881828308105,
                0.882344484329,
                1.37340354919,
                1.46401810646,
                1.0678088665,
                1.15438103676,
                1.36396217346,
                1.08196973801,
                0.92525780201,
                0.803035974503,
                0.731792330742,
                0.498289853334,
                0.40112644434,
                0.340173959732,
                0.354729115963,
                0.270241379738,
                0.229905247688,
                0.178798854351,
                0.0966762453318,
                0.0543791130185,
                0.0178340375423,
                0.00462128501385,
                0.00119284261018,
                0.000215440202737,
                3.20484723488e-05,
                1.65821511473e-05
            ],
            "min": [
                6.37959513335e-22,
                8.28010782002e-21,
                1.96253786363e-20,
                5.69840264967e-20,
                4.32586056679e-20,
                2.3157321914e-19,
                2.84857816057e-19,
                2.946754935e-19,
                6.29813819133e-19,
                8.86655518981e-19,
                2.57816190988e-18,
                1.72383519418e-18,
                2.55540120814e-18,
                1.00718038712e-18,
                1.5122761011e-18,
                1.91137844234e-18,
                3.89115314081e-18,
                4.60387346328e-18,
                7.52582487063e-18,
                6.17699521248e-18,
                6.00976493522e-18,
                6.69555928798e-18,
                9.71575659104e-18,
                1.07057784605e-17,
                1.02305631986e-17,
                1.2783307089e-17,
                1.62308453353e-17,
                1.67419949774e-17,
                1.65326818864e-17,
                2.65547409768e-17,
                2.79431702524e-17,
                1.98632998075e-17,
                1.70561532109e-17,
                1.10531719839e-17,
                6.93487008382e-18,
                4.85355586323e-18,
                3.68090988529e-18,
                1.13891572391e-18,
                3.00291920612e-19,
                3.14437684902e-20
            ],
            "var": [
                0.0081497291103,
                1.58091962337,
                44.2540245056,
                214.87588501,
                929.270446777,
                996.764526367,
                402.077667236,
                307.698394775,
                4224.47607422,
                28127.3574219,
                6689.91455078,
                1654.02453613,
                4769.24951172,
                8704.14257812,
                3432.48364258,
                6312.36474609,
                4704.51367188,
                3439.19775391,
                1049.0300293,
                812.47052002,
                286.231811523,
                414.495880127,
                269.11819458,
                96.9865341187,
                74.2041549683,
                26.5714702606,
                17.1953830719,
                23.8709278107,
                20.6078548431,
                25.0255966187,
                25.9697875977,
                23.7572231293,
                17.4970588684,
                6.20082902908,
                1.05123925209,
                0.114550851285,
                0.0130123728886,
                0.000768170983065,
                2.22564012802e-05,
                2.4381964181e-07
            ]
        },
        "erbbands_crest": {
            "dmean": 3.01130104065,
            "dmean2": 4.7962474823,
            "dvar": 8.12347316742,
            "dvar2": 19.4892158508,
            "max": 33.3125076294,
            "mean": 11.6842842102,
            "median": 10.3764743805,
            "min": 2.00051665306,
            "var": 32.7404747009
        },
        "erbbands_flatness_db": {
            "dmean": 0.0211746301502,
            "dmean2": 0.030070181936,
            "dvar": 0.000462888303446,
            "dvar2": 0.000852698634844,
            "max": 0.478083014488,
            "mean": 0.180178523064,
            "median": 0.173007041216,
            "min": 0.0444872453809,
            "var": 0.00457570515573
        },
        "erbbands_kurtosis": {
            "dmean": 2.19992542267,
            "dmean2": 3.34682154655,
            "dvar": 21.2404193878,
            "dvar2": 43.1457443237,
            "max": 238.162567139,
            "mean": 3.2183778286,
            "median": 1.07318663597,
            "min": -1.92368066311,
            "var": 64.6807022095
        },
        "erbbands_skewness": {
            "dmean": 0.484942555428,
            "dmean2": 0.718369424343,
            "dvar": 0.269251137972,
            "dvar2": 0.551141321659,
            "max": 11.930513382,
            "mean": 1.19935202599,
            "median": 1.06468200684,
            "min": -4.21147537231,
            "var": 1.41744995117
        },
        "erbbands_spread": {
            "dmean": 9.18447113037,
            "dmean2": 13.5595817566,
            "dvar": 153.236755371,
            "dvar2": 315.307312012,
            "max": 164.897262573,
            "mean": 37.635093689,
            "median": 31.1034240723,
            "min": 0.705465137959,
            "var": 701.840637207
        },
        "gfcc": {
            "cov": [
                [
                    17817.0605469,
                    -2135.69262695,
                    99.3528442383,
                    4.30025196075,
                    172.182403564,
                    320.097961426,
                    109.598518372,
                    544.556884766,
                    -125.773582458,
                    392.636871338,
                    -180.187026978,
                    380.207550049,
                    -226.129974365
                ],
                [
                    -2135.69262695,
                    1765.2298584,
                    9.16620731354,
                    -113.895477295,
                    129.455047607,
                    -253.343154907,
                    53.3198394775,
                    -161.727157593,
                    152.272323608,
                    -182.963439941,
                    125.774681091,
                    -177.432846069,
                    18.7351875305
                ],
                [
                    99.3528442383,
                    9.16620731354,
                    1496.06298828,
                    609.433898926,
                    61.0643844604,
                    -10.1889066696,
                    -134.807373047,
                    -80.0660476685,
                    -48.8945426941,
                    40.2251091003,
                    -34.9691886902,
                    28.4941368103,
                    2.8451333046
                ],
                [
                    4.30025196075,
                    -113.895477295,
                    609.433898926,
                    651.698852539,
                    116.277748108,
                    -8.23770999908,
                    -114.882003784,
                    -13.8260803223,
                    26.2810878754,
                    22.8566188812,
                    -35.4591026306,
                    21.3824310303,
                    37.5947647095
                ],
                [
                    172.182403564,
                    129.455047607,
                    61.0643844604,
                    116.277748108,
                    325.554779053,
                    69.8465270996,
                    55.1725997925,
                    39.6473922729,
                    44.0335044861,
                    -4.07501125336,
                    4.48258018494,
                    3.63203287125,
                    7.26718139648
                ],
                [
                    320.097961426,
                    -253.343154907,
                    -10.1889066696,
                    -8.23770999908,
                    69.8465270996,
                    357.811553955,
                    211.343582153,
                    90.7990264893,
                    -22.4941959381,
                    45.619468689,
                    -5.379134655,
                    38.0014648438,
                    15.3329715729
                ],
                [
                    109.598518372,
                    53.3198394775,
                    -134.807373047,
                    -114.882003784,
                    55.1725997925,
                    211.343582153,
                    318.07925415,
                    108.043632507,
                    -1.66376841068,
                    10.7775669098,
                    27.8541030884,
                    20.9244480133,
                    6.66532707214
                ],
                [
                    544.556884766,
                    -161.727157593,
                    -80.0660476685,
                    -13.8260803223,
                    39.6473922729,
                    90.7990264893,
                    108.043632507,
                    179.252883911,
                    38.519329071,
                    47.8798141479,
                    0.886025428772,
                    35.9818267822,
                    -4.23012924194
                ],
                [
                    -125.773582458,
                    152.272323608,
                    -48.8945426941,
                    26.2810878754,
                    44.0335044861,
                    -22.4941959381,
                    -1.66376841068,
                    38.519329071,
                    142.895828247,
                    28.1380729675,
                    10.5268659592,
                    -11.8174991608,
                    6.10330820084
                ],
                [
                    392.636871338,
                    -182.963439941,
                    40.2251091003,
                    22.8566188812,
                    -4.07501125336,
                    45.619468689,
                    10.7775669098,
                    47.8798141479,
                    28.1380729675,
                    131.28704834,
                    23.4579639435,
                    30.9480018616,
                    -10.7822504044
                ],
                [
                    -180.187026978,
                    125.774681091,
                    -34.9691886902,
                    -35.4591026306,
                    4.48258018494,
                    -5.379134655,
                    27.8541030884,
                    0.886025428772,
                    10.5268659592,
                    23.4579639435,
                    104.992843628,
                    17.6386909485,
                    0.0703025311232
                ],
                [
                    380.207550049,
                    -177.432846069,
                    28.4941368103,
                    21.3824310303,
                    3.63203287125,
                    38.0014648438,
                    20.9244480133,
                    35.9818267822,
                    -11.8174991608,
                    30.9480018616,
                    17.6386909485,
                    111.213897705,
                    26.9623813629
                ],
                [
                    -226.129974365,
                    18.7351875305,
                    2.8451333046,
                    37.5947647095,
                    7.26718139648,
                    15.3329715729,
                    6.66532707214,
                    -4.23012924194,
                    6.10330820084,
                    -10.7822504044,
                    0.0703025311232,
                    26.9623813629,
                    91.2842559814
                ]
            ],
            "icov": [
                [
                    7.69697508076e-05,
                    4.33037712355e-05,
                    -1.07801515696e-05,
                    3.36365665135e-05,
                    -7.55307773943e-05,
                    4.22909688496e-05,
                    9.67112191574e-06,
                    -0.000148712773807,
                    6.90896704327e-05,
                    -0.000114001370093,
                    0.000143302138895,
                    -0.000195373169845,
                    0.000199088812224
                ],
                [
                    4.33037712355e-05,
                    0.00178870523814,
                    -0.000462863885332,
                    0.0005189308431,
                    -0.000691473193001,
                    0.00138208374847,
                    -0.00155387981795,
                    0.00125922181178,
                    -0.00208370247856,
                    0.00189720676281,
                    -0.00207918416709,
                    0.00190037826542,
                    -0.000660717836581
                ],
                [
                    -1.07801515696e-05,
                    -0.000462863885332,
                    0.00130211259238,
                    -0.00127375463489,
                    0.000235359781072,
                    -0.000360798818292,
                    0.000314950855682,
                    0.000204499228857,
                    0.0010246130405,
                    -0.0008761419449,
                    0.000635391450487,
                    -0.000697110721376,
                    0.000614062708337
                ],
                [
                    3.36365665135e-05,
                    0.0005189308431,
                    -0.00127375463489,
                    0.0032092614565,
                    -0.00106287875678,
                    0.000104754806671,
                    0.000679931021295,
                    -0.000173770662514,
                    -0.00114051578566,
                    0.000444346776931,
                    -8.92205134733e-05,
                    0.000432687258581,
                    -0.00129486294463
                ],
                [
                    -7.55307773943e-05,
                    -0.000691473193001,
                    0.000235359781072,
                    -0.00106287875678,
                    0.00409556925297,
                    -0.00121025182307,
                    0.000162032447406,
                    -0.000639045669232,
                    -0.000485533702886,
                    0.000376976793632,
                    0.00019924704975,
                    -0.000544134527445,
                    0.000458563154098
                ],
                [
                    4.22909688496e-05,
                    0.00138208374847,
                    -0.000360798818292,
                    0.000104754806671,
                    -0.00121025182307,
                    0.00664959196001,
                    -0.00484710885212,
                    0.00075693387771,
                    -0.000156105030328,
                    -0.000639992649667,
                    -8.44292480906e-06,
                    0.00102330907248,
                    -0.00120977603365
                ],
                [
                    9.67112191574e-06,
                    -0.00155387981795,
                    0.000314950855682,
                    0.000679931021295,
                    0.000162032447406,
                    -0.00484710885212,
                    0.00847031082958,
                    -0.00410564662889,
                    0.00195177225396,
                    2.40261647377e-06,
                    -0.000257965206401,
                    -0.00115235324483,
                    0.000255919818301
                ],
                [
                    -0.000148712773807,
                    0.00125922181178,
                    0.000204499228857,
                    -0.000173770662514,
                    -0.000639045669232,
                    0.00075693387771,
                    -0.00410564662889,
                    0.0106572061777,
                    -0.00395335862413,
                    -0.000572009303141,
                    -2.81982374872e-05,
                    -0.000815173145384,
                    0.000593286647927
                ],
                [
                    6.90896704327e-05,
                    -0.00208370247856,
                    0.0010246130405,
                    -0.00114051578566,
                    -0.000485533702886,
                    -0.000156105030328,
                    0.00195177225396,
                    -0.00395335862413,
                    0.0118524907157,
                    -0.00479638809338,
                    0.00202020467259,
                    -0.000223241600906,
                    -0.000518868211657
                ],
                [
                    -0.000114001370093,
                    0.00189720676281,
                    -0.0008761419449,
                    0.000444346776931,
                    0.000376976793632,
                    -0.000639992649667,
                    2.40261647377e-06,
                    -0.000572009303141,
                    -0.00479638809338,
                    0.0131900943816,
                    -0.00517945038155,
                    0.000344486761605,
                    0.00100423011463
                ],
                [
                    0.000143302138895,
                    -0.00207918416709,
                    0.000635391450487,
                    -8.92205134733e-05,
                    0.00019924704975,
                    -8.44292480906e-06,
                    -0.000257965206401,
                    -2.81982374872e-05,
                    0.00202020467259,
                    -0.00517945038155,
                    0.0142734292895,
                    -0.00486555090174,
                    0.001481024432
                ],
                [
                    -0.000195373169845,
                    0.00190037826542,
                    -0.000697110721376,
                    0.000432687258581,
                    -0.000544134527445,
                    0.00102330907248,
                    -0.00115235324483,
                    -0.000815173145384,
                    -0.000223241600906,
                    0.000344486761605,
                    -0.00486555090174,
                    0.0149107761681,
                    -0.00545747671276
                ],
                [
                    0.000199088812224,
                    -0.000660717836581,
                    0.000614062708337,
                    -0.00129486294463,
                    0.000458563154098,
                    -0.00120977603365,
                    0.000255919818301,
                    0.000593286647927,
                    -0.000518868211657,
                    0.00100423011463,
                    0.001481024432,
                    -0.00545747671276,
                    0.0140373557806
                ]
            ],
            "mean": [
                -105.618927002,
                105.005485535,
                -97.4782714844,
                30.1040973663,
                -61.7518119812,
                2.97135400772,
                -46.7057723999,
                -0.642878293991,
                -19.3129806519,
                -5.18702125549,
                -12.3836460114,
                -6.2542386055,
                -10.6205396652
            ]
        },
        "hfc": {
            "dmean": 3.46027421951,
            "dmean2": 4.86494016647,
            "dvar": 56.8984260559,
            "dvar2": 117.94618988,
            "max": 147.862411499,
            "mean": 10.4587745667,
            "median": 4.14283084869,
            "min": 1.1249567657e-16,
            "var": 263.073730469
        },
        "melbands": {
            "dmean": [
                0.000236598265474,
                0.000607180816587,
                0.000729215098545,
                0.000746446836274,
                0.000215523017687,
                9.81747652986e-05,
                0.000205171876587,
                0.000166208992596,
                8.18275511847e-05,
                4.27893282904e-05,
                4.6139004553e-05,
                4.60872870462e-05,
                2.74296962743e-05,
                2.22003436647e-05,
                2.52308673225e-05,
                1.92820534721e-05,
                1.33649073177e-05,
                8.93881133379e-06,
                9.678459719e-06,
                5.61463639315e-06,
                4.22892026108e-06,
                4.52570202469e-06,
                4.2810343075e-06,
                2.155516313e-06,
                1.9162218905e-06,
