{
    "lowlevel": {
        "average_loudness": 0.901801466942,
        "barkbands": {
            "dmean": [
                2.42389196501e-05,
                0.00173501158133,
                0.00138448073994,
                0.000957919401117,
                0.00106993480586,
                0.000702022749465,
                0.00100069260225,
                0.00106353370938,
                0.000697956013028,
                0.000430062907981,
                0.000275179423625,
                0.000389071705285,
                0.000368074135622,
                0.000363500672393,
                0.000282218010398,
                0.000206383512705,
                0.000285385322059,
                0.000131856490043,
                0.000256183062447,
                4.51473933936e-05,
                3.6157307477e-05,
                4.26402584708e-05,
                6.05615132372e-05,
                2.83502868115e-05,
                1.19499154607e-05,
                2.30149703384e-06,
                5.21675985965e-07
            ],
            "dmean2": [
                3.94184498873e-05,
                0.00279612187296,
                0.00228899298236,
                0.00157049810514,
                0.00172064546496,
                0.00107122701593,
                0.00151432538405,
                0.00164301798213,
                0.0010350990342,
                0.000633121933788,
                0.000412783556385,
                0.000581776432227,
                0.000558202387765,
                0.000546730181668,
                0.000426382321166,
                0.00029923178954,
                0.000430962187238,
                0.000197557776119,
                0.000366882188246,
                7.01650860719e-05,
                5.40455257578e-05,
                6.16434699623e-05,
                8.68731294759e-05,
                4.02256810048e-05,
                1.8193572032e-05,
                3.66539165952e-06,
                8.56228211887e-07
            ],
            "dvar": [
                4.6327244263e-09,
                9.36538162932e-06,
                5.07762297275e-06,
                3.0689147934e-06,
                3.44939257957e-06,
                3.1186027627e-06,
                6.38434948996e-06,
                8.56379483594e-06,
                3.29729095938e-06,
                1.54635426952e-06,
                5.58513249871e-07,
                2.26169527195e-06,
                1.14070576274e-06,
                1.15213970275e-06,
                6.7662051606e-07,
                3.48072944689e-07,
                4.0042988303e-07,
                8.5427515728e-08,
                3.73497869077e-07,
                1.28644401798e-08,
                6.12626838148e-09,
                1.04612460916e-08,
                2.47972877787e-08,
                1.01702939403e-08,
                1.32240463024e-09,
                5.90798451827e-11,
                3.10214852937e-12
            ],
            "dvar2": [
                1.16067386813e-08,
                2.33304399444e-05,
                1.33460298457e-05,
                7.7522263382e-06,
                8.67719791131e-06,
                6.68689699523e-06,
                1.42631415656e-05,
                1.8885368263e-05,
                6.94186974215e-06,
                3.17311673825e-06,
                1.16985177101e-06,
                4.92067783853e-06,
                2.57735018749e-06,
                2.46564923145e-06,
                1.43591444157e-06,
                6.40627661141e-07,
                8.68848758273e-07,
                1.89956963936e-07,
                6.98015014677e-07,
                3.09634948792e-08,
                1.40688865002e-08,
                1.97739709051e-08,
                4.55361437446e-08,
                1.80498442859e-08,
                2.81432077642e-09,
                1.39940226074e-10,
                7.95389969166e-12
            ],
            "max": [
                0.00117913295981,
                0.0417296551168,
                0.0353636145592,
                0.0382735468447,
                0.0345426239073,
                0.037955366075,
                0.055669374764,
                0.0554266981781,
                0.0457177534699,
                0.0441679917276,
                0.0218534078449,
                0.0629290342331,
                0.0238398909569,
                0.0223097577691,
                0.025791792199,
                0.0202086623758,
                0.0141355227679,
                0.00647591566667,
                0.0162523984909,
                0.00258556939662,
                0.00196194252931,
                0.00346670392901,
                0.00437615253031,
                0.00300856563263,
                0.000719635630958,
                0.000160140087246,
                2.70546934189e-05
            ],
            "mean": [
                4.525271288e-05,
                0.00548052694649,
                0.00315054855309,
                0.00174611783586,
                0.00211771274917,
                0.00114342872985,
                0.00162624334916,
                0.00171418476384,
                0.00115198036656,
                0.000824114307761,
                0.000456403533462,
                0.000575648213271,
                0.000518925720826,
                0.000531818484887,
                0.000474246480735,
                0.000381279824069,
                0.000533719605301,
                0.000237601896515,
                0.000548090785742,
                8.11858917587e-05,
                6.65931147523e-05,
                8.28036718303e-05,
                0.00011407884449,
                4.57625283161e-05,
                1.55098823598e-05,
                2.47427374234e-06,
                4.76187892673e-07
            ],
            "median": [
                1.17694514756e-06,
                0.00187575118616,
                0.00151913764421,
                0.00076197629096,
                0.00115736294538,
                0.000285865389742,
                0.000280953041511,
                0.000233223108808,
                0.000252247031312,
                0.000143402110552,
                8.4813524154e-05,
                6.56213524053e-05,
                8.07906180853e-05,
                6.04555971222e-05,
                6.04740780545e-05,
                5.42621964996e-05,
                7.2751645348e-05,
                4.55937479273e-05,
                6.18199119344e-05,
                2.42385613092e-05,
                2.17844863073e-05,
                2.2393251129e-05,
                2.01951497729e-05,
                8.31217585073e-06,
                2.56590055869e-06,
                2.62116884642e-07,
                4.56954580841e-08
            ],
            "min": [
                9.24137669847e-26,
                2.11401075306e-24,
                1.71198273176e-25,
                6.87704876914e-25,
                4.34037265395e-24,
                3.52365075928e-24,
                5.7441869224e-24,
                4.14029859573e-24,
                7.53281306243e-24,
                1.41051548406e-23,
                9.03818212837e-24,
                2.13615265872e-23,
                2.56654664891e-23,
                2.43099573293e-23,
                4.07834272241e-23,
                3.73667917575e-23,
                5.16557448781e-23,
                7.20228491854e-23,
                1.11889380224e-22,
                1.1632910202e-22,
                2.03924368397e-22,
                2.87731676169e-22,
                3.54571721829e-22,
                5.5354680215e-22,
                8.29781657351e-22,
                1.22591286883e-21,
                1.86164590115e-21
            ],
            "var": [
                1.09694155981e-08,
                3.79256889573e-05,
                1.57921294885e-05,
                7.41560643291e-06,
                8.47163028084e-06,
                7.10979293217e-06,
                1.56734658958e-05,
                2.13181810977e-05,
                8.26598898129e-06,
                7.49023365643e-06,
                1.53791108914e-06,
                4.43445196652e-06,
                1.89949719243e-06,
                2.39558835347e-06,
                1.81298696589e-06,
                1.11583119633e-06,
                1.16945773243e-06,
                2.08013872793e-07,
                1.50814253175e-06,
                2.68083386601e-08,
                1.35923610145e-08,
                2.86845480701e-08,
                7.26066957668e-08,
                2.92576025629e-08,
                2.26077667698e-09,
                8.37882818683e-11,
                2.69742279728e-12
            ]
        },
        "barkbands_crest": {
            "dmean": 2.20899105072,
            "dmean2": 3.53832745552,
            "dvar": 4.58206558228,
            "dvar2": 11.2762441635,
            "max": 26.4655284882,
            "mean": 10.3713712692,
            "median": 9.6593875885,
            "min": 2.34425187111,
            "var": 15.5472536087
        },
        "barkbands_flatness_db": {
            "dmean": 0.0224653091282,
            "dmean2": 0.031456951052,
            "dvar": 0.000557317573112,
            "dvar2": 0.00100573117379,
            "max": 0.520207285881,
            "mean": 0.170153185725,
            "median": 0.161740317941,
            "min": 0.020704569295,
            "var": 0.00402361294255
        },
        "barkbands_kurtosis": {
            "dmean": 3.60417842865,
            "dmean2": 5.41615104675,
            "dvar": 48.0691108704,
            "dvar2": 101.80241394,
            "max": 235.452026367,
            "mean": 6.82085561752,
            "median": 2.74766111374,
            "min": -1.92446804047,
            "var": 152.719039917
        },
        "barkbands_skewness": {
            "dmean": 0.544173896313,
            "dmean2": 0.795907258987,
            "dvar": 0.373557597399,
            "dvar2": 0.758546233177,
            "max": 13.5432167053,
            "mean": 1.6637352705,
            "median": 1.48720395565,
            "min": -2.26640582085,
            "var": 2.58519363403
        },
        "barkbands_spread": {
            "dmean": 4.79566574097,
            "dmean2": 7.14882993698,
            "dvar": 44.5301818848,
            "dvar2": 90.8125839233,
            "max": 142.817092896,
            "mean": 19.5258388519,
            "median": 16.6791381836,
            "min": 0.195922940969,
            "var": 238.054229736
        },
        "dissonance": {
            "dmean": 0.0214629508555,
            "dmean2": 0.0356628783047,
            "dvar": 0.000451113883173,
            "dvar2": 0.00118756201118,
            "max": 0.499999910593,
            "mean": 0.454171538353,
            "median": 0.460901558399,
            "min": 0.201533764601,
            "var": 0.00113443681039
        },
        "dynamic_complexity": 4.99123001099,
        "erbbands": {
            "dmean": [
                0.0324375741184,
                0.454140633345,
                1.49901688099,
                2.22999930382,
                3.45890188217,
                3.77994227409,
                4.57711410522,
                6.36253976822,
                10.8294677734,
                20.1721992493,
                20.7017536163,
                14.3199396133,
                14.4104557037,
                11.8784160614,
                9.53440093994,
                15.5326251984,
                16.1775608063,
                17.1411991119,
                15.00826931,
                12.7023429871,
                11.1936578751,
                16.2745933533,
                6.63776493073,
                12.2607736588,
                8.94431972504,
                1.99065208435,
                1.36887872219,
                1.52961170673,
                1.40181648731,
                1.84336495399,
                1.68453741074,
                0.799366593361,
                0.384878724813,
                0.180635631084,
                0.060585219413,
                0.0154995908961,
                0.00322305434383,
                0.000655157724395,
                9.52994741965e-05,
                9.98151426757e-06
            ],
            "dmean2": [
                0.0520065128803,
                0.734247982502,
                2.47949409485,
                3.65292000771,
                5.58091449738,
                6.17983675003,
                7.12026929855,
                9.66389369965,
                15.9662332535,
                31.073474884,
                30.9234676361,
                21.1681900024,
                21.2101020813,
                17.2875862122,
                14.4268417358,
                23.0738315582,
                24.1942882538,
                25.3846302032,
                22.6324653625,
                18.504442215,
                16.2645072937,
                24.3559398651,
                9.8413028717,
                17.0040855408,
                12.9823856354,
                3.01912498474,
                2.05440044403,
                2.29318475723,
                2.01777887344,
                2.68008041382,
                2.43887853622,
                1.11964964867,
                0.558876633644,
                0.27217823267,
                0.0938000306487,
                0.024314397946,
                0.00519072683528,
                0.00106939906254,
                0.000155168570927,
                1.50313117047e-05
            ],
            "dvar": [
                0.00556820491329,
                0.596633255482,
                5.41454124451,
                15.0414638519,
                40.0473136902,
                59.6678161621,
                110.405303955,
                327.84854126,
                904.360351562,
                2605.40893555,
                3836.23852539,
                1485.83227539,
                1516.33312988,
                951.572265625,
                614.328735352,
                4064.91137695,
                1982.05480957,
                2556.28027344,
                1948.54858398,
                1479.77099609,
                785.354614258,
                1460.94543457,
                194.258743286,
                942.856933594,
                494.565490723,
                20.0902938843,
                10.1238670349,
                11.3223390579,
                11.15604496,
                22.3334369659,
                20.5732727051,
                7.48697471619,
                1.98166334629,
                0.312064111233,
                0.0365636870265,
                0.00254636025056,
                0.000138095347211,
                5.19605237059e-06,
                1.0136205475e-07,
                3.33231303662e-10
            ],
            "dvar2": [
                0.0129128992558,
                1.50204253197,
                13.6870670319,
                40.2058677673,
                98.8087234497,
                152.150894165,
                253.349060059,
                699.823608398,
                1952.98339844,
                5950.99462891,
                8144.40771484,
                3129.22167969,
                3330.89404297,
                1876.20495605,
                1399.71679688,
                8878.79492188,
                4383.12792969,
                5382.59765625,
                4380.82226562,
                3059.91479492,
                1541.53808594,
                3156.97607422,
                436.990753174,
                1702.29345703,
                965.399475098,
                47.3230438232,
                23.8364887238,
                25.1637649536,
                21.2770709991,
                42.6741790771,
                38.137298584,
                12.8391504288,
                3.8637008667,
                0.644581079483,
                0.0840190127492,
                0.00603952119127,
                0.00032582966378,
                1.29390682559e-05,
                2.5967759143e-07,
                8.01711919074e-10
            ],
            "max": [
                1.06533122063,
                9.63697624207,
                32.7406539917,
                65.0826339722,
                136.414749146,
                186.107498169,
                221.540557861,
                464.052001953,
                608.413330078,
                1143.40942383,
                1341.66748047,
                1026.30480957,
                958.592346191,
                1228.54797363,
                674.281555176,
                2758.94970703,
                961.813964844,
                1234.26501465,
                1272.86694336,
                1236.2310791,
                1033.44885254,
                1000.70544434,
                316.713165283,
                819.455749512,
                644.839477539,
                121.480911255,
                98.6305160522,
                65.5517578125,
                102.318893433,
                122.240516663,
                142.100814819,
                99.2978515625,
                34.0284461975,
                12.4164648056,
                3.58683300018,
                0.917338728905,
                0.25933110714,
                0.0393963418901,
                0.00542167760432,
                0.000320069026202
            ],
            "mean": [
                0.108628921211,
                1.39464998245,
                3.84989905357,
                4.65438747406,
                6.71994924545,
                6.83700370789,
                7.91052627563,
                10.1195554733,
                17.4597511292,
                34.2982292175,
                35.4253425598,
                24.6605014801,
                27.7414321899,
                23.9007530212,
                16.6863975525,
                23.6564178467,
                25.1598949432,
                27.0019340515,
                24.4069328308,
                24.265668869,
                24.261259079,
                31.5559597015,
                13.5906171799,
                24.6889762878,
                20.2122135162,
                4.25402927399,
                2.5130853653,
                2.89611577988,
                2.72624015808,
                3.55028700829,
                3.1337697506,
                1.37225210667,
                0.586452305317,
                0.245248630643,
                0.0728739276528,
                0.0173577200621,
                0.00345831969753,
                0.000650175032206,
                0.000100031524198,
                3.20842591464e-05
            ],
            "median": [
                0.0230269897729,
                0.502372980118,
                2.10270285606,
                2.92212343216,
                3.32030963898,
                3.44724750519,
                2.95552349091,
                2.33792304993,
                3.37918043137,
                7.32601451874,
                5.89422702789,
                6.21524429321,
                5.04661369324,
                5.14889287949,
                3.90855097771,
                3.10488939285,
                4.30372238159,
                3.65980958939,
                3.50240755081,
                3.35638022423,
                3.99201774597,
                4.31411170959,
                2.98953509331,
                3.14859247208,
                2.83896565437,
                1.39687991142,
                0.895432949066,
                0.85025537014,
                0.74311876297,
                0.774568557739,
                0.530274033546,
                0.257974207401,
                0.105389669538,
                0.0420026257634,
                0.011035268195,
                0.00217734393664,
                0.000309924362227,
                6.3917163061e-05,
                2.53731141129e-05,
                2.93291195703e-05
            ],
            "min": [
                5.93386726488e-23,
                4.13920996768e-22,
                5.41525975593e-22,
                2.69860101781e-21,
                5.73956070126e-21,
                1.74490551356e-20,
                1.64578601172e-20,
                3.07872972765e-20,
                9.99280515003e-20,
                1.40346144794e-19,
                1.37087634792e-19,
                2.27011654104e-19,
                4.6405354522e-19,
                5.50263342636e-19,
                5.66911696632e-19,
                1.18467618258e-18,
                1.29624258129e-18,
                1.67202411612e-18,
                2.0272476278e-18,
                3.08505053783e-18,
                3.07933141108e-18,
                4.02437554155e-18,
                4.03855879392e-18,
                5.54659714534e-18,
                7.08419066004e-18,
                6.28566771981e-18,
                7.42113937385e-18,
                8.06846693299e-18,
                9.87363145557e-18,
                1.05217043045e-17,
                8.94584748256e-18,
                8.62857904989e-18,
                9.50028844918e-18,
                7.0752670356e-18,
                6.11540499843e-18,
                3.58755138622e-18,
                2.10682405709e-18,
                8.77151213743e-19,
                2.34574566445e-19,
                2.41232022976e-20
            ],
            "var": [
                0.0270597767085,
                2.43733239174,
                20.995426178,
                34.8500480652,
                101.175071716,
                125.584449768,
                238.663772583,
                687.171386719,
                2118.70043945,
                7214.35986328,
                9670.9765625,
                3495.51977539,
                6088.29492188,
                4481.42529297,
                1372.83874512,
                7580.38916016,
                3768.33422852,
                5527.70703125,
                4086.63623047,
                4864.69970703,
                2984.9831543,
                4414.21484375,
                561.82019043,
                3078.11206055,
                2314.69189453,
                57.864490509,
                19.7088890076,
                27.9850120544,
                30.8519439697,
                59.735458374,
                59.419757843,
                22.9118385315,
                4.8081278801,
                0.59020280838,
                0.0520100854337,
                0.00343121727929,
                0.000207362594665,
                5.96047311774e-06,
                8.97206575701e-08,
                7.28030247199e-10
            ]
        },
        "erbbands_crest": {
            "dmean": 2.52850365639,
            "dmean2": 4.05694246292,
            "dvar": 5.83931303024,
            "dvar2": 14.3864068985,
            "max": 31.073797226,
            "mean": 9.34505558014,
            "median": 8.54649066925,
            "min": 2.45737886429,
            "var": 17.9039478302
        },
        "erbbands_flatness_db": {
            "dmean": 0.0191972963512,
            "dmean2": 0.0266027152538,
            "dvar": 0.000362038088497,
            "dvar2": 0.000672088353895,
            "max": 0.371842592955,
            "mean": 0.175475403666,
            "median": 0.178755253553,
            "min": 0.0315644480288,
            "var": 0.00230119121261
        },
        "erbbands_kurtosis": {
            "dmean": 0.990290999413,
            "dmean2": 1.54033315182,
            "dvar": 2.6448032856,
            "dvar2": 5.5756072998,
            "max": 70.0420455933,
            "mean": 0.681272864342,
            "median": 0.0215626955032,
            "min": -1.80016171932,
            "var": 8.36698532104
        },
        "erbbands_skewness": {
            "dmean": 0.37085545063,
            "dmean2": 0.551189780235,
            "dvar": 0.140464365482,
            "dvar2": 0.282622843981,
            "max": 6.97055101395,
            "mean": 0.312550067902,
            "median": 0.351226359606,
            "min": -3.71085429192,
            "var": 0.826245307922
        },
        "erbbands_spread": {
            "dmean": 8.0944519043,
            "dmean2": 12.1623601913,
            "dvar": 97.8296737671,
            "dvar2": 212.864654541,
            "max": 149.551193237,
            "mean": 36.9429321289,
            "median": 33.991569519,
            "min": 2.145424366,
            "var": 314.909515381
        },
        "gfcc": {
            "cov": [
                [
                    66500.8671875,
                    6262.85351562,
                    -7894.79150391,
                    2614.4074707,
                    -3235.32128906,
                    762.340698242,
                    -1871.4173584,
                    431.549407959,
                    -345.582366943,
                    -833.272033691,
                    -465.616516113,
                    -594.676452637,
                    -790.940185547
                ],
                [
                    6262.85351562,
                    2077.98486328,
                    -676.047607422,
                    180.185684204,
                    -36.3854980469,
                    -37.2724609375,
                    -23.1014537811,
                    -54.0318145752,
                    18.9603633881,
                    -223.096542358,
                    109.598800659,
                    -112.118484497,
                    -24.7908554077
                ],
                [
                    -7894.79150391,
                    -676.047607422,
                    1881.81359863,
                    -95.5445861816,
                    464.092681885,
                    69.0126037598,
                    274.347808838,
                    -37.9178733826,
                    -18.5411567688,
                    226.812393188,
                    7.09235811234,
                    106.560020447,
                    172.120193481
                ],
                [
                    2614.4074707,
                    180.185684204,
                    -95.5445861816,
                    509.430114746,
                    0.77569258213,
                    82.6016311646,
                    -68.0313796997,
                    25.055185318,
                    71.4407653809,
                    -5.98134565353,
                    -1.20861327648,
                    -43.4098510742,
                    31.3351135254
                ],
                [
                    -3235.32128906,
                    -36.3854980469,
                    464.092681885,
                    0.77569258213,
                    529.021362305,
                    17.0697021484,
                    143.147338867,
                    10.7078781128,
                    102.110038757,
                    53.8410835266,
                    56.3950805664,
                    26.7438659668,
                    60.0545730591
                ],
                [
                    762.340698242,
                    -37.2724609375,
                    69.0126037598,
                    82.6016311646,
                    17.0697021484,
                    232.866134644,
                    76.6184310913,
                    18.5052452087,
                    -18.0768013,
                    32.7307815552,
                    -13.1265707016,
                    0.474732846022,
                    3.62203812599
                ],
                [
                    -1871.4173584,
                    -23.1014537811,
                    274.347808838,
                    -68.0313796997,
                    143.147338867,
                    76.6184310913,
                    370.419433594,
                    54.1914215088,
                    -11.4749917984,
                    7.81073093414,
                    27.1735706329,
                    55.7548027039,
                    16.2504634857
                ],
                [
                    431.549407959,
                    -54.0318145752,
                    -37.9178733826,
                    25.055185318,
                    10.7078781128,
                    18.5052452087,
                    54.1914215088,
                    164.630828857,
                    37.7439231873,
                    0.0844470784068,
                    15.2528781891,
                    18.4119548798,
                    -20.4389896393
                ],
                [
                    -345.582366943,
                    18.9603633881,
                    -18.5411567688,
                    71.4407653809,
                    102.110038757,
                    -18.0768013,
                    -11.4749917984,
                    37.7439231873,
                    196.30696106,
                    27.5576877594,
                    38.1583862305,
                    -24.4945697784,
                    8.76275348663
                ],
                [
                    -833.272033691,
                    -223.096542358,
                    226.812393188,
                    -5.98134565353,
                    53.8410835266,
                    32.7307815552,
                    7.81073093414,
                    0.0844470784068,
                    27.5576877594,
                    157.414215088,
                    -16.6047210693,
                    12.5317773819,
                    12.1659841537
                ],
                [
                    -465.616516113,
                    109.598800659,
                    7.09235811234,
                    -1.20861327648,
                    56.3950805664,
                    -13.1265707016,
                    27.1735706329,
                    15.2528781891,
                    38.1583862305,
                    -16.6047210693,
                    167.694854736,
                    13.6620187759,
                    -4.5741443634
                ],
                [
                    -594.676452637,
                    -112.118484497,
                    106.560020447,
                    -43.4098510742,
                    26.7438659668,
                    0.474732846022,
                    55.7548027039,
                    18.4119548798,
                    -24.4945697784,
                    12.5317773819,
                    13.6620187759,
                    107.5052948,
                    18.693567276
                ],
                [
                    -790.940185547,
                    -24.7908554077,
                    172.120193481,
                    31.3351135254,
                    60.0545730591,
                    3.62203812599,
                    16.2504634857,
                    -20.4389896393,
                    8.76275348663,
                    12.1659841537,
                    -4.5741443634,
                    18.693567276,
                    100.649490356
                ]
            ],
            "icov": [
                [
                    0.000198209134396,
                    -0.00050360331079,
                    0.00044189178152,
                    -0.000658891513012,
                    0.000557168270461,
                    -0.000698882795405,
                    0.000578761450015,
                    -0.000647841312457,
                    0.000361084821634,
                    -0.000408707535826,
                    0.000508325349074,
                    -0.000475762586575,
                    0.000480144954054
                ],
                [
                    -0.00050360331079,
                    0.00196883780882,
                    -0.00089972402202,
                    0.00146074430086,
                    -0.00155976018868,
                    0.00185741204768,
                    -0.00169260473922,
                    0.00195984402671,
                    -0.000803599716164,
                    0.00163458345924,
                    -0.00170658435673,
                    0.00175526388921,
                    -0.00138480344322
                ],
                [
                    0.00044189178152,
                    -0.00089972402202,
                    0.00208175880834,
                    -0.00145309441723,
                    0.000568530405872,
                    -0.00145714601967,
                    0.000803659670055,
                    -0.00120698288083,
                    0.00140984344762,
                    -0.00197263550945,
                    0.000953962269705,
                    -0.00103009911254,
                    -0.000167953665368
                ],
                [
                    -0.000658891513012,
                    0.00146074430086,
                    -0.00145309441723,
                    0.00478557730094,
                    -0.00178310298361,
                    0.00110746652354,
                    -0.00122814252973,
                    0.00158077478409,
                    -0.00205345801078,
                    0.00153742614202,
                    -0.00157200929243,
                    0.00208640866913,
                    -0.00274560973048
                ],
                [
                    0.000557168270461,
                    -0.00155976018868,
                    0.000568530405872,
                    -0.00178310298361,
                    0.00464394968003,
                    -0.00198095152155,
                    0.000934597162995,
                    -0.00161674013361,
                    -0.000664380670059,
                    -0.00110043538734,
                    0.000996851245873,
                    -0.00149077596143,
                    0.000911351060495
                ],
                [
                    -0.000698882795405,
                    0.00185741204768,
                    -0.00145714601967,
                    0.00110746652354,
                    -0.00198095152155,
                    0.00795666128397,
                    -0.00348006561399,
                    0.00204942096025,
                    -0.000123065037769,
                    5.36051411473e-05,
                    -0.00161424931139,
                    0.00230790139176,
                    -0.00151158100925
                ],
                [
                    0.000578761450015,
                    -0.00169260473922,
                    0.000803659670055,
                    -0.00122814252973,
                    0.000934597162995,
                    -0.00348006561399,
                    0.00579830212519,
                    -0.00319055258296,
                    0.0012366703013,
                    -0.000406883424148,
                    0.001373619074,
                    -0.00266132922843,
                    0.00162097392604
                ],
                [
                    -0.000647841312457,
                    0.00195984402671,
                    -0.00120698288083,
                    0.00158077478409,
                    -0.00161674013361,
                    0.00204942096025,
                    -0.00319055258296,
                    0.00970514211804,
                    -0.00294420309365,
                    0.00172717194073,
                    -0.00182846176904,
                    -1.25311771626e-05,
                    0.000307332084049
                ],
                [
                    0.000361084821634,
                    -0.000803599716164,
                    0.00140984344762,
                    -0.00205345801078,
                    -0.000664380670059,
                    -0.000123065037769,
                    0.0012366703013,
                    -0.00294420309365,
                    0.0083179064095,
                    -0.00274440855719,
                    -0.000538910622708,
                    0.00127675640397,
                    -0.000182835487067
                ],
                [
                    -0.000408707535826,
                    0.00163458345924,
                    -0.00197263550945,
                    0.00153742614202,
                    -0.00110043538734,
                    5.36051411473e-05,
                    -0.000406883424148,
                    0.00172717194073,
                    -0.00274440855719,
                    0.0102097820491,
                    -0.000221262642299,
                    0.000408263585996,
                    7.56361623644e-05
                ],
                [
                    0.000508325349074,
                    -0.00170658435673,
                    0.000953962269705,
                    -0.00157200929243,
                    0.000996851245873,
                    -0.00161424931139,
                    0.001373619074,
                    -0.00182846176904,
                    -0.000538910622708,
                    -0.000221262642299,
                    0.00830557569861,
                    -0.00273411697708,
                    0.00226144469343
                ],
                [
                    -0.000475762586575,
                    0.00175526388921,
                    -0.00103009911254,
                    0.00208640866913,
                    -0.00149077596143,
                    0.00230790139176,
                    -0.00266132922843,
                    -1.25311771626e-05,
                    0.00127675640397,
                    0.000408263585996,
                    -0.00273411697708,
                    0.0133456373587,
                    -0.00372421741486
                ],
                [
                    0.000480144954054,
                    -0.00138480344322,
                    -0.000167953665368,
                    -0.00274560973048,
                    0.000911351060495,
                    -0.00151158100925,
                    0.00162097392604,
                    0.000307332084049,
                    -0.000182835487067,
                    7.56361623644e-05,
                    0.00226144469343,
                    -0.00372421741486,
                    0.0146220996976
                ]
            ],
            "mean": [
                -106.457748413,
                112.767120361,
                -115.646636963,
                40.1692276001,
                -55.2509040833,
                11.9628095627,
                -30.5920810699,
                3.57694458961,
                -11.066567421,
                -11.3748235703,
                -8.76299095154,
                -9.35340595245,
                -11.8242330551
            ]
        },
        "hfc": {
            "dmean": 4.44956588745,
            "dmean2": 6.10284376144,
            "dvar": 42.0771141052,
            "dvar2": 73.567565918,
            "max": 126.987991333,
            "mean": 15.8668756485,
            "median": 8.68774986267,
            "min": 1.05704768586e-16,
            "var": 292.30368042
        },
        "melbands": {
            "dmean": [
                0.000384301907616,
                0.000699682335835,
                0.000415857299231,
                0.000245044066105,
                0.000160680036061,
                0.000141484779306,
                0.000174966873601,
                0.000228076532949,
                0.000159588307724,
                9.14532356546e-05,
                7.43154087104e-05,
                5.19378263562e-05,
                3.52972747351e-05,
                3.89340530091e-05,
                4.21407094109e-05,
                3.6516245018e-05,
                3.34991564159e-05,
                2.71728986263e-05,
                2.0058672817e-05,
                1.40974698297e-05,
                1.43585502883e-05,
                2.0533141651e-05,
                8.2499209384e-06,
                5.73363513467e-06,
                1.11125345938e-05,
