{
    "lowlevel": {
        "average_loudness": 0.83132404089,
        "barkbands": {
            "dmean": [
                0.0035642425064,
                0.0089228656143,
                0.00286252261139,
                0.0011294754222,
                0.00122875510715,
                0.000580510823056,
                0.00135215232149,
                0.000700286938809,
                0.00130954780616,
                0.000760719412938,
                0.000696050410625,
                0.000989866559394,
                0.000535591156222,
                0.000478385016322,
                0.000511354184709,
                0.000525766401552,
                0.000355950789526,
                0.000243936941843,
                0.000207639008295,
                0.000184812335647,
                0.000173243024619,
                0.000255147431744,
                0.00125090114307,
                0.000624148698989,
                0.000197381756152,
                6.15246171947e-05,
                9.69476423052e-06
            ],
            "dmean2": [
                0.00580875296146,
                0.0138760767877,
                0.00538718234748,
                0.00216225511394,
                0.00209143641405,
                0.000971778295934,
                0.00213399110362,
                0.00113250932191,
                0.00199500727467,
                0.00113457604311,
                0.00103176478297,
                0.00148660864215,
                0.000816352665424,
                0.000734742323402,
                0.000772932718974,
                0.000784252712037,
                0.000524015689734,
                0.000376457639504,
                0.000306296278723,
                0.00028427381767,
                0.000254577054875,
                0.000426329032052,
                0.00223808339797,
                0.00109677831642,
                0.000335538235959,
                0.000101651188743,
                1.54394219862e-05
            ],
            "dvar": [
                6.37933335383e-05,
                0.00083273492055,
                0.000227265292779,
                3.97637413698e-05,
                2.06061649806e-05,
                2.13987709685e-06,
                6.4481141635e-06,
                2.95237282444e-06,
                6.58797534925e-06,
                4.00163526137e-06,
                3.04507307192e-06,
                5.37195273864e-06,
                1.80183360499e-06,
                1.25945950913e-06,
                1.20023287309e-06,
                1.27661849092e-06,
                6.28714190043e-07,
                9.43541920151e-07,
                6.40909888716e-07,
                4.00181022542e-07,
                3.03225760945e-07,
                3.26923668581e-07,
                4.32705428466e-06,
                9.03962984466e-07,
                1.16514264903e-07,
                1.81435950708e-08,
                6.75454359111e-10
            ],
            "dvar2": [
                0.000154975234182,
                0.00205131410621,
                0.000657957803924,
                0.000118067589938,
                5.85287561989e-05,
                5.46538285562e-06,
                1.49165989569e-05,
                7.21984270058e-06,
                1.49005900312e-05,
                8.11985501059e-06,
                6.99582551533e-06,
                1.07853038571e-05,
                4.01244005843e-06,
                2.93549510388e-06,
                2.65635003416e-06,
                2.76008518085e-06,
                1.31169497308e-06,
                2.11469614442e-06,
                1.35244590638e-06,
                8.09403672974e-07,
                5.79957202262e-07,
                6.40180189748e-07,
                1.11998951979e-05,
                2.30569321502e-06,
                2.93571162047e-07,
                4.69332377406e-08,
                1.68264091549e-09
            ],
            "max": [
                0.137996286154,
                0.333500564098,
                0.178967669606,
                0.0812347754836,
                0.0654566884041,
                0.0226747784764,
                0.0287044383585,
                0.0260075107217,
                0.0296178050339,
                0.0300574470311,
                0.0254754275084,
                0.0387486442924,
                0.0186787936836,
                0.0144727109,
                0.0198356881738,
                0.0197574850172,
                0.0113669754937,
                0.0127306077629,
                0.0111570712179,
                0.00697481352836,
                0.00636855931953,
                0.00730368727818,
                0.0220559313893,
                0.00552432145923,
                0.0032408433035,
                0.00156343390699,
                0.000431917811511
            ],
            "mean": [
                0.0144125595689,
                0.0337221175432,
                0.00196605548263,
                0.000840021995828,
                0.00132188596763,
                0.000641699996777,
                0.001647091005,
                0.000786007673014,
                0.00176525872666,
                0.0010313631501,
                0.000838457548525,
                0.00127761077601,
                0.000636921613477,
                0.00054030737374,
                0.000642791448627,
                0.000740711460821,
                0.00043739672401,
                0.000245010742219,
                0.000200318434509,
                0.000190107253729,
                0.000181168710697,
                0.000219195775571,
                0.000869475363288,
                0.000450245366665,
                0.000163998731296,
                6.03330372542e-05,
                1.1246577742e-05
            ],
            "median": [
                0.00154124177061,
                0.0243820212781,
                0.000180560033186,
                0.000134132409585,
                0.000399813172407,
                7.73787760409e-05,
                0.000289303308818,
                0.000131943830638,
                0.000300625921227,
                0.000168630067492,
                9.12025570869e-05,
                0.000310089846607,
                7.99530025688e-05,
                8.32425066619e-05,
                9.47814260144e-05,
                0.000159947114298,
                6.32967276033e-05,
                1.57565846166e-05,
                1.14740932986e-05,
                2.15298114199e-05,
                2.75551210507e-05,
                1.69716786331e-05,
                2.20665133384e-05,
                3.22446649079e-05,
                2.75338697975e-05,
                1.51348522195e-05,
                3.64472680303e-06
            ],
            "min": [
                1.2748285093e-24,
                3.88757091198e-23,
                2.21849411777e-23,
                5.99736394132e-24,
                2.44243311165e-23,
                2.4309204756e-23,
                1.3358990243e-23,
                3.31221079313e-23,
                5.05736580636e-23,
                4.45294752275e-23,
                7.42092434485e-23,
                4.3916820605e-23,
                1.15709297162e-22,
                8.58498769144e-23,
                9.94845677329e-23,
                7.0120785636e-23,
                1.1995733207e-22,
                1.54039316484e-22,
                2.38248968561e-22,
                3.78718615298e-22,
                3.25436627353e-22,
                5.076983578e-22,
                5.36982237753e-22,
                9.93452296534e-22,
                1.35775416956e-21,
                1.28280879898e-21,
                2.40884243612e-21
            ],
            "var": [
                0.000557226303499,
                0.00162786245346,
                0.000127290681121,
                2.11925398617e-05,
                1.38343802973e-05,
                2.64661775873e-06,
                9.34312538448e-06,
                3.62348737326e-06,
                1.13299374789e-05,
                6.82013524056e-06,
                3.95952656618e-06,
                7.24432084098e-06,
                2.3578083983e-06,
                1.57575652793e-06,
                1.90487105556e-06,
                2.19958792513e-06,
                9.516454611e-07,
                1.04273408397e-06,
                7.04359820247e-07,
                4.7312227025e-07,
                3.93959538769e-07,
                3.79592279387e-07,
                3.31686078425e-06,
                7.33810225029e-07,
                1.03638427618e-07,
                1.621531176e-08,
                6.78758604877e-10
            ]
        },
        "barkbands_crest": {
            "dmean": 2.77642250061,
            "dmean2": 4.38480329514,
            "dvar": 9.07225322723,
            "dvar2": 19.9167251587,
            "max": 26.3383197784,
            "mean": 14.3753557205,
            "median": 13.8401470184,
            "min": 2.27514576912,
            "var": 30.0995998383
        },
        "barkbands_flatness_db": {
            "dmean": 0.0439536273479,
            "dmean2": 0.0588469430804,
            "dvar": 0.00181885517668,
            "dvar2": 0.00314837507904,
            "max": 0.549987673759,
            "mean": 0.215294897556,
            "median": 0.206872791052,
            "min": 0.0240629091859,
            "var": 0.00661923922598
        },
        "barkbands_kurtosis": {
            "dmean": 17.2961883545,
            "dmean2": 27.8962783813,
            "dvar": 1707.35778809,
            "dvar2": 3990.39868164,
            "max": 726.33392334,
            "mean": 19.6965332031,
            "median": 3.62768697739,
            "min": -1.96428477764,
            "var": 2235.05151367
        },
        "barkbands_skewness": {
            "dmean": 1.37432968616,
            "dmean2": 2.09694385529,
            "dvar": 3.33003783226,
            "dvar2": 7.32395458221,
            "max": 20.6383171082,
            "mean": 2.69905233383,
            "median": 1.9238011837,
            "min": -7.23272132874,
            "var": 8.52352333069
        },
        "barkbands_spread": {
            "dmean": 12.6468191147,
            "dmean2": 20.4928798676,
            "dvar": 258.687713623,
            "dvar2": 637.843688965,
            "max": 136.712249756,
            "mean": 20.173740387,
            "median": 14.2977962494,
            "min": 0.164573982358,
            "var": 357.689697266
        },
        "dissonance": {
            "dmean": 0.0344529226422,
            "dmean2": 0.0566107966006,
            "dvar": 0.00116973009426,
            "dvar2": 0.00301345251501,
            "max": 0.500000119209,
            "mean": 0.437593102455,
            "median": 0.449180960655,
            "min": 0.133575603366,
            "var": 0.00250322883949
        },
        "dynamic_complexity": 3.7941172123,
        "erbbands": {
            "dmean": [
                0.365813821554,
                1.8647942543,
                3.50209903717,
                3.49528551102,
                4.17954874039,
                4.21976137161,
                2.86534285545,
                5.79734754562,
                17.4889221191,
                17.8305187225,
                17.563659668,
                24.1969451904,
                26.752248764,
                23.6287288666,
                32.1192436218,
                35.319770813,
                22.8844127655,
                22.1149101257,
                23.8140506744,
                27.0363254547,
                28.774766922,
                20.547586441,
                13.1572780609,
                11.3538227081,
                9.48146343231,
                9.270570755,
                7.27371835709,
                6.60001087189,
                9.31119251251,
                19.0050945282,
                35.5483818054,
                20.8985271454,
                6.69442892075,
                2.83163523674,
                1.15163969994,
                0.355403989553,
                0.110302709043,
                0.0175021030009,
                0.00177441758569,
                8.83693646756e-05
            ],
            "dmean2": [
                0.533379733562,
                2.96798491478,
                6.42314624786,
                6.65484476089,
                7.65527105331,
                6.91422748566,
                4.90429353714,
                9.43513298035,
                27.3806266785,
                28.8664474487,
                27.2756538391,
                37.6409950256,
                39.1282920837,
                34.147605896,
                46.5719261169,
                52.8112487793,
                34.1793899536,
                33.2054176331,
                35.7621269226,
                39.4302215576,
                42.4323120117,
                29.8298587799,
                20.0509681702,
                16.8305473328,
                13.9421224594,
                14.445145607,
                11.119260788,
                10.0001392365,
                15.4270677567,
                33.8321037292,
                63.5587158203,
                37.0105133057,
                11.7180747986,
                4.85335969925,
                1.94936144352,
                0.588697731495,
                0.186107411981,
                0.0281687956303,
                0.00284427637234,
                0.000140767908306
            ],
            "dvar": [
                1.18111741543,
                44.8495025635,
                298.940917969,
                378.836029053,
                386.647277832,
                183.515853882,
                91.4945220947,
                184.408889771,
                1184.7565918,
                2017.68835449,
                1475.92431641,
                2737.52441406,
                3319.89331055,
                3285.59228516,
                4964.35546875,
                8295.25292969,
                3150.61450195,
                2877.58886719,
                2597.07983398,
                3377.39672852,
                3929.9128418,
                2127.19018555,
                2551.25024414,
                1956.0411377,
                1285.40380859,
                1088.72839355,
                567.07623291,
                410.973632813,
                458.506103516,
                951.459411621,
                3481.70410156,
                1067.99816895,
                111.215332031,
                23.3661384583,
                4.47796869278,
                0.617335855961,
                0.0489469431341,
                0.00125838024542,
                2.69183419732e-05,
                5.00070065357e-08
            ],
            "dvar2": [
                2.99454140663,
                110.117835999,
                848.447509766,
                1111.59338379,
                1138.79614258,
                492.854522705,
                247.029998779,
                451.527740479,
                2696.84570313,
                4936.63671875,
                3396.21582031,
                6656.72851563,
                6943.58544922,
                7123.20556641,
                10936.5986328,
                15831.4189453,
                6453.36132813,
                6519.87451172,
                5551.88964844,
                7112.56152344,
                8501.40136719,
                4256.20263672,
                5343.76855469,
                4394.44970703,
                2537.30419922,
                2246.66381836,
                1111.56799316,
                757.566833496,
                913.324951172,
                2335.30932617,
                9019.43652344,
                2747.21289063,
                279.152740479,
                60.1499900818,
                11.327340126,
                1.61581146717,
                0.125136375427,
                0.00306785316207,
                6.87820720486e-05,
                1.2255068782e-07
            ],
            "max": [
                16.006696701,
                83.9293060303,
                196.648712158,
                244.022415161,
                282.238037109,
                192.666488647,
                123.949874878,
                216.462493896,
                441.010375977,
                639.629394531,
                573.674743652,
                835.741394043,
                872.609069824,
                1049.3873291,
                1109.38232422,
                1421.44482422,
                995.34173584,
                812.297668457,
                901.250305176,
                1137.73925781,
                1364.95227051,
                629.601318359,
                704.763244629,
                557.215454102,
                488.292297363,
                346.407409668,
                250.986343384,
                250.180953979,
                280.863922119,
                302.080932617,
                616.070739746,
                191.073638916,
                76.9743270874,
                49.7432250977,
                19.8609542847,
                9.79751968384,
                2.76684689522,
                0.45772793889,
                0.0870599895716,
                0.00369280995801
            ],
            "mean": [
                1.83975279331,
                4.27423477173,
                2.98501443863,
                2.53433132172,
                3.84666919708,
                4.7134642601,
                2.72900152206,
                7.13141012192,
                22.1697368622,
                19.846572876,
                22.8796386719,
                31.1176567078,
                37.4330215454,
                33.132724762,
                43.0410232544,
                45.6246566772,
                30.2094783783,
                26.6828403473,
                30.2263717651,
                37.4285163879,
                40.5011978149,
                26.8078384399,
                14.3129491806,
                10.7744245529,
                9.54126930237,
                9.38952732086,
                8.10698699951,
                6.5958571434,
                8.04114723206,
                14.3267040253,
                24.4691009521,
                14.4419078827,
                5.15834283829,
                2.26831316948,
                0.975874602795,
                0.336742728949,
                0.103018991649,
                0.0191466249526,
                0.00201961887069,
                0.000158156544785
            ],
            "median": [
                1.27282500267,
                1.72365164757,
                0.667172074318,
                0.441861867905,
                1.23738157749,
                0.996143698692,
                0.576332688332,
                1.28276276588,
                4.7577009201,
                4.34546375275,
                4.92870426178,
                5.94175815582,
                6.01284170151,
                6.44984579086,
                10.9996566772,
                10.8894119263,
                4.91519594193,
                3.90953111649,
                5.49431324005,
                7.46769714355,
                9.2813873291,
                4.48179483414,
                1.33624267578,
                0.731318712234,
                0.659883737564,
                1.04715907574,
                1.21448719501,
                0.85665678978,
                0.65035533905,
                0.635415792465,
                0.607599854469,
                0.523828983307,
                0.603412330151,
                0.32429766655,
                0.167334288359,
                0.0758616551757,
                0.0225661695004,
                0.00598443858325,
                0.000660846359096,
                0.000109672691906
            ],
            "min": [
                3.43820671028e-22,
                7.50059106688e-21,
                1.77445524847e-20,
                2.92397812909e-20,
                5.83145594367e-20,
                1.11477050278e-19,
                1.91312826538e-19,
                1.9000290849e-19,
                1.45712931382e-19,
                5.98266339642e-19,
                9.85457280067e-19,
                1.19049756954e-18,
                1.80619064013e-18,
                2.09657322135e-18,
                3.25893176081e-18,
                2.22078245533e-18,
                5.62555649789e-18,
                4.12569524042e-18,
                7.36726427337e-18,
                3.74836935937e-18,
                5.22662217771e-18,
                6.54640911096e-18,
                9.8408287812e-18,
                1.09737006066e-17,
                1.36090806674e-17,
                1.68927734594e-17,
                1.49334952626e-17,
                1.49541731235e-17,
                1.82874578748e-17,
                1.52747850202e-17,
                1.62501004456e-17,
                1.94447282195e-17,
                1.67945341812e-17,
                1.36645232751e-17,
                9.14464876226e-18,
                4.36046316033e-18,
                2.86967235186e-18,
                1.38965825921e-18,
                3.1056126452e-19,
                3.59299405371e-20
            ],
            "var": [
                3.82281780243,
                63.087020874,
                183.143112183,
                205.95552063,
                218.164916992,
                157.304260254,
                72.1912536621,
                266.015319824,
                1859.84204102,
                2405.81176758,
                2309.29736328,
                3655.63037109,
                6050.70507813,
                5299.60888672,
                7179.84619141,
                11104.0947266,
                4635.80029297,
                4002.10107422,
                3956.17456055,
                5905.93652344,
                6614.66748047,
                3434.03491211,
                3059.015625,
                2013.50610352,
                1527.98498535,
                1240.18054199,
                749.312988281,
                532.133850098,
                527.750061035,
                848.062194824,
                2633.2890625,
                827.775024414,
                94.713104248,
                19.7039279938,
                3.96972775459,
                0.529591321945,
                0.0445947423577,
                0.00137908698525,
                2.4713741368e-05,
                5.38269375738e-08
            ]
        },
        "erbbands_crest": {
            "dmean": 3.39955496788,
            "dmean2": 5.56776666641,
            "dvar": 8.66024112701,
            "dvar2": 21.6616630554,
            "max": 33.4009437561,
            "mean": 10.3935956955,
            "median": 9.63010787964,
            "min": 2.57173800468,
            "var": 18.4355106354
        },
        "erbbands_flatness_db": {
            "dmean": 0.0304839350283,
            "dmean2": 0.0449973754585,
            "dvar": 0.000716040318366,
            "dvar2": 0.00153105240315,
            "max": 0.50592315197,
            "mean": 0.183651819825,
            "median": 0.165015935898,
            "min": 0.0398491993546,
            "var": 0.00625883834437
        },
        "erbbands_kurtosis": {
            "dmean": 2.36352539063,
            "dmean2": 3.9458489418,
            "dvar": 17.3280754089,
            "dvar2": 44.9219856262,
            "max": 105.166603088,
            "mean": 1.58436369896,
            "median": 0.228196665645,
            "min": -1.90168845654,
            "var": 20.9733181
        },
        "erbbands_skewness": {
            "dmean": 0.733756959438,
            "dmean2": 1.16534233093,
            "dvar": 0.583066523075,
            "dvar2": 1.42794573307,
            "max": 4.4780163765,
            "mean": 0.0393602363765,
            "median": 0.092318251729,
            "min": -7.65288829803,
            "var": 1.16741371155
        },
        "erbbands_spread": {
            "dmean": 18.1524505615,
            "dmean2": 29.0806007385,
            "dvar": 440.18057251,
            "dvar2": 1063.97607422,
            "max": 211.885284424,
            "mean": 39.1839675903,
            "median": 30.6368293762,
            "min": 0.663490235806,
            "var": 892.875793457
        },
        "gfcc": {
            "cov": [
                [
                    15689.2617188,
                    -2667.1796875,
                    1896.97387695,
                    2799.26391602,
                    -256.619995117,
                    2213.83398438,
                    364.422515869,
                    949.839416504,
                    533.936096191,
                    581.180541992,
                    5.46486282349,
                    584.215515137,
                    12.6241674423
                ],
                [
                    -2667.1796875,
                    2655.78198242,
                    -778.825012207,
                    -943.385559082,
                    632.485595703,
                    -728.343200684,
                    69.5085906982,
                    -150.380264282,
                    -11.0692844391,
                    -107.976608276,
                    51.9117469788,
                    -191.93649292,
                    175.804336548
                ],
                [
                    1896.97387695,
                    -778.825012207,
                    2559.42651367,
                    1303.44543457,
                    246.781509399,
                    1119.7409668,
                    167.224716187,
                    329.853393555,
                    299.025482178,
                    216.495681763,
                    131.616897583,
                    283.734283447,
                    16.153345108
                ],
                [
                    2799.26391602,
                    -943.385559082,
                    1303.44543457,
                    1546.46765137,
                    180.539794922,
                    752.687927246,
                    133.509811401,
                    273.045471191,
                    276.506225586,
                    150.351608276,
                    101.402160645,
                    201.212982178,
                    -0.720545291901
                ],
                [
                    -256.619995117,
                    632.485595703,
                    246.781509399,
                    180.539794922,
                    859.913269043,
                    47.9248161316,
                    150.944839478,
                    163.180053711,
                    53.4646759033,
                    105.999885559,
                    72.9828948975,
                    -18.5251541138,
                    84.6837310791
                ],
                [
                    2213.83398438,
                    -728.343200684,
                    1119.7409668,
                    752.687927246,
                    47.9248161316,
                    1105.01757813,
                    277.73147583,
                    243.294494629,
                    206.056411743,
                    152.875823975,
                    80.4936294556,
                    157.776626587,
                    -33.7296600342
                ],
                [
                    364.422515869,
                    69.5085906982,
                    167.224716187,
                    133.509811401,
                    150.944839478,
                    277.73147583,
                    483.257324219,
                    153.942703247,
                    -22.6459388733,
                    81.2474060059,
                    30.809545517,
                    -9.80079174042,
                    41.8677825928
                ],
                [
                    949.839416504,
                    -150.380264282,
                    329.853393555,
                    273.045471191,
                    163.180053711,
                    243.294494629,
                    153.942703247,
                    292.292297363,
                    107.762931824,
                    101.557266235,
                    41.6651916504,
                    44.7805938721,
                    23.8055171967
                ],
                [
                    533.936096191,
                    -11.0692844391,
                    299.025482178,
                    276.506225586,
                    53.4646759033,
                    206.056411743,
                    -22.6459388733,
                    107.762931824,
                    337.291229248,
                    59.3820114136,
                    14.846036911,
                    52.2321815491,
                    19.1927719116
                ],
                [
                    581.180541992,
                    -107.976608276,
                    216.495681763,
                    150.351608276,
                    105.999885559,
                    152.875823975,
                    81.2474060059,
                    101.557266235,
                    59.3820114136,
                    195.553131104,
                    34.2198448181,
                    25.0033588409,
                    19.9689235687
                ],
                [
                    5.46486282349,
                    51.9117469788,
                    131.616897583,
                    101.402160645,
                    72.9828948975,
                    80.4936294556,
                    30.809545517,
                    41.6651916504,
                    14.846036911,
                    34.2198448181,
                    158.197235107,
                    45.7167701721,
                    -12.9045934677
                ],
                [
                    584.215515137,
                    -191.93649292,
                    283.734283447,
                    201.212982178,
                    -18.5251541138,
                    157.776626587,
                    -9.80079174042,
                    44.7805938721,
                    52.2321815491,
                    25.0033588409,
                    45.7167701721,
                    154.603408813,
                    11.4989547729
                ],
                [
                    12.6241674423,
                    175.804336548,
                    16.153345108,
                    -0.720545291901,
                    84.6837310791,
                    -33.7296600342,
                    41.8677825928,
                    23.8055171967,
                    19.1927719116,
                    19.9689235687,
                    -12.9045934677,
                    11.4989547729,
                    112.832313538
                ]
            ],
            "icov": [
                [
                    0.000166671306943,
                    -8.84069377207e-05,
                    0.000191701896256,
                    -0.000319075945299,
                    0.000179523907718,
                    -0.000315286422847,
                    0.000207235701964,
                    -0.000426358834375,
                    0.000231286408962,
                    -0.000313578784699,
                    0.00035518273944,
                    -0.000325974193402,
                    -3.63168073818e-05
                ],
                [
                    -8.84069377207e-05,
                    0.00111812306568,
                    -0.000236796739046,
                    0.000825615716167,
                    -0.000886825786438,
                    0.000623416737653,
                    -0.000620268576313,
                    0.000878775026649,
                    -0.000992000335827,
                    0.000804845185485,
                    -0.00105711643118,
                    0.000634573632851,
                    -0.000955658731982
                ],
                [
                    0.000191701896256,
                    -0.000236796739046,
                    0.00119835091755,
                    -0.000858166313265,
                    0.000146725098602,
                    -0.00109041237738,
                    0.000584976340178,
                    -0.000658301985823,
                    0.00045839761151,
                    -0.000587615533732,
                    0.000513836392201,
                    -0.000942280632444,
                    -0.00016297280672
                ],
                [
                    -0.000319075945299,
                    0.000825615716167,
                    -0.000858166313265,
                    0.0023311462719,
                    -0.000924377585761,
                    0.000617245619651,
                    -0.000700433680322,
                    0.000915564189199,
                    -0.00135667144787,
                    0.00100770173594,
                    -0.00126752071083,
                    0.000414137233747,
                    -0.00030266912654
                ],
                [
                    0.000179523907718,
                    -0.000886825786438,
                    0.000146725098602,
                    -0.000924377585761,
                    0.00235031638294,
                    -0.000390489818528,
                    0.000409618514823,
                    -0.00150923593901,
                    0.000875011261087,
                    -0.00113061466254,
                    0.000289400748443,
                    0.000122198398458,
                    -0.000307609443553
                ],
                [
                    -0.000315286422847,
                    0.000623416737653,
                    -0.00109041237738,
                    0.000617245619651,
                    -0.000390489818528,
                    0.00319147086702,
                    -0.0018270626897,
                    0.000918712874409,
                    -0.00144060119055,
                    0.000499835878145,
                    -0.000927715096623,
                    8.35320388433e-05,
                    0.000997188151814
                ],
                [
                    0.000207235701964,
                    -0.000620268576313,
                    0.000584976340178,
                    -0.000700433680322,
                    0.000409618514823,
                    -0.0018270626897,
                    0.003940962255,
                    -0.00219131214544,
                    0.00185029685963,
                    -0.000962211284786,
                    0.000490174221341,
                    0.000553655030672,
                    -0.00114339147694
                ],
                [
                    -0.000426358834375,
                    0.000878775026649,
                    -0.000658301985823,
                    0.000915564189199,
                    -0.00150923593901,
                    0.000918712874409,
                    -0.00219131214544,
                    0.00743444310501,
                    -0.00228350469843,
                    -0.000140096410178,
                    -0.0015757905785,
                    0.000597614562139,
                    -0.000397393712774
                ],
                [
                    0.000231286408962,
                    -0.000992000335827,
                    0.00045839761151,
                    -0.00135667144787,
                    0.000875011261087,
                    -0.00144060119055,
                    0.00185029685963,
                    -0.00228350469843,
                    0.0051692049019,
                    -0.00131803064141,
                    0.00137072079815,
                    -0.000746632635128,
                    -0.000259851891315
                ],
                [
                    -0.000313578784699,
                    0.000804845185485,
                    -0.000587615533732,
                    0.00100770173594,
                    -0.00113061466254,
                    0.000499835878145,
                    -0.000962211284786,
                    -0.000140096410178,
                    -0.00131803064141,
                    0.00777496304363,
                    -0.00190271344036,
                    0.00112693302799,
                    -0.00122808048036
                ],
                [
                    0.00035518273944,
                    -0.00105711643118,
                    0.000513836392201,
                    -0.00126752071083,
                    0.000289400748443,
                    -0.000927715096623,
                    0.000490174221341,
                    -0.0015757905785,
                    0.00137072079815,
                    -0.00190271344036,
                    0.00923290383071,
                    -0.00356572377495,
                    0.00270468113013
                ],
                [
                    -0.000325974193402,
                    0.000634573632851,
                    -0.000942280632444,
                    0.000414137233747,
                    0.000122198398458,
                    8.35320388433e-05,
                    0.000553655030672,
                    0.000597614562139,
                    -0.000746632635128,
                    0.00112693302799,
                    -0.00356572377495,
                    0.0108016822487,
                    -0.002794055501
                ],
                [
                    -3.63168073818e-05,
                    -0.000955658731982,
                    -0.00016297280672,
                    -0.00030266912654,
                    -0.000307609443553,
                    0.000997188151814,
                    -0.00114339147694,
                    -0.000397393712774,
                    -0.000259851891315,
                    -0.00122808048036,
                    0.00270468113013,
                    -0.002794055501,
                    0.0122698880732
                ]
            ],
            "mean": [
                -39.289768219,
                79.3645935059,
                -102.039649963,
                6.08818864822,
                -42.2394485474,
                29.749584198,
                -28.7110424042,
                15.3068990707,
                -5.57324075699,
                5.9766702652,
                -12.1981630325,
                5.04043674469,
                -2.9212436676
            ]
        },
        "hfc": {
            "dmean": 24.9237995148,
            "dmean2": 41.1848602295,
            "dvar": 1450.49694824,
            "dvar2": 3042.16577148,
            "max": 331.142120361,
            "mean": 31.0713481903,
            "median": 17.7006492615,
            "min": 1.14098051148e-16,
            "var": 1851.17724609
        },
        "melbands": {
            "dmean": [
                0.00270555960014,
                0.00199318188243,
                0.000636715965811,
                0.000308096612571,
                0.000114418544399,
                0.000134140398586,
                0.000264507252723,
                0.000183595926501,
                0.000158415234182,
                0.000163588527357,
                0.000139755371492,
                0.000101584613731,
                0.000102968260762,
                0.000110927350761,
                8.98225189303e-05,
                4.04133170377e-05,
                4.30656946264e-05,
                4.0981471102e-05,
                3.75081363018e-05,
                3.47679415427e-05,
                3.4370827052e-05,
                2.32661623158e-05,
                1.63211734616e-05,
                9.09555546968e-06,
                9.40219160839e-06,
                7.69790494815e-06,
                6.23578353043e-06,
                6.2324843384e-06,
