{
    "lowlevel": {
        "average_loudness": 0.939613521099,
        "barkbands": {
            "dmean": [
                0.00036359616206,
                0.0122013036162,
                0.00432868208736,
                0.00178061402403,
                0.00141429016367,
                0.00120707962196,
                0.000732787069865,
                0.000505544536281,
                0.000878972874489,
                0.000392624526285,
                0.000599622610025,
                0.000466140190838,
                0.000470196799142,
                0.000518644403201,
                0.00053687475156,
                0.000390499451896,
                0.000384675746318,
                0.000508311495651,
                0.000256243220065,
                0.000186764955288,
                0.000182102463441,
                0.00017536530504,
                0.000163401287864,
                0.000199726957362,
                0.000196520748432,
                0.000135448353831,
                8.58889034134e-05
            ],
            "dmean2": [
                0.000406145758461,
                0.0187296476215,
                0.00759209739044,
                0.00315123936161,
                0.00243194703944,
                0.00196776795201,
                0.00121398712508,
                0.000838887528516,
                0.00136556627695,
                0.000606693967711,
                0.000899228674825,
                0.000699751544744,
                0.000742623175029,
                0.00081250583753,
                0.000853478850331,
                0.000618639402092,
                0.000621505780146,
                0.000851115852129,
                0.000421510572778,
                0.000295115576591,
                0.000291822041618,
                0.000280018110061,
                0.00025199263473,
                0.000299543957226,
                0.000295052770525,
                0.000205502132303,
                0.000136492439196
            ],
            "dvar": [
                4.13087235529e-07,
                0.000466006458737,
                0.000114042100904,
                2.35182724282e-05,
                1.04580221887e-05,
                5.69034091313e-06,
                3.17447779707e-06,
                1.6198736148e-06,
                3.15803504236e-06,
                1.24766222598e-06,
                1.88510466614e-06,
                1.45063177115e-06,
                8.30752242109e-07,
                1.03710772237e-06,
                1.13807595881e-06,
                5.77470814278e-07,
                4.63838119913e-07,
                9.01026908195e-07,
                1.74714202217e-07,
                8.83534028162e-08,
                9.61769259789e-08,
                9.00548187133e-08,
                6.06001364645e-08,
                1.02174112726e-07,
                1.00924772539e-07,
                1.02117390099e-07,
                6.58944756537e-08
            ],
            "dvar2": [
                7.8297739492e-07,
                0.00109633407556,
                0.000319294020301,
                6.57263008179e-05,
                2.89414329018e-05,
                1.38069290188e-05,
                8.34451293485e-06,
                3.96344012188e-06,
                7.47422473069e-06,
                2.73097384706e-06,
                4.16535567638e-06,
                3.13371447191e-06,
                1.95561369765e-06,
                2.3562122351e-06,
                2.82616133518e-06,
                1.38680854889e-06,
                1.11693327653e-06,
                2.37434960582e-06,
                4.55663069943e-07,
                2.1411088369e-07,
                2.39161579429e-07,
                2.30280988944e-07,
                1.31948453941e-07,
                2.10721680105e-07,
                2.07365474125e-07,
                2.36068004256e-07,
                1.48176980019e-07
            ],
            "max": [
                0.0154449809343,
                0.169587403536,
                0.0920909568667,
                0.0523912459612,
                0.0315568745136,
                0.029767498374,
                0.0370599105954,
                0.0234177131206,
                0.0374137982726,
                0.0297859199345,
                0.0291022900492,
                0.0252166613936,
                0.0176264923066,
                0.0195583123714,
                0.0204908605665,
                0.016653560102,
                0.0176287721843,
                0.0132397292182,
                0.00603432022035,
                0.00494880974293,
                0.00644499110058,
                0.00392608018592,
                0.00404791347682,
                0.00514595583081,
                0.00552738923579,
                0.00557737564668,
                0.00450605526567
            ],
            "mean": [
                0.000769341713749,
                0.0238670129329,
                0.00499642686918,
                0.00181435630657,
                0.00177675334271,
                0.00161915144417,
                0.00093165691942,
                0.000587294227444,
                0.00130970624741,
                0.000575510552153,
                0.000927763292566,
                0.000780064496212,
                0.000698470801581,
                0.000763771880884,
                0.00076368014561,
                0.000557748018764,
                0.000575344776735,
                0.000698319287039,
                0.000380608427804,
                0.000317086029099,
                0.000303549022647,
                0.000285730347969,
                0.000292707933113,
                0.000343196239555,
                0.000333955395035,
                0.000174877975951,
                9.05997294467e-05
            ],
            "median": [
                0.000127249411889,
                0.0132723357528,
                0.00192313827574,
                0.000633031711914,
                0.000877139624208,
                0.000536592153367,
                0.000223722614464,
                0.000121014803881,
                0.000392355635995,
                0.000102424470242,
                0.000186436474905,
                0.000104422950244,
                0.000245589821134,
                0.000233262995607,
                0.000221064445213,
                0.000211105972994,
                0.000222128146561,
                0.000264539092313,
                0.000172125219251,
                0.000155413072207,
                0.000136702568852,
                0.000137470167829,
                0.000156406473252,
                0.000167396588949,
                0.000144279372762,
                3.05655157717e-05,
                2.22386915993e-06
            ],
            "min": [
                1.53287210975e-24,
                4.87737551569e-24,
                3.38033997635e-24,
                4.50872700961e-24,
                1.62530369143e-23,
                1.57431314247e-23,
                1.60577054879e-23,
                3.28818966303e-23,
                2.89963369981e-23,
                2.16482412386e-23,
                2.68271809234e-23,
                4.70404163334e-23,
                3.40227314942e-23,
                7.44731773747e-23,
                5.27341366682e-23,
                6.64605783209e-23,
                6.65037006134e-23,
                1.14407777643e-22,
                1.63130515587e-22,
                2.40943237786e-22,
                3.04920690236e-22,
                3.61307382269e-22,
                4.06808803551e-22,
                6.53384735392e-22,
                8.76263563319e-22,
                1.38837843147e-21,
                2.16824374753e-21
            ],
            "var": [
                1.54645044859e-06,
                0.000842471723445,
                8.37718544062e-05,
                1.60717972904e-05,
                9.12414270715e-06,
                8.14986924524e-06,
                3.93996469938e-06,
                2.13811495087e-06,
                6.08404661762e-06,
                2.83365466203e-06,
                4.03013518735e-06,
                4.44935812993e-06,
                1.54027611643e-06,
                2.2141239242e-06,
                2.12169197766e-06,
                1.04503942566e-06,
                9.19995102322e-07,
                1.294928893e-06,
                2.74402566447e-07,
                1.89243479554e-07,
                1.88815917568e-07,
                1.48354430962e-07,
                1.46197436379e-07,
                2.49282180675e-07,
                2.51621315783e-07,
                1.63752062576e-07,
                9.09099568958e-08
            ]
        },
        "barkbands_crest": {
            "dmean": 3.17697691917,
            "dmean2": 4.76302862167,
            "dvar": 9.14483737946,
            "dvar2": 19.50481987,
            "max": 26.2669906616,
            "mean": 13.1941947937,
            "median": 12.3746194839,
            "min": 2.25383877754,
            "var": 33.4315643311
        },
        "barkbands_flatness_db": {
            "dmean": 0.0324964113533,
            "dmean2": 0.0463621020317,
            "dvar": 0.00113612727728,
            "dvar2": 0.00212255865335,
            "max": 0.594959259033,
            "mean": 0.148797184229,
            "median": 0.135376676917,
            "min": 0.0173628870398,
            "var": 0.00576053746045
        },
        "barkbands_kurtosis": {
            "dmean": 7.37785291672,
            "dmean2": 11.3829183578,
            "dvar": 403.993133545,
            "dvar2": 890.651855469,
            "max": 833.811767578,
            "mean": 9.18519020081,
            "median": 1.99050092697,
            "min": -1.94155609608,
            "var": 597.669372559
        },
        "barkbands_skewness": {
            "dmean": 0.904487073421,
            "dmean2": 1.32667219639,
            "dvar": 1.17271161079,
            "dvar2": 2.48526000977,
            "max": 21.5187721252,
            "mean": 2.0576004982,
            "median": 1.63049530983,
            "min": -6.19164466858,
            "var": 3.80103588104
        },
        "barkbands_spread": {
            "dmean": 9.46692752838,
            "dmean2": 14.3726596832,
            "dvar": 127.936439514,
            "dvar2": 267.629425049,
            "max": 128.998962402,
            "mean": 28.8348865509,
            "median": 26.7887821198,
            "min": 0.14745131135,
            "var": 374.166931152
        },
        "dissonance": {
            "dmean": 0.0191362537444,
            "dmean2": 0.0315823927522,
            "dvar": 0.000472057727166,
            "dvar2": 0.00124972639605,
            "max": 0.499999940395,
            "mean": 0.463335871696,
            "median": 0.474056750536,
            "min": 0.19254270196,
            "var": 0.00134374562185
        },
        "dynamic_complexity": 3.18699169159,
        "erbbands": {
            "dmean": [
                0.306488126516,
                3.07240986824,
                5.17325210571,
                5.2302532196,
                4.78022098541,
                4.82438564301,
                7.82018470764,
                10.1837148666,
                8.28369426727,
                12.8523645401,
                11.6426439285,
                19.8993701935,
                12.6010637283,
                15.485865593,
                23.284532547,
                15.5264549255,
                20.5466461182,
                20.5467338562,
                24.3776378632,
                27.2199363708,
                20.9165039062,
                20.1779880524,
                28.8493461609,
                16.6151237488,
                10.7803821564,
                9.08114242554,
                8.16843032837,
                6.25715351105,
                6.13530540466,
                6.08830022812,
                4.42772531509,
                3.85035610199,
                3.65504813194,
                2.51645755768,
                1.25524961948,
                0.702644050121,
                0.22349062562,
                0.0569922886789,
                0.0137861063704,
                0.00110392423812
            ],
            "dmean2": [
                0.429454624653,
                4.71390485764,
                8.77982521057,
                8.86820316315,
                8.35065078735,
                8.35048675537,
                12.9557619095,
                16.5630321503,
                13.8033838272,
                21.2383213043,
                18.8757705688,
                30.902261734,
                19.5862426758,
                23.4014225006,
                34.8363647461,
                23.5901126862,
                32.1879577637,
                32.180557251,
                38.5938034058,
                42.8498001099,
                33.039730072,
                32.5798950195,
                48.3481025696,
                27.413022995,
                17.5877285004,
                14.308470726,
                12.9751281738,
                10.1278810501,
                9.83065700531,
                9.52933502197,
                6.77193689346,
                5.88647556305,
                5.49477100372,
                3.78108215332,
                1.88779211044,
                1.07886087894,
                0.334084004164,
                0.088955797255,
                0.0222677625716,
                0.00173553952482
            ],
            "dvar": [
                0.246030673385,
                31.8612556458,
                142.74597168,
                176.244018555,
                139.709259033,
                123.022827148,
                262.309082031,
                451.601013184,
                428.962036133,
                1061.71569824,
                684.692016602,
                1819.58300781,
                1079.25219727,
                1445.31542969,
                2209.83984375,
                1225.23352051,
                1655.91210938,
                1900.63989258,
                2347.31713867,
                2693.171875,
                1906.59460449,
                1357.09667969,
                3035.44726562,
                828.608032227,
                306.153076172,
                215.813781738,
                222.560379028,
                118.878074646,
                114.104141235,
                94.5385360718,
                46.557674408,
                38.3908004761,
                36.4727172852,
                15.8220405579,
                4.75096178055,
                2.86006546021,
                0.250331401825,
                0.0297806225717,
                0.00171831040643,
                9.51578203967e-06
            ],
            "dvar2": [
                0.492414653301,
                76.4952926636,
                382.081573486,
                480.735412598,
                383.361907959,
                343.193664551,
                665.601074219,
                1105.5859375,
                1134.44519043,
                2677.38891602,
                1649.88635254,
                4235.90332031,
                2577.74804688,
                3319.21386719,
                5027.984375,
                2805.74536133,
                3891.41992188,
                4426.86083984,
                5683.40771484,
                6627.08349609,
                4435.67822266,
                3199.35473633,
                7960.60351562,
                2171.0769043,
                779.525695801,
                524.751342773,
                545.223999023,
                305.408966064,
                291.218139648,
                223.415283203,
                102.118652344,
                82.025390625,
                75.6405639648,
                33.3144836426,
                10.1638774872,
                6.94069910049,
                0.546542525291,
                0.0719372928143,
                0.00344459223561,
                2.22112266783e-05
            ],
            "max": [
                4.58920097351,
                43.5356407166,
                102.48526001,
                122.525085449,
                114.352554321,
                109.916122437,
                237.79196167,
                315.213409424,
                349.424438477,
                591.420288086,
                521.110900879,
                781.660400391,
                995.723937988,
                1120.36437988,
                923.076416016,
                774.715942383,
                795.018005371,
                1342.33996582,
                1278.77709961,
                1088.10693359,
                1145.48669434,
                1223.83105469,
                768.645568848,
                505.932220459,
                247.589660645,
                244.41519165,
                370.653717041,
                154.786819458,
                128.185653687,
                169.339202881,
                122.053665161,
                99.7762908936,
                97.9587631226,
                77.0159988403,
                36.0243186951,
                30.2239208221,
                7.34089517593,
                3.08055830002,
                0.683733463287,
                0.0493465363979
            ],
            "mean": [
                0.721004486084,
                5.10471343994,
                7.08930587769,
                6.06975269318,
                5.30434608459,
                5.97183227539,
                10.3432626724,
                13.6629190445,
                10.6735467911,
                16.7752742767,
                15.5094184875,
                29.2098712921,
                19.882686615,
                25.1791744232,
                38.1270370483,
                27.2397994995,
                33.4350128174,
                32.1004753113,
                37.5574645996,
                40.7087516785,
                32.2129020691,
                31.9649276733,
                41.2343215942,
                26.4747619629,
                16.9395980835,
                15.480919838,
                13.9434661865,
                10.1780834198,
                9.87237358093,
                10.3457984924,
                7.91644763947,
                6.49837303162,
                6.16818189621,
                4.34776067734,
                1.9777264595,
                0.950125098228,
                0.276650249958,
                0.0661419481039,
                0.0154115995392,
                0.00112132495269
            ],
            "median": [
                0.273291498423,
                2.80717778206,
                3.18371319771,
                2.51283812523,
                2.14170074463,
                2.76019573212,
                4.01146507263,
                4.53518915176,
                3.57574796677,
                3.78960084915,
                5.67456960678,
                8.83377361298,
                5.71066093445,
                8.13540935516,
                11.4649162292,
                7.92258358002,
                12.4571323395,
                11.3784513474,
                12.6782522202,
                14.7401571274,
                12.988650322,
                13.5084915161,
                16.9649868011,
                11.7748880386,
                8.58730125427,
                7.80323314667,
                6.14398860931,
                4.8212184906,
                4.64583730698,
                5.34044122696,
                4.26591539383,
                3.12799239159,
                2.95390439034,
                2.04230690002,
                0.67647254467,
                0.201937258244,
                0.0423020534217,
                0.00479877740145,
                0.000437294598669,
                8.67400594871e-05
            ],
            "min": [
                2.75989008278e-22,
                9.3191953034e-22,
                2.83040041424e-21,
                1.61796850933e-20,
                2.18768624817e-20,
                7.01864300715e-20,
                1.19746775527e-19,
                1.52707118278e-19,
                1.13682921251e-19,
                3.07410843759e-19,
                5.19307348982e-19,
                6.91619151841e-19,
                5.22563131873e-19,
                9.6789633906e-19,
                1.11184634176e-18,
                1.77567553374e-18,
                1.67625959105e-18,
                4.18155971027e-18,
                3.93720600782e-18,
                4.39486973791e-18,
                4.22036357998e-18,
                5.32420632893e-18,
                5.06447203018e-18,
                7.62483259969e-18,
                8.2206127446e-18,
                1.061284141e-17,
                1.06838226055e-17,
                1.15517600612e-17,
                1.23171221579e-17,
                1.25369081825e-17,
                1.20031070266e-17,
                1.00637473388e-17,
                1.30338923566e-17,
                1.08055794558e-17,
                6.25376336359e-18,
                4.93600757233e-18,
                2.41729141076e-18,
                1.07001716235e-18,
                2.79549151831e-19,
                3.02476362438e-20
            ],
            "var": [
                0.86644256115,
                45.9053077698,
                126.325492859,
                133.16986084,
                102.829574585,
                105.682128906,
                347.145629883,
                618.95526123,
                513.876281738,
                1516.63269043,
                942.86340332,
                3228.26538086,
                2061.99389648,
                3093.85839844,
                4845.59228516,
                3653.25854492,
                3423.59936523,
                3963.60253906,
                5130.94482422,
                4816.84472656,
                3774.54199219,
                2816.01586914,
                4365.10839844,
                1443.47729492,
                496.7550354,
                460.897766113,
                462.972351074,
                189.922698975,
                181.678741455,
                188.876525879,
                111.697685242,
                87.7738418579,
                85.702003479,
                38.7775802612,
                10.9091882706,
                4.51927423477,
                0.40538007021,
                0.0395788326859,
                0.00274756294675,
                1.15690727398e-05
            ]
        },
        "erbbands_crest": {
            "dmean": 2.76341748238,
            "dmean2": 4.43653202057,
            "dvar": 6.59894752502,
            "dvar2": 16.1102180481,
            "max": 28.935590744,
            "mean": 8.75811576843,
            "median": 7.87341737747,
            "min": 2.32137942314,
            "var": 17.0200901031
        },
        "erbbands_flatness_db": {
            "dmean": 0.0211289301515,
            "dmean2": 0.0301716439426,
            "dvar": 0.000453435466625,
            "dvar2": 0.000905867258552,
            "max": 0.476576864719,
            "mean": 0.133890926838,
            "median": 0.128648892045,
            "min": 0.0311193354428,
            "var": 0.00269079674035
        },
        "erbbands_kurtosis": {
            "dmean": 1.29915714264,
            "dmean2": 2.03088355064,
            "dvar": 4.89607715607,
            "dvar2": 11.1221227646,
            "max": 51.9948539734,
            "mean": 0.991581857204,
            "median": 0.188632249832,
            "min": -1.87721443176,
            "var": 9.51769065857
        },
        "erbbands_skewness": {
            "dmean": 0.462830871344,
            "dmean2": 0.692058742046,
            "dvar": 0.254735767841,
            "dvar2": 0.523272037506,
            "max": 5.84134483337,
            "mean": 0.119330637157,
            "median": 0.0280911624432,
            "min": -4.78700637817,
            "var": 0.888257920742
        },
        "erbbands_spread": {
            "dmean": 13.0986557007,
            "dmean2": 19.5516052246,
            "dvar": 234.736175537,
            "dvar2": 533.59753418,
            "max": 207.9793396,
            "mean": 46.3383369446,
            "median": 40.2853813171,
            "min": 1.88600850105,
            "var": 714.182067871
        },
        "gfcc": {
            "cov": [
                [
                    17220.125,
                    -1060.80810547,
                    -159.812927246,
                    283.285400391,
                    -413.054748535,
                    634.126098633,
                    -108.915985107,
                    148.072692871,
                    -203.404708862,
                    147.636627197,
                    -124.674827576,
                    213.523162842,
                    -142.750595093
                ],
                [
                    -1060.80810547,
                    2183.484375,
                    135.173599243,
                    139.570510864,
                    76.6146087646,
                    -72.6455459595,
                    148.260772705,
                    -77.7519683838,
                    55.389705658,
                    -130.775558472,
                    161.870040894,
                    -68.3398742676,
                    102.994728088
                ],
                [
                    -159.812927246,
                    135.173599243,
                    1520.45593262,
                    236.502471924,
                    105.385551453,
                    63.2381973267,
                    41.2392082214,
                    -62.6863136292,
                    23.991312027,
                    -45.1718330383,
                    -37.7117042542,
                    4.24031400681,
                    -40.8161811829
                ],
                [
                    283.285400391,
                    139.570510864,
                    236.502471924,
                    565.892883301,
                    186.18661499,
                    116.813346863,
                    67.2569732666,
                    68.1711273193,
                    84.6733322144,
                    27.0684890747,
                    8.374958992,
                    4.18078660965,
                    28.9225177765
                ],
                [
                    -413.054748535,
                    76.6146087646,
                    105.385551453,
                    186.18661499,
                    561.9921875,
                    104.547851562,
                    234.868850708,
                    66.6210861206,
                    97.8416061401,
                    23.8967418671,
                    34.0165214539,
                    -16.997089386,
                    -23.7456436157
                ],
                [
                    634.126098633,
                    -72.6455459595,
                    63.2381973267,
                    116.813346863,
                    104.547851562,
                    424.994110107,
                    171.809967041,
                    93.7711868286,
                    30.6359043121,
                    56.3684158325,
                    31.1380672455,
                    28.0387420654,
                    7.8757891655
                ],
                [
                    -108.915985107,
                    148.260772705,
                    41.2392082214,
                    67.2569732666,
                    234.868850708,
                    171.809967041,
                    391.787628174,
                    46.5761642456,
                    79.8257446289,
                    33.3093833923,
                    47.4892997742,
                    7.94452142715,
                    -6.35389137268
                ],
                [
                    148.072692871,
                    -77.7519683838,
                    -62.6863136292,
                    68.1711273193,
                    66.6210861206,
                    93.7711868286,
                    46.5761642456,
                    227.695281982,
                    81.8481140137,
                    45.1230392456,
                    33.6246414185,
                    25.1757011414,
                    17.1432056427
                ],
                [
                    -203.404708862,
                    55.389705658,
                    23.991312027,
                    84.6733322144,
                    97.8416061401,
                    30.6359043121,
                    79.8257446289,
                    81.8481140137,
                    181.524200439,
                    53.446056366,
                    22.1391563416,
                    13.2370729446,
                    29.3785057068
                ],
                [
                    147.636627197,
                    -130.775558472,
                    -45.1718330383,
                    27.0684890747,
                    23.8967418671,
                    56.3684158325,
                    33.3093833923,
                    45.1230392456,
                    53.446056366,
                    144.275344849,
                    34.3709182739,
                    19.5775661469,
                    20.0934028625
                ],
                [
                    -124.674827576,
                    161.870040894,
                    -37.7117042542,
                    8.374958992,
                    34.0165214539,
                    31.1380672455,
                    47.4892997742,
                    33.6246414185,
                    22.1391563416,
                    34.3709182739,
                    127.574699402,
                    29.5317459106,
                    24.6291923523
                ],
                [
                    213.523162842,
                    -68.3398742676,
                    4.24031400681,
                    4.18078660965,
                    -16.997089386,
                    28.0387420654,
                    7.94452142715,
                    25.1757011414,
                    13.2370729446,
                    19.5775661469,
                    29.5317459106,
                    98.2553329468,
                    26.2316741943
                ],
                [
                    -142.750595093,
                    102.994728088,
                    -40.8161811829,
                    28.9225177765,
                    -23.7456436157,
                    7.8757891655,
                    -6.35389137268,
                    17.1432056427,
                    29.3785057068,
                    20.0934028625,
                    24.6291923523,
                    26.2316741943,
                    128.80758667
                ]
            ],
            "icov": [
                [
                    7.05628481228e-05,
                    4.80035305372e-06,
                    1.7107828171e-05,
                    -5.88877519476e-05,
                    6.41640799586e-05,
                    -0.000103868143924,
                    1.70265539055e-05,
                    -2.5877605367e-05,
                    9.07348367036e-05,
                    -6.89238295308e-05,
                    9.77263116511e-05,
                    -0.000162104421179,
                    0.000119853328215
                ],
                [
                    4.80035305372e-06,
                    0.000712652283255,
                    -4.20241631218e-05,
                    -0.000189498081454,
                    0.00012661688379,
                    0.000139704628964,
                    -0.000301304884488,
                    0.000312875781674,
                    -0.000310315546812,
                    0.000935504387598,
                    -0.00120739033446,
                    0.000795364612713,
                    -0.000583258108236
                ],
                [
                    1.7107828171e-05,
                    -4.20241631218e-05,
                    0.000759788148571,
                    -0.000320855266182,
                    -3.73346774722e-05,
                    -0.000159806731972,
                    4.83411677124e-05,
                    0.000341866456438,
                    -0.000166537036421,
                    0.000191914223251,
                    0.000239752218476,
                    -0.000319871382089,
                    0.000352485512849
                ],
                [
                    -5.88877519476e-05,
                    -0.000189498081454,
                    -0.000320855266182,
                    0.00241929874755,
                    -0.000757074449211,
                    -0.000440357805928,
                    0.000432130444096,
                    -0.000307694514049,
                    -0.000574112054892,
                    -0.00018950116646,
                    0.000393914699089,
                    8.6956701125e-05,
                    -0.000541538523976
                ],
                [
                    6.41640799586e-05,
                    0.00012661688379,
                    -3.73346774722e-05,
                    -0.000757074449211,
                    0.0028586294502,
                    6.94778282195e-05,
                    -0.00145925756078,
                    -0.000238175067352,
                    -0.000578745035455,
                    0.000238411434111,
                    -0.000470914499601,
                    0.000630080583505,
                    0.000667022017296
                ],
                [
                    -0.000103868143924,
                    0.000139704628964,
                    -0.000159806731972,
                    -0.000440357805928,
                    6.94778282195e-05,
                    0.00359181896783,
                    -0.00158219411969,
                    -0.00109808368143,
                    0.000899756792933,
                    -0.000663695507683,
                    -0.000201104849111,
                    -8.68115021149e-05,
                    -0.000362842751201
                ],
                [
                    1.70265539055e-05,
                    -0.000301304884488,
                    4.83411677124e-05,
                    0.000432130444096,
                    -0.00145925756078,
                    -0.00158219411969,
                    0.00442304601893,
                    0.000450442050351,
                    -0.001165445894,
                    -0.000166476645973,
                    -0.000383525533834,
                    -0.000398502626922,
                    0.000610314775258
                ],
                [
                    -2.5877605367e-05,
                    0.000312875781674,
                    0.000341866456438,
                    -0.000307694514049,
                    -0.000238175067352,
                    -0.00109808368143,
                    0.000450442050351,
                    0.00626360299066,
                    -0.00260947248898,
                    0.000210372672882,
                    -0.00130040186923,
                    -0.000397100608097,
                    2.25626649808e-06
                ],
                [
                    9.07348367036e-05,
                    -0.000310315546812,
                    -0.000166537036421,
                    -0.000574112054892,
                    -0.000578745035455,
                    0.000899756792933,
                    -0.001165445894,
                    -0.00260947248898,
                    0.00874317716807,
                    -0.00275287730619,
                    0.00111239007674,
                    -0.000647435430437,
                    -0.00109263311606
                ],
                [
                    -6.89238295308e-05,
                    0.000935504387598,
                    0.000191914223251,
                    -0.00018950116646,
                    0.000238411434111,
                    -0.000663695507683,
                    -0.000166476645973,
                    0.000210372672882,
                    -0.00275287730619,
                    0.00999545585364,
                    -0.00322750699706,
                    0.000637933553662,
                    -0.0011168847559
                ],
                [
                    9.77263116511e-05,
                    -0.00120739033446,
                    0.000239752218476,
                    0.000393914699089,
                    -0.000470914499601,
                    -0.000201104849111,
                    -0.000383525533834,
                    -0.00130040186923,
                    0.00111239007674,
                    -0.00322750699706,
                    0.01173265744,
                    -0.00374842644669,
                    -8.93671240192e-05
                ],
                [
                    -0.000162104421179,
                    0.000795364612713,
                    -0.000319871382089,
                    8.6956701125e-05,
                    0.000630080583505,
                    -8.68115021149e-05,
                    -0.000398502626922,
                    -0.000397100608097,
                    -0.000647435430437,
                    0.000637933553662,
                    -0.00374842644669,
                    0.0131681049243,
                    -0.00269865454175
                ],
                [
                    0.000119853328215,
                    -0.000583258108236,
                    0.000352485512849,
                    -0.000541538523976,
                    0.000667022017296,
                    -0.000362842751201,
                    0.000610314775258,
                    2.25626649808e-06,
                    -0.00109263311606,
                    -0.0011168847559,
                    -8.93671240192e-05,
                    -0.00269865454175,
                    0.00976107362658
                ]
            ],
            "mean": [
                11.2104578018,
                61.9311943054,
                -95.2409439087,
                37.3789863586,
                -45.2931747437,
                24.8803310394,
                -34.0864181519,
                16.551153183,
                -18.1130771637,
                4.14658117294,
                -10.7475709915,
                1.91329991817,
                -7.66570711136
            ]
        },
        "hfc": {
            "dmean": 12.7869777679,
            "dmean2": 18.5943450928,
            "dvar": 320.168182373,
            "dvar2": 695.420837402,
            "max": 218.926971436,
            "mean": 33.8628883362,
            "median": 27.3991317749,
            "min": 1.11777194107e-16,
            "var": 829.887451172
        },
        "melbands": {
            "dmean": [
                0.0031162686646,
                0.00300802406855,
                0.000890141585842,
                0.00032453899621,
                0.000259719323367,
                0.000225151190534,
                0.000133047113195,
                0.000135878653964,
                0.000106765961391,
                0.000122112920508,
                6.40965154162e-05,
                6.29189235042e-05,
                9.04126864043e-05,
                5.5009364587e-05,
                4.92828185088e-05,
                4.23450110247e-05,
                4.00304961659e-05,
                4.38485149061e-05,
                4.17916744482e-05,
                2.96605885524e-05,
                2.53052039625e-05,
                1.95293632714e-05,
                2.85704991256e-05,
                2.64139689534e-05,
                1.31051801873e-05,
                9.37110416999e-06,
                7.41790563552e-06,
