{
    "lowlevel": {
        "average_loudness": 0.836672306061,
        "barkbands": {
            "dmean": [
                0.000116704555694,
                0.00267981737852,
                0.00064607791137,
                0.000656957912724,
                0.000657199358102,
                0.000513164559379,
                0.000473207648611,
                0.000530365912709,
                0.00106595328543,
                0.000587866466958,
                0.000698659743648,
                0.000804915442131,
                0.000537053041626,
                0.000406380422646,
                0.000520815723576,
                0.000285617861664,
                0.000211724429391,
                0.000175072083948,
                0.00020431993471,
                0.000235875690123,
                0.000187001583981,
                0.000109114414954,
                9.78969037533e-05,
                9.41196776694e-05,
                0.000134028043249,
                7.85639858805e-05,
                1.69726354216e-05
            ],
            "dmean2": [
                0.000158345588716,
                0.00338647700846,
                0.00112549227197,
                0.00117230182514,
                0.00110654626042,
                0.000859035353642,
                0.000784146599472,
                0.000876223144587,
                0.00174218742177,
                0.000956136034802,
                0.00112133822404,
                0.00119585706852,
                0.000861874432303,
                0.000652696180623,
                0.000810914731119,
                0.000457556248875,
                0.00033934370731,
                0.000279718631646,
                0.000327773799654,
                0.000371075060684,
                0.000294078083243,
                0.000173232503585,
                0.000147987011587,
                0.000146636419231,
                0.000189939208212,
                0.000112712121336,
                2.31819485634e-05
            ],
            "dvar": [
                6.63942074652e-08,
                4.62685893581e-05,
                5.06975402459e-06,
                5.16075942869e-06,
                3.37054484589e-06,
                1.1171581491e-06,
                1.04769696918e-06,
                1.65307164934e-06,
                5.79602237849e-06,
                2.19880166696e-06,
                3.12796964863e-06,
                3.70497832591e-06,
                1.57977649451e-06,
                5.76790455398e-07,
                9.486254271e-07,
                2.54568874425e-07,
                1.39663882237e-07,
                8.19491816628e-08,
                9.62208019928e-08,
                1.34275254027e-07,
                1.03999198586e-07,
                3.87695244797e-08,
                3.55204576863e-08,
                2.93727158152e-08,
                1.03901378168e-07,
                3.10170484852e-08,
                1.19030130197e-09
            ],
            "dvar2": [
                1.12381066231e-07,
                6.45851978334e-05,
                1.40120637298e-05,
                1.42612516356e-05,
                9.14119482331e-06,
                2.83407734969e-06,
                2.63640890807e-06,
                4.25691132477e-06,
                1.48881863424e-05,
                5.83163364354e-06,
                7.67059827922e-06,
                7.54422308091e-06,
                3.68744531443e-06,
                1.41466739478e-06,
                2.26214910981e-06,
                5.78146796215e-07,
                3.24005952734e-07,
                2.04667699677e-07,
                2.36295846889e-07,
                3.36600294304e-07,
                2.62727297695e-07,
                9.66737800923e-08,
                7.30765421508e-08,
                7.1611907515e-08,
                1.88604900586e-07,
                6.00954450647e-08,
                2.23851781556e-09
            ],
            "max": [
                0.00294638355263,
                0.0853019431233,
                0.0320347733796,
                0.0212342478335,
                0.0193100497127,
                0.014105069451,
                0.0162090212107,
                0.0311780422926,
                0.0558980181813,
                0.0347449928522,
                0.0507597997785,
                0.0428611077368,
                0.0283728670329,
                0.0162356141955,
                0.0182441361248,
                0.0112143298611,
                0.00809569191188,
                0.00591625180095,
                0.00487749371678,
                0.00639228243381,
                0.00848324410617,
                0.00350714172237,
                0.00275147194043,
                0.00451005157083,
                0.00640835240483,
                0.00384787796065,
                0.000687314430252
            ],
            "mean": [
                0.000174947170308,
                0.00479003693908,
                0.000631751143374,
                0.000517751148436,
                0.000768333149608,
                0.000692648056429,
                0.000632199458778,
                0.000729698280338,
                0.00166733271908,
                0.000850713229738,
                0.00109390867874,
                0.00151042477228,
                0.000851187971421,
                0.000648109416943,
                0.000889193150215,
                0.000464725744678,
                0.00036011042539,
                0.000326371315168,
                0.000410803826526,
                0.000498965091538,
                0.000429951585829,
                0.000234219318372,
                0.000233588390984,
                0.000213260747842,
                0.000296521524433,
                0.000155964662554,
                3.5095239582e-05
            ],
            "median": [
                2.19320845645e-05,
                0.000792057602666,
                9.95674272417e-05,
                7.95558007667e-05,
                0.000320097286021,
                0.000295322854072,
                0.000199063739274,
                0.000226260686759,
                0.000490791164339,
                0.000267562514637,
                0.000181899085874,
                0.000313013850246,
                0.000250032113399,
                0.000229421304539,
                0.000349424663,
                0.000218944289372,
                0.000178885937203,
                0.000186310266145,
                0.000251121469773,
                0.000286774768028,
                0.000222058282816,
                0.000101337223896,
                0.000110205641249,
                0.000122897676192,
                0.000149253755808,
                5.46956944163e-05,
                7.64302239986e-06
            ],
            "min": [
                7.25319484592e-23,
                1.41397889898e-23,
                1.72343009943e-23,
                6.22867334152e-24,
                6.68267549313e-23,
                2.70140967817e-23,
                5.75299534326e-23,
                9.64094490848e-23,
                3.27488789044e-23,
                3.83983346762e-23,
                7.14466967346e-23,
                4.21582192998e-23,
                1.69957658649e-22,
                1.49026982645e-22,
                1.27019012945e-22,
                1.60500718387e-22,
                7.53344683328e-23,
                2.2870170688e-22,
                2.06569223375e-22,
                3.87606868889e-22,
                5.0045775065e-22,
                4.82193639075e-22,
                6.62790885634e-22,
                1.11093395589e-21,
                1.03440934889e-21,
                1.64037064442e-21,
                2.30255578586e-21
            ],
            "var": [
                1.61980338476e-07,
                0.000140868709423,
                3.7010493088e-06,
                3.35184313371e-06,
                2.63824449576e-06,
                1.57675890478e-06,
                1.59370358688e-06,
                2.60482579506e-06,
                1.05715553218e-05,
                3.31139631271e-06,
                8.85819463292e-06,
                1.3799856788e-05,
                3.29483759742e-06,
                1.24745417907e-06,
                2.29695956477e-06,
                5.22888342402e-07,
                2.72636299314e-07,
                1.94167469658e-07,
                2.41463993689e-07,
                3.71936096144e-07,
                3.41250739666e-07,
                1.03345826119e-07,
                1.07434622976e-07,
                7.13345684744e-08,
                2.5138683668e-07,
                7.40276533406e-08,
                4.2421124391e-09
            ]
        },
        "barkbands_crest": {
            "dmean": 2.94644069672,
            "dmean2": 4.55071926117,
            "dvar": 8.17358398438,
            "dvar2": 17.9871635437,
            "max": 25.9750652313,
            "mean": 9.69910049438,
            "median": 8.16778755188,
            "min": 2.09422874451,
            "var": 28.9673805237
        },
        "barkbands_flatness_db": {
            "dmean": 0.0203347094357,
            "dmean2": 0.0296656470746,
            "dvar": 0.000489287951495,
            "dvar2": 0.000970187480561,
            "max": 0.41335016489,
            "mean": 0.0955642834306,
            "median": 0.0834115296602,
            "min": 0.0136215100065,
            "var": 0.00272764917463
        },
        "barkbands_kurtosis": {
            "dmean": 2.21923065186,
            "dmean2": 3.36815047264,
            "dvar": 84.9049301147,
            "dvar2": 204.580886841,
            "max": 434.213745117,
            "mean": 1.97806680202,
            "median": -0.0660805702209,
            "min": -1.97830784321,
            "var": 99.2250137329
        },
        "barkbands_skewness": {
            "dmean": 0.530451238155,
            "dmean2": 0.789068102837,
            "dvar": 0.523171305656,
            "dvar2": 1.07427120209,
            "max": 19.1648387909,
            "mean": 0.828112065792,
            "median": 0.597267150879,
            "min": -7.1862654686,
            "var": 1.64974617958
        },
        "barkbands_spread": {
            "dmean": 7.59395122528,
            "dmean2": 11.7623758316,
            "dvar": 82.7462844849,
            "dvar2": 192.00302124,
            "max": 151.227249146,
            "mean": 32.5061264038,
            "median": 29.864025116,
            "min": 0.399315148592,
            "var": 294.987609863
        },
        "dissonance": {
            "dmean": 0.0163153484464,
            "dmean2": 0.0275827981532,
            "dvar": 0.00030727070407,
            "dvar2": 0.000818976608571,
            "max": 0.500000119209,
            "mean": 0.473226845264,
            "median": 0.479645192623,
            "min": 0.241777777672,
            "var": 0.000591040647123
        },
        "dynamic_complexity": 3.87478232384,
        "erbbands": {
            "dmean": [
                0.109420418739,
                0.523877203465,
                0.644253611565,
                1.63924825191,
                2.32457280159,
                2.11667013168,
                2.60460281372,
                4.79023456573,
                5.45116996765,
                9.0113325119,
                13.0951471329,
                20.0701885223,
                22.1997833252,
                22.6544036865,
                28.9066448212,
                29.724193573,
                22.3358955383,
                22.8456535339,
                21.9145145416,
                22.8856773376,
                15.1673650742,
                10.5701646805,
                8.89731407166,
                8.12451457977,
                11.5464868546,
                11.9601249695,
                9.87742328644,
                4.86157655716,
                3.94875025749,
                3.60115385056,
                2.67857027054,
                2.02350664139,
                1.64786016941,
                1.58955323696,
                0.951360046864,
                0.446054935455,
                0.131251201034,
                0.0194086991251,
                0.00265032169409,
                0.000215199266677
            ],
            "dmean2": [
                0.134748384356,
                0.66769605875,
                1.05987906456,
                2.92015242577,
                4.01099967957,
                3.57788491249,
                4.38374757767,
                8.03494167328,
                9.0662651062,
                14.8827915192,
                21.4730510712,
                32.9326400757,
                36.2388267517,
                35.9996986389,
                44.7894439697,
                44.3970069885,
                35.1922645569,
                36.4615745544,
                34.5169677734,
                35.8065757751,
                23.7676391602,
                16.8807067871,
                14.2688913345,
                12.7162094116,
                18.4454479218,
                18.8907718658,
                15.6603021622,
                7.60854578018,
                6.29326963425,
                5.57732343674,
                4.10235309601,
                3.1428527832,
                2.5345659256,
                2.38194346428,
                1.35686743259,
                0.644550204277,
                0.187474966049,
                0.0278156176209,
                0.00366316339932,
                0.00030186821823
            ],
            "dvar": [
                0.0752894058824,
                1.75095069408,
                3.82597947121,
                30.9560279846,
                68.38697052,
                27.3352642059,
                36.8193321228,
                103.150787354,
                134.065124512,
                626.760803223,
                876.365783691,
                2000.1138916,
                2742.69140625,
                2996.30786133,
                4154.53222656,
                4492.71240234,
                3366.54760742,
                2052.10546875,
                2405.28051758,
                1848.9831543,
                773.060058594,
                391.628265381,
                217.939193726,
                139.004196167,
                360.2628479,
                384.590332031,
                289.339599609,
                63.2944946289,
                51.8533325195,
                41.2531318665,
                25.8790626526,
                13.0800924301,
                9.7545747757,
                12.5711393356,
                5.99922800064,
                1.21662628651,
                0.0779098570347,
                0.00138270866591,
                2.95618137898e-05,
                2.66726317477e-07
            ],
            "dvar2": [
                0.0932875499129,
                2.75653004646,
                10.1875314713,
                87.0779647827,
                183.20765686,
                75.2458877563,
                98.8759002686,
                261.665893555,
                344.726226807,
                1618.59667969,
                2271.03027344,
                5331.90136719,
                6995.32324219,
                7861.48095703,
                10545.8662109,
                9753.96191406,
                7898.41503906,
                4937.39892578,
                5710.12304688,
                4495.05957031,
                1656.44128418,
                867.713134766,
                542.47833252,
                337.073577881,
                875.501831055,
                961.554199219,
                741.46673584,
                158.862350464,
                128.514602661,
                93.9113388062,
                57.6810951233,
                31.1983413696,
                23.5702533722,
                24.9653282166,
                11.0079631805,
                2.32380461693,
                0.15274874866,
                0.00260351435281,
                5.54556572752e-05,
                5.47872218704e-07
            ],
            "max": [
                3.46121883392,
                16.8524532318,
                28.1495132446,
                59.3637390137,
                94.6136322021,
                53.6962089539,
                100.255409241,
                144.32975769,
                161.150314331,
                578.611450195,
                796.269348145,
                807.313720703,
                1150.04455566,
                1192.58203125,
                1523.35754395,
                1711.26208496,
                1343.55871582,
                1030.96594238,
                1073.04614258,
                942.521850586,
                728.480712891,
                546.945678711,
                388.676147461,
                187.034103394,
                350.627349854,
                402.276641846,
                423.422698975,
                191.530380249,
                142.504440308,
                84.5636978149,
                96.3150787354,
                58.333770752,
                95.3104553223,
                68.4791946411,
                55.2347869873,
                26.4640426636,
                4.33416604996,
                0.760046243668,
                0.117420874536,
                0.00931050162762
            ],
            "mean": [
                0.192952990532,
                0.8657528162,
                0.769759774208,
                1.38101899624,
                2.20437026024,
                2.56594872475,
                3.36555767059,
                6.33974075317,
                7.46707344055,
                12.2981901169,
                19.5113506317,
                31.2309265137,
                34.7605323792,
                36.62550354,
                53.1543769836,
                56.5007476807,
                39.2408447266,
                39.9874305725,
                37.5691795349,
                39.2957000732,
                26.9504127502,
                19.894613266,
                17.3839836121,
                17.6719245911,
                24.1387004852,
                25.7761573792,
                21.422044754,
                11.4833517075,
                8.58249187469,
                8.10178565979,
                6.18325376511,
                4.40994358063,
                3.76964473724,
                3.45575094223,
                1.92033195496,
                0.870488762856,
                0.257104426622,
                0.0421294532716,
                0.00557599728927,
                0.000410550594097
            ],
            "median": [
                0.023589733988,
                0.154641509056,
                0.193214416504,
                0.252020597458,
                0.566878199577,
                0.98033118248,
                1.55433535576,
                2.4205622673,
                3.00290346146,
                3.55169868469,
                7.28529787064,
                10.6385593414,
                11.664932251,
                12.5310840607,
                14.6009025574,
                14.1030807495,
                12.8333644867,
                14.6323080063,
                15.0200099945,
                17.3541030884,
                13.6111316681,
                10.0732049942,
                10.4795780182,
                11.3729047775,
                13.9291172028,
                14.0985946655,
                11.7060451508,
                5.90992498398,
                3.73337173462,
                3.5872926712,
                2.98754882812,
                2.36798334122,
                2.22471761703,
                1.89338755608,
                0.821191728115,
                0.321321070194,
                0.0879023596644,
                0.0130686955526,
                0.00131816184148,
                8.92872194527e-05
            ],
            "min": [
                4.71512790585e-22,
                3.81362614519e-21,
                1.709564545e-20,
                2.06247049047e-20,
                2.35256870897e-20,
                2.36378776608e-19,
                5.72328126982e-19,
                1.41701635324e-19,
                7.47089056538e-19,
                8.81630706953e-19,
                2.20738461095e-18,
                8.82431831376e-19,
                6.2768791326e-19,
                2.71798459152e-18,
                2.00604430036e-18,
                2.99439423103e-18,
                7.28349486555e-18,
                6.10580432665e-18,
                7.79682247419e-18,
                8.12440171319e-18,
                8.40277776782e-18,
                5.2021665829e-18,
                1.16692676847e-17,
                1.1991302332e-17,
                1.15201071679e-17,
                1.75346970476e-17,
                1.65902702007e-17,
                1.95132320092e-17,
                1.53043236399e-17,
                2.1279959103e-17,
                1.82320235389e-17,
                2.07343424992e-17,
                1.80831426092e-17,
                1.15497880626e-17,
                7.3368083104e-18,
                5.81619060981e-18,
                3.1737029996e-18,
                1.30791668467e-18,
                2.89122940241e-19,
                3.52887689336e-20
            ],
            "var": [
                0.249082684517,
                4.54174184799,
                3.58620643616,
                19.7353439331,
                48.7173805237,
                23.6908988953,
                35.5023880005,
                150.790100098,
                183.584854126,
                899.155212402,
                1487.8338623,
                3117.89233398,
                4893.66259766,
                5323.72900391,
                12840.1660156,
                15124.7880859,
                7197.02685547,
                5084.30371094,
                5327.71191406,
                4260.60009766,
                1880.89733887,
                883.493835449,
                517.168823242,
                386.37588501,
                967.977294922,
                1057.36901855,
                808.237121582,
                215.889373779,
                140.972167969,
                122.371322632,
                70.7856216431,
                33.195690155,
                22.8575191498,
                28.3616600037,
                13.7591543198,
                2.82085680962,
                0.181155949831,
                0.00446464912966,
                0.000106183579192,
                7.72457269704e-07
            ]
        },
        "erbbands_crest": {
            "dmean": 2.64947485924,
            "dmean2": 4.27872419357,
            "dvar": 6.57788896561,
            "dvar2": 16.4923534393,
            "max": 31.0863800049,
            "mean": 8.60480213165,
            "median": 7.51576423645,
            "min": 1.94988179207,
            "var": 19.39361763
        },
        "erbbands_flatness_db": {
            "dmean": 0.0170383173972,
            "dmean2": 0.0248622484505,
            "dvar": 0.000293500634143,
            "dvar2": 0.000598226964939,
            "max": 0.398675829172,
            "mean": 0.141633883119,
            "median": 0.135198056698,
            "min": 0.0357822328806,
            "var": 0.00252407463267
        },
        "erbbands_kurtosis": {
            "dmean": 0.907910823822,
            "dmean2": 1.41798889637,
            "dvar": 2.47891592979,
            "dvar2": 5.81774568558,
            "max": 45.3779640198,
            "mean": 0.527490794659,
            "median": -0.133400917053,
            "min": -1.89247345924,
            "var": 6.08379364014
        },
        "erbbands_skewness": {
            "dmean": 0.370132476091,
            "dmean2": 0.561781585217,
            "dvar": 0.148180499673,
            "dvar2": 0.345020383596,
            "max": 4.33375740051,
            "mean": 0.260143756866,
            "median": 0.248910695314,
            "min": -5.33126544952,
            "var": 0.603411138058
        },
        "erbbands_spread": {
            "dmean": 8.0809431076,
            "dmean2": 12.0486955643,
            "dvar": 95.0886917114,
            "dvar2": 199.735183716,
            "max": 204.120605469,
            "mean": 37.6798934937,
            "median": 33.7786369324,
            "min": 1.41832566261,
            "var": 389.143829346
        },
        "gfcc": {
            "cov": [
                [
                    16883.2734375,
                    -440.84161377,
                    295.823638916,
                    445.736846924,
                    -79.2409362793,
                    771.497070312,
                    299.371337891,
                    254.988052368,
                    165.254898071,
                    245.667221069,
                    -41.7303466797,
                    195.544128418,
                    -118.392410278
                ],
                [
                    -440.84161377,
                    1113.03198242,
                    -167.817459106,
                    69.4083786011,
                    112.589767456,
                    -128.81199646,
                    37.1226768494,
                    -21.1178150177,
                    -43.4394111633,
                    -17.0081100464,
                    48.2213973999,
                    -70.1457901001,
                    32.3299102783
                ],
                [
                    295.823638916,
                    -167.817459106,
                    1138.55358887,
                    287.947174072,
                    258.131896973,
                    272.368865967,
                    99.3871154785,
                    187.383209229,
                    159.684417725,
                    63.7490653992,
                    -15.9731750488,
                    79.3008117676,
                    -80.4872436523
                ],
                [
                    445.736846924,
                    69.4083786011,
                    287.947174072,
                    440.273376465,
                    207.801757812,
                    100.890991211,
                    123.239768982,
                    56.6182975769,
                    110.740371704,
                    32.6517791748,
                    9.91182613373,
                    27.9388866425,
                    -27.7773399353
                ],
                [
                    -79.2409362793,
                    112.589767456,
                    258.131896973,
                    207.801757812,
                    357.007568359,
                    154.771255493,
                    151.354675293,
                    72.0344467163,
                    96.4660949707,
                    26.2343673706,
                    12.9130544662,
                    29.4348888397,
                    -16.773021698
                ],
                [
                    771.497070312,
                    -128.81199646,
                    272.368865967,
                    100.890991211,
                    154.771255493,
                    432.793365479,
                    185.001159668,
                    105.538391113,
                    38.1401748657,
                    83.9625930786,
                    31.5494365692,
                    47.8280143738,
                    3.24587798119
                ],
                [
                    299.371337891,
                    37.1226768494,
                    99.3871154785,
                    123.239768982,
                    151.354675293,
                    185.001159668,
                    285.1300354,
                    99.2769622803,
                    79.9859313965,
                    41.1427345276,
                    40.1438026428,
                    25.3894462585,
                    -12.4247865677
                ],
                [
                    254.988052368,
                    -21.1178150177,
                    187.383209229,
                    56.6182975769,
                    72.0344467163,
                    105.538391113,
                    99.2769622803,
                    229.365951538,
                    93.3290710449,
                    62.300491333,
                    35.8858795166,
                    40.320526123,
                    33.565196991
                ],
                [
                    165.254898071,
                    -43.4394111633,
                    159.684417725,
                    110.740371704,
                    96.4660949707,
                    38.1401748657,
                    79.9859313965,
                    93.3290710449,
                    224.758590698,
                    37.1032371521,
                    21.9923343658,
                    46.8840408325,
                    -20.5681209564
                ],
                [
                    245.667221069,
                    -17.0081100464,
                    63.7490653992,
                    32.6517791748,
                    26.2343673706,
                    83.9625930786,
                    41.1427345276,
                    62.300491333,
                    37.1032371521,
                    142.983093262,
                    54.0419769287,
                    28.4796161652,
                    39.5896530151
                ],
                [
                    -41.7303466797,
                    48.2213973999,
                    -15.9731750488,
                    9.91182613373,
                    12.9130544662,
                    31.5494365692,
                    40.1438026428,
                    35.8858795166,
                    21.9923343658,
                    54.0419769287,
                    124.855659485,
                    37.3289413452,
                    26.1347789764
                ],
                [
                    195.544128418,
                    -70.1457901001,
                    79.3008117676,
                    27.9388866425,
                    29.4348888397,
                    47.8280143738,
                    25.3894462585,
                    40.320526123,
                    46.8840408325,
                    28.4796161652,
                    37.3289413452,
                    99.30834198,
                    18.4253807068
                ],
                [
                    -118.392410278,
                    32.3299102783,
                    -80.4872436523,
                    -27.7773399353,
                    -16.773021698,
                    3.24587798119,
                    -12.4247865677,
                    33.565196991,
                    -20.5681209564,
                    39.5896530151,
                    26.1347789764,
                    18.4253807068,
                    126.175102234
                ]
            ],
            "icov": [
                [
                    7.44139906601e-05,
                    -1.3983691133e-05,
                    5.12877340952e-05,
                    -0.000111283625301,
                    0.000147614773596,
                    -0.000162997093867,
                    2.03443396458e-05,
                    -6.58522258163e-05,
                    -5.47379568161e-06,
                    -9.76186565822e-05,
                    0.000144259640365,
                    -0.000160931056598,
                    0.000148319639266
                ],
                [
                    -1.3983691133e-05,
                    0.00118326907977,
                    9.31834656512e-05,
                    -0.000141254553455,
                    -0.000690820917953,
                    0.000607491820119,
                    -0.00023266338394,
                    -5.57819403184e-05,
                    0.000360135629307,
                    0.00011770803394,
                    -0.000758042617235,
                    0.000972168229055,
                    -0.000366677733837
                ],
                [
                    5.12877340952e-05,
                    9.31834656512e-05,
                    0.00164276792202,
                    -0.000682534766383,
                    -0.000478158210171,
                    -0.000791366852354,
                    0.000932962982915,
                    -0.00115134799853,
                    -9.73436108325e-05,
                    -0.000295724457828,
                    0.000616171280853,
                    -0.000751870044041,
                    0.00133594800718
                ],
                [
                    -0.000111283625301,
                    -0.000141254553455,
                    -0.000682534766383,
                    0.0037654961925,
                    -0.00149899965618,
                    0.000510234152898,
                    -0.000802320602816,
                    0.000712794426363,
                    -0.000792875129264,
                    -0.000235873143538,
                    -6.84124461259e-05,
                    0.000229702040087,
                    -0.000230276345974
                ],
                [
                    0.000147614773596,
                    -0.000690820917953,
                    -0.000478158210171,
                    -0.00149899965618,
                    0.0055892704986,
                    -0.00128539756406,
                    -0.00128497357946,
                    0.000245323666604,
                    -0.000979176256806,
                    0.000351246388163,
                    0.000696049246471,
                    -0.000674430397339,
                    -5.07378936163e-05
                ],
                [
                    -0.000162997093867,
                    0.000607491820119,
                    -0.000791366852354,
                    0.000510234152898,
                    -0.00128539756406,
                    0.00489322422072,
                    -0.00249293353409,
                    -7.63904536143e-05,
                    0.00143701047637,
                    -0.00143226387445,
                    -0.000192148974747,
                    -0.000176384797669,
                    -0.000473798078019
                ],
                [
                    2.03443396458e-05,
                    -0.00023266338394,
                    0.000932962982915,
                    -0.000802320602816,
                    -0.00128497357946,
                    -0.00249293353409,
                    0.00687041739002,
                    -0.00187398097478,
                    -0.000913968135137,
                    0.000410517706769,
                    -0.00103840627708,
                    0.000295412988635,
                    0.00145974382758
                ],
                [
                    -6.58522258163e-05,
                    -5.57819403184e-05,
                    -0.00115134799853,
                    0.000712794426363,
                    0.000245323666604,
                    -7.63904536143e-05,
                    -0.00187398097478,
                    0.00751034263521,
                    -0.00214775255881,
                    -0.000782826042268,
                    -0.000509832869284,
                    0.000151479063788,
                    -0.00279389158823
                ],
                [
                    -5.47379568161e-06,
                    0.000360135629307,
                    -9.73436108325e-05,
                    -0.000792875129264,
                    -0.000979176256806,
                    0.00143701047637,
                    -0.000913968135137,
                    -0.00214775255881,
                    0.00717284996063,
                    -0.0011441615643,
                    5.27548399987e-05,
                    -0.00214420305565,
                    0.00181060854811
                ],
                [
                    -9.76186565822e-05,
                    0.00011770803394,
                    -0.000295724457828,
                    -0.000235873143538,
                    0.000351246388163,
                    -0.00143226387445,
                    0.000410517706769,
                    -0.000782826042268,
                    -0.0011441615643,
                    0.0107241990045,
                    -0.00374364643358,
                    0.000790363934357,
                    -0.0029215272516
                ],
                [
                    0.000144259640365,
                    -0.000758042617235,
                    0.000616171280853,
                    -6.84124461259e-05,
                    0.000696049246471,
                    -0.000192148974747,
                    -0.00103840627708,
                    -0.000509832869284,
                    5.27548399987e-05,
                    -0.00374364643358,
                    0.0117551665753,
                    -0.0043445606716,
                    0.000221245994908
                ],
                [
                    -0.000160931056598,
                    0.000972168229055,
                    -0.000751870044041,
                    0.000229702040087,
                    -0.000674430397339,
                    -0.000176384797669,
                    0.000295412988635,
                    0.000151479063788,
                    -0.00214420305565,
                    0.000790363934357,
                    -0.0043445606716,
                    0.0146891046315,
                    -0.00276816054247
                ],
                [
                    0.000148319639266,
                    -0.000366677733837,
                    0.00133594800718,
                    -0.000230276345974,
                    -5.07378936163e-05,
                    -0.000473798078019,
                    0.00145974382758,
                    -0.00279389158823,
                    0.00181060854811,
                    -0.0029215272516,
                    0.000221245994908,
                    -0.00276816054247,
                    0.0114227887243
                ]
            ],
            "mean": [
                -0.992391586304,
                34.0213546753,
                -122.688529968,
                14.0135469437,
                -55.3550720215,
                16.9789047241,
                -30.631269455,
                15.3409013748,
                -26.0702781677,
                10.4777517319,
                -14.0402374268,
                0.667995393276,
                -5.07451581955
            ]
        },
        "hfc": {
            "dmean": 7.67100954056,
            "dmean2": 11.0583686829,
            "dvar": 108.466896057,
            "dvar2": 226.311904907,
            "max": 125.863265991,
            "mean": 29.0401248932,
            "median": 22.3777484894,
            "min": 1.16574365204e-16,
            "var": 621.273803711
        },
        "melbands": {
            "dmean": [
                0.000842262583319,
                0.000410525593907,
                0.00030484283343,
                0.000159140443429,
                8.71576412464e-05,
                0.000104274236946,
                8.76583362697e-05,
                9.73300411715e-05,
                0.000111983456009,
                0.000142382254126,
                0.000113230067655,
                9.28051886149e-05,
                0.000105348968646,
                9.78200332611e-05,
                6.12466828898e-05,
                5.17242770002e-05,
                4.1307444917e-05,
                3.51408052666e-05,
                3.4434342524e-05,
                2.47130919888e-05,
                1.83607007784e-05,
                1.25065698739e-05,
                8.50733977131e-06,
                1.05287090264e-05,
                6.65363995722e-06,
