{
    "lowlevel": {
        "average_loudness": 0.827305972576,
        "barkbands": {
            "dmean": [
                0.00268599041738,
                0.00970020703971,
                0.00355810415931,
                0.00201349565759,
                0.00292122573592,
                0.0010988448048,
                0.00107237952761,
                0.000663008133415,
                0.000503407674842,
                0.000290428783046,
                0.000157950722496,
                0.000294806726743,
                0.000295684672892,
                0.000216356536839,
                0.000239376196987,
                0.000121794764709,
                0.000210708298255,
                0.000119078533316,
                0.000163921315107,
                0.000119711730804,
                8.85736953933e-05,
                0.000120370190416,
                0.000104224331153,
                0.000117501353088,
                7.18709125067e-05,
                3.5363897041e-05,
                2.84347856905e-06
            ],
            "dmean2": [
                0.00419784476981,
                0.0134553974494,
                0.00585193792358,
                0.00338835641742,
                0.0047590569593,
                0.00169827742502,
                0.00164792593569,
                0.000976636074483,
                0.000695126946084,
                0.000409234751714,
                0.000234413542785,
                0.0004253203806,
                0.000405083555961,
                0.00031597452471,
                0.000352843402652,
                0.000179144204594,
                0.000322832725942,
                0.00017564141308,
                0.0002510859631,
                0.000180794027983,
                0.000135371941724,
                0.000188961988897,
                0.000167657621205,
                0.000182657895493,
                0.000120119853818,
                5.99172562943e-05,
                4.81112010675e-06
            ],
            "dvar": [
                6.50696383673e-05,
                0.000754255743232,
                7.71563354647e-05,
                2.75536040135e-05,
                4.02231780754e-05,
                6.89323906045e-06,
                4.59874354419e-06,
                2.72807028523e-06,
                1.51376070789e-06,
                7.71687098222e-07,
                2.70914995326e-07,
                7.29756152396e-07,
                5.90622221353e-07,
                2.53925207971e-07,
                3.14229509968e-07,
                7.80681475021e-08,
                2.37303268591e-07,
                7.67499059862e-08,
                1.24440504123e-07,
                6.7960378658e-08,
                6.17316118223e-08,
                6.52219469544e-08,
                3.63068721754e-08,
                4.82665925006e-08,
                1.61734394766e-08,
                3.73304187562e-09,
                6.5774045932e-11
            ],
            "dvar2": [
                0.000123969075503,
                0.00172849628143,
                0.000210566067835,
                7.8905672126e-05,
                9.81591656455e-05,
                1.50339183165e-05,
                1.02918993434e-05,
                5.72307453695e-06,
                2.8888439374e-06,
                1.44309194638e-06,
                5.22065761288e-07,
                1.54178212597e-06,
                1.17560784929e-06,
                5.33565923888e-07,
                6.69628548167e-07,
                1.62267440373e-07,
                5.77166645144e-07,
                1.71323421227e-07,
                2.82282314856e-07,
                1.53868910502e-07,
                1.34142226216e-07,
                1.45237024185e-07,
                8.57594173453e-08,
                1.06742007233e-07,
                4.17510825912e-08,
                9.84703696361e-09,
                1.77242276411e-10
            ],
            "max": [
                0.140633538365,
                0.300833523273,
                0.0947080552578,
                0.0648080781102,
                0.0819264724851,
                0.0325318686664,
                0.0386746525764,
                0.0250476747751,
                0.0211022272706,
                0.0232440698892,
                0.0153436372057,
                0.0235715024173,
                0.0139630110934,
                0.0100630745292,
                0.00912044662982,
                0.00759393535554,
                0.00907389447093,
                0.00554633140564,
                0.00636678142473,
                0.00577537016943,
                0.00572379352525,
                0.00479359086603,
                0.00233768415637,
                0.00260751065798,
                0.00176515080966,
                0.000775620981585,
                0.000263905909378
            ],
            "mean": [
                0.00896467082202,
                0.0330953486264,
                0.00742987310514,
                0.00351957324892,
                0.00481350952759,
                0.00183762842789,
                0.00188171770424,
                0.00104332354385,
                0.00104913266841,
                0.000529381097294,
                0.000230398509302,
                0.000466800876893,
                0.000427362450864,
                0.000313684664434,
                0.000392488902435,
                0.000194564825506,
                0.000324359571096,
                0.000167951395269,
                0.000240997411311,
                0.000175294277142,
                0.000105647093733,
                0.000155764006195,
                0.00013599570957,
                0.000181214127224,
                7.86371674621e-05,
                3.88693006244e-05,
                2.79978553408e-06
            ],
            "median": [
                0.00128016201779,
                0.0205572638661,
                0.00323559204116,
                0.00164373405278,
                0.00267075235024,
                0.000652110902593,
                0.000593732635025,
                0.0001176091464,
                0.00013181619579,
                9.44527710089e-05,
                1.7863478206e-05,
                6.71120360494e-05,
                6.25520478934e-05,
                5.29723110958e-05,
                5.02068869537e-05,
                5.08489392814e-05,
                9.93106805254e-05,
                4.45523037342e-05,
                7.24688288756e-05,
                4.58541180706e-05,
                1.07389996629e-05,
                3.55129086529e-05,
                2.67984542006e-05,
                5.59098771191e-05,
                2.58698455582e-05,
                1.41313839777e-05,
                6.07942411079e-07
            ],
            "min": [
                8.08390892424e-24,
                2.97620180144e-23,
                2.93249101869e-23,
                1.13062069291e-23,
                1.45044143841e-22,
                1.09196335311e-22,
                1.11341166071e-22,
                6.27315886457e-23,
                4.02318462128e-23,
                1.64460206908e-23,
                1.0776811842e-22,
                1.10074659354e-22,
                1.2826516074e-22,
                1.81959615653e-22,
                1.13974812913e-22,
                2.12800921604e-22,
                2.17531007322e-22,
                1.15910197947e-22,
                2.63919815081e-22,
                3.23063203635e-22,
                2.74000876848e-22,
                4.09903031566e-22,
                5.45508246417e-22,
                6.503590941e-22,
                1.00866153479e-21,
                1.87933233935e-21,
                2.58053855488e-21
            ],
            "var": [
                0.000191990970052,
                0.0018201522762,
                0.000104841070424,
                2.96676571452e-05,
                4.77278008475e-05,
                1.04122054836e-05,
                9.76730552793e-06,
                6.03899889029e-06,
                6.15398357695e-06,
                2.53840221376e-06,
                5.8926912061e-07,
                1.8046337118e-06,
                1.32000843678e-06,
                5.76969114263e-07,
                8.68103597895e-07,
                1.75057778051e-07,
                3.75974735789e-07,
                1.25462918277e-07,
                2.13678205796e-07,
                1.1958287871e-07,
                8.70321983371e-08,
                1.12626160842e-07,
                6.32998862216e-08,
                9.66130286884e-08,
                1.69659131188e-08,
                3.82183351633e-09,
                5.61529191201e-11
            ]
        },
        "barkbands_crest": {
            "dmean": 1.9379786253,
            "dmean2": 2.89685463905,
            "dvar": 4.80867195129,
            "dvar2": 10.396273613,
            "max": 26.464673996,
            "mean": 12.9702501297,
            "median": 12.5474338531,
            "min": 2.38417840004,
            "var": 21.1601924896
        },
        "barkbands_flatness_db": {
            "dmean": 0.0292482394725,
            "dmean2": 0.0400029793382,
            "dvar": 0.000978352385573,
            "dvar2": 0.00170221668668,
            "max": 0.848148465157,
            "mean": 0.205810680985,
            "median": 0.204579100013,
            "min": 0.0298851542175,
            "var": 0.00618768529966
        },
        "barkbands_kurtosis": {
            "dmean": 8.90933895111,
            "dmean2": 13.7721385956,
            "dvar": 253.318649292,
            "dvar2": 595.713684082,
            "max": 360.60647583,
            "mean": 18.0805397034,
            "median": 9.20640182495,
            "min": -1.95751535892,
            "var": 953.137573242
        },
        "barkbands_skewness": {
            "dmean": 0.785918533802,
            "dmean2": 1.17139446735,
            "dvar": 0.858745932579,
            "dvar2": 1.86331784725,
            "max": 13.0279693604,
            "mean": 2.64448213577,
            "median": 2.61885643005,
            "min": -17.4306430817,
            "var": 6.51550102234
        },
        "barkbands_spread": {
            "dmean": 4.77157688141,
            "dmean2": 7.17649030685,
            "dvar": 45.573802948,
            "dvar2": 99.2137298584,
            "max": 115.257225037,
            "mean": 15.2282276154,
            "median": 10.413690567,
            "min": 0.428110986948,
            "var": 216.800262451
        },
        "dissonance": {
            "dmean": 0.0248353779316,
            "dmean2": 0.0403351224959,
            "dvar": 0.000655243289657,
            "dvar2": 0.00171284913085,
            "max": 0.499888420105,
            "mean": 0.441977888346,
            "median": 0.452650308609,
            "min": 0.0803694874048,
            "var": 0.00193060282618
        },
        "dynamic_complexity": 3.70475196838,
        "erbbands": {
            "dmean": [
                0.541654467583,
                1.36679589748,
                3.37707328796,
                5.76586341858,
                7.78969573975,
                11.4942407608,
                10.3957233429,
                9.4360742569,
                15.3133220673,
                13.4821500778,
                13.5382442474,
                11.8342399597,
                8.70891189575,
                7.888859272,
                8.74993515015,
                9.59480476379,
                13.1832094193,
                10.2536535263,
                13.6249895096,
                8.5296459198,
                7.80136585236,
                11.3711700439,
                7.27621841431,
                6.03215885162,
                9.08237457275,
                5.60436153412,
                4.03436470032,
                3.27728223801,
                4.09129810333,
                3.78197717667,
                2.99435663223,
                2.86175823212,
                1.71862006187,
                0.827911138535,
                0.511836886406,
                0.210915401578,
                0.0589704811573,
                0.00791088026017,
                0.000505256175529,
                2.80538952211e-05
            ],
            "dmean2": [
                0.777759075165,
                2.08291149139,
                5.27823925018,
                9.71833896637,
                13.1475973129,
                19.063501358,
                16.6082248688,
                14.5535440445,
                23.5767326355,
                20.3380584717,
                19.6863899231,
                16.528459549,
                11.8498973846,
                11.0188188553,
                12.2864494324,
                13.5251512527,
                17.9394512177,
                14.6842384338,
                19.416021347,
                12.3730516434,
                11.0770969391,
                17.240278244,
                10.7673635483,
                8.91716194153,
                13.8618373871,
                8.48490810394,
                6.11874723434,
                5.11165142059,
                6.37176990509,
                5.99797439575,
                4.90555810928,
                4.4785528183,
                2.6842212677,
                1.33355200291,
                0.882801890373,
                0.359315276146,
                0.100595876575,
                0.0131742218509,
                0.00086268177256,
                4.60351257061e-05
            ],
            "dvar": [
                2.48519158363,
                17.427400589,
                73.8198776245,
                186.455169678,
                442.371337891,
                604.839599609,
                595.256286621,
                511.377960205,
                971.195861816,
                773.327941895,
                1177.33825684,
                931.92388916,
                590.07623291,
                506.165527344,
                575.3046875,
                714.436950684,
                1211.2322998,
                531.212280273,
                1016.831604,
                443.774841309,
                299.428863525,
                642.983032227,
                301.629821777,
                158.598876953,
                431.067016602,
                144.713760376,
                123.569732666,
                80.8903274536,
                88.4017562866,
                48.1126441956,
                30.8670902252,
                33.0223884583,
                10.1693601608,
                1.92531979084,
                0.964838385582,
                0.14310772717,
                0.0110037336126,
                0.000195348256966,
                2.18654463424e-06,
                1.02089918741e-08
            ],
            "dvar2": [
                5.19740200043,
                43.4830284119,
                186.864547729,
                532.829101563,
                1203.34643555,
                1549.66674805,
                1431.66723633,
                1137.29516602,
                2175.87255859,
                1782.43676758,
                2524.56884766,
                1892.36682129,
                1020.99884033,
                994.496032715,
                1144.9083252,
                1391.36706543,
                2345.55200195,
                1109.60009766,
                2010.01879883,
                946.472839355,
                619.948669434,
                1487.97131348,
                706.098083496,
                353.981048584,
                979.549255371,
                324.303833008,
                287.196899414,
                163.35748291,
                197.451553345,
                112.496086121,
                73.4255599976,
                71.989692688,
                24.1636161804,
                4.76321220398,
                2.54888391495,
                0.378909558058,
                0.028852218762,
                0.000497837725561,
                5.89443789067e-06,
                2.89684418675e-08
            ],
            "max": [
                15.9481239319,
                64.7883377075,
                107.578125,
                177.770767212,
                278.23928833,
                345.881317139,
                376.087005615,
                340.668945313,
                586.836120605,
                556.159118652,
                646.729431152,
                566.532653809,
                708.784118652,
                802.756408691,
                721.034301758,
                968.316467285,
                737.698120117,
                559.651733398,
                577.646484375,
                464.419525146,
                510.747711182,
                658.557922363,
                329.392852783,
                209.384689331,
                458.821289063,
                224.053009033,
                277.910064697,
                243.625,
                204.686538696,
                112.69808197,
                70.2719573975,
                88.2662963867,
                52.9931144714,
                23.1425685883,
                9.26288223267,
                3.89352655411,
                1.9232108593,
                0.210994780064,
                0.0486895404756,
                0.00487912772223
            ],
            "mean": [
                1.85947871208,
                3.90785574913,
                7.6883430481,
                11.4311666489,
                12.1211271286,
                17.0860671997,
                16.4326438904,
                16.7008800507,
                26.6700153351,
                23.2622699738,
                22.9441680908,
                22.7458705902,
                19.5959873199,
                14.6027698517,
                14.4132843018,
                15.8211603165,
                20.2494926453,
                16.5956707001,
                23.4399280548,
                13.9913835526,
                13.0333967209,
                18.345905304,
                10.7862224579,
                9.25108623505,
                13.2117700577,
                8.31126594543,
                4.88236236572,
                4.09626722336,
                5.26834535599,
                5.01323652267,
                3.81045722961,
                4.20159721375,
                2.58912801743,
                1.05856120586,
                0.484059661627,
                0.20738735795,
                0.0666695460677,
                0.00945458561182,
                0.000513714272529,
                9.23298066482e-05
            ],
            "median": [
                0.804014861584,
                2.34483838081,
                3.74201202393,
                7.64102363586,
                6.95850467682,
                8.15173530579,
                6.33660030365,
                5.9311747551,
                10.1169586182,
                8.38484191895,
                4.25827598572,
                4.00028705597,
                3.68991613388,
                3.42797899246,
                2.26256656647,
                2.68925189972,
                3.40440630913,
                3.13702487946,
                3.25656819344,
                2.4124686718,
                3.86985874176,
                5.91118717194,
                3.23986387253,
                3.02762794495,
                3.88880562782,
                2.18782925606,
                0.724657297134,
                0.421146571636,
                1.06976640224,
                1.25214350224,
                0.687921524048,
                1.0119086504,
                0.898423492908,
                0.385980784893,
                0.123453319073,
                0.0577602386475,
                0.0257516242564,
                0.00365046504885,
                0.00014784411178,
                8.67781054694e-05
            ],
            "min": [
                1.10139199536e-21,
                6.04566357214e-21,
                2.80628131392e-20,
                4.88906361207e-20,
                7.77985855079e-20,
                6.22023121931e-19,
                9.82867687762e-19,
                9.7468532054e-19,
                1.09467107372e-18,
                1.86652622799e-18,
                1.43357110658e-18,
                9.31972815635e-19,
                4.39014477885e-19,
                1.6726267172e-18,
                5.28949534889e-18,
                4.43425842432e-18,
                6.19444748263e-18,
                9.96400838212e-18,
                5.3030110665e-18,
                8.67345938839e-18,
                1.34883528298e-17,
                1.02958219587e-17,
                7.25630461164e-18,
                1.07689609973e-17,
                1.68872644365e-17,
                1.28443786608e-17,
                1.28531260958e-17,
                1.01942574143e-17,
                1.14750225158e-17,
                1.59488462296e-17,
                1.58113142179e-17,
                1.44369139254e-17,
                1.09340679019e-17,
                9.24967588463e-18,
                8.79565878028e-18,
                6.27435064826e-18,
                3.54651040654e-18,
                1.28582165653e-18,
                3.63920669583e-19,
                4.01486941393e-20
            ],
            "var": [
                5.8556227684,
                35.9464836121,
                115.464942932,
                225.489624023,
                403.741210938,
                683.102172852,
                785.771118164,
                871.342468262,
                1966.21887207,
                1490.17285156,
                2604.41992188,
                2683.94140625,
                2787.93261719,
                1503.97570801,
                1372.86169434,
                1969.34753418,
                2757.09887695,
                1214.00927734,
                3318.13598633,
                980.798461914,
                652.026428223,
                1175.2322998,
                475.275299072,
                279.026947021,
                700.620056152,
                261.24887085,
                162.389785767,
                128.839141846,
                152.525375366,
                80.3768386841,
                52.4179878235,
                64.4258270264,
                18.234872818,
                2.69705533981,
                0.82286387682,
                0.131110355258,
                0.0116550344974,
                0.000253983249422,
                1.80939412076e-06,
                1.07774820179e-08
            ]
        },
        "erbbands_crest": {
            "dmean": 2.77015161514,
            "dmean2": 4.35070371628,
            "dvar": 6.38742351532,
            "dvar2": 14.9001054764,
            "max": 29.9719314575,
            "mean": 10.3998708725,
            "median": 9.3739528656,
            "min": 2.46667051315,
            "var": 21.5511379242
        },
        "erbbands_flatness_db": {
            "dmean": 0.0225675590336,
            "dmean2": 0.0338189080358,
            "dvar": 0.000527211930603,
            "dvar2": 0.00114499719348,
            "max": 0.533888220787,
            "mean": 0.165051057935,
            "median": 0.156579554081,
            "min": 0.0442267432809,
            "var": 0.00318321608938
        },
        "erbbands_kurtosis": {
            "dmean": 1.59074890614,
            "dmean2": 2.46408510208,
            "dvar": 5.97456407547,
            "dvar2": 13.4441919327,
            "max": 71.402923584,
            "mean": 1.46870076656,
            "median": 0.270076930523,
            "min": -1.88571536541,
            "var": 14.1089582443
        },
        "erbbands_skewness": {
            "dmean": 0.509275197983,
            "dmean2": 0.740974903107,
            "dvar": 0.249946057796,
            "dvar2": 0.495819985867,
            "max": 6.87892913818,
            "mean": 0.551181018353,
            "median": 0.504883408546,
            "min": -3.37825417519,
            "var": 1.16726624966
        },
        "erbbands_spread": {
            "dmean": 13.10663414,
            "dmean2": 20.0177097321,
            "dvar": 279.74420166,
            "dvar2": 636.169067383,
            "max": 184.413986206,
            "mean": 44.2652854919,
            "median": 37.3509750366,
            "min": 1.60677301884,
            "var": 821.028808594
        },
        "gfcc": {
            "cov": [
                [
                    23390.375,
                    -314.625518799,
                    -134.170654297,
                    1894.64929199,
                    -792.824157715,
                    1619.29296875,
                    -530.875427246,
                    1261.31469727,
                    -104.66355896,
                    552.264587402,
                    -382.303253174,
                    136.870315552,
                    -363.893676758
                ],
                [
                    -314.625518799,
                    2761.50830078,
                    237.935501099,
                    -247.848419189,
                    671.404296875,
                    -53.8168334961,
                    374.832427979,
                    -73.0860366821,
                    122.543312073,
                    -112.250236511,
                    164.696365356,
                    -106.66709137,
                    123.813949585
                ],
                [
                    -134.170654297,
                    237.935501099,
                    1767.94470215,
                    631.56060791,
                    281.020568848,
                    414.536621094,
                    304.570098877,
                    153.134353638,
                    243.274047852,
                    106.708267212,
                    118.046257019,
                    114.673080444,
                    61.7489547729
                ],
                [
                    1894.64929199,
                    -247.848419189,
                    631.56060791,
                    1179.19140625,
                    148.603668213,
                    271.00213623,
                    107.263565063,
                    176.130737305,
                    170.871490479,
                    117.842597961,
                    73.3923339844,
                    38.2560844421,
                    49.591129303
                ],
                [
                    -792.824157715,
                    671.404296875,
                    281.020568848,
                    148.603668213,
                    698.12902832,
                    134.375396729,
                    216.406402588,
                    89.3966369629,
                    202.740829468,
                    31.5449523926,
                    63.2783241272,
                    -41.6559829712,
                    79.4314956665
                ],
                [
                    1619.29296875,
                    -53.8168334961,
                    414.536621094,
                    271.00213623,
                    134.375396729,
                    611.013061523,
                    193.471954346,
                    158.563415527,
                    136.055358887,
                    114.67816925,
                    5.00597667694,
                    49.5163955688,
                    -4.52022266388
                ],
                [
                    -530.875427246,
                    374.832427979,
                    304.570098877,
                    107.263565063,
                    216.406402588,
                    193.471954346,
                    439.927642822,
                    44.6267776489,
                    47.6094932556,
                    7.57439184189,
                    72.8452377319,
                    32.8888015747,
                    41.2656517029
                ],
                [
                    1261.31469727,
                    -73.0860366821,
                    153.134353638,
                    176.130737305,
                    89.3966369629,
                    158.563415527,
                    44.6267776489,
                    270.919128418,
                    83.2518234253,
                    44.3492965698,
                    -12.3132858276,
                    8.08352661133,
                    -3.73831725121
                ],
                [
                    -104.66355896,
                    122.543312073,
                    243.274047852,
                    170.871490479,
                    202.740829468,
                    136.055358887,
                    47.6094932556,
                    83.2518234253,
                    251.618789673,
                    64.7432632446,
                    22.1128921509,
                    0.0394175797701,
                    31.4409713745
                ],
                [
                    552.264587402,
                    -112.250236511,
                    106.708267212,
                    117.842597961,
                    31.5449523926,
                    114.67816925,
                    7.57439184189,
                    44.3492965698,
                    64.7432632446,
                    151.653747559,
                    6.71184825897,
                    2.87641882896,
                    -9.06552696228
                ],
                [
                    -382.303253174,
                    164.696365356,
                    118.046257019,
                    73.3923339844,
                    63.2783241272,
                    5.00597667694,
                    72.8452377319,
                    -12.3132858276,
                    22.1128921509,
                    6.71184825897,
                    144.606948853,
                    21.6269111633,
                    18.4955711365
                ],
                [
                    136.870315552,
                    -106.66709137,
                    114.673080444,
                    38.2560844421,
                    -41.6559829712,
                    49.5163955688,
                    32.8888015747,
                    8.08352661133,
                    0.0394175797701,
                    2.87641882896,
                    21.6269111633,
                    127.480102539,
                    6.13703489304
                ],
                [
                    -363.893676758,
                    123.813949585,
                    61.7489547729,
                    49.591129303,
                    79.4314956665,
                    -4.52022266388,
                    41.2656517029,
                    -3.73831725121,
                    31.4409713745,
                    -9.06552696228,
                    18.4955711365,
                    6.13703489304,
                    103.236854553
                ]
            ],
            "icov": [
                [
                    0.000216861837544,
                    -0.000337154866429,
                    0.000206300494028,
                    -0.000429594743764,
                    0.000381539372029,
                    -0.000585275702178,
                    0.000528738950379,
                    -0.000866772315931,
                    0.000578304519877,
                    -0.000495680083986,
                    0.000460135168396,
                    -0.000387871667044,
                    0.000410777603975
                ],
                [
                    -0.000337154866429,
                    0.00113916024566,
                    -0.000392136571463,
                    0.000872946518939,
                    -0.00104560446925,
                    0.000980139360763,
                    -0.00111159449443,
                    0.00149764691014,
                    -0.000970640801825,
                    0.00115650251973,
                    -0.00115934363566,
                    0.00108734145761,
                    -0.00085321511142
                ],
                [
                    0.000206300494028,
                    -0.000392136571463,
                    0.00109850778244,
                    -0.00073225190863,
                    0.000372526556021,
                    -0.000806553696748,
                    0.000246227136813,
                    -0.00081659614807,
                    0.000137682887726,
                    -0.000515812716912,
                    0.000234652674408,
                    -0.000940716825426,
                    0.000368894718122
                ],
                [
                    -0.000429594743764,
                    0.000872946518939,
                    -0.00073225190863,
                    0.00212161801755,
                    -0.000825143244583,
                    0.00103309273254,
                    -0.00102727685589,
                    0.00129300088156,
                    -0.00134350568987,
                    0.000679997203406,
                    -0.00146461918484,
                    0.00102358148433,
                    -0.00133438268676
                ],
                [
                    0.000381539372029,
                    -0.00104560446925,
                    0.000372526556021,
                    -0.000825143244583,
                    0.00343624153174,
                    -0.00101983430795,
                    0.00021285940602,
                    -0.00195318670012,
                    -0.000536766950972,
                    -0.000978990108706,
                    0.000697242852766,
                    0.000125962076709,
                    -0.000126812970848
                ],
                [
                    -0.000585275702178,
                    0.000980139360763,
                    -0.000806553696748,
                    0.00103309273254,
                    -0.00101983430795,
                    0.00440242188051,
                    -0.00249671540223,
                    0.00154822738841,
                    -0.00215422478504,
                    8.12443831819e-05,
                    -0.000529277313035,
                    0.000478984467918,
                    -0.000491307291668
                ],
                [
                    0.000528738950379,
                    -0.00111159449443,
                    0.000246227136813,
                    -0.00102727685589,
                    0.00021285940602,
                    -0.00249671540223,
                    0.00496063614264,
                    -0.00217669992708,
                    0.00231986772269,
                    -0.000828676449601,
                    0.000144586651004,
                    -0.00154381641187,
                    0.000494878157042
                ],
                [
                    -0.000866772315931,
                    0.00149764691014,
                    -0.00081659614807,
                    0.00129300088156,
                    -0.00195318670012,
                    0.00154822738841,
                    -0.00217669992708,
                    0.00835990160704,
                    -0.00309099094011,
                    0.00201290263794,
                    -0.00109434162732,
                    0.00151227787137,
                    -0.00101640843786
                ],
                [
                    0.000578304519877,
                    -0.000970640801825,
                    0.000137682887726,
                    -0.00134350568987,
                    -0.000536766950972,
                    -0.00215422478504,
                    0.00231986772269,
                    -0.00309099094011,
                    0.00828361790627,
                    -0.0029056915082,
                    0.00108549976721,
                    -0.00102246622555,
                    0.000133367444505
                ],
                [
                    -0.000495680083986,
                    0.00115650251973,
                    -0.000515812716912,
                    0.000679997203406,
                    -0.000978990108706,
                    8.12443831819e-05,
                    -0.000828676449601,
                    0.00201290263794,
                    -0.0029056915082,
                    0.00997423101217,
                    -0.00179088430014,
                    0.00157433073036,
                    -3.34331571139e-06
                ],
                [
                    0.000460135168396,
                    -0.00115934363566,
                    0.000234652674408,
                    -0.00146461918484,
                    0.000697242852766,
                    -0.000529277313035,
                    0.000144586651004,
                    -0.00109434162732,
                    0.00108549976721,
                    -0.00179088430014,
                    0.0097237220034,
                    -0.0024197595194,
                    0.000832383870147
                ],
                [
                    -0.000387871667044,
                    0.00108734145761,
                    -0.000940716825426,
                    0.00102358148433,
                    0.000125962076709,
                    0.000478984467918,
                    -0.00154381641187,
                    0.00151227787137,
                    -0.00102246622555,
                    0.00157433073036,
                    -0.0024197595194,
                    0.0103259989992,
                    -0.00173505244311
                ],
                [
                    0.000410777603975,
                    -0.00085321511142,
                    0.000368894718122,
                    -0.00133438268676,
                    -0.000126812970848,
                    -0.000491307291668,
                    0.000494878157042,
                    -0.00101640843786,
                    0.000133367444505,
                    -3.34331571139e-06,
                    0.000832383870147,
                    -0.00173505244311,
                    0.0123325549066
                ]
            ],
            "mean": [
                -38.669002533,
                93.1328277588,
                -84.9415664673,
                31.1204395294,
                -51.1264457703,
                7.58367538452,
                -44.3353462219,
                9.46629428864,
                -21.7942371368,
                -0.622749269009,
                -9.77056884766,
                -0.497837096453,
                -14.0185127258
            ]
        },
        "hfc": {
            "dmean": 5.93586444855,
            "dmean2": 8.69679641724,
            "dvar": 69.6464004517,
            "dvar2": 140.715377808,
            "max": 100.810752869,
            "mean": 18.8345737457,
            "median": 17.3556594849,
            "min": 1.17655801284e-16,
            "var": 201.517333984
        },
        "melbands": {
            "dmean": [
                0.00365746323951,
                0.00149055547081,
                0.00101452879608,
                0.000659452751279,
                0.00039658031892,
                0.000206361917662,
                0.000232028294704,
                0.000150581210619,
                0.000106010687887,
                7.14183988748e-05,
                4.52939857496e-05,
                3.55870834028e-05,
                2.62459252554e-05,
                3.59755322279e-05,
                2.30188525165e-05,
                3.10096584144e-05,
                1.92310435523e-05,
                2.37945696426e-05,
                1.3565271729e-05,
                8.91209401743e-06,
                9.79361084319e-06,
                1.33402509164e-05,
                8.93941160029e-06,
                5.45826469533e-06,
                4.9633395065e-06,
                7.31879072191e-06,
                5.53834661332e-06,
                3.73768057216e-06,
