{
    "lowlevel": {
        "average_loudness": 0.763618588448,
        "barkbands": {
            "dmean": [
                0.00291826250032,
                0.0094578685239,
                0.00389509974048,
                0.00258009065874,
                0.00226145796478,
                0.000634998781607,
                0.0010698774131,
                0.000491993152536,
                0.000532931298949,
                0.0004455660237,
                0.000314922945108,
                0.000464723678306,
                0.00028406715137,
                0.000323718501022,
                0.00142333644908,
                0.000234491337324,
                0.000164470620803,
                0.000231798228924,
                0.000138185176183,
                0.000104844773887,
                9.15705968509e-05,
                0.000106456354843,
                9.68217937043e-05,
                6.58999633742e-05,
                3.41468839906e-05,
                1.12326652015e-05,
                2.35979086938e-06
            ],
            "dmean2": [
                0.00488053122535,
                0.0145639106631,
                0.00705702742562,
                0.00491574220359,
                0.00418683327734,
                0.0010757377604,
                0.00188198918477,
                0.000794818450231,
                0.000800988578703,
                0.000699384021573,
                0.000474618806038,
                0.000672093592584,
                0.00041376898298,
                0.000500940484926,
                0.00265358225442,
                0.000375535397325,
                0.000232373437029,
                0.000329377566231,
                0.00020018457144,
                0.000152905515279,
                0.00012963367044,
                0.000159427581821,
                0.000152325534145,
                9.78826647042e-05,
                5.01665163029e-05,
                1.70016428456e-05,
                3.52455617758e-06
            ],
            "dvar": [
                2.90960015263e-05,
                0.000568568357266,
                0.000209948266274,
                0.000116449431516,
                6.22909792583e-05,
                1.9730148324e-06,
                6.17605974185e-06,
                1.41333930515e-06,
                1.60955175943e-06,
                1.24974610571e-06,
                8.47424132644e-07,
                2.32402567235e-06,
                5.91027685459e-07,
                6.66696166718e-07,
                4.42774435214e-05,
                7.08300774477e-07,
                1.21780900031e-07,
                3.054489639e-07,
                1.46038857451e-07,
                8.27758057653e-08,
                7.08031322461e-08,
                9.44054718843e-08,
                4.56050379682e-08,
                2.56469494531e-08,
                9.41021305323e-09,
                6.29193863677e-10,
                4.37767218309e-11
            ],
            "dvar2": [
                7.07112776581e-05,
                0.00134572235402,
                0.000588122522458,
                0.000338134675985,
                0.000181088107638,
                5.34899527338e-06,
                1.71781048266e-05,
                3.33921411766e-06,
                3.25262476508e-06,
                2.74573062597e-06,
                1.78273364781e-06,
                4.25981988883e-06,
                1.25300948639e-06,
                1.43369345551e-06,
                0.000128756437334,
                1.87776095117e-06,
                2.48203747333e-07,
                5.51716425434e-07,
                2.72379764965e-07,
                1.43544966136e-07,
                1.47929611671e-07,
                1.86191385865e-07,
                9.54699643785e-08,
                4.32851230414e-08,
                1.69798362037e-08,
                1.33848621076e-09,
                9.57447870986e-11
            ],
            "max": [
                0.0900604724884,
                0.243247419596,
                0.128542646766,
                0.0929614156485,
                0.0659692585468,
                0.021380443126,
                0.0273682363331,
                0.0243718679994,
                0.0242087002844,
                0.0197693090886,
                0.0235465597361,
                0.024398939684,
                0.0164495203644,
                0.0126633103937,
                0.0642645061016,
                0.0119437957183,
                0.00621318910271,
                0.00597780523822,
                0.00457994639874,
                0.00424620416015,
                0.00394054781646,
                0.00377051974647,
                0.00390381249599,
                0.00402736337855,
                0.00283612613566,
                0.000446451478638,
                7.11983448127e-05
            ],
            "mean": [
                0.00911642517895,
                0.0187896154821,
                0.00276709161699,
                0.00152272579726,
                0.00195525051095,
                0.000930073088966,
                0.00109048525337,
                0.00058590847766,
                0.000750088132918,
                0.000606250774581,
                0.000426849583164,
                0.000548393989448,
                0.000376428419258,
                0.000386609579436,
                0.000932433642447,
                0.000240389548708,
                0.000246627634624,
                0.000305585184833,
                0.000167252073879,
                0.00014125292364,
                0.000109382701339,
                0.000120580931252,
                0.000101244026155,
                7.64302822063e-05,
                3.72565700673e-05,
                1.12205061669e-05,
                2.24851487474e-06
            ],
            "median": [
                0.00292926095426,
                0.00497930170968,
                0.000315541808959,
                4.92262370244e-05,
                0.000509544159286,
                0.000533555692527,
                0.000275393191259,
                5.0403559726e-05,
                8.47133778734e-05,
                6.2638297095e-05,
                3.02156040561e-05,
                2.87006587314e-05,
                2.15357140405e-05,
                1.87094701687e-05,
                1.96665168914e-05,
                2.28768385568e-05,
                3.04607747239e-05,
                3.37758829119e-05,
                2.22848757403e-05,
                1.75772947841e-05,
                1.35114842124e-05,
                1.44898731378e-05,
                1.85213666555e-05,
                1.30706484924e-05,
                3.66001722796e-06,
                9.1349579634e-07,
                8.79491892647e-08
            ],
            "min": [
                2.97966746462e-24,
                9.55027986246e-24,
                3.76202007015e-24,
                5.4157498121e-24,
                2.65878910119e-23,
                1.5966276509e-23,
                1.63789580475e-23,
                2.58694375202e-23,
                6.48435144394e-23,
                2.90451580218e-23,
                4.20744296499e-23,
                5.65129160883e-23,
                6.20564751721e-23,
                6.78057502474e-23,
                9.52459865347e-23,
                8.23138110621e-23,
                1.42802024444e-22,
                1.78833656497e-22,
                1.99050848834e-22,
                1.99268650174e-22,
                2.67765215383e-22,
                4.60834113039e-22,
                5.10894897919e-22,
                8.29712237592e-22,
                1.15303080497e-21,
                1.44712754104e-21,
                2.02026364011e-21
            ],
            "var": [
                0.00015379760589,
                0.000945455394685,
                0.000129435982672,
                6.37323901174e-05,
                3.59920340998e-05,
                1.85727458302e-06,
                4.89594049213e-06,
                2.08341066354e-06,
                3.39169309882e-06,
                2.58069871961e-06,
                1.67748657987e-06,
                3.41344571098e-06,
                1.15307102533e-06,
                1.02518765743e-06,
                2.48234264291e-05,
                5.59558486657e-07,
                2.47405921527e-07,
                4.80889070786e-07,
                2.0258595157e-07,
                1.37304070336e-07,
                9.13856368356e-08,
                1.23367001947e-07,
                5.9395535601e-08,
                4.93354122e-08,
                1.63175268852e-08,
                8.6291701562e-10,
                5.16727459432e-11
            ]
        },
        "barkbands_crest": {
            "dmean": 2.81960821152,
            "dmean2": 4.41671848297,
            "dvar": 8.38274478912,
            "dvar2": 19.36328125,
            "max": 26.56549263,
            "mean": 12.2847528458,
            "median": 12.0905675888,
            "min": 1.91371428967,
            "var": 20.4598960876
        },
        "barkbands_flatness_db": {
            "dmean": 0.0431251525879,
            "dmean2": 0.0591697134078,
            "dvar": 0.00193710031454,
            "dvar2": 0.00335144950077,
            "max": 0.700101435184,
            "mean": 0.22568641603,
            "median": 0.209516793489,
            "min": 0.0220686364919,
            "var": 0.0123125072569
        },
        "barkbands_kurtosis": {
            "dmean": 14.4889059067,
            "dmean2": 23.0911808014,
            "dvar": 1057.61254883,
            "dvar2": 2744.79101562,
            "max": 738.089294434,
            "mean": 19.8610973358,
            "median": 6.74451065063,
            "min": -1.94063639641,
            "var": 1436.13232422
        },
        "barkbands_skewness": {
            "dmean": 1.21043777466,
            "dmean2": 1.84066689014,
            "dvar": 2.11242675781,
            "dvar2": 4.75541687012,
            "max": 22.3745689392,
            "mean": 2.68871951103,
            "median": 2.22433710098,
            "min": -8.19214916229,
            "var": 6.25244092941
        },
        "barkbands_spread": {
            "dmean": 7.74099683762,
            "dmean2": 11.6648073196,
            "dvar": 126.493217468,
            "dvar2": 263.20715332,
            "max": 117.141921997,
            "mean": 16.3255405426,
            "median": 10.7283773422,
            "min": 0.0471722446382,
            "var": 262.932098389
        },
        "dissonance": {
            "dmean": 0.033671669662,
            "dmean2": 0.0557970292866,
            "dvar": 0.00129041064065,
            "dvar2": 0.00336275575683,
            "max": 0.500000178814,
            "mean": 0.438056379557,
            "median": 0.454253673553,
            "min": 0.074046432972,
            "var": 0.00315716816112
        },
        "dynamic_complexity": 5.71651363373,
        "erbbands": {
            "dmean": [
                0.38642603159,
                1.87172842026,
                4.1261100769,
                7.24692440033,
                8.24460601807,
                7.19257307053,
                5.40184259415,
                5.73387479782,
                12.101392746,
                15.5102548599,
                9.65396022797,
                12.2672996521,
                13.8692016602,
                12.3695249557,
                12.3888568878,
                20.3202037811,
                13.7663431168,
                14.9315862656,
                72.5270690918,
                27.1269893646,
                12.5854730606,
                9.22537136078,
                13.0216722488,
                7.22004985809,
                6.80594205856,
                5.08492565155,
                4.10876369476,
                3.90920758247,
                3.52398705482,
                2.82619690895,
                2.85809516907,
                1.82551074028,
                0.884012699127,
                0.454693883657,
                0.202499657869,
                0.0660039931536,
                0.0180090647191,
                0.00409239577129,
                0.000356496195309,
                3.11884869006e-05
            ],
            "dmean2": [
                0.614598572254,
                2.87423992157,
                7.18079328537,
                13.5783119202,
                15.6620407104,
                13.1046190262,
                9.30361366272,
                9.86304759979,
                21.5020561218,
                26.533367157,
                15.2316732407,
                18.2701206207,
                21.3172245026,
                19.0113773346,
                18.7600002289,
                29.999004364,
                20.0016479492,
                22.5171489716,
                134.049209595,
                48.0259666443,
                19.7465610504,
                12.6903791428,
                18.4604949951,
                10.5482082367,
                9.8511505127,
                7.31749296188,
                5.86101150513,
                5.62969398499,
                5.25627946854,
                4.28138065338,
                4.50919294357,
                2.70475554466,
                1.33348608017,
                0.667150139809,
                0.305572062731,
                0.0988075211644,
                0.0274614151567,
                0.00620891200379,
                0.000532801845111,
                4.70434679301e-05
            ],
            "dvar": [
                0.860902547836,
                29.1517295837,
                212.664703369,
                862.692810059,
                1091.56481934,
                533.124389648,
                194.858474731,
                160.300506592,
                694.912414551,
                1533.42565918,
                562.284484863,
                893.195495605,
                1546.57727051,
                957.112854004,
                1182.61877441,
                5421.75878906,
                1264.93078613,
                1517.90551758,
                112830.054688,
                10268.7431641,
                2190.69042969,
                401.287475586,
                1003.85900879,
                332.223358154,
                398.813446045,
                198.618209839,
                155.629776001,
                119.099983215,
                105.824935913,
                66.1302871704,
                40.8645439148,
                17.9443244934,
                6.05016374588,
                1.86183285713,
                0.265178829432,
                0.0222259890288,
                0.00163578207139,
                0.00011707462545,
                8.95622349617e-07,
                3.58118668053e-09
            ],
            "dvar2": [
                2.17372608185,
                66.8263168335,
                577.676757812,
                2481.24023438,
                3188.65527344,
                1541.3293457,
                541.010375977,
                431.622650146,
                1944.09509277,
                4177.12109375,
                1281.7298584,
                1685.52331543,
                3336.54760742,
                2122.09375,
                2477.55786133,
                11108.6162109,
                2649.30615234,
                3231.10449219,
                327402.9375,
                29239.2753906,
                5765.60839844,
                769.488708496,
                1929.15710449,
                581.872497559,
                725.074890137,
                345.819519043,
                336.972869873,
                245.730117798,
                202.50378418,
                139.446578979,
                88.1931304932,
                32.0135383606,
                12.140868187,
                3.15094828606,
                0.536985099316,
                0.0450221262872,
                0.00345564773306,
                0.000260485860053,
                1.98165321308e-06,
                7.79802622475e-09
            ],
            "max": [
                10.0302429199,
                50.5848312378,
                123.880531311,
                246.453048706,
                273.423126221,
                246.053359985,
                116.962539673,
                221.738922119,
                283.995422363,
                475.925506592,
                502.663452148,
                594.950012207,
                789.227966309,
                605.71697998,
                1026.37878418,
                1137.4185791,
                715.45111084,
                699.070373535,
                3267.67504883,
                1021.49963379,
                680.178283691,
                353.806304932,
                340.430786133,
                201.791549683,
                240.497390747,
                208.279953003,
                180.406784058,
                150.541778564,
                158.442337036,
                142.71887207,
                86.8534927368,
                116.857032776,
                59.2434997559,
                43.2278823853,
                10.8629360199,
                2.58425164223,
                1.05248343945,
                0.151567935944,
                0.00952094886452,
                0.000547585252207
            ],
            "mean": [
                1.10226225853,
                2.10544800758,
                3.20746469498,
                4.55809879303,
                5.40644359589,
                6.86578321457,
                6.9983291626,
                7.67303562164,
                13.1464757919,
                16.2608547211,
                13.1664762497,
                18.1091194153,
                19.5181179047,
                17.2943840027,
                17.4717159271,
                23.4516773224,
                18.4509868622,
                19.0746040344,
                48.404548645,
                23.2403068542,
                14.4525909424,
                14.4522256851,
                17.5668029785,
                9.68974685669,
                8.16765880585,
                6.7818813324,
                4.85401296616,
                4.70158004761,
                4.12730026245,
                3.15523195267,
                2.92341256142,
                1.99776482582,
                1.01667177677,
                0.505467176437,
                0.212925165892,
                0.0679031386971,
                0.0176363494247,
                0.00381965911947,
                0.000362393329851,
                6.23317610007e-05
            ],
            "median": [
                0.338093757629,
                0.330543339252,
                0.406395465136,
                0.276684522629,
                0.450840592384,
                1.76761162281,
                3.1056728363,
                4.39309263229,
                5.1423740387,
                2.8790037632,
                1.63633799553,
                2.16651153564,
                2.37838363647,
                2.00676488876,
                1.5242266655,
                1.31824111938,
                1.13334417343,
                1.03931748867,
                1.29654550552,
                1.22460365295,
                1.48015022278,
                2.00012111664,
                2.13498401642,
                1.51805603504,
                1.09916615486,
                0.84007537365,
                0.630404949188,
                0.507103323936,
                0.505504012108,
                0.587447404861,
                0.481273829937,
                0.340714931488,
                0.164999261498,
                0.0567028746009,
                0.0185269452631,
                0.0060801897198,
                0.00132313347422,
                0.000205920412554,
                4.46254198323e-05,
                3.55077027052e-05
            ],
            "min": [
                2.9924460252e-22,
                1.45166198925e-21,
                6.04048359589e-21,
                1.67352693528e-20,
                3.98572486826e-20,
                8.22377730498e-20,
                7.93920972592e-20,
                2.08607880677e-19,
                2.86746553739e-19,
                4.13931259785e-19,
                8.09685122212e-19,
                1.53031608307e-18,
                1.03143849256e-18,
                1.26003099221e-18,
                1.90334486423e-18,
                2.31208996007e-18,
                3.25737666125e-18,
                2.82577966702e-18,
                4.05046357729e-18,
                5.68093086323e-18,
                6.19558444238e-18,
                8.11197911475e-18,
                1.07493262111e-17,
                7.70876248054e-18,
                1.31533810776e-17,
                8.54722500947e-18,
                8.74655154885e-18,
                1.08178333094e-17,
                1.51901975308e-17,
                1.31658979747e-17,
                1.54309368675e-17,
                1.27835477986e-17,
                1.42140962838e-17,
                1.07203525557e-17,
                9.31811267261e-18,
                4.54714831201e-18,
                3.05067642709e-18,
                1.03300051975e-18,
                2.63511696567e-19,
                2.99887093251e-20
            ],
            "var": [
                2.354834795,
                31.6663208008,
                145.178512573,
                487.891662598,
                596.58581543,
                331.069061279,
                150.329437256,
                147.336425781,
                545.583068848,
                1304.81604004,
                994.926025391,
                2142.32202148,
                2959.54589844,
                1792.40661621,
                2414.93823242,
                6609.69970703,
                2521.49414062,
                2340.69946289,
                63746.8242188,
                6983.16943359,
                1802.59509277,
                781.144042969,
                1504.25378418,
                513.870117188,
                549.563598633,
                322.140228271,
                191.496704102,
                163.01512146,
                143.777770996,
                77.5594100952,
                52.3584365845,
                31.6666126251,
                10.1053800583,
                3.46660995483,
                0.412566065788,
                0.0333792306483,
                0.00217819889076,
                0.000130980231916,
                1.09317352326e-06,
                6.10419004232e-09
            ]
        },
        "erbbands_crest": {
            "dmean": 3.6494204998,
            "dmean2": 5.95811700821,
            "dvar": 14.0072841644,
            "dvar2": 35.2791290283,
            "max": 31.1720695496,
            "mean": 10.7847614288,
            "median": 9.69111919403,
            "min": 2.76335549355,
            "var": 24.3819446564
        },
        "erbbands_flatness_db": {
            "dmean": 0.0310629401356,
            "dmean2": 0.045330028981,
            "dvar": 0.000960295845289,
            "dvar2": 0.00175497098826,
            "max": 0.612515389919,
            "mean": 0.192540809512,
            "median": 0.178671106696,
            "min": 0.0486631467938,
            "var": 0.00542872073129
        },
        "erbbands_kurtosis": {
            "dmean": 3.63096618652,
            "dmean2": 5.82237195969,
            "dvar": 75.9942855835,
            "dvar2": 186.104812622,
            "max": 249.567626953,
            "mean": 3.91982603073,
            "median": 0.7853962183,
            "min": -1.94557321072,
            "var": 120.819763184
        },
        "erbbands_skewness": {
            "dmean": 0.748418331146,
            "dmean2": 1.14501094818,
            "dvar": 0.729843318462,
            "dvar2": 1.68525242805,
            "max": 12.3185825348,
            "mean": 0.698595285416,
            "median": 0.538801968098,
            "min": -5.21757268906,
            "var": 2.12775206566
        },
        "erbbands_spread": {
            "dmean": 15.7667856216,
            "dmean2": 24.7687835693,
            "dvar": 462.75680542,
            "dvar2": 1079.4921875,
            "max": 270.444976807,
            "mean": 35.3847160339,
            "median": 28.5317764282,
            "min": 0.383737504482,
            "var": 745.473327637
        },
        "gfcc": {
            "cov": [
                [
                    22173.2851562,
                    -1323.57556152,
                    -2233.2175293,
                    1900.52514648,
                    1259.2253418,
                    1785.40917969,
                    209.786651611,
                    879.681884766,
                    333.183258057,
                    55.80676651,
                    -65.5781784058,
                    -76.9217147827,
                    -94.531867981
                ],
                [
                    -1323.57556152,
                    3289.29174805,
                    1153.31274414,
                    -76.0808410645,
                    491.737609863,
                    -38.8111877441,
                    452.799438477,
                    -196.124832153,
                    327.096405029,
                    -173.210708618,
                    357.731994629,
                    -63.6357040405,
                    204.081390381
                ],
                [
                    -2233.2175293,
                    1153.31274414,
                    3142.10400391,
                    559.511352539,
                    31.586933136,
                    179.938461304,
                    74.5774307251,
                    -39.6324882507,
                    187.108673096,
                    158.701904297,
                    188.289764404,
                    128.901702881,
                    139.549087524
                ],
                [
                    1900.52514648,
                    -76.0808410645,
                    559.511352539,
                    1169.77966309,
                    390.410614014,
                    332.220397949,
                    86.4125366211,
                    189.552520752,
                    207.24420166,
                    93.782585144,
                    84.8141784668,
                    59.138130188,
                    62.2358856201
                ],
                [
                    1259.2253418,
                    491.737609863,
                    31.586933136,
                    390.410614014,
                    819.016113281,
                    291.128356934,
                    270.476165771,
                    160.982055664,
                    200.433563232,
                    56.0001716614,
                    97.2564620972,
                    -6.85713100433,
                    89.8583374023
                ],
                [
                    1785.40917969,
                    -38.8111877441,
                    179.938461304,
                    332.220397949,
                    291.128356934,
                    658.284545898,
                    276.36505127,
                    121.033370972,
                    120.946884155,
                    37.241809845,
                    55.3943862915,
                    24.3295726776,
                    -17.503911972
                ],
                [
                    209.786651611,
                    452.799438477,
                    74.5774307251,
                    86.4125366211,
                    270.476165771,
                    276.36505127,
                    513.99609375,
                    71.428527832,
                    116.234893799,
                    12.1940841675,
                    108.73576355,
                    25.686422348,
                    51.6991882324
                ],
                [
                    879.681884766,
                    -196.124832153,
                    -39.6324882507,
                    189.552520752,
                    160.982055664,
                    121.033370972,
                    71.428527832,
                    249.746505737,
                    97.7468719482,
                    19.8875617981,
                    5.12389612198,
                    15.6176233292,
                    19.9838638306
                ],
                [
                    333.183258057,
                    327.096405029,
                    187.108673096,
                    207.24420166,
                    200.433563232,
                    120.946884155,
                    116.234893799,
                    97.7468719482,
                    295.465911865,
                    65.3093490601,
                    105.3176651,
                    21.1609649658,
                    81.2091445923
                ],
                [
                    55.80676651,
                    -173.210708618,
                    158.701904297,
                    93.782585144,
                    56.0001716614,
                    37.241809845,
                    12.1940841675,
                    19.8875617981,
                    65.3093490601,
                    218.488388062,
                    34.8667221069,
                    23.861284256,
                    11.624874115
                ],
                [
                    -65.5781784058,
                    357.731994629,
                    188.289764404,
                    84.8141784668,
                    97.2564620972,
                    55.3943862915,
                    108.73576355,
                    5.12389612198,
                    105.3176651,
                    34.8667221069,
                    207.42578125,
                    70.1459732056,
                    58.3048934937
                ],
                [
                    -76.9217147827,
                    -63.6357040405,
                    128.901702881,
                    59.138130188,
                    -6.85713100433,
                    24.3295726776,
                    25.686422348,
                    15.6176233292,
                    21.1609649658,
                    23.861284256,
                    70.1459732056,
                    157.536239624,
                    55.488067627
                ],
                [
                    -94.531867981,
                    204.081390381,
                    139.549087524,
                    62.2358856201,
                    89.8583374023,
                    -17.503911972,
                    51.6991882324,
                    19.9838638306,
                    81.2091445923,
                    11.624874115,
                    58.3048934937,
                    55.488067627,
                    167.813735962
                ]
            ],
            "icov": [
                [
                    9.0600886324e-05,
                    -6.9779875048e-05,
                    0.000119240765343,
                    -0.000127162100398,
                    2.48164396908e-05,
                    -0.000279659259832,
                    0.000168736078194,
                    -0.000220105954213,
                    0.000110865410534,
                    -9.65780272963e-05,
                    4.57679307146e-05,
                    8.80729317032e-07,
                    -4.74838161608e-05
                ],
                [
                    -6.9779875048e-05,
                    0.0010403918568,
                    -0.000480054935906,
                    0.000379217322916,
                    -0.000640115176793,
                    0.000700564414728,
                    -0.000706819817424,
                    0.00120888324454,
                    -0.000947816646658,
                    0.00136654102243,
                    -0.00112053891644,
                    0.000957370677497,
                    -0.00011958982941
                ],
                [
                    0.000119240765343,
                    -0.000480054935906,
                    0.000705454440322,
                    -0.000472021318274,
                    0.000414844747866,
                    -0.000636205484625,
                    0.000446707766969,
                    -0.000466453057015,
                    0.000401152443374,
                    -0.000811651465483,
                    0.000317081110552,
                    -0.00043525514775,
                    -0.000235323866946
                ],
                [
                    -0.000127162100398,
                    0.000379217322916,
                    -0.000472021318274,
                    0.00160775519907,
                    -0.000648061512038,
                    8.76424237504e-05,
                    2.60324213741e-05,
                    6.22313891654e-05,
                    -0.000694168265909,
                    0.000395706883864,
                    -0.000388386746636,
                    1.25437545648e-05,
                    4.34882822447e-05
                ],
                [
                    2.48164396908e-05,
                    -0.000640115176793,
                    0.000414844747866,
                    -0.000648061512038,
                    0.0024707026314,
                    -0.000739679788239,
                    -0.000173715059645,
                    -0.00120387307834,
                    0.00027829996543,
                    -0.00104817759711,
                    0.000319583341479,
                    0.000281184766209,
                    -0.000781519978773
                ],
                [
                    -0.000279659259832,
                    0.000700564414728,
                    -0.000636205484625,
                    8.76424237504e-05,
                    -0.000739679788239,
                    0.00364787690341,
                    -0.00195706612431,
                    0.000889061426278,
                    -0.00109324662481,
                    0.000963424448855,
                    -0.000350039103068,
                    -5.3548370488e-05,
                    0.00136229069903
                ],
                [
                    0.000168736078194,
                    -0.000706819817424,
                    0.000446707766969,
                    2.60324213741e-05,
                    -0.000173715059645,
                    -0.00195706612431,
                    0.0037819321733,
                    -0.0012222052319,
                    0.000597483711317,
                    -0.000705451471731,
                    -0.000395893119276,
                    -0.000389230815927,
                    -0.000531203753781
                ],
                [
                    -0.000220105954213,
                    0.00120888324454,
                    -0.000466453057015,
                    6.22313891654e-05,
                    -0.00120387307834,
                    0.000889061426278,
                    -0.0012222052319,
                    0.00722512882203,
                    -0.00275364890695,
                    0.00168994732667,
                    7.66190423747e-05,
                    4.21162585553e-05,
                    0.000199122019694
                ],
                [
                    0.000110865410534,
                    -0.000947816646658,
                    0.000401152443374,
                    -0.000694168265909,
                    0.00027829996543,
                    -0.00109324662481,
                    0.000597483711317,
                    -0.00275364890695,
                    0.00692777615041,
                    -0.00227035116404,
                    -0.0013011561241,
                    0.000633638061117,
                    -0.00193293218035
                ],
                [
                    -9.65780272963e-05,
                    0.00136654102243,
                    -0.000811651465483,
                    0.000395706883864,
                    -0.00104817759711,
                    0.000963424448855,
                    -0.000705451471731,
                    0.00168994732667,
                    -0.00227035116404,
                    0.00693958485499,
                    -0.00158872676548,
                    0.000568631396163,
                    0.000471673614811
                ],
                [
                    4.57679307146e-05,
                    -0.00112053891644,
                    0.000317081110552,
                    -0.000388386746636,
                    0.000319583341479,
                    -0.000350039103068,
                    -0.000395893119276,
                    7.66190423747e-05,
                    -0.0013011561241,
                    -0.00158872676548,
                    0.00906352046877,
                    -0.00407931022346,
                    0.000113594833238
                ],
                [
                    8.80729317032e-07,
                    0.000957370677497,
                    -0.00043525514775,
                    1.25437545648e-05,
                    0.000281184766209,
                    -5.3548370488e-05,
                    -0.000389230815927,
                    4.21162585553e-05,
                    0.000633638061117,
                    0.000568631396163,
                    -0.00407931022346,
                    0.00988362543285,
                    -0.00304450234398
                ],
                [
                    -4.74838161608e-05,
                    -0.00011958982941,
                    -0.000235323866946,
                    4.34882822447e-05,
                    -0.000781519978773,
                    0.00136229069903,
                    -0.000531203753781,
                    0.000199122019694,
                    -0.00193293218035,
                    0.000471673614811,
                    0.000113594833238,
                    -0.00304450234398,
                    0.00882766954601
                ]
            ],
            "mean": [
                -98.2702636719,
                92.8977432251,
                -99.6939544678,
                28.4469604492,
                -63.4038391113,
                8.82192707062,
                -33.3890457153,
                9.38474178314,
                -9.48374080658,
                2.29564905167,
                -2.38476324081,
                6.52601528168,
                -2.00572896004
            ]
        },
        "hfc": {
            "dmean": 8.55245876312,
            "dmean2": 12.9018907547,
            "dvar": 347.758605957,
            "dvar2": 757.702453613,
            "max": 187.362197876,
            "mean": 14.5121631622,
            "median": 6.94205951691,
            "min": 1.11042128327e-16,
            "var": 498.56463623
        },
        "melbands": {
            "dmean": [
                0.00297912000678,
                0.0020203711465,
                0.00128711457364,
                0.000554726575501,
                0.000216724947677,
                0.000129422332975,
                0.000195308311959,
                0.00015660430654,
                7.77760724304e-05,
                8.08854820207e-05,
                7.0418624091e-05,
                5.16725158377e-05,
                4.06552899221e-05,
                5.30428587808e-05,
                3.88810258301e-05,
                3.29749709636e-05,
                2.60235901806e-05,
                0.000105768544017,
                8.96795536391e-05,
                1.52422662723e-05,
                1.47591326822e-05,
                9.45924330154e-06,
                1.30214666569e-05,
                1.04939526864e-05,
                5.58381270821e-06,
                5.14485873282e-06,
                4.62235402665e-06,
