{
    "lowlevel": {
        "average_loudness": 0.949163198471,
        "barkbands": {
            "dmean": [
                0.0020236717537,
                0.0104049658403,
                0.00259068701416,
                0.0012790504843,
                0.00202102842741,
                0.00136402982753,
                0.000722330238204,
                0.00200642948039,
                0.00233074044809,
                0.0013023026986,
                0.0011785941897,
                0.000769435602706,
                0.000887478003278,
                0.000690905551892,
                0.000522173999343,
                0.000357728044037,
                0.000163385557244,
                0.000136428134283,
                9.44333223742e-05,
                9.37581135076e-05,
                8.44635360409e-05,
                0.000128194034914,
                0.000153997592861,
                0.000130689964863,
                0.000159592775162,
                0.000179305701749,
                3.73493530788e-05
            ],
            "dmean2": [
                0.00355333206244,
                0.0156550947577,
                0.00493704993278,
                0.00246508186683,
                0.00374139659107,
                0.00237700273283,
                0.00109353545122,
                0.00322557985783,
                0.00363362836652,
                0.0020184123423,
                0.00169540569186,
                0.00119825173169,
                0.00138025532942,
                0.00109009479638,
                0.000819344597403,
                0.000557148712687,
                0.000252808968071,
                0.000209954596357,
                0.000142612028867,
                0.000148261184222,
                0.0001313151879,
                0.000200846421649,
                0.000242316789809,
                0.000212430517422,
                0.000265138718532,
                0.000309598515742,
                6.65084517095e-05
            ],
            "dvar": [
                9.52374011831e-06,
                0.00087571243057,
                0.000119542775792,
                3.02141943394e-05,
                5.97955768171e-05,
                1.07355817818e-05,
                4.02281921197e-06,
                2.03312829399e-05,
                2.52442896453e-05,
                1.62493342941e-05,
                1.0139202459e-05,
                4.04580578106e-06,
                4.63465175926e-06,
                2.14236729335e-06,
                1.31190427055e-06,
                7.82383494879e-07,
                1.52380863483e-07,
                9.14382596306e-08,
                1.18660103965e-07,
                8.09951430369e-08,
                8.66575504688e-08,
                1.55928987056e-07,
                1.40018727279e-07,
                1.02833716653e-07,
                1.17019894219e-07,
                1.18067227106e-07,
                6.53378151583e-09
            ],
            "dvar2": [
                2.81366665149e-05,
                0.00178138550837,
                0.000345181499142,
                8.84769469849e-05,
                0.00017209208454,
                2.98651393678e-05,
                8.56137103256e-06,
                4.77283647342e-05,
                5.7694473071e-05,
                3.65718187822e-05,
                2.11347723962e-05,
                9.36046944844e-06,
                1.06371880975e-05,
                5.18150136486e-06,
                3.03345927932e-06,
                1.81960251666e-06,
                3.47983927895e-07,
                2.18073481051e-07,
                2.75161085028e-07,
                2.02081565703e-07,
                2.03477981131e-07,
                3.7272877762e-07,
                3.47600973782e-07,
                2.50623429565e-07,
                2.97494239021e-07,
                3.12766644583e-07,
                1.77450463212e-08
            ],
            "max": [
                0.0382271483541,
                0.228548914194,
                0.0839510634542,
                0.0424378290772,
                0.068440720439,
                0.0516089238226,
                0.0483357645571,
                0.0583771727979,
                0.0525742508471,
                0.0636397898197,
                0.0531908720732,
                0.033936355263,
                0.0420436859131,
                0.0178673639894,
                0.0137628931552,
                0.0165734197944,
                0.00668350374326,
                0.00650020083413,
                0.00497842440382,
                0.00368357566185,
                0.00410557631403,
                0.00496411137283,
                0.00420766323805,
                0.00427622068673,
                0.00395828252658,
                0.00248363846913,
                0.000621351297013
            ],
            "mean": [
                0.0080700237304,
                0.0246398858726,
                0.00154034944717,
                0.000757088477258,
                0.00147886679042,
                0.00178767892066,
                0.00125775882043,
                0.00274702138267,
                0.00322878640145,
                0.00155167386401,
                0.00200015422888,
                0.000852320401464,
                0.00105717254337,
                0.000831696554087,
                0.000651988142636,
                0.000471648672828,
                0.000253559235716,
                0.000215188134462,
                0.000110222856165,
                0.000110284156108,
                9.69950124272e-05,
                0.00014945906878,
                0.000191075785551,
                0.000138094372232,
                0.000154853813001,
                0.000151151543832,
                2.64190039161e-05
            ],
            "median": [
                0.00478236190975,
                0.0197075791657,
                9.8962438642e-05,
                4.50574989372e-05,
                0.000248411350185,
                0.000611917348579,
                0.000284636102151,
                0.000938511744607,
                0.000635598553345,
                7.93344224803e-05,
                0.000104445076431,
                8.12876533018e-05,
                0.000112476715003,
                0.000109240820166,
                9.92259811028e-05,
                7.78586036176e-05,
                4.68145481136e-05,
                3.7411115045e-05,
                1.46525817399e-05,
                2.01289512916e-05,
                2.17966080527e-05,
                3.73900038539e-05,
                4.63200594822e-05,
                2.24361028813e-05,
                2.72343277175e-05,
                2.0403695089e-05,
                2.08136088986e-06
            ],
            "min": [
                4.5697450062e-23,
                2.5007256727e-23,
                1.2113813536e-23,
                2.66358316668e-23,
                3.87640316592e-23,
                4.10990031406e-23,
                6.5591051655e-23,
                6.21381001877e-23,
                3.15236643226e-23,
                3.79393059817e-23,
                1.0255306626e-22,
                1.27449996056e-22,
                9.88939381068e-23,
                1.14801816821e-22,
                1.00086714728e-22,
                8.0274220658e-23,
                3.11023696852e-22,
                2.34677637471e-22,
                3.47888719432e-22,
                5.62769431791e-22,
                6.48297958327e-22,
                5.48727859139e-22,
                4.2750606508e-22,
                8.20137712878e-22,
                1.35508027188e-21,
                1.6993403826e-21,
                2.11859816855e-21
            ],
            "var": [
                8.78876962815e-05,
                0.00114008272067,
                6.58014323562e-05,
                1.61251791724e-05,
                3.41948689311e-05,
                9.95099253487e-06,
                8.1043517639e-06,
                3.05940884573e-05,
                4.11742657889e-05,
                2.47075331572e-05,
                2.84996986011e-05,
                4.95808853884e-06,
                6.48369450573e-06,
                2.98812028632e-06,
                1.96500332095e-06,
                1.27237319703e-06,
                3.85770732692e-07,
                2.47168458145e-07,
                1.28252679588e-07,
                8.80459154473e-08,
                8.92617464388e-08,
                1.57289676395e-07,
                1.59855105153e-07,
                1.09245448243e-07,
                1.15022757541e-07,
                9.8725593034e-08,
                4.52266490925e-09
            ]
        },
        "barkbands_crest": {
            "dmean": 2.72154593468,
            "dmean2": 4.24915218353,
            "dvar": 9.96141815186,
            "dvar2": 21.0158729553,
            "max": 26.6736106873,
            "mean": 13.8821401596,
            "median": 12.9945755005,
            "min": 3.19630217552,
            "var": 24.8524971008
        },
        "barkbands_flatness_db": {
            "dmean": 0.040925398469,
            "dmean2": 0.0571507178247,
            "dvar": 0.002170877764,
            "dvar2": 0.00392316747457,
            "max": 0.636349260807,
            "mean": 0.237609401345,
            "median": 0.206376612186,
            "min": 0.0257603004575,
            "var": 0.0130792874843
        },
        "barkbands_kurtosis": {
            "dmean": 24.463684082,
            "dmean2": 40.5715293884,
            "dvar": 21682.7480469,
            "dvar2": 57482.3554688,
            "max": 3834.29907227,
            "mean": 25.8836784363,
            "median": 3.31809139252,
            "min": -1.89065396786,
            "var": 17036.8613281
        },
        "barkbands_skewness": {
            "dmean": 1.24884676933,
            "dmean2": 1.85867249966,
            "dvar": 5.53509759903,
            "dvar2": 12.8836688995,
            "max": 44.4911613464,
            "mean": 2.54465985298,
            "median": 1.67411136627,
            "min": -5.0686712265,
            "var": 9.81454181671
        },
        "barkbands_spread": {
            "dmean": 7.22306442261,
            "dmean2": 10.8748865128,
            "dvar": 89.8484802246,
            "dvar2": 195.904159546,
            "max": 129.371917725,
            "mean": 18.5670986176,
            "median": 17.2317714691,
            "min": 0.0541875176132,
            "var": 240.500686646
        },
        "dissonance": {
            "dmean": 0.0442435219884,
            "dmean2": 0.0737892612815,
            "dvar": 0.00181151425932,
            "dvar2": 0.00475992076099,
            "max": 0.499998450279,
            "mean": 0.41223809123,
            "median": 0.424119621515,
            "min": 0.0652473494411,
            "var": 0.0041237110272
        },
        "dynamic_complexity": 4.84324121475,
        "erbbands": {
            "dmean": [
                0.376152873039,
                2.35165405273,
                3.34797811508,
                3.6778793335,
                5.37780570984,
                6.8449215889,
                10.1986885071,
                11.0198373795,
                6.00552988052,
                21.2153968811,
                54.1008605957,
                54.479221344,
                26.3495635986,
                52.5357322693,
                39.8849449158,
                32.3682899475,
                37.240486145,
                32.7083282471,
                29.1601810455,
                25.6187973022,
                15.8186855316,
                8.35240364075,
                7.21645689011,
                4.74806404114,
                4.68866729736,
                4.36046361923,
                3.92037653923,
                3.26317596436,
                4.1908082962,
                5.18114948273,
                4.19139480591,
                3.33348655701,
                1.92278933525,
                1.52395236492,
                1.2901622057,
                0.853467345238,
                0.325898468494,
                0.0628875941038,
                0.00688961753622,
                0.000173463544343
            ],
            "dmean2": [
                0.584509253502,
                3.55554795265,
                5.89857673645,
                7.01879739761,
                10.1352710724,
                12.5410499573,
                18.2373161316,
                19.017621994,
                9.79296588898,
                31.490404129,
                86.4440689087,
                83.3129196167,
                40.6235694885,
                79.0430755615,
                54.7902183533,
                50.1328392029,
                56.9590911865,
                51.6791381836,
                45.005027771,
                39.3751144409,
                24.5987129211,
                12.4277057648,
                11.007021904,
                6.97441959381,
                7.36503267288,
                6.82011508942,
                6.11665582657,
                5.06365346909,
                6.67492580414,
                8.02258014679,
                6.64087247849,
                5.55125236511,
                3.076618433,
                2.4953391552,
                2.17407679558,
                1.46241593361,
                0.566182792187,
                0.109349213541,
                0.0121964346617,
                0.000296764861559
            ],
            "dvar": [
                0.881043612957,
                53.5006523132,
                164.327301025,
                243.278915405,
                498.574584961,
                659.102355957,
                820.262451172,
                671.282531738,
                207.295394897,
                2772.02075195,
                13215.6044922,
                14818.1982422,
                5158.33007813,
                21092.1171875,
                9796.95800781,
                6518.03515625,
                9643.98242188,
                5124.91308594,
                3893.9050293,
                3491.04150391,
                1835.44177246,
                416.935821533,
                257.244445801,
                143.304931641,
                411.593383789,
                175.941345215,
                163.72718811,
                133.429138184,
                167.987808228,
                168.638977051,
                117.321525574,
                71.0000305176,
                24.1710739136,
                12.2933473587,
                7.33041191101,
                2.50572419167,
                0.419169098139,
                0.0159620717168,
                0.000230317615205,
                1.31968505457e-07
            ],
            "dvar2": [
                1.94923365116,
                114.648948669,
                447.551300049,
                706.362426758,
                1445.90197754,
                1882.42443848,
                2340.80908203,
                1819.60229492,
                514.954772949,
                5881.84765625,
                31283.0429688,
                33236.8632813,
                12179.9316406,
                45865.0976563,
                19543.1972656,
                15174.1611328,
                21581.1484375,
                12164.2480469,
                9183.7578125,
                8007.44921875,
                4415.68164063,
                942.495361328,
                605.487609863,
                284.78024292,
                1060.9798584,
                435.453155518,
                401.479125977,
                313.454803467,
                407.830474854,
                395.013183594,
                297.526763916,
                184.113769531,
                56.9467048645,
                30.3864898682,
                19.1139030457,
                6.60484457016,
                1.12252557278,
                0.0425691381097,
                0.000623039435595,
                3.56580727612e-07
            ],
            "max": [
                8.18105220795,
                55.7063522339,
                97.0199890137,
                113.412567139,
                175.210174561,
                234.08807373,
                361.441131592,
                422.938293457,
                391.072418213,
                1197.52307129,
                1314.60632324,
                1545.14147949,
                1902.97033691,
                2269.45654297,
                1837.2175293,
                1062.60791016,
                2179.1953125,
                986.434265137,
                745.946228027,
                846.381591797,
                987.893676758,
                458.981445313,
                321.862701416,
                186.141082764,
                316.342071533,
                169.748947144,
                179.601974487,
                155.665145874,
                168.085571289,
                169.351226807,
                127.922340393,
                92.5643539429,
                78.644493103,
                46.9679985046,
                29.0425891876,
                10.7382135391,
                5.38175582886,
                1.02081131935,
                0.118570648134,
                0.0031315186061
            ],
            "mean": [
                1.28467011452,
                3.27297973633,
                2.45074057579,
                2.2050921917,
                3.40212440491,
                5.21238946915,
                9.9839220047,
                15.3793783188,
                9.97809886932,
                38.5840377808,
                73.0924682617,
                75.3104934692,
                37.4615440369,
                74.9598236084,
                67.2574462891,
                39.9011154175,
                46.9157104492,
                41.5703392029,
                38.4521713257,
                35.9794502258,
                22.6964321136,
                15.183842659,
                11.479590416,
                6.79771375656,
                5.14097070694,
                5.22878074646,
                4.73446178436,
                3.64842820168,
                4.81264209747,
                6.57296180725,
                5.00416326523,
                3.39764332771,
                2.08208298683,
                1.54679608345,
                1.18345177174,
                0.737051725388,
                0.26555877924,
                0.049526154995,
                0.00491197314113,
                0.000181092938874
            ],
            "median": [
                1.28015756607,
                0.995023906231,
                0.229266822338,
                0.148237466812,
                0.206962898374,
                0.928146421909,
                3.00089383125,
                4.29899692535,
                3.63958668709,
                15.2706537247,
                26.445022583,
                16.9548950195,
                11.6715278625,
                9.62670898438,
                7.38572216034,
                7.01300573349,
                6.68900585175,
                6.94209671021,
                7.17856359482,
                5.48695278168,
                4.74610424042,
                2.75337743759,
                2.45777463913,
                1.53896069527,
                0.723034024239,
                1.08263385296,
                0.949505329132,
                0.9103256464,
                1.18573021889,
                1.67132425308,
                1.1625790596,
                0.55841588974,
                0.325633168221,
                0.263936340809,
                0.188449189067,
                0.105221629143,
                0.0326993912458,
                0.00608860142529,
                0.000364447652828,
                7.83207578934e-05
            ],
            "min": [
                9.47561443022e-22,
                5.13443405843e-21,
                1.61775912924e-20,
                5.33539799215e-20,
                1.00242231499e-19,
                1.34284642814e-19,
                2.09789882998e-19,
                3.89608944451e-19,
                1.0065200902e-18,
                1.14283076975e-18,
                9.82164377446e-19,
                8.0230191486e-19,
                9.408445345e-19,
                1.30119946111e-18,
                5.22076367102e-18,
                5.8876519837e-18,
                4.32578526751e-18,
                4.56731125303e-18,
                5.91186356023e-18,
                4.79703006248e-18,
                6.21805439013e-18,
                1.79654215731e-17,
                1.44959547688e-17,
                1.10526359709e-17,
                2.37826122443e-17,
                2.37989159742e-17,
                2.17654429851e-17,
                3.10869164925e-17,
                2.24378928466e-17,
                1.17550984266e-17,
                1.22746745576e-17,
                1.46769468499e-17,
                1.38687698848e-17,
                1.13541664652e-17,
                1.21742407691e-17,
                5.75749387354e-18,
                3.31626985292e-18,
                1.19985194829e-18,
                3.00238515764e-19,
                3.3602173514e-20
            ],
            "var": [
                1.28716945648,
                59.8795394897,
                108.579376221,
                132.883895874,
                276.697265625,
                386.793792725,
                534.727111816,
                783.890869141,
                406.570678711,
                6008.79736328,
                18677.4179688,
                25646.8964844,
                6543.83105469,
                37376.3085938,
                26211.2460938,
                8278.94628906,
                13525.9384766,
                7208.07324219,
                5832.58544922,
                6012.65917969,
                2616.80126953,
                1559.60559082,
                638.48638916,
                242.388076782,
                352.870483398,
                192.709640503,
                172.984420776,
                134.134353638,
                167.390304565,
                196.987731934,
                121.47883606,
                66.0778656006,
                27.3954181671,
                12.9383392334,
                6.66284370422,
                2.20801663399,
                0.333048254251,
                0.0123086413369,
                0.000161242380273,
                1.01168772915e-07
            ]
        },
        "erbbands_crest": {
            "dmean": 3.89918899536,
            "dmean2": 6.2563457489,
            "dvar": 13.7231607437,
            "dvar2": 33.9024620056,
            "max": 33.8605613708,
            "mean": 13.4253511429,
            "median": 12.2992420197,
            "min": 2.18632245064,
            "var": 36.6517295837
        },
        "erbbands_flatness_db": {
            "dmean": 0.0312345568091,
            "dmean2": 0.0448743738234,
            "dvar": 0.000900328042917,
            "dvar2": 0.00176334835123,
            "max": 0.599020540714,
            "mean": 0.200701966882,
            "median": 0.181111216545,
            "min": 0.0313361398876,
            "var": 0.00893391761929
        },
        "erbbands_kurtosis": {
            "dmean": 3.44637036324,
            "dmean2": 5.2087097168,
            "dvar": 44.3980903625,
            "dvar2": 80.568031311,
            "max": 269.323730469,
            "mean": 5.32291078568,
            "median": 1.79904067516,
            "min": -1.86431586742,
            "var": 207.342315674
        },
        "erbbands_skewness": {
            "dmean": 0.735313296318,
            "dmean2": 1.12498438358,
            "dvar": 0.551084578037,
            "dvar2": 1.21589815617,
            "max": 12.7132358551,
            "mean": 0.901745915413,
            "median": 0.79498565197,
            "min": -4.00198554993,
            "var": 1.83044505119
        },
        "erbbands_spread": {
            "dmean": 12.3414869308,
            "dmean2": 19.02602005,
            "dvar": 337.780151367,
            "dvar2": 779.910766602,
            "max": 197.976669312,
            "mean": 29.3663921356,
            "median": 22.752494812,
            "min": 0.245267033577,
            "var": 706.568115234
        },
        "gfcc": {
            "cov": [
                [
                    32292.2226563,
                    -4624.15136719,
                    -2025.02282715,
                    765.45489502,
                    -1191.85595703,
                    2488.57714844,
                    54.7017059326,
                    1379.99499512,
                    -206.170547485,
                    813.676940918,
                    -626.06237793,
                    946.422729492,
                    -166.777160645
                ],
                [
                    -4624.15136719,
                    3430.71337891,
                    -562.645263672,
                    -561.967224121,
                    461.484069824,
                    -1097.47998047,
                    115.37461853,
                    -522.151672363,
                    136.389251709,
                    -386.620483398,
                    210.882080078,
                    -459.221191406,
                    114.640632629
                ],
                [
                    -2025.02282715,
                    -562.645263672,
                    2624.34838867,
                    681.933044434,
                    265.61529541,
                    700.179992676,
                    71.1337661743,
                    274.050598145,
                    99.0904922485,
                    225.990310669,
                    22.7486476898,
                    237.929672241,
                    -2.95276880264
                ],
                [
                    765.45489502,
                    -561.967224121,
                    681.933044434,
                    858.184387207,
                    186.659927368,
                    398.733032227,
                    77.6262893677,
                    230.073150635,
                    106.085472107,
                    139.012008667,
                    -11.6346702576,
                    178.553436279,
                    48.4040412903
                ],
                [
                    -1191.85595703,
                    461.484069824,
                    265.61529541,
                    186.659927368,
                    573.747314453,
                    99.3799591064,
                    84.4987030029,
                    48.3435783386,
                    70.6280136108,
                    41.6495170593,
                    92.1883239746,
                    17.7264728546,
                    54.8199157715
                ],
                [
                    2488.57714844,
                    -1097.47998047,
                    700.179992676,
                    398.733032227,
                    99.3799591064,
                    1183.09521484,
                    278.400787354,
                    351.909545898,
                    -6.13293790817,
                    269.799804688,
                    16.3592243195,
                    287.42578125,
                    -13.9341926575
                ],
                [
                    54.7017059326,
                    115.37461853,
                    71.1337661743,
                    77.6262893677,
                    84.4987030029,
                    278.400787354,
                    438.89453125,
                    121.491737366,
                    -24.9165153503,
                    49.1163063049,
                    53.9317436218,
                    50.348991394,
                    29.0278625488
                ],
                [
                    1379.99499512,
                    -522.151672363,
                    274.050598145,
                    230.073150635,
                    48.3435783386,
                    351.909545898,
                    121.491737366,
                    383.069793701,
                    79.213394165,
                    145.251754761,
                    -18.605052948,
                    127.067367554,
                    14.3648834229
                ],
                [
                    -206.170547485,
                    136.389251709,
                    99.0904922485,
                    106.085472107,
                    70.6280136108,
                    -6.13293790817,
                    -24.9165153503,
                    79.213394165,
                    245.92906189,
                    55.33070755,
                    -1.80301916599,
                    -19.0230731964,
                    25.9308128357
                ],
                [
                    813.676940918,
                    -386.620483398,
                    225.990310669,
                    139.012008667,
                    41.6495170593,
                    269.799804688,
                    49.1163063049,
                    145.251754761,
                    55.33070755,
                    231.568786621,
                    36.9783592224,
                    96.4694595337,
                    14.5791254044
                ],
                [
                    -626.06237793,
                    210.882080078,
                    22.7486476898,
                    -11.6346702576,
                    92.1883239746,
                    16.3592243195,
                    53.9317436218,
                    -18.605052948,
                    -1.80301916599,
                    36.9783592224,
                    172.167114258,
                    26.7520637512,
                    4.15743637085
                ],
                [
                    946.422729492,
                    -459.221191406,
                    237.929672241,
                    178.553436279,
                    17.7264728546,
                    287.42578125,
                    50.348991394,
                    127.067367554,
                    -19.0230731964,
                    96.4694595337,
                    26.7520637512,
                    220.465133667,
                    20.6321125031
                ],
                [
                    -166.777160645,
                    114.640632629,
                    -2.95276880264,
                    48.4040412903,
                    54.8199157715,
                    -13.9341926575,
                    29.0278625488,
                    14.3648834229,
                    25.9308128357,
                    14.5791254044,
                    4.15743637085,
                    20.6321125031,
                    134.732086182
                ]
            ],
            "icov": [
                [
                    8.07585092844e-05,
                    -9.77050804067e-05,
                    0.000153320128447,
                    -9.37290751608e-05,
                    0.000174093831447,
                    -0.000199297021027,
                    0.000177740701474,
                    -0.000228086850257,
                    0.000158580980496,
                    -0.000231426907703,
                    0.000317415717291,
                    -0.000239359462284,
                    0.000136093134643
                ],
                [
                    -9.77050804067e-05,
                    0.00122131558601,
                    -0.000300475483527,
                    0.000512015190907,
                    -0.000981817953289,
                    0.00083219492808,
                    -0.00107279187068,
                    0.000959834083915,
                    -0.00108960852958,
                    0.00124133727513,
                    -0.00132914271671,
                    0.00115746329539,
                    -0.000797169981524
                ],
                [
                    0.000153320128447,
                    -0.000300475483527,
                    0.000838815001771,
                    -0.000507734657731,
                    0.000273226876743,
                    -0.000636930228211,
                    0.000543806119822,
                    -0.000481108610984,
                    0.000338330341037,
                    -0.000630471622571,
                    0.000699290481862,
                    -0.000641595455818,
                    0.000483115407405
                ],
                [
                    -9.37290751608e-05,
                    0.000512015190907,
                    -0.000507734657731,
                    0.00216145766899,
                    -0.000877360347658,
                    0.000312093121465,
                    -0.000528499658685,
                    0.000198204332264,
                    -0.00104819086846,
                    0.000632325594779,
                    -0.000205060103326,
                    -0.00034360945574,
                    -0.000665089522954
                ],
                [
                    0.000174093831447,
                    -0.000981817953289,
                    0.000273226876743,
                    -0.000877360347658,
                    0.0031901395414,
                    -0.000964505248703,
                    0.000816745101474,
                    -0.00100718357135,
                    0.000591186515521,
                    -0.00090493587777,
                    4.381454346e-05,
                    -0.00053743267199,
                    -2.91538653983e-05
                ],
                [
                    -0.000199297021027,
                    0.00083219492808,
                    -0.000636930228211,
                    0.000312093121465,
                    -0.000964505248703,
                    0.00276287901215,
                    -0.00173806829844,
                    0.000445584038971,
                    -0.00049978896277,
                    -8.14389495645e-05,
                    -0.000737619877327,
                    -0.000287733710138,
                    9.60855832091e-05
                ],
                [
                    0.000177740701474,
                    -0.00107279187068,
                    0.000543806119822,
                    -0.000528499658685,
                    0.000816745101474,
                    -0.00173806829844,
                    0.00421866634861,
                    -0.00196163123474,
                    0.00167434464674,
                    -0.000703117577359,
                    0.000273911166005,
                    -0.000362966267858,
                    -7.62486088206e-05
                ],
                [
                    -0.000228086850257,
                    0.000959834083915,
                    -0.000481108610984,
                    0.000198204332264,
                    -0.00100718357135,
                    0.000445584038971,
                    -0.00196163123474,
                    0.00594858918339,
                    -0.00235451664776,
                    -0.000207028424484,
                    -0.000112282046757,
                    -0.000202374023502,
                    -0.000426486250944
                ],
                [
                    0.000158580980496,
                    -0.00108960852958,
                    0.000338330341037,
                    -0.00104819086846,
                    0.000591186515521,
                    -0.00049978896277,
                    0.00167434464674,
                    -0.00235451664776,
                    0.00647935830057,
                    -0.00247962051071,
                    0.00125437136739,
                    0.000604437431321,
                    -4.50209654446e-06
                ],
                [
                    -0.000231426907703,
                    0.00124133727513,
                    -0.000630471622571,
                    0.000632325594779,
                    -0.00090493587777,
                    -8.14389495645e-05,
                    -0.000703117577359,
                    -0.000207028424484,
                    -0.00247962051071,
                    0.00896527338773,
                    -0.00356055586599,
                    0.000644793792162,
                    -0.00153210305143
                ],
                [
                    0.000317415717291,
                    -0.00132914271671,
                    0.000699290481862,
                    -0.000205060103326,
                    4.381454346e-05,
                    -0.000737619877327,
                    0.000273911166005,
                    -0.000112282046757,
                    0.00125437136739,
                    -0.00356055586599,
                    0.00970135722309,
                    -0.00344297313131,
                    0.00184343464207
                ],
                [
                    -0.000239359462284,
                    0.00115746329539,
                    -0.000641595455818,
                    -0.00034360945574,
                    -0.00053743267199,
                    -0.000287733710138,
                    -0.000362966267858,
                    -0.000202374023502,
                    0.000604437431321,
                    0.000644793792162,
                    -0.00344297313131,
                    0.00998392142355,
                    -0.00249181967229
                ],
                [
                    0.000136093134643,
                    -0.000797169981524,
                    0.000483115407405,
                    -0.000665089522954,
                    -2.91538653983e-05,
                    9.60855832091e-05,
                    -7.62486088206e-05,
                    -0.000426486250944,
                    -4.50209654446e-06,
                    -0.00153210305143,
                    0.00184343464207,
                    -0.00249181967229,
                    0.00909347366542
                ]
            ],
            "mean": [
                -60.3677177429,
                90.5776901245,
                -92.85912323,
                -0.656720161438,
                -48.8962936401,
                19.9642028809,
                -24.3313560486,
                17.2290782928,
                -0.175103679299,
                15.98686409,
                -8.01412773132,
                11.8062696457,
                -4.62453508377
            ]
        },
        "hfc": {
            "dmean": 12.1507883072,
            "dmean2": 18.4795322418,
            "dvar": 418.248199463,
            "dvar2": 975.140380859,
            "max": 250.466674805,
            "mean": 26.4298038483,
            "median": 23.325176239,
            "min": 1.15176337324e-16,
            "var": 695.788146973
        },
        "melbands": {
            "dmean": [
                0.00306744500995,
                0.00210686633363,
                0.000685155740939,
                0.000449933198979,
                0.000340531056281,
                0.000241550864303,
                0.000106704181235,
                0.000269104843028,
                0.000477216177387,
                0.000314279168379,
                0.000135047579533,
                0.000223025490413,
                0.000164158074767,
                8.59899810166e-05,
                9.13302865229e-05,
                8.13869919511e-05,
                6.32544906694e-05,
                5.39616521564e-05,
                3.63054568879e-05,
                3.05589092022e-05,
                1.90758546523e-05,
                1.01812011053e-05,
                6.96604502082e-06,
                7.2546085903e-06,
                3.73662578568e-06,
                3.84522718377e-06,
                2.82467613033e-06,
                3.16590740113e-06,
