{
    "lowlevel": {
        "average_loudness": 0.693951070309,
        "barkbands": {
            "dmean": [
                0.000177214387804,
                0.00291942292824,
                0.00179467804264,
                0.00115623883903,
                0.00135503802449,
                0.00136639771517,
                0.00147129001562,
                0.000681262346916,
                0.000947781722061,
                0.000529760029167,
                0.000569095544051,
                0.000408856401918,
                0.000324628519593,
                0.000375507137505,
                0.000428973638918,
                0.00028584827669,
                0.000240226654569,
                0.000265318347374,
                0.000142716118717,
                0.000155559304403,
                0.000261679582763,
                0.000195503555005,
                0.000153999877512,
                0.000115337461466,
                5.42698981008e-05,
                2.04239368031e-05,
                3.71519922737e-06
            ],
            "dmean2": [
                0.00028364782338,
                0.00432575587183,
                0.00325049692765,
                0.00199848180637,
                0.00209346902557,
                0.00209231767803,
                0.00229011406191,
                0.00106367748231,
                0.00141113414429,
                0.00079629488755,
                0.000866226328071,
                0.000635370146483,
                0.000521234120242,
                0.000586594978813,
                0.000658797565848,
                0.000428072031355,
                0.000364764448022,
                0.000386053114198,
                0.000212272832869,
                0.00024508064962,
                0.000429573090514,
                0.000318754900945,
                0.000250221695751,
                0.000182186704478,
                8.34526872495e-05,
                2.95330573863e-05,
                5.7168681451e-06
            ],
            "dvar": [
                7.4735828548e-07,
                0.000209755948163,
                0.000102709891507,
                2.03620056709e-05,
                7.77664627094e-06,
                6.70480903864e-06,
                1.0531778571e-05,
                3.8334042074e-06,
                9.40920017456e-06,
                4.88617251904e-06,
                4.35972106061e-06,
                2.1413329705e-06,
                1.19902153983e-06,
                1.32437139655e-06,
                1.99473174689e-06,
                8.32013711261e-07,
                3.98238341859e-07,
                4.14403160676e-07,
                1.72740087123e-07,
                3.75679746867e-07,
                2.2658675789e-06,
                9.21932439724e-07,
                7.0885880632e-07,
                2.52306023185e-07,
                7.89436853665e-08,
                9.90178161686e-09,
                5.21441390067e-10
            ],
            "dvar2": [
                1.70309886016e-06,
                0.00040587366675,
                0.000295361096505,
                5.81374224566e-05,
                2.03726085601e-05,
                1.56148344104e-05,
                2.41216675931e-05,
                8.61121952767e-06,
                1.97159151867e-05,
                1.02958065327e-05,
                9.19189733395e-06,
                4.85067539557e-06,
                2.78488028016e-06,
                3.04656782646e-06,
                4.55941108157e-06,
                1.67150415109e-06,
                8.63552088504e-07,
                8.13361509699e-07,
                3.61197180609e-07,
                8.5637424263e-07,
                5.88120747125e-06,
                2.35711354435e-06,
                2.14891724681e-06,
                6.4055814164e-07,
                2.03900398787e-07,
                1.9178692412e-08,
                1.1403539224e-09
            ],
            "max": [
                0.0189669467509,
                0.177040413022,
                0.121137887239,
                0.0599349439144,
                0.0548836030066,
                0.0379668027163,
                0.0601509287953,
                0.0387088470161,
                0.0645060539246,
                0.0496143549681,
                0.0464975461364,
                0.0338700823486,
                0.0258370004594,
                0.0225937031209,
                0.0373135581613,
                0.0224657487124,
                0.0140617778525,
                0.0103482715786,
                0.00814552232623,
                0.0118733085692,
                0.0237379781902,
                0.0139965312555,
                0.0218928456306,
                0.00883460137993,
                0.00695167528465,
                0.00420186063275,
                0.000520602567121
            ],
            "mean": [
                0.000250985962339,
                0.00410179933533,
                0.00170545093715,
                0.00212084897794,
                0.00272328988649,
                0.00273789069615,
                0.00217161513865,
                0.000769730540924,
                0.00123175117187,
                0.000614782504272,
                0.000678481417708,
                0.000504055235069,
                0.000348679925082,
                0.000443855038611,
                0.000490696402267,
                0.000355755590135,
                0.000317747006193,
                0.000394107890315,
                0.000195847984287,
                0.00016623272677,
                0.000241740985075,
                0.000196369976038,
                0.000153740227688,
                0.000126338520204,
                6.57558266539e-05,
                2.58945874521e-05,
                3.87224326914e-06
            ],
            "median": [
                4.45167097496e-05,
                0.000540611508768,
                0.00030047778273,
                0.000377030635718,
                0.00127316219732,
                0.00105244095903,
                0.000588412047364,
                8.31730940263e-05,
                8.57028790051e-05,
                3.20854960592e-05,
                4.23118472099e-05,
                3.27039815602e-05,
                2.55378399743e-05,
                3.48860521626e-05,
                2.12397571886e-05,
                1.75333534571e-05,
                1.47375230881e-05,
                1.06162133306e-05,
                1.32923942147e-05,
                7.81900871516e-06,
                9.17327815841e-06,
                7.44064163882e-06,
                2.9213556445e-06,
                2.21242771659e-06,
                8.10053620626e-07,
                3.28024896135e-07,
                1.45880543201e-08
            ],
            "min": [
                2.64270769832e-24,
                3.49813308115e-24,
                2.2039117084e-24,
                6.06760174974e-24,
                4.80862123909e-23,
                1.25799333011e-23,
                3.4782511831e-23,
                8.28704881149e-23,
                2.91192857033e-23,
                8.11465304252e-23,
                3.93457061362e-23,
                3.88169042725e-23,
                2.90634690611e-23,
                3.144277137e-23,
                2.10840810513e-22,
                1.02039221199e-22,
                1.52182590349e-22,
                1.74044488253e-22,
                2.44079496309e-22,
                3.78157754127e-22,
                3.19426668458e-22,
                4.75571296926e-22,
                6.41597260202e-22,
                6.45366071576e-22,
                1.14204562025e-21,
                1.62816730701e-21,
                2.28519569626e-21
            ],
            "var": [
                8.67777202984e-07,
                0.000247504300205,
                6.16920879111e-05,
                3.10033574351e-05,
                1.41068312587e-05,
                1.65290912264e-05,
                1.69678514794e-05,
                5.29698672835e-06,
                1.73080406967e-05,
                7.11223310645e-06,
                6.7476798904e-06,
                3.45512239619e-06,
                1.63013612564e-06,
                1.82922872227e-06,
                2.64250934379e-06,
                1.45758247072e-06,
                6.90399303949e-07,
                8.93249080036e-07,
                2.47578327617e-07,
                3.86334988889e-07,
                1.7314056322e-06,
                7.80906816544e-07,
                5.70326335492e-07,
                2.99684614902e-07,
                1.15194630723e-07,
                2.11124397964e-08,
                6.28665952629e-10
            ]
        },
        "barkbands_crest": {
            "dmean": 2.82589578629,
            "dmean2": 4.47448635101,
            "dvar": 7.16637468338,
            "dvar2": 16.8092060089,
            "max": 26.132194519,
            "mean": 11.3593473434,
            "median": 10.648229599,
            "min": 2.30440306664,
            "var": 19.266576767
        },
        "barkbands_flatness_db": {
            "dmean": 0.0325119420886,
            "dmean2": 0.045962497592,
            "dvar": 0.00132842757739,
            "dvar2": 0.0023369290866,
            "max": 0.725130677223,
            "mean": 0.251250863075,
            "median": 0.208515971899,
            "min": 0.0285273250192,
            "var": 0.016809431836
        },
        "barkbands_kurtosis": {
            "dmean": 5.68155050278,
            "dmean2": 9.08538246155,
            "dvar": 241.28465271,
            "dvar2": 641.956054688,
            "max": 742.447753906,
            "mean": 7.55502796173,
            "median": 2.47183561325,
            "min": -1.92956590652,
            "var": 328.266204834
        },
        "barkbands_skewness": {
            "dmean": 0.775512397289,
            "dmean2": 1.14284527302,
            "dvar": 0.895642161369,
            "dvar2": 1.93058228493,
            "max": 16.9159736633,
            "mean": 1.19909000397,
            "median": 0.997847139835,
            "min": -6.09114170074,
            "var": 2.57936835289
        },
        "barkbands_spread": {
            "dmean": 5.65951061249,
            "dmean2": 8.55423164368,
            "dvar": 89.8877944946,
            "dvar2": 189.168533325,
            "max": 115.255607605,
            "mean": 14.4766016006,
            "median": 9.62467002869,
            "min": 0.0941131040454,
            "var": 242.676605225
        },
        "dissonance": {
            "dmean": 0.0395373404026,
            "dmean2": 0.0643037855625,
            "dvar": 0.00150729098823,
            "dvar2": 0.00388317997567,
            "max": 0.500000059605,
            "mean": 0.40997838974,
            "median": 0.428763836622,
            "min": 0.0882637798786,
            "var": 0.00507818488404
        },
        "dynamic_complexity": 4.59128236771,
        "erbbands": {
            "dmean": [
                0.114856041968,
                0.610657095909,
                1.83559978008,
                3.10425066948,
                4.31414747238,
                4.58056974411,
                5.96826696396,
                13.614030838,
                19.5470542908,
                21.3535518646,
                13.0595760345,
                19.7834587097,
                22.3519878387,
                16.1595420837,
                19.0961952209,
                17.3772754669,
                14.0748310089,
                17.3965396881,
                19.2025032043,
                20.6266613007,
                13.1056070328,
                13.3116588593,
                14.8032102585,
                8.60110855103,
                6.48249292374,
                7.21538639069,
                7.54556035995,
                12.3523168564,
                7.67464113235,
                4.65283870697,
                4.5291686058,
                2.76674818993,
                1.73429048061,
                0.732000827789,
                0.348965406418,
                0.122252427042,
                0.0311163794249,
                0.00576218171045,
                0.000729594146833,
                3.13800155709e-05
            ],
            "dmean2": [
                0.183248117566,
                0.907362103462,
                3.2542283535,
                5.40587949753,
                7.18620443344,
                6.98041248322,
                8.65943908691,
                21.0400562286,
                30.4986400604,
                32.7699050903,
                19.7567424774,
                29.0425071716,
                32.7414169312,
                23.4824638367,
                29.0174694061,
                26.7757911682,
                22.2129364014,
                26.7946491241,
                28.7429218292,
                30.761680603,
                18.6455097198,
                19.4559574127,
                21.240901947,
                12.3169670105,
                9.90203762054,
                11.4201526642,
                11.9545888901,
                20.3326892853,
                12.5295352936,
                7.47570705414,
                7.40892887115,
                4.42772626877,
                2.72418832779,
                1.13765227795,
                0.534231722355,
                0.179254919291,
                0.0455888286233,
                0.00852332264185,
                0.00112124346197,
                4.73392901768e-05
            ],
            "dvar": [
                0.382622092962,
                9.10493564606,
                107.872848511,
                200.660415649,
                132.662185669,
                89.9106369019,
                116.673332214,
                812.763305664,
                1905.28564453,
                3035.64282227,
                1338.82104492,
                4841.41064453,
                7738.76757813,
                4311.72314453,
                5499.86767578,
                3725.01831055,
                2169.62329102,
                2513.79101563,
                4286.02783203,
                4373.4453125,
                1514.77844238,
                1130.72717285,
                1270.02758789,
                529.910949707,
                447.667388916,
                772.002685547,
                1316.54150391,
                5372.68994141,
                1527.76464844,
                534.714599609,
                604.288818359,
                150.435516357,
                59.21043396,
                13.3060178757,
                3.51312208176,
                0.33134624362,
                0.0279652904719,
                0.000959096243605,
                2.1420957637e-05,
                2.24805383198e-08
            ],
            "dvar2": [
                0.89098161459,
                18.5227928162,
                305.483459473,
                572.970153809,
                374.787353516,
                227.050765991,
                246.668457031,
                1885.25854492,
                4566.50048828,
                6848.38574219,
                2917.49829102,
                10056.5185547,
                16080.0820313,
                8270.36621094,
                12408.0390625,
                8291.30175781,
                5095.47021484,
                5759.03369141,
                8974.39550781,
                9578.22070313,
                3006.35791016,
                2372.04101563,
                2407.88452148,
                1080.09875488,
                977.73223877,
                1796.62097168,
                3215.03076172,
                13986.4443359,
                3917.46606445,
                1560.47692871,
                1797.34375,
                396.904724121,
                146.420654297,
                34.5729637146,
                9.02016448975,
                0.662842512131,
                0.0574117824435,
                0.0020004126709,
                4.79117115901e-05,
                4.91567178074e-08
            ],
            "max": [
                7.60487508774,
                37.2380523682,
                123.474685669,
                185.105682373,
                162.514343262,
                203.222442627,
                196.966598511,
                453.252868652,
                812.553161621,
                1313.56286621,
                721.609313965,
                1723.16601563,
                1936.63513184,
                2065.23925781,
                2086.84350586,
                1725.15576172,
                1264.7578125,
                1515.8046875,
                2525.77905273,
                1387.44763184,
                989.088439941,
                669.671813965,
                660.15057373,
                468.82711792,
                575.653930664,
                496.74520874,
                580.799438477,
                1105.10681152,
                590.615966797,
                561.610351563,
                607.342407227,
                209.316345215,
                174.890884399,
                83.1673660278,
                49.3403892517,
                22.5190315247,
                8.53405284882,
                1.0854010582,
                0.121689252555,
                0.0038402301725
            ],
            "mean": [
                0.138854116201,
                0.836109519005,
                1.86284601688,
                4.78322267532,
                7.88511228561,
                9.00933456421,
                12.0112075806,
                24.8419933319,
                33.4920120239,
                28.5579948425,
                15.9869441986,
                26.498418808,
                28.2054481506,
                21.4109859467,
                23.9572200775,
                22.4048023224,
                16.4602203369,
                22.0346851349,
                23.7722396851,
                25.8770866394,
                17.834608078,
                19.2148475647,
                22.9575195313,
                12.5599298477,
                8.81131458282,
                7.71277427673,
                7.58320522308,
                11.3070077896,
                7.55974721909,
                4.89029169083,
                4.41822767258,
                2.91030597687,
                1.91796147823,
                0.862850427628,
                0.416699409485,
                0.155895322561,
                0.0388627797365,
                0.0066657573916,
                0.000746775302105,
                5.06590185978e-05
            ],
            "median": [
                0.0214904025197,
                0.0996530801058,
                0.357156395912,
                0.959243118763,
                2.83638525009,
                3.53308534622,
                4.18907976151,
                8.5895652771,
                8.74899673462,
                6.51325321198,
                2.31785392761,
                1.97820520401,
                1.831127882,
                1.71486759186,
                2.01258039474,
                1.75312829018,
                1.44985032082,
                2.21388721466,
                1.1952650547,
                1.41584992409,
                0.96733045578,
                0.975418448448,
                0.760604023933,
                0.673122644424,
                0.697917580605,
                0.4319678545,
                0.336825579405,
                0.379015892744,
                0.291029512882,
                0.137068077922,
                0.0748803019524,
                0.0520575344563,
                0.0305436942726,
                0.0115461712703,
                0.00441414304078,
                0.00184766156599,
                0.000503389863297,
                7.73493229644e-05,
                1.591032742e-05,
                2.05236283364e-05
            ],
            "min": [
                1.21120075179e-22,
                8.44103786806e-22,
                2.44656700154e-21,
                1.3336578894e-20,
                1.51268547795e-19,
                1.12994642358e-19,
                8.87196637273e-20,
                7.7069574432e-20,
                4.58647454628e-19,
                6.45342015483e-19,
                1.60491815835e-18,
                6.45928331441e-19,
                1.60293768117e-18,
                2.19417557055e-18,
                1.29534147141e-18,
                1.39073762651e-18,
                1.03731468023e-18,
                2.11032323788e-18,
                7.03347621669e-18,
                1.06272599952e-17,
                7.72663289049e-18,
                1.08569225564e-17,
                1.0956940273e-17,
                1.38334716065e-17,
                1.30981593271e-17,
                1.62127102275e-17,
                1.59653865331e-17,
                1.26835226374e-17,
                1.6924775423e-17,
                1.74662147647e-17,
                1.68776823763e-17,
                1.46291358105e-17,
                9.56710313598e-18,
                1.16351084341e-17,
                9.3670850736e-18,
                6.27377038106e-18,
                3.02238271424e-18,
                1.15122789374e-18,
                3.12624175419e-19,
                3.50493356892e-20
            ],
            "var": [
                0.344660490751,
                10.3969717026,
                68.7030944824,
                192.58795166,
                213.600891113,
                185.753601074,
                347.887298584,
                1693.64660645,
                3434.45654297,
                4723.91943359,
                2073.29589844,
                8915.04980469,
                12014.796875,
                7283.28710938,
                7623.14257813,
                6249.12939453,
                2974.20166016,
                3788.19750977,
                6512.15429688,
                6781.49560547,
                2988.22680664,
                2177.41894531,
                2917.55688477,
                924.614501953,
                563.430603027,
                777.665588379,
                1162.18664551,
                4063.33886719,
                1257.28295898,
                471.900604248,
                485.063476563,
                154.850448608,
                76.6126022339,
                17.9251556396,
                5.30973052979,
                0.724991977215,
                0.0525436140597,
                0.00148889224511,
                2.45490555244e-05,
                2.68250008872e-08
            ]
        },
        "erbbands_crest": {
            "dmean": 3.40591597557,
            "dmean2": 5.45250749588,
            "dvar": 9.69031524658,
            "dvar2": 22.8033123016,
            "max": 33.1213951111,
            "mean": 12.3944215775,
            "median": 11.64153862,
            "min": 2.16640949249,
            "var": 25.5821208954
        },
        "erbbands_flatness_db": {
            "dmean": 0.0276915263385,
            "dmean2": 0.0396087914705,
            "dvar": 0.000886151450686,
            "dvar2": 0.00169658032246,
            "max": 0.572098612785,
            "mean": 0.264530539513,
            "median": 0.238704487681,
            "min": 0.0412452630699,
            "var": 0.0102390423417
        },
        "erbbands_kurtosis": {
            "dmean": 3.16909694672,
            "dmean2": 4.9657664299,
            "dvar": 42.0448112488,
            "dvar2": 100.254013062,
            "max": 168.010894775,
            "mean": 4.48901891708,
            "median": 1.12824106216,
            "min": -1.89752519131,
            "var": 135.234191895
        },
        "erbbands_skewness": {
            "dmean": 0.671217501163,
            "dmean2": 0.996553063393,
            "dvar": 0.494906336069,
            "dvar2": 1.04064297676,
            "max": 9.91180515289,
            "mean": 0.800105512142,
            "median": 0.688367664814,
            "min": -5.16796445847,
            "var": 2.17097854614
        },
        "erbbands_spread": {
            "dmean": 9.29597949982,
            "dmean2": 14.2528734207,
            "dvar": 192.381881714,
            "dvar2": 421.908813477,
            "max": 164.598800659,
            "mean": 25.6084060669,
            "median": 20.0075340271,
            "min": 0.657900869846,
            "var": 522.769042969
        },
        "gfcc": {
            "cov": [
                [
                    22150.3417969,
                    -7918.80712891,
                    -3192.65405273,
                    3371.62036133,
                    -1698.18688965,
                    2198.12988281,
                    -52.9384803772,
                    1822.8894043,
                    371.820648193,
                    836.321899414,
                    82.9831695557,
                    769.603942871,
                    -761.064453125
                ],
                [
                    -7918.80712891,
                    6350.79199219,
                    1541.06604004,
                    -1695.67614746,
                    1398.7722168,
                    -1238.66137695,
                    293.249572754,
                    -823.78704834,
                    193.023254395,
                    -466.463928223,
                    207.064865112,
                    -514.512573242,
                    408.561737061
                ],
                [
                    -3192.65405273,
                    1541.06604004,
                    2513.41967773,
                    -80.9031829834,
                    240.913589478,
                    -228.453689575,
                    -5.11727380753,
                    -274.119140625,
                    -25.2645683289,
                    -44.7380409241,
                    18.1563510895,
                    -116.492637634,
                    100.029960632
                ],
                [
                    3371.62036133,
                    -1695.67614746,
                    -80.9031829834,
                    1608.95141602,
                    -233.143798828,
                    268.029083252,
                    9.5148601532,
                    301.473480225,
                    -41.1110343933,
                    171.81703186,
                    -84.7634963989,
                    105.840377808,
                    -84.086151123
                ],
                [
                    -1698.18688965,
                    1398.7722168,
                    240.913589478,
                    -233.143798828,
                    710.333129883,
                    -180.70703125,
                    22.8077068329,
                    -181.904281616,
                    62.9202957153,
                    -79.750579834,
                    35.9256134033,
                    -123.444847107,
                    118.894256592
                ],
                [
                    2198.12988281,
                    -1238.66137695,
                    -228.453689575,
                    268.029083252,
                    -180.70703125,
                    704.871154785,
                    82.8384628296,
                    207.057250977,
                    0.685954928398,
                    135.73324585,
                    24.3096141815,
                    157.839752197,
                    -125.697036743
                ],
                [
                    -52.9384803772,
                    293.249572754,
                    -5.11727380753,
                    9.5148601532,
                    22.8077068329,
                    82.8384628296,
                    413.083435059,
                    19.2340202332,
                    -48.8049964905,
                    -22.5881328583,
                    9.42297267914,
                    20.4314250946,
                    -5.05383300781
                ],
                [
                    1822.8894043,
                    -823.78704834,
                    -274.119140625,
                    301.473480225,
                    -181.904281616,
                    207.057250977,
                    19.2340202332,
                    403.326965332,
                    131.591842651,
                    81.5261383057,
                    22.9325904846,
                    106.827552795,
                    -70.7566223145
                ],
                [
                    371.820648193,
                    193.023254395,
                    -25.2645683289,
                    -41.1110343933,
                    62.9202957153,
                    0.685954928398,
                    -48.8049964905,
                    131.591842651,
                    277.90914917,
                    51.0317268372,
                    68.3541107178,
                    3.76774907112,
                    11.9817180634
                ],
                [
                    836.321899414,
                    -466.463928223,
                    -44.7380409241,
                    171.81703186,
                    -79.750579834,
                    135.73324585,
                    -22.5881328583,
                    81.5261383057,
                    51.0317268372,
                    204.511947632,
                    41.8187179565,
                    46.6734313965,
                    -29.8674182892
                ],
                [
                    82.9831695557,
                    207.064865112,
                    18.1563510895,
                    -84.7634963989,
                    35.9256134033,
                    24.3096141815,
                    9.42297267914,
                    22.9325904846,
                    68.3541107178,
                    41.8187179565,
                    198.811782837,
                    49.799659729,
                    -3.69402003288
                ],
                [
                    769.603942871,
                    -514.512573242,
                    -116.492637634,
                    105.840377808,
                    -123.444847107,
                    157.839752197,
                    20.4314250946,
                    106.827552795,
                    3.76774907112,
                    46.6734313965,
                    49.799659729,
                    179.984359741,
                    -21.8894004822
                ],
                [
                    -761.064453125,
                    408.561737061,
                    100.029960632,
                    -84.086151123,
                    118.894256592,
                    -125.697036743,
                    -5.05383300781,
                    -70.7566223145,
                    11.9817180634,
                    -29.8674182892,
                    -3.69402003288,
                    -21.8894004822,
                    150.996765137
                ]
            ],
            "icov": [
                [
                    0.000160412993864,
                    -4.32355664088e-05,
                    0.000145395373693,
                    -0.000246022245847,
                    0.000169917504536,
                    -0.000275516416878,
                    0.000102269455965,
                    -0.000215591178858,
                    -0.000104680060758,
                    -9.53001654125e-05,
                    -4.96945758641e-05,
                    -2.93695520668e-05,
                    0.000215422012843
                ],
                [
                    -4.32355664088e-05,
                    0.00127339654136,
                    -0.000430804298958,
                    0.000627715373412,
                    -0.00123215885833,
                    0.00114677578676,
                    -0.00122656254098,
                    0.00081310007954,
                    -0.0010051849531,
                    0.000942012877204,
                    -0.00106676504947,
                    0.00100898428354,
                    -0.000377422722522
                ],
                [
                    0.000145395373693,
                    -0.000430804298958,
                    0.000698035291862,
                    -0.000461659219582,
                    0.000487019802677,
                    -0.000549263204448,
                    0.000438455288531,
                    -0.000128498548293,
                    0.000147620346979,
                    -0.000381221674616,
                    0.000189133774256,
                    -0.000222658534767,
                    0.000177956826519
                ],
                [
                    -0.000246022245847,
                    0.000627715373412,
                    -0.000461659219582,
                    0.00149104034062,
                    -0.000838745618239,
                    0.000886230380274,
                    -0.000653860741295,
                    -5.82975771977e-05,
                    0.00018719000218,
                    -8.77599231899e-05,
                    5.92950673308e-05,
                    0.000377362011932,
                    -0.000429408537457
                ],
                [
                    0.000169917504536,
                    -0.00123215885833,
                    0.000487019802677,
                    -0.000838745618239,
                    0.00339865847491,
                    -0.0014816718176,
                    0.00100081018172,
                    -0.000169288177858,
                    4.48766732006e-05,
                    -0.000409884873079,
                    0.000383417413104,
                    0.000101270867162,
                    -0.000615259516053
                ],
                [
                    -0.000275516416878,
                    0.00114677578676,
                    -0.000549263204448,
                    0.000886230380274,
                    -0.0014816718176,
                    0.00373121048324,
                    -0.00157386739738,
                    0.000511199468747,
                    -0.000420013180701,
                    -0.000108955347969,
                    -0.000500972091686,
                    -0.000567466253415,
                    0.000742633361369
                ],
                [
                    0.000102269455965,
                    -0.00122656254098,
                    0.000438455288531,
                    -0.000653860741295,
                    0.00100081018172,
                    -0.00157386739738,
                    0.00384740368463,
                    -0.00128503341693,
                    0.00164652883541,
                    -0.000493649626151,
                    0.000672376831062,
                    -0.000943653634749,
                    0.000259441265371
                ],
                [
                    -0.000215591178858,
                    0.00081310007954,
                    -0.000128498548293,
                    -5.82975771977e-05,
                    -0.000169288177858,
                    0.000511199468747,
                    -0.00128503341693,
                    0.00606080237776,
                    -0.00348908361048,
                    0.00097719731275,
                    -0.000216288564843,
                    -0.00088325102115,
                    0.000458694004919
                ],
                [
                    -0.000104680060758,
                    -0.0010051849531,
                    0.000147620346979,
                    0.00018719000218,
                    4.48766732006e-05,
                    -0.000420013180701,
                    0.00164652883541,
                    -0.00348908361048,
                    0.00691288104281,
                    -0.00189236842562,
                    -0.000530208752025,
                    0.000254534359556,
                    -0.000665142608341
                ],
                [
                    -9.53001654125e-05,
                    0.000942012877204,
                    -0.000381221674616,
                    -8.77599231899e-05,
                    -0.000409884873079,
                    -0.000108955347969,
                    -0.000493649626151,
                    0.00097719731275,
                    -0.00189236842562,
                    0.00753769697621,
                    -0.00209065945819,
                    0.000804944371339,
                    -0.000445424520876
                ],
                [
                    -4.96945758641e-05,
                    -0.00106676504947,
                    0.000189133774256,
                    5.92950673308e-05,
                    0.000383417413104,
                    -0.000500972091686,
                    0.000672376831062,
                    -0.000216288564843,
                    -0.000530208752025,
                    -0.00209065945819,
                    0.00765590975061,
                    -0.0034307257738,
                    0.00106437772047
                ],
                [
                    -2.93695520668e-05,
                    0.00100898428354,
                    -0.000222658534767,
                    0.000377362011932,
                    0.000101270867162,
                    -0.000567466253415,
                    -0.000943653634749,
                    -0.00088325102115,
                    0.000254534359556,
                    0.000804944371339,
                    -0.0034307257738,
                    0.00988672859967,
                    -0.00202972604893
                ],
                [
                    0.000215422012843,
                    -0.000377422722522,
                    0.000177956826519,
                    -0.000429408537457,
                    -0.000615259516053,
                    0.000742633361369,
                    0.000259441265371,
                    0.000458694004919,
                    -0.000665142608341,
                    -0.000445424520876,
                    0.00106437772047,
                    -0.00202972604893,
                    0.00939539913088
                ]
            ],
            "mean": [
                -119.312774658,
                144.702072144,
                -105.383628845,
                16.0466423035,
                -51.4771575928,
                -8.83245944977,
                -35.5446052551,
                -6.89584445953,
                -16.0575847626,
                -0.466047793627,
                -7.80253267288,
                -0.394824028015,
                -4.22279548645
            ]
        },
        "hfc": {
            "dmean": 9.3223733902,
            "dmean2": 14.015209198,
            "dvar": 725.016540527,
            "dvar2": 1799.34143066,
            "max": 395.967163086,
            "mean": 18.1446933746,
            "median": 7.52049398422,
            "min": 1.18784988847e-16,
            "var": 940.870117188
        },
        "melbands": {
            "dmean": [
                0.00090188375907,
                0.000848066119943,
                0.000557229679544,
                0.000313009542879,
                0.000200500464416,
                0.000299350940622,
                0.000302300410112,
                0.000217550201342,
                0.000104350219772,
                0.00013669472537,
                0.000112017361971,
                6.39081481495e-05,
                7.45217694202e-05,
                4.5876535296e-05,
                3.80203964596e-05,
                3.45805492543e-05,
                3.38433710567e-05,
                3.26682456944e-05,
                3.20154686051e-05,
                2.36184914684e-05,
                1.50253617903e-05,
                1.38075265568e-05,
                1.66858117154e-05,
                1.15613484013e-05,
                6.99437805451e-06,
