{
    "lowlevel": {
        "average_loudness": 0.922444462776,
        "barkbands": {
            "dmean": [
                0.000298094179016,
                0.00614467076957,
                0.0020779275801,
                0.000927716027945,
                0.00117583712563,
                0.000800060166512,
                0.000527718104422,
                0.000804299605079,
                0.000908766814973,
                0.000857030390762,
                0.000864043191541,
                0.000596351223066,
                0.00052414246602,
                0.000563113426324,
                0.000546755967662,
                0.000325136032188,
                0.000286091788439,
                0.000211951322854,
                0.000215157429921,
                9.83401696431e-05,
                6.63822356728e-05,
                5.71442396904e-05,
                5.45371476619e-05,
                3.64766710845e-05,
                1.88622634596e-05,
                8.10135043139e-06,
                1.28032479552e-06
            ],
            "dmean2": [
                0.000447371246992,
                0.0102929305285,
                0.00342328706756,
                0.00158114207443,
                0.00196941802278,
                0.00124388758559,
                0.000819758628495,
                0.0012371672783,
                0.00140157400165,
                0.00128587649669,
                0.00132237840444,
                0.000955452967901,
                0.000833339174278,
                0.000911274168175,
                0.000850232143421,
                0.000505007687025,
                0.000453190586995,
                0.00032818337786,
                0.000325793545926,
                0.000155513262143,
                0.000106980391138,
                8.69118157425e-05,
                8.12430371298e-05,
                5.41506196896e-05,
                2.75681832136e-05,
                1.22777782963e-05,
                2.11592032429e-06
            ],
            "dvar": [
                3.31360496375e-07,
                0.000171835694346,
                1.52363463712e-05,
                3.63451067642e-06,
                5.50341883354e-06,
                1.70466114469e-06,
                9.09803247851e-07,
                2.30724094763e-06,
                2.30713089877e-06,
                2.3178936317e-06,
                2.29774150284e-06,
                1.18474190458e-06,
                1.23242421068e-06,
                1.43548993492e-06,
                1.677838668e-06,
                4.42028294856e-07,
                2.05369559581e-07,
                1.53735669528e-07,
                1.40855505038e-07,
                3.6917629842e-08,
                2.13098321211e-08,
                1.61947308897e-08,
                2.62527546369e-08,
                9.15447451177e-09,
                2.18337525837e-09,
                5.9998972457e-10,
                2.69702159911e-11
            ],
            "dvar2": [
                7.70038127484e-07,
                0.000464778975584,
                4.18862400693e-05,
                1.02038038676e-05,
                1.47125874719e-05,
                3.8673151721e-06,
                2.03107197194e-06,
                5.10993231728e-06,
                4.96405391459e-06,
                5.0861121963e-06,
                4.94649384564e-06,
                2.9144000564e-06,
                2.91483593173e-06,
                3.64347306459e-06,
                3.96508403355e-06,
                1.02799401702e-06,
                4.99379098073e-07,
                3.54505033329e-07,
                2.76105396324e-07,
                8.98368668345e-08,
                5.23910443917e-08,
                3.45107160626e-08,
                5.20672287507e-08,
                1.84453678997e-08,
                4.22938839506e-09,
                1.25968435682e-09,
                6.19563012005e-11
            ],
            "max": [
                0.00782017875463,
                0.139313310385,
                0.055797368288,
                0.0315012559295,
                0.039880335331,
                0.0209798309952,
                0.0186661668122,
                0.0389643907547,
                0.0293752085418,
                0.0320639535785,
                0.0263376161456,
                0.0210127476603,
                0.0208720117807,
                0.024788249284,
                0.0246463511139,
                0.0151629503816,
                0.0085372114554,
                0.00674464134499,
                0.00675609335303,
                0.00483314599842,
                0.00279674888588,
                0.00247458438389,
                0.00293110054918,
                0.00208377442323,
                0.00122567964718,
                0.000805735529866,
                0.000152143082232
            ],
            "mean": [
                0.000564530200791,
                0.011788408272,
                0.00351787731051,
                0.00139912753366,
                0.00198345212266,
                0.00185517629143,
                0.00107885047328,
                0.00158254802227,
                0.00179985177238,
                0.00166664633434,
                0.00169710221235,
                0.00119255576283,
                0.000913725467399,
                0.000930503825657,
                0.000940963218454,
                0.000637433782686,
                0.000594281242229,
                0.000464986893348,
                0.000476530869491,
                0.000198814188479,
                0.000138074814458,
                0.00011199976143,
                9.73632850219e-05,
                6.48146233289e-05,
                3.50993323082e-05,
                1.31368669827e-05,
                1.55512555011e-06
            ],
            "median": [
                0.000120761702419,
                0.00922344624996,
                0.00200171582401,
                0.000797828775831,
                0.001172328135,
                0.00102630746551,
                0.000554275116883,
                0.000761662202422,
                0.000973608403001,
                0.000824846152682,
                0.00068308430491,
                0.000481877679704,
                0.000321608880768,
                0.000344032101566,
                0.00032265621121,
                0.00028802343877,
                0.000320035673212,
                0.000182825126103,
                0.000176960442332,
                7.91269194451e-05,
                4.65453413199e-05,
                3.14873905154e-05,
                1.41202972372e-05,
                1.50969626702e-05,
                7.91840284364e-06,
                2.44949910666e-06,
                1.38914586501e-07
            ],
            "min": [
                2.5636973622e-24,
                3.72413344746e-24,
                3.89030423613e-24,
                1.55552582837e-24,
                9.41085343063e-24,
                2.61103871951e-23,
                1.40254230912e-23,
                1.18863762596e-23,
                1.59186608647e-23,
                2.63742879891e-23,
                2.89050058379e-23,
                1.58241758387e-23,
                3.65151438351e-23,
                4.08455263546e-23,
                5.81427216512e-23,
                6.91741777933e-23,
                6.02061419655e-23,
                1.12829349013e-22,
                9.38744161669e-23,
                1.97936775287e-22,
                3.31587520981e-22,
                3.09325235147e-22,
                3.92804869031e-22,
                7.26371660956e-22,
                9.36022212892e-22,
                1.46567145211e-21,
                2.20952422024e-21
            ],
            "var": [
                8.54994482324e-07,
                0.000213469567825,
                2.159811811e-05,
                3.80116557608e-06,
                7.24451683709e-06,
                5.73335637455e-06,
                2.86780073111e-06,
                5.7436463976e-06,
                6.25369193585e-06,
                6.36743425275e-06,
                7.20008165445e-06,
                3.48556204699e-06,
                2.7034075174e-06,
                3.22646451423e-06,
                3.15260945172e-06,
                1.08188055492e-06,
                5.39499467322e-07,
                5.54403357e-07,
                5.23146468367e-07,
                9.18353109114e-08,
                5.19120639808e-08,
                4.48032579925e-08,
                6.89086760985e-08,
                2.28873382468e-08,
                6.66258781479e-09,
                1.38285294327e-09,
                4.4358922785e-11
            ]
        },
        "barkbands_crest": {
            "dmean": 2.49696230888,
            "dmean2": 4.04595899582,
            "dvar": 6.38310718536,
            "dvar2": 16.7393169403,
            "max": 25.1695251465,
            "mean": 10.1761875153,
            "median": 9.30702400208,
            "min": 2.6033782959,
            "var": 18.1318969727
        },
        "barkbands_flatness_db": {
            "dmean": 0.0188546441495,
            "dmean2": 0.028047112748,
            "dvar": 0.000375711009838,
            "dvar2": 0.000804142968263,
            "max": 0.449338138103,
            "mean": 0.150984689593,
            "median": 0.137876614928,
            "min": 0.0365550518036,
            "var": 0.00429400196299
        },
        "barkbands_kurtosis": {
            "dmean": 1.81368136406,
            "dmean2": 2.82245230675,
            "dvar": 15.7687215805,
            "dvar2": 37.937374115,
            "max": 129.385162354,
            "mean": 2.27075147629,
            "median": 0.569599628448,
            "min": -1.77179181576,
            "var": 38.7265853882
        },
        "barkbands_skewness": {
            "dmean": 0.422675341368,
            "dmean2": 0.64091861248,
            "dvar": 0.23033207655,
            "dvar2": 0.528739869595,
            "max": 9.65593910217,
            "mean": 1.10019099712,
            "median": 0.971535503864,
            "min": -2.25879216194,
            "var": 1.10591518879
        },
        "barkbands_spread": {
            "dmean": 4.06735563278,
            "dmean2": 6.05098152161,
            "dvar": 32.2367668152,
            "dvar2": 65.5960922241,
            "max": 109.060768127,
            "mean": 20.7741794586,
            "median": 19.0209960938,
            "min": 0.689331531525,
            "var": 144.67149353
        },
        "dissonance": {
            "dmean": 0.0211655311286,
            "dmean2": 0.0357705466449,
            "dvar": 0.000523380702361,
            "dvar2": 0.00144162657671,
            "max": 0.5,
            "mean": 0.458814740181,
            "median": 0.469646215439,
            "min": 0.154301017523,
            "var": 0.00138399086427
        },
        "dynamic_complexity": 3.35272216797,
        "erbbands": {
            "dmean": [
                0.205452769995,
                1.40884399414,
                2.27379655838,
                2.74997496605,
                3.20343089104,
                4.59666919708,
                5.44090080261,
                7.08373260498,
                6.84081077576,
                12.7844057083,
                16.8171901703,
                20.925157547,
                28.357585907,
                26.1321735382,
                29.3630275726,
                24.083152771,
                22.0968322754,
                28.983953476,
                25.6154251099,
                19.4063262939,
                15.0880794525,
                14.8606119156,
                11.5177526474,
                11.703040123,
                8.27683925629,
                4.46848297119,
                2.98065710068,
                2.44457244873,
                2.0813729763,
                1.83967399597,
                1.56668293476,
                1.08191299438,
                0.437882959843,
                0.2350371629,
                0.130371719599,
                0.0473568066955,
                0.0134571800008,
                0.00240658409894,
                0.000227116572205,
                1.32921713885e-05
            ],
            "dmean2": [
                0.339357972145,
                2.36593914032,
                3.78060126305,
                4.59079217911,
                5.49383401871,
                7.74513149261,
                8.75500774384,
                10.853345871,
                10.4304494858,
                19.490737915,
                26.1755809784,
                32.1898117065,
                42.9977493286,
                40.8168106079,
                44.7170257568,
                37.947719574,
                35.1105537415,
                46.4513092041,
                40.1900901794,
                29.3718471527,
                23.3265514374,
                22.8357963562,
                17.7338924408,
                17.798166275,
                12.5836057663,
                7.05323314667,
                4.78707838058,
                3.88812065125,
                3.22622442245,
                2.82564020157,
                2.28888320923,
                1.61610364914,
                0.641357421875,
                0.3465949893,
                0.19178545475,
                0.0715499669313,
                0.0209785308689,
                0.00374780874699,
                0.000377021176973,
                2.1318990548e-05
            ],
            "dvar": [
                0.145929470658,
                9.97450733185,
                20.5797386169,
                22.8738861084,
                76.8710098267,
                84.0594100952,
                112.19871521,
                145.731277466,
                142.803222656,
                632.026184082,
                1127.01025391,
                1241.63012695,
                2557.27514648,
                2654.20678711,
                3282.63183594,
                2052.2824707,
                2191.15893555,
                3839.38378906,
                4420.17431641,
                1966.55834961,
                706.123840332,
                613.135681152,
                539.325256348,
                458.871612549,
                197.096740723,
                92.975402832,
                40.6292266846,
                27.9796962738,
                20.6205997467,
                26.5355014801,
                23.0680599213,
                9.04256057739,
                1.17747497559,
                0.299391716719,
                0.132631659508,
                0.020135788247,
                0.00182982336264,
                6.96314964443e-05,
                9.23820266507e-07,
                7.19352022394e-10
            ],
            "dvar2": [
                0.385586231947,
                27.6354293823,
                57.8536605835,
                63.399230957,
                211.124938965,
                223.086593628,
                273.869232178,
                319.706298828,
                320.081085205,
                1452.54614258,
                2435.60473633,
                2657.98681641,
                5699.08105469,
                6202.54296875,
                7046.15136719,
                4853.86376953,
                5278.29736328,
                9879.30664062,
                11084.1835938,
                4007.5637207,
                1538.73962402,
                1405.99328613,
                1205.24768066,
                899.29119873,
                429.137756348,
                228.792602539,
                100.566200256,
                66.2621612549,
                45.7890701294,
                56.601108551,
                45.6721611023,
                18.5054664612,
                2.30888414383,
                0.595348358154,
                0.277588129044,
                0.0421681776643,
                0.00426612142473,
                0.000147106897202,
                2.0886159291e-06,
                1.65734603819e-09
            ],
            "max": [
                3.30608463287,
                34.5210113525,
                58.8358230591,
                82.4999084473,
                133.566894531,
                193.195159912,
                219.696212769,
                243.182846069,
                290.390625,
                442.844787598,
                1050.68737793,
                733.574951172,
                1249.86584473,
                1579.61523438,
                1269.2442627,
                956.418762207,
                901.518310547,
                1431.99169922,
                1639.20654297,
                1268.91748047,
                531.21295166,
                593.843566895,
                436.231689453,
                396.711730957,
                245.661697388,
                336.767669678,
                130.587692261,
                72.4932479858,
                93.8760910034,
                93.1520385742,
                92.6982803345,
                64.6494369507,
                20.2454662323,
                12.5227928162,
                11.4786577225,
                4.71714115143,
                1.20792734623,
                0.26339417696,
                0.0300592109561,
                0.000767059857026
            ],
            "mean": [
                0.352276474237,
                2.56236457825,
                4.0798163414,
                5.18934965134,
                4.51702022552,
                7.5291223526,
                9.94243049622,
                16.1339359283,
                16.0255031586,
                27.3785800934,
                32.8390922546,
                43.2538909912,
                56.686870575,
                52.7988891602,
                62.4906196594,
                50.1982803345,
                42.6837272644,
                54.2698135376,
                47.0021972656,
                40.3477630615,
                33.7677192688,
                32.7437057495,
                27.8720970154,
                25.8889923096,
                18.7689628601,
                9.33932971954,
                6.21191549301,
                5.11583375931,
                4.14500904083,
                3.29009056091,
                2.76890444756,
                1.83096659184,
                0.814292788506,
                0.439105689526,
                0.224213898182,
                0.0780586972833,
                0.0202946383506,
                0.00366576435044,
                0.000276302482234,
                4.85891614517e-05
            ],
            "median": [
                0.223944365978,
                1.86024188995,
                2.94743847847,
                2.90609073639,
                2.65347552299,
                3.92226243019,
                5.35659885406,
                8.45108318329,
                9.19436073303,
                12.5132455826,
                17.4722156525,
                25.0463161469,
                30.2806167603,
                21.3747062683,
                27.6438064575,
                21.6507453918,
                17.7668533325,
                22.0553874969,
                18.8305263519,
                16.7751560211,
                18.1408824921,
                17.9198608398,
                11.8354701996,
                10.8479318619,
                6.95012331009,
                3.90129232407,
                2.32959985733,
                1.45935714245,
                1.19839787483,
                0.688290894032,
                0.383669167757,
                0.368577957153,
                0.202676996589,
                0.104547530413,
                0.0457018651068,
                0.0136255295947,
                0.00375776784495,
                0.000585612026043,
                4.47744969279e-05,
                4.59000257251e-05
            ],
            "min": [
                1.4539153294e-22,
                8.52250182981e-22,
                8.7031525422e-21,
                1.28138023625e-20,
                1.49567098667e-20,
                3.38036146114e-20,
                8.15816120289e-20,
                1.65667371191e-19,
                1.72296306147e-19,
                1.59925484044e-19,
                4.03859120906e-19,
                3.86422231141e-19,
                6.99726349024e-19,
                1.35310731929e-18,
                1.44967776067e-18,
                1.31687484391e-18,
                1.55700310098e-18,
                2.14603717441e-18,
                2.95690723285e-18,
                4.2215232872e-18,
                3.76406635227e-18,
                4.85306865385e-18,
                6.46359881907e-18,
                7.27329241988e-18,
                7.46389716689e-18,
                1.01686090251e-17,
                1.13777915707e-17,
                1.39104101568e-17,
                1.24987718476e-17,
                1.23011981039e-17,
                1.29629665822e-17,
                1.23300187308e-17,
                1.14180024746e-17,
                8.7842362432e-18,
                7.46546632851e-18,
                5.02964483126e-18,
                2.61826114443e-18,
                1.15206665488e-18,
                2.73257228351e-19,
                3.29388134368e-20
            ],
            "var": [
                0.212209656835,
                10.9345493317,
                24.0382080078,
                40.8407211304,
                62.8584938049,
                128.757217407,
                220.537567139,
                500.713653564,
                509.472015381,
                1691.36254883,
                2603.56713867,
                3452.18798828,
                6755.44873047,
                8280.90136719,
                10786.7441406,
                6267.01220703,
                4770.65917969,
                9597.04882812,
                8218.30078125,
                4507.640625,
                2172.60864258,
                1712.60546875,
                1972.51013184,
                1527.40539551,
                711.272521973,
                200.391769409,
                97.6298294067,
                75.8440551758,
                56.6589012146,
                61.6197738647,
                59.6179008484,
                21.5264129639,
                3.18691515923,
                0.905783355236,
                0.342275768518,
                0.0485733672976,
                0.00347169558518,
                0.000143964207382,
                1.45630815496e-06,
                1.69606384492e-09
            ]
        },
        "erbbands_crest": {
            "dmean": 2.5364317894,
            "dmean2": 4.02408504486,
            "dvar": 5.6329293251,
            "dvar2": 13.6394519806,
            "max": 32.2555427551,
            "mean": 9.55762958527,
            "median": 8.42372703552,
            "min": 2.06367826462,
            "var": 21.2980613708
        },
        "erbbands_flatness_db": {
            "dmean": 0.0166990496218,
            "dmean2": 0.0239726006985,
            "dvar": 0.000282127497485,
            "dvar2": 0.000529715849552,
            "max": 0.442673265934,
            "mean": 0.18385951221,
            "median": 0.178872048855,
            "min": 0.0283898245543,
            "var": 0.00312989507802
        },
        "erbbands_kurtosis": {
            "dmean": 0.830257833004,
            "dmean2": 1.30166828632,
            "dvar": 2.25863623619,
            "dvar2": 5.34383201599,
            "max": 86.8864364624,
            "mean": 0.939198493958,
            "median": 0.155427455902,
            "min": -1.69099080563,
            "var": 16.7336559296
        },
        "erbbands_skewness": {
            "dmean": 0.300511032343,
            "dmean2": 0.45447832346,
            "dvar": 0.0824363380671,
            "dvar2": 0.177360087633,
            "max": 4.32771062851,
            "mean": 0.149312123656,
            "median": 0.12669184804,
            "min": -2.91289567947,
            "var": 0.442195832729
        },
        "erbbands_spread": {
            "dmean": 5.45798635483,
            "dmean2": 8.21814537048,
            "dvar": 44.283164978,
            "dvar2": 94.1125946045,
            "max": 107.739463806,
            "mean": 27.5986118317,
            "median": 25.0235424042,
            "min": 1.32280027866,
            "var": 210.505981445
        },
        "gfcc": {
            "cov": [
                [
                    23390.8769531,
                    -680.308959961,
                    -2008.83300781,
                    2099.81103516,
                    -33.3346939087,
                    623.383666992,
                    -368.278045654,
                    480.062896729,
                    144.512191772,
                    630.056396484,
                    32.8272514343,
                    39.4266471863,
                    -185.755172729
                ],
                [
                    -680.308959961,
                    1829.97753906,
                    95.6408843994,
                    -278.14755249,
                    374.559936523,
                    -192.752319336,
                    224.460922241,
                    -86.859992981,
                    235.318359375,
                    -116.275619507,
                    122.306373596,
                    -63.946598053,
                    173.467773438
                ],
                [
                    -2008.83300781,
                    95.6408843994,
                    914.756713867,
                    -35.1179656982,
                    25.2404785156,
                    100.296661377,
                    69.9550476074,
                    1.95871281624,
                    72.4943618774,
                    24.1585044861,
                    -1.0564057827,
                    42.138507843,
                    15.4687080383
                ],
                [
                    2099.81103516,
                    -278.14755249,
                    -35.1179656982,
                    605.726196289,
                    82.6042480469,
                    111.079612732,
                    24.6942749023,
                    101.216171265,
                    88.9338531494,
                    104.448989868,
                    36.0052452087,
                    37.3956947327,
                    0.949961543083
                ],
                [
                    -33.3346939087,
                    374.559936523,
                    25.2404785156,
                    82.6042480469,
                    361.60836792,
                    25.0643043518,
                    123.325454712,
                    37.8744506836,
                    120.924346924,
                    32.6417160034,
                    55.2722587585,
                    21.1118564606,
                    60.3681907654
                ],
                [
                    623.383666992,
                    -192.752319336,
                    100.296661377,
                    111.079612732,
                    25.0643043518,
                    283.389129639,
                    107.08971405,
                    42.2656211853,
                    23.3272686005,
                    72.3446731567,
                    34.0541419983,
                    42.4143180847,
                    -19.7121753693
                ],
                [
                    -368.278045654,
                    224.460922241,
                    69.9550476074,
                    24.6942749023,
                    123.325454712,
                    107.08971405,
                    314.029205322,
                    15.407989502,
                    54.6582107544,
                    11.9290933609,
                    54.4909133911,
                    47.2361602783,
                    31.608007431
                ],
                [
                    480.062896729,
                    -86.859992981,
                    1.95871281624,
                    101.216171265,
                    37.8744506836,
                    42.2656211853,
                    15.407989502,
                    146.677627563,
                    38.8190498352,
                    29.5991821289,
                    9.42343425751,
                    14.7466745377,
                    4.11125898361
                ],
                [
                    144.512191772,
                    235.318359375,
                    72.4943618774,
                    88.9338531494,
                    120.924346924,
                    23.3272686005,
                    54.6582107544,
                    38.8190498352,
                    172.457962036,
                    45.1418571472,
                    40.5133552551,
                    6.38423442841,
                    39.1637573242
                ],
                [
                    630.056396484,
                    -116.275619507,
                    24.1585044861,
                    104.448989868,
                    32.6417160034,
                    72.3446731567,
                    11.9290933609,
                    29.5991821289,
                    45.1418571472,
                    126.232917786,
                    28.5115451813,
                    13.3002510071,
                    -12.6139955521
                ],
                [
                    32.8272514343,
                    122.306373596,
                    -1.0564057827,
                    36.0052452087,
                    55.2722587585,
                    34.0541419983,
                    54.4909133911,
                    9.42343425751,
                    40.5133552551,
                    28.5115451813,
                    96.2532806396,
                    20.6801872253,
                    15.8138380051
                ],
                [
                    39.4266471863,
                    -63.946598053,
                    42.138507843,
                    37.3956947327,
                    21.1118564606,
                    42.4143180847,
                    47.2361602783,
                    14.7466745377,
                    6.38423442841,
                    13.3002510071,
                    20.6801872253,
                    101.329750061,
                    21.9944953918
                ],
                [
                    -185.755172729,
                    173.467773438,
                    15.4687080383,
                    0.949961543083,
                    60.3681907654,
                    -19.7121753693,
                    31.608007431,
                    4.11125898361,
                    39.1637573242,
                    -12.6139955521,
                    15.8138380051,
                    21.9944953918,
                    96.8269882202
                ]
            ],
            "icov": [
                [
                    0.000162036812981,
                    -0.00038812411367,
                    0.000398592994316,
                    -0.000567991402932,
                    0.000288433511741,
                    -0.000509272853378,
                    0.000392835179809,
                    -0.00029475154588,
                    0.000315454206429,
                    -0.00069541396806,
                    0.000575201644097,
                    -0.000366730819223,
                    0.000320030900184
                ],
                [
                    -0.00038812411367,
                    0.00252106483094,
                    -0.00105681223795,
                    0.00198808335699,
                    -0.00159126182552,
                    0.00203095329925,
                    -0.0016597926151,
                    0.0014564084122,
                    -0.0024069219362,
                    0.00295961857773,
                    -0.00286807352677,
                    0.00225425581448,
                    -0.00191081792582
                ],
                [
                    0.000398592994316,
                    -0.00105681223795,
                    0.00222355430014,
                    -0.00120590883307,
                    0.00087750091916,
                    -0.00176322541665,
                    0.000945726933423,
                    -0.000619508966338,
                    0.00012674665777,
                    -0.00180636916775,
                    0.00198318855837,
                    -0.00145650433842,
                    0.000846476177685
                ],
                [
                    -0.000567991402932,
                    0.00198808335699,
                    -0.00120590883307,
                    0.00447765085846,
                    -0.00152582931332,
                    0.00161344441585,
                    -0.00139763392508,
                    0.000380897050491,
                    -0.00244926777668,
                    0.00187209562864,
                    -0.00252901599742,
                    0.0012984398054,
                    -0.00143014767673
                ],
                [
                    0.000288433511741,
                    -0.00159126182552,
                    0.00087750091916,
                    -0.00152582931332,
                    0.00523706991225,
                    -0.00102406053338,
                    -8.03810107755e-05,
                    -0.00125645915978,
                    -0.000496205466334,
                    -0.00224711326882,
                    0.00119015411474,
                    -0.00125163875055,
                    -0.000117217459774
                ],
                [
                    -0.000509272853378,
                    0.00203095329925,
                    -0.00176322541665,
                    0.00161344441585,
                    -0.00102406053338,
                    0.0074579785578,
                    -0.00333754741587,
                    0.000561770226341,
                    -0.00120520521887,
                    0.000594278448261,
                    -0.00305731128901,
                    0.000861387932673,
                    -0.000258677697275
                ],
                [
                    0.000392835179809,
                    -0.0016597926151,
                    0.000945726933423,
                    -0.00139763392508,
                    -8.03810107755e-05,
                    -0.00333754741587,
                    0.00596797652543,
                    -0.000828291988,
                    0.00106959557161,
                    -0.00112933479249,
                    0.000725676945876,
                    -0.00259660906158,
                    0.00093901908258
                ],
                [
                    -0.00029475154588,
                    0.0014564084122,
                    -0.000619508966338,
                    0.000380897050491,
                    -0.00125645915978,
                    0.000561770226341,
                    -0.000828291988,
                    0.00903904810548,
                    -0.00258672516793,
                    0.00159403530415,
                    -0.00115210167132,
                    0.000654432573356,
                    -0.00100167794153
                ],
                [
                    0.000315454206429,
                    -0.0024069219362,
                    0.00012674665777,
                    -0.00244926777668,
                    -0.000496205466334,
                    -0.00120520521887,
                    0.00106959557161,
                    -0.00258672516793,
                    0.0121093550697,
                    -0.00503022037446,
                    0.000845992472023,
                    -0.000394321599742,
                    -0.000856094411574
                ],
                [
                    -0.00069541396806,
                    0.00295961857773,
                    -0.00180636916775,
                    0.00187209562864,
                    -0.00224711326882,
                    0.000594278448261,
                    -0.00112933479249,
                    0.00159403530415,
                    -0.00503022037446,
                    0.015746191144,
                    -0.00568180391565,
                    0.00212482619099,
                    -1.19679780255e-05
                ],
                [
                    0.000575201644097,
                    -0.00286807352677,
                    0.00198318855837,
                    -0.00252901599742,
                    0.00119015411474,
                    -0.00305731128901,
                    0.000725676945876,
                    -0.00115210167132,
                    0.000845992472023,
                    -0.00568180391565,
                    0.0168757997453,
                    -0.00414115935564,
                    0.00149942503776
                ],
                [
                    -0.000366730819223,
                    0.00225425581448,
                    -0.00145650433842,
                    0.0012984398054,
                    -0.00125163875055,
                    0.000861387932673,
                    -0.00259660906158,
                    0.000654432573356,
                    -0.000394321599742,
                    0.00212482619099,
                    -0.00414115935564,
                    0.0142230354249,
                    -0.00486475136131
                ],
                [
                    0.000320030900184,
                    -0.00191081792582,
                    0.000846476177685,
                    -0.00143014767673,
                    -0.000117217459774,
                    -0.000258677697275,
                    0.00093901908258,
                    -0.00100167794153,
                    -0.000856094411574,
                    -1.19679780255e-05,
                    0.00149942503776,
                    -0.00486475136131,
                    0.0152050079778
                ]
            ],
            "mean": [
                -19.138628006,
                118.853721619,
                -127.699806213,
                20.6768379211,
                -48.1264076233,
                14.3136196136,
                -28.1993865967,
                13.6529045105,
                -17.8564167023,
                -1.23107326031,
                -12.4467916489,
                -1.13127243519,
                -8.24548912048
            ]
        },
        "hfc": {
            "dmean": 4.48780870438,
            "dmean2": 6.57429981232,
            "dvar": 32.1903190613,
            "dvar2": 61.173614502,
            "max": 96.1781768799,
            "mean": 23.7120685577,
            "median": 20.2655792236,
            "min": 1.12918028373e-16,
            "var": 313.543731689
        },
        "melbands": {
            "dmean": [
                0.00170766818337,
                0.00132198748179,
                0.000478696776554,
                0.000259612512309,
                0.000193511950783,
                0.000156190188136,
                0.000105797735159,
                0.000147326922161,
                0.000147140439367,
                0.00013544668036,
                0.000142446049722,
                0.000102965532278,
                9.64649952948e-05,
                7.00209784554e-05,
                6.35326068732e-05,
                5.38311178389e-05,
                6.09197486483e-05,
                4.15304784838e-05,
                4.03912454203e-05,
                2.63131805696e-05,
                1.75044842763e-05,
                1.73541066033e-05,
                1.47002165249e-05,
                8.81448431755e-06,
                1.06759280243e-05,
                8.26278755994e-06,
                4.59412558484e-06,
                2.89873878501e-06,
