{
    "lowlevel": {
        "average_loudness": 0.901692330837,
        "barkbands": {
            "dmean": [
                0.00101776013616,
                0.00478674843907,
                0.00471201865003,
                0.00219508190639,
                0.00240483903326,
                0.000837581465021,
                0.000656866643112,
                0.00108785904013,
                0.000713431101758,
                0.000520521251019,
                0.000210927144508,
                0.00025785662001,
                0.000215147418203,
                0.000224654271733,
                0.000294008816127,
                0.000197906265385,
                0.000214039173443,
                0.000276633683825,
                0.000155451052706,
                0.000143842960824,
                0.000111850364192,
                5.95124402025e-05,
                4.729272041e-05,
                5.86103669775e-05,
                5.67135029996e-05,
                4.47512138635e-05,
                3.07198206428e-05
            ],
            "dmean2": [
                0.00131638080347,
                0.00780872115865,
                0.00809848215431,
                0.00381293566898,
                0.00399824837223,
                0.00138234393671,
                0.00110449187923,
                0.00163531012367,
                0.00105252652429,
                0.000714285706636,
                0.00030503430753,
                0.000367272819858,
                0.000319432641845,
                0.000337050558301,
                0.000440468807938,
                0.000293074524961,
                0.000317443162203,
                0.000415115908254,
                0.00023672801035,
                0.000218379456783,
                0.000168704602402,
                8.62671877258e-05,
                6.66708074277e-05,
                8.40368447825e-05,
                7.87714961916e-05,
                6.36411568848e-05,
                4.49402505183e-05
            ],
            "dvar": [
                7.86091368354e-06,
                9.3979666417e-05,
                0.000207701028557,
                1.97866138478e-05,
                1.80642164196e-05,
                3.48777871295e-06,
                2.97495898849e-06,
                6.76430181556e-06,
                4.09070798923e-06,
                1.79162748282e-06,
                4.15850990976e-07,
                5.96853510615e-07,
                3.36131336098e-07,
                2.39248606704e-07,
                4.29809801972e-07,
                1.61671877663e-07,
                1.72277069055e-07,
                1.81916888664e-07,
                6.21510523047e-08,
                5.74620422356e-08,
                3.51623761219e-08,
                1.55326826956e-08,
                1.00582049356e-08,
                1.64547628856e-08,
                1.74547931664e-08,
                1.30884911798e-08,
                1.03244088834e-08
            ],
            "dvar2": [
                1.26004970298e-05,
                0.000224970688578,
                0.000549012853298,
                5.49128053535e-05,
                4.89507219754e-05,
                9.37186359806e-06,
                8.05826857686e-06,
                1.42519420478e-05,
                7.85573320172e-06,
                3.10709629048e-06,
                7.72447947384e-07,
                1.2107366274e-06,
                6.59611430365e-07,
                5.04066406393e-07,
                9.1534781177e-07,
                3.39832780583e-07,
                3.38593082461e-07,
                3.90202785638e-07,
                1.38465196642e-07,
                1.28204945327e-07,
                8.07552495985e-08,
                3.36475203255e-08,
                1.9998200429e-08,
                3.270811888e-08,
                3.3550445977e-08,
                2.6691200361e-08,
                2.17037072758e-08
            ],
            "max": [
                0.0455782040954,
                0.116578258574,
                0.120321214199,
                0.0497623980045,
                0.063369564712,
                0.0262446645647,
                0.027199909091,
                0.0347827747464,
                0.0429228767753,
                0.0295387804508,
                0.0169379469007,
                0.0178365316242,
                0.0207419488579,
                0.011095427908,
                0.0105223329738,
                0.00704911816865,
                0.01003461238,
                0.00644954945892,
                0.00327224936336,
                0.00436813570559,
                0.00231786095537,
                0.00178177433554,
                0.00207298644818,
                0.00704697985202,
                0.00338014331646,
                0.00177651143167,
                0.00187686563004
            ],
            "mean": [
                0.00120505085215,
                0.00814508181065,
                0.00453204382211,
                0.00285789719783,
                0.00475602038205,
                0.00129872711841,
                0.000896200945135,
                0.00207134243101,
                0.00148832332343,
                0.000951640016865,
                0.000344739906723,
                0.000498333480209,
                0.000347525201505,
                0.000396777875721,
                0.000499553629197,
                0.000393753987737,
                0.000477050140034,
                0.000588954368141,
                0.00031307345489,
                0.000256921426626,
                0.000201523391297,
                0.000102286823676,
                8.90547162271e-05,
                0.000114021764603,
                8.99727019714e-05,
                6.28175184829e-05,
                3.36177472491e-05
            ],
            "median": [
                3.00485826301e-05,
                0.00402321759611,
                0.000982226338238,
                0.00116802449338,
                0.00319710606709,
                0.000618151214439,
                0.00041691667866,
                0.000384294311516,
                0.000209223377169,
                0.000144730438478,
                6.38567507849e-05,
                0.000108104424726,
                8.35579121485e-05,
                0.000104449922219,
                0.00012396715465,
                0.000133951893076,
                0.000186117686098,
                0.000315598153975,
                0.000176340443431,
                0.000135222129757,
                0.000102495003375,
                2.75229485851e-05,
                1.97835470317e-05,
                3.69377303286e-05,
                2.05389478651e-05,
                1.46887623487e-05,
                2.13251860259e-06
            ],
            "min": [
                1.28241044867e-24,
                4.1533877703e-24,
                4.9164332024e-24,
                2.27352651392e-24,
                2.04626984717e-23,
                1.10380454973e-23,
                8.23367653368e-24,
                1.72703550932e-23,
                3.08015726044e-23,
                3.80233985542e-23,
                2.988592913e-23,
                3.14367318509e-23,
                7.24538701622e-23,
                6.69436514957e-23,
                9.47382756561e-23,
                7.55430368453e-23,
                6.35370030082e-23,
                1.26402792671e-22,
                1.93951020854e-22,
                2.28450987952e-22,
                3.2011599405e-22,
                3.0109929655e-22,
                4.37309548783e-22,
                6.47102272387e-22,
                1.0938309466e-21,
                1.56865705396e-21,
                2.22682271557e-21
            ],
            "var": [
                1.30611751956e-05,
                0.000169014194398,
                0.000158095135703,
                2.32516831602e-05,
                2.96809284919e-05,
                4.03725789511e-06,
                3.23146446135e-06,
                2.12820668821e-05,
                1.89850125025e-05,
                6.22160587227e-06,
                1.18202228805e-06,
                1.67796554251e-06,
                8.88217300599e-07,
                6.706323461e-07,
                9.58472810453e-07,
                4.84504312226e-07,
                5.72153169287e-07,
                5.73120132685e-07,
                1.49116317516e-07,
                1.14728088363e-07,
                7.05379932242e-08,
                3.22623776583e-08,
                2.64886423906e-08,
                4.54680559869e-08,
                3.501200041e-08,
                2.03363637041e-08,
                1.35264750512e-08
            ]
        },
        "barkbands_crest": {
            "dmean": 2.55346846581,
            "dmean2": 4.15060472488,
            "dvar": 5.93623876572,
            "dvar2": 15.1735191345,
            "max": 26.1842346191,
            "mean": 10.8920097351,
            "median": 10.1153993607,
            "min": 2.76629042625,
            "var": 17.3333396912
        },
        "barkbands_flatness_db": {
            "dmean": 0.0256056413054,
            "dmean2": 0.0376995094121,
            "dvar": 0.000753159925807,
            "dvar2": 0.00157603842672,
            "max": 0.477107226849,
            "mean": 0.154597893357,
            "median": 0.146142452955,
            "min": 0.0265866387635,
            "var": 0.00411201221868
        },
        "barkbands_kurtosis": {
            "dmean": 4.6691069603,
            "dmean2": 7.39681339264,
            "dvar": 95.7211685181,
            "dvar2": 224.663604736,
            "max": 317.89541626,
            "mean": 6.38944101334,
            "median": 2.44690322876,
            "min": -1.96197378635,
            "var": 154.919998169
        },
        "barkbands_skewness": {
            "dmean": 0.684240341187,
            "dmean2": 1.02997994423,
            "dvar": 0.707044959068,
            "dvar2": 1.57366251945,
            "max": 15.6278543472,
            "mean": 1.86738359928,
            "median": 1.6168949604,
            "min": -4.45224618912,
            "var": 2.09413433075
        },
        "barkbands_spread": {
            "dmean": 6.40378713608,
            "dmean2": 9.66011810303,
            "dvar": 72.5205688477,
            "dvar2": 150.813522339,
            "max": 117.835533142,
            "mean": 22.1385650635,
            "median": 19.3818244934,
            "min": 0.43574860692,
            "var": 220.663162231
        },
        "dissonance": {
            "dmean": 0.0175289381295,
            "dmean2": 0.0286602955312,
            "dvar": 0.000433278502896,
            "dvar2": 0.00112622010056,
            "max": 0.500000059605,
            "mean": 0.46007579565,
            "median": 0.471070766449,
            "min": 0.121651940048,
            "var": 0.00134458788671
        },
        "dynamic_complexity": 3.19736361504,
        "erbbands": {
            "dmean": [
                0.192830100656,
                1.10100650787,
                4.94844245911,
                5.83835268021,
                8.39923763275,
                8.5935125351,
                8.28607273102,
                6.65174770355,
                8.65199756622,
                13.0303354263,
                24.9000358582,
                16.1030902863,
                15.0183410645,
                13.5921010971,
                8.04451274872,
                10.317237854,
                9.0563621521,
                9.100522995,
                14.1460819244,
                13.4108839035,
                9.71582126617,
                10.7629070282,
                14.1979064941,
                8.56674861908,
                8.95534324646,
                6.78216838837,
                5.4365067482,
                3.55290532112,
                2.17369627953,
                1.71284127235,
                1.30996060371,
                1.14651560783,
                1.0595241785,
                0.626354277134,
                0.427421540022,
                0.200223967433,
                0.0821659862995,
                0.0275628063828,
                0.00538391433656,
                0.000283125089481
            ],
            "dmean2": [
                0.293952822685,
                1.89614892006,
                8.53328418732,
                9.99817085266,
                14.1327924728,
                13.9789018631,
                13.4519739151,
                11.0629320145,
                14.9433269501,
                20.3017349243,
                36.4068717957,
                22.3640556335,
                21.369550705,
                17.7777824402,
                11.27713871,
                14.4753742218,
                13.2182502747,
                13.3257980347,
                20.3708686829,
                19.6472663879,
                13.7802791595,
                15.6850910187,
                21.1110744476,
                12.8779172897,
                13.7060403824,
                10.1900854111,
                8.18213272095,
                5.35512590408,
                3.19266891479,
                2.44896054268,
                1.85854780674,
                1.66254937649,
                1.53559088707,
                0.871811211109,
                0.613282680511,
                0.285216271877,
                0.118876993656,
                0.0402771234512,
                0.00788183324039,
                0.000411904940847
            ],
            "dvar": [
                0.222281932831,
                5.53517055511,
                222.96383667,
                164.493637085,
                301.238189697,
                199.525238037,
                206.721130371,
                257.390106201,
                774.627868652,
                870.022155762,
                3510.56567383,
                2178.39526367,
                1527.33166504,
                1638.44836426,
                614.878295898,
                976.765380859,
                599.259521484,
                395.968658447,
                994.539794922,
                878.721252441,
                395.886657715,
                418.48828125,
                504.76385498,
                189.733184814,
                233.701889038,
                132.684692383,
                81.9415054321,
                40.7720031738,
                20.5912952423,
                14.779337883,
                7.44520711899,
                5.94164562225,
                5.5906586647,
                2.02555942535,
                1.15331995487,
                0.236534014344,
                0.0489750951529,
                0.0073032299988,
                0.000322802457958,
                8.31900706544e-07
            ],
            "dvar2": [
                0.445269435644,
                15.2575349808,
                590.762634277,
                448.011993408,
                822.106140137,
                516.683532715,
                545.014343262,
                689.489318848,
                2145.92163086,
                1964.1875,
                7174.56787109,
                4000.8503418,
                3137.21386719,
                2412.65649414,
                1203.44470215,
                1965.17651367,
                1161.62145996,
                816.507324219,
                2003.38305664,
                1819.1229248,
                777.10760498,
                786.214355469,
                1076.09399414,
                415.214477539,
                525.282287598,
                290.62512207,
                184.278656006,
                96.7264633179,
                45.5771217346,
                30.3053798676,
                14.7586994171,
                11.7805051804,
                11.6861391068,
                3.82825112343,
                2.34692358971,
                0.471072286367,
                0.102781243622,
                0.015509294346,
                0.000687752326485,
                1.73944113158e-06
            ],
            "max": [
                6.78759336472,
                28.892332077,
                126.715415955,
                154.084289551,
                230.265029907,
                193.812606812,
                214.978729248,
                240.338134766,
                453.378875732,
                632.343322754,
                938.029418945,
                1234.11462402,
                923.18359375,
                1172.14001465,
                705.396240234,
                760.684326172,
                946.71484375,
                387.334777832,
                604.169616699,
                702.075012207,
                421.199859619,
                474.379425049,
                411.930175781,
                271.38760376,
                242.308883667,
                162.166885376,
                142.144760132,
                80.2077713013,
                70.8334503174,
                91.3069839478,
                62.8906097412,
                133.03855896,
                119.270652771,
                54.0305900574,
                22.414182663,
                10.7142534256,
                3.88331151009,
                1.59133195877,
                0.318284094334,
                0.018010020256
            ],
            "mean": [
                0.281853318214,
                1.66039514542,
                4.97419786453,
                7.57670211792,
                12.9234008789,
                16.6329727173,
                14.5949983597,
                10.0812168121,
                10.4625244141,
                22.0162811279,
                51.1969795227,
                36.777130127,
                26.4765739441,
                28.1730117798,
                15.5689220428,
                20.4434947968,
                15.9960641861,
                17.4368648529,
                27.0278892517,
                25.6500301361,
                21.6539306641,
                26.3645343781,
                32.4553375244,
                18.928483963,
                17.293718338,
                12.6314353943,
                9.7849149704,
                6.25487518311,
                3.77775788307,
                2.95289874077,
                2.52623271942,
                2.25517845154,
                1.92595422268,
                1.03603589535,
                0.631530404091,
                0.291990399361,
                0.11147403717,
                0.0329270735383,
                0.00585957570001,
                0.000330714450683
            ],
            "median": [
                0.0863527953625,
                0.912112891674,
                1.53811192513,
                3.53864383698,
                7.10835170746,
                9.75114822388,
                7.91290378571,
                4.64696884155,
                4.92740058899,
                9.27393436432,
                9.1107635498,
                6.51941013336,
                5.75014591217,
                4.35638046265,
                3.39994692802,
                4.61063575745,
                4.3786315918,
                5.31253194809,
                7.09980916977,
                8.50951004028,
                7.92749118805,
                11.4837913513,
                18.8458118439,
                10.7032165527,
                9.29850196838,
                6.44144535065,
                4.8712272644,
                2.78940343857,
                1.16108715534,
                0.589807033539,
                0.586168289185,
                0.673031508923,
                0.615193724632,
                0.251439154148,
                0.135072618723,
                0.0731324851513,
                0.0238511897624,
                0.00422363076359,
                0.00039327624836,
                5.70647280256e-05
            ],
            "min": [
                1.18304068939e-22,
                1.11005780279e-21,
                6.60811205745e-21,
                6.21640891787e-21,
                1.19558892437e-20,
                6.69319978113e-20,
                9.88220980966e-20,
                1.64179673934e-19,
                2.42883621547e-19,
                2.32548335836e-19,
                4.20584144205e-19,
                7.88500509737e-19,
                9.046170222e-19,
                1.70653998494e-18,
                8.22749819602e-19,
                1.25734544696e-18,
                3.3763823088e-18,
                3.18745632485e-18,
                4.127855009e-18,
                5.36804069754e-18,
                4.53385345161e-18,
                4.18319049684e-18,
                8.43272832344e-18,
                6.19922693221e-18,
                9.82432652798e-18,
                1.06302304008e-17,
                1.087837714e-17,
                1.23324977911e-17,
                1.08969324555e-17,
                1.35029252706e-17,
                1.16703182041e-17,
                1.34008048609e-17,
                1.1385235369e-17,
                9.43247121948e-18,
                7.72169958532e-18,
                4.91660646465e-18,
                2.5557403522e-18,
                1.23713411587e-18,
                3.02193815636e-19,
                2.96207819735e-20
            ],
            "var": [
                0.344523727894,
                7.24659347534,
                171.011138916,
                172.026229858,
                364.455352783,
                418.570648193,
                337.32131958,
                280.223571777,
                583.623657227,
                1669.19995117,
                13029.4511719,
                12630.3603516,
                3753.12084961,
                7201.86523438,
                1696.26025391,
                2743.33544922,
                1798.51855469,
                1087.32983398,
                2768.20092773,
                2094.80883789,
                1469.06530762,
                1471.50891113,
                1591.57434082,
                557.664550781,
                496.760650635,
                281.981414795,
                173.796264648,
                74.2732086182,
                41.9569740295,
                31.6400699615,
                20.9556407928,
                17.4450263977,
                13.8747625351,
                4.54356861115,
                1.95978140831,
                0.397452533245,
                0.0719374343753,
                0.00976107642055,
                0.000416787690483,
                1.09835252715e-06
            ]
        },
        "erbbands_crest": {
            "dmean": 2.53376030922,
            "dmean2": 3.9501786232,
            "dvar": 6.56666994095,
            "dvar2": 15.7328577042,
            "max": 30.8110218048,
            "mean": 9.94208145142,
            "median": 8.72016143799,
            "min": 2.3805680275,
            "var": 24.7706623077
        },
        "erbbands_flatness_db": {
            "dmean": 0.019636541605,
            "dmean2": 0.0266951862723,
            "dvar": 0.000450846826425,
            "dvar2": 0.000855610414874,
            "max": 0.412999033928,
            "mean": 0.157407790422,
            "median": 0.146092996001,
            "min": 0.0239055640996,
            "var": 0.00415301322937
        },
        "erbbands_kurtosis": {
            "dmean": 1.02864587307,
            "dmean2": 1.56770312786,
            "dvar": 5.13848972321,
            "dvar2": 12.1635503769,
            "max": 73.8553237915,
            "mean": 0.449381709099,
            "median": -0.551006197929,
            "min": -1.90711045265,
            "var": 9.34498214722
        },
        "erbbands_skewness": {
            "dmean": 0.401602715254,
            "dmean2": 0.591952681541,
            "dvar": 0.210628032684,
            "dvar2": 0.450359672308,
            "max": 7.29779624939,
            "mean": 0.269819825888,
            "median": 0.220497727394,
            "min": -4.3256855011,
            "var": 0.843936443329
        },
        "erbbands_spread": {
            "dmean": 10.1581201553,
            "dmean2": 14.9708280563,
            "dvar": 159.076599121,
            "dvar2": 345.906677246,
            "max": 203.275253296,
            "mean": 46.4753303528,
            "median": 42.307762146,
            "min": 2.66390156746,
            "var": 652.664611816
        },
        "gfcc": {
            "cov": [
                [
                    19945.0742188,
                    -85.7345275879,
                    -472.533416748,
                    1134.3137207,
                    -51.5493240356,
                    724.83416748,
                    205.625808716,
                    372.934295654,
                    -38.1583900452,
                    41.8451194763,
                    -42.2535247803,
                    -72.1762695312,
                    -243.594726562
                ],
                [
                    -85.7345275879,
                    2320.61767578,
                    347.178161621,
                    511.18850708,
                    470.21206665,
                    113.644371033,
                    379.227081299,
                    -20.2017936707,
                    94.6712265015,
                    -53.0384750366,
                    143.569610596,
                    -124.82598877,
                    83.2452774048
                ],
                [
                    -472.533416748,
                    347.178161621,
                    1714.51159668,
                    757.785766602,
                    331.30480957,
                    378.309631348,
                    212.561981201,
                    29.0161933899,
                    120.829460144,
                    -6.7233581543,
                    110.889907837,
                    7.83181905746,
                    -67.4730224609
                ],
                [
                    1134.3137207,
                    511.18850708,
                    757.785766602,
                    1128.51135254,
                    312.606750488,
                    218.074371338,
                    92.2293930054,
                    85.7517623901,
                    128.764862061,
                    -29.9368724823,
                    129.676635742,
                    -23.0407333374,
                    -13.3377828598
                ],
                [
                    -51.5493240356,
                    470.21206665,
                    331.30480957,
                    312.606750488,
                    463.137390137,
                    107.2786026,
                    161.055755615,
                    55.2635040283,
                    110.354446411,
                    43.7999038696,
                    14.9016819,
                    -13.2588129044,
                    40.8481712341
                ],
                [
                    724.83416748,
                    113.644371033,
                    378.309631348,
                    218.074371338,
                    107.2786026,
                    484.292480469,
                    261.465026855,
                    -16.6674594879,
                    15.1173944473,
                    18.1369915009,
                    60.2499160767,
                    2.65168356895,
                    -36.3092384338
                ],
                [
                    205.625808716,
                    379.227081299,
                    212.561981201,
                    92.2293930054,
                    161.055755615,
                    261.465026855,
                    436.105712891,
                    -1.98232495785,
                    4.43682718277,
                    16.1520309448,
                    50.3547554016,
                    1.66806554794,
                    6.49251747131
                ],
                [
                    372.934295654,
                    -20.2017936707,
                    29.0161933899,
                    85.7517623901,
                    55.2635040283,
                    -16.6674594879,
                    -1.98232495785,
                    255.972045898,
                    113.600570679,
                    14.7751379013,
                    1.35466349125,
                    -19.6060237885,
                    6.05335330963
                ],
                [
                    -38.1583900452,
                    94.6712265015,
                    120.829460144,
                    128.764862061,
                    110.354446411,
                    15.1173944473,
                    4.43682718277,
                    113.600570679,
                    213.395492554,
                    41.4881019592,
                    -21.8424129486,
                    -25.1127891541,
                    11.1897001266
                ],
                [
                    41.8451194763,
                    -53.0384750366,
                    -6.7233581543,
                    -29.9368724823,
                    43.7999038696,
                    18.1369915009,
                    16.1520309448,
                    14.7751379013,
                    41.4881019592,
                    124.588020325,
                    -8.62167835236,
                    -4.8815741539,
                    15.0798511505
                ],
                [
                    -42.2535247803,
                    143.569610596,
                    110.889907837,
                    129.676635742,
                    14.9016819,
                    60.2499160767,
                    50.3547554016,
                    1.35466349125,
                    -21.8424129486,
                    -8.62167835236,
                    166.420944214,
                    28.8547992706,
                    -2.64355897903
                ],
                [
                    -72.1762695312,
                    -124.82598877,
                    7.83181905746,
                    -23.0407333374,
                    -13.2588129044,
                    2.65168356895,
                    1.66806554794,
                    -19.6060237885,
                    -25.1127891541,
                    -4.8815741539,
                    28.8547992706,
                    100.433258057,
                    16.8249435425
                ],
                [
                    -243.594726562,
                    83.2452774048,
                    -67.4730224609,
                    -13.3377828598,
                    40.8481712341,
                    -36.3092384338,
                    6.49251747131,
                    6.05335330963,
                    11.1897001266,
                    15.0798511505,
                    -2.64355897903,
                    16.8249435425,
                    98.1066131592
                ]
            ],
            "icov": [
                [
                    7.08930238034e-05,
                    -1.4523304344e-05,
                    9.47613516473e-05,
                    -0.000137637383887,
                    5.01686627103e-05,
                    -0.000140731615829,
                    1.01368341348e-05,
                    -0.000150996522279,
                    0.000128265892272,
                    -9.6503586974e-05,
                    0.000146432299516,
                    -7.13691333658e-05,
                    0.0001868699037
                ],
                [
                    -1.4523304344e-05,
                    0.000829127151519,
                    1.88587509911e-05,
                    -0.000107935127744,
                    -0.000575763056986,
                    0.000373402697733,
                    -0.000636276206933,
                    0.000484177784529,
                    -0.000314901204547,
                    0.000688327476382,
                    -0.00078496808419,
                    0.00130485289264,
                    -0.000665952276904
                ],
                [
                    9.47613516473e-05,
                    1.88587509911e-05,
                    0.00112324603833,
                    -0.000655871233903,
                    -0.000283576839138,
                    -0.000585819419939,
                    -3.38064310199e-05,
                    -2.11554506677e-05,
                    -0.000112022091344,
                    -7.973530046e-06,
                    8.18840926513e-05,
                    -0.000372665876057,
                    0.000887556583621
                ],
                [
                    -0.000137637383887,
                    -0.000107935127744,
                    -0.000655871233903,
                    0.00193646783009,
                    -0.000752133957576,
                    -0.000157047543325,
                    0.000557299412321,
                    5.25185241713e-05,
                    -0.000621185288765,
                    0.000829178723507,
                    -0.00118280935567,
                    0.000458342721686,
                    -0.00039013355854
                ],
                [
                    5.01686627103e-05,
                    -0.000575763056986,
                    -0.000283576839138,
                    -0.000752133957576,
                    0.00409137830138,
                    3.3554294987e-06,
                    -0.00079640711192,
                    -0.000387894338928,
                    -0.000678202777635,
                    -0.00137012533378,
                    0.00112024543341,
                    -0.000766356941313,
                    -0.000860231753904
                ],
                [
                    -0.000140731615829,
                    0.000373402697733,
                    -0.000585819419939,
                    -0.000157047543325,
                    3.3554294987e-06,
                    0.00416959635913,
                    -0.00234120851383,
                    0.000861582462676,
                    -0.000484450254589,
                    -0.00021035753889,
                    -0.000802670663688,
                    0.000479371723486,
                    0.000536775449291
                ],
                [
                    1.01368341348e-05,
                    -0.000636276206933,
                    -3.38064310199e-05,
                    0.000557299412321,
                    -0.00079640711192,
                    -0.00234120851383,
                    0.00445368653163,
                    -0.000542646506801,
                    0.000715241942089,
                    -0.000292636163067,
                    -9.15823547984e-05,
                    -0.0006680713268,
                    -0.000103055390355
                ],
                [
                    -0.000150996522279,
                    0.000484177784529,
                    -2.11554506677e-05,
                    5.25185241713e-05,
                    -0.000387894338928,
                    0.000861582462676,
                    -0.000542646506801,
                    0.00582974171266,
                    -0.0033182410989,
                    0.000801368209068,
                    -0.00126556539908,
                    0.00125865556765,
                    -0.000631245668046
                ],
                [
                    0.000128265892272,
                    -0.000314901204547,
                    -0.000112022091344,
                    -0.000621185288765,
                    -0.000678202777635,
                    -0.000484450254589,
                    0.000715241942089,
                    -0.0033182410989,
                    0.0080713769421,
                    -0.00229311664589,
                    0.00181887915824,
                    0.000192605628399,
                    0.000132535642479
                ],
                [
                    -9.6503586974e-05,
                    0.000688327476382,
                    -7.973530046e-06,
                    0.000829178723507,
                    -0.00137012533378,
                    -0.00021035753889,
                    -0.000292636163067,
                    0.000801368209068,
                    -0.00229311664589,
                    0.00997367314994,
                    -0.00104748422746,
                    0.00147803989239,
                    -0.00180708954576
                ],
                [
                    0.000146432299516,
                    -0.00078496808419,
                    8.18840926513e-05,
                    -0.00118280935567,
                    0.00112024543341,
                    -0.000802670663688,
                    -9.15823547984e-05,
                    -0.00126556539908,
                    0.00181887915824,
                    -0.00104748422746,
                    0.00862093549222,
                    -0.00346949906088,
                    0.00102666253224
                ],
                [
                    -7.13691333658e-05,
                    0.00130485289264,
                    -0.000372665876057,
                    0.000458342721686,
                    -0.000766356941313,
                    0.000479371723486,
                    -0.0006680713268,
                    0.00125865556765,
                    0.000192605628399,
                    0.00147803989239,
                    -0.00346949906088,
                    0.013537755236,
                    -0.00367965968326
                ],
                [
                    0.0001868699037,
                    -0.000665952276904,
                    0.000887556583621,
                    -0.00039013355854,
                    -0.000860231753904,
                    0.000536775449291,
                    -0.000103055390355,
                    -0.000631245668046,
                    0.000132535642479,
                    -0.00180708954576,
                    0.00102666253224,
                    -0.00367965968326,
                    0.0133033972234
                ]
            ],
            "mean": [
                -20.0835227966,
                75.8879165649,
                -102.790786743,
                28.0940876007,
                -48.3563766479,
                -4.42516756058,
                -39.4091186523,
                12.1731567383,
                -26.7793045044,
                1.24690043926,
                -17.2863826752,
                -3.53942847252,
                -9.14521980286
            ]
        },
        "hfc": {
            "dmean": 6.46052217484,
            "dmean2": 8.69352531433,
            "dvar": 82.7011566162,
            "dvar2": 146.363647461,
            "max": 144.048110962,
            "mean": 20.8196220398,
            "median": 18.3320579529,
            "min": 1.12190850588e-16,
            "var": 279.192565918
        },
        "melbands": {
            "dmean": [
                0.00144195498433,
                0.00214987108484,
                0.00109656888526,
                0.000547639036085,
                0.000314961333061,
                0.000152126769535,
                0.000129843698232,
                0.000162708704011,
                0.000194392720005,
                9.81466582743e-05,
                7.71241684561e-05,
                5.92994401813e-05,
                2.85444530164e-05,
                2.96343332593e-05,
                2.44218772423e-05,
                2.03620402317e-05,
                1.75277309609e-05,
                2.43600970862e-05,
                2.11233345908e-05,
                1.50476462295e-05,
                1.25579981614e-05,
                1.14246422527e-05,
                1.41453601827e-05,
                1.32350769491e-05,
                6.78547894495e-06,
                6.5910817284e-06,
                6.6224274633e-06,
