{
    "lowlevel": {
        "average_loudness": 0.905493736267,
        "barkbands": {
            "dmean": [
                0.000409345462685,
                0.00992782507092,
                0.00281049776822,
                0.00194112048484,
                0.00263254251331,
                0.000863833760377,
                0.00124938983936,
                0.00121968064923,
                0.000981114339083,
                0.00111409218516,
                0.000805220101029,
                0.000696072878782,
                0.000702020246536,
                0.000597987964284,
                0.000448434031568,
                0.000347296154359,
                0.000232473714277,
                0.000179123395355,
                0.000207433404285,
                0.000143451514305,
                0.000109650267405,
                0.00012486911146,
                0.000149598621647,
                0.000135822599987,
                0.000110938293801,
                8.13165679574e-05,
                4.53246575489e-05
            ],
            "dmean2": [
                0.00058686803095,
                0.0138621190563,
                0.00491351541132,
                0.00365386437625,
                0.00462059630081,
                0.00136605789885,
                0.00202780775726,
                0.00196098559536,
                0.00153014948592,
                0.00166067329701,
                0.00125901750289,
                0.00105528032873,
                0.00110580213368,
                0.000944656843785,
                0.000726085389033,
                0.000564360874705,
                0.000374444090994,
                0.000287004018901,
                0.000335142307449,
                0.000236229185248,
                0.000180908333277,
                0.000204054100323,
                0.000245547329541,
                0.000214824845898,
                0.000171658452018,
                0.00012517569121,
                7.34777640901e-05
            ],
            "dvar": [
                1.06042602965e-06,
                0.000391584675526,
                8.85830522748e-05,
                5.00167334394e-05,
                3.91580651922e-05,
                3.06379615722e-06,
                6.06164621786e-06,
                8.20523018774e-06,
                2.99941325466e-06,
                4.21437334808e-06,
                2.36884329752e-06,
                2.62903654402e-06,
                1.80508232006e-06,
                1.2419009181e-06,
                8.01516250704e-07,
                5.79765185194e-07,
                1.85673542319e-07,
                1.16977105336e-07,
                2.34052549786e-07,
                9.40875963806e-08,
                5.12166522526e-08,
                6.96089585972e-08,
                1.10215566451e-07,
                1.08720698222e-07,
                6.59530101643e-08,
                2.9597124751e-08,
                1.92388736053e-08
            ],
            "dvar2": [
                2.04369393941e-06,
                0.000780761474743,
                0.000234844628721,
                0.000146448626765,
                0.000110431821668,
                7.18036426406e-06,
                1.43888673847e-05,
                1.95294069272e-05,
                6.71477391734e-06,
                8.73592944117e-06,
                5.52522897124e-06,
                5.52141909793e-06,
                4.14571695728e-06,
                2.85097735286e-06,
                1.93207188204e-06,
                1.44313833061e-06,
                4.47123113645e-07,
                3.01324348584e-07,
                5.54308883238e-07,
                2.49070694736e-07,
                1.32948770215e-07,
                1.71525030623e-07,
                2.61839261384e-07,
                2.43571207648e-07,
                1.43907456618e-07,
                6.87021284307e-08,
                4.90617573234e-08
            ],
            "max": [
                0.0420597344637,
                0.210032701492,
                0.0752642527223,
                0.060029014945,
                0.0605458021164,
                0.0368563905358,
                0.0461554676294,
                0.054844494909,
                0.0401510447264,
                0.0396502353251,
                0.0315344370902,
                0.0416962020099,
                0.0216302294284,
                0.0235544126481,
                0.0162245444953,
                0.0220372714102,
                0.0074350736104,
                0.0102765411139,
                0.0210674759001,
                0.00679987901822,
                0.00311524467543,
                0.00437178974971,
                0.00619953777641,
                0.00566024659202,
                0.0045221792534,
                0.00205365731381,
                0.00133967865258
            ],
            "mean": [
                0.00074819062138,
                0.0208589341491,
                0.00275727314875,
                0.00148682482541,
                0.00335612031631,
                0.0015333511401,
                0.0019653160125,
                0.00173146952875,
                0.00154376635328,
                0.00194834847935,
                0.00137318321504,
                0.0013848701492,
                0.000972536450718,
                0.000894825265277,
                0.000593230943196,
                0.000443066237494,
                0.000328368245391,
                0.000285600894131,
                0.000304790271912,
                0.000207696459256,
                0.000147849015775,
                0.000176858360646,
                0.000191686529433,
                0.000174682194483,
                0.000146823920659,
                0.000109988824988,
                4.4305670599e-05
            ],
            "median": [
                7.00999225955e-05,
                0.0041874377057,
                0.000248703057878,
                0.000191617960809,
                0.00153224170208,
                0.000708846841007,
                0.0007948478451,
                0.00057547527831,
                0.000603274966124,
                0.000539907370694,
                0.000391117384424,
                0.000259295920841,
                0.00027948722709,
                0.000243049042183,
                0.000162020878633,
                0.000150495092385,
                0.000139581155963,
                0.000141512035043,
                0.000136481015943,
                8.7370921392e-05,
                4.91130995215e-05,
                5.01458234794e-05,
                4.33805325883e-05,
                4.55879453511e-05,
                3.21864899888e-05,
                1.75032982952e-05,
                2.5128008474e-06
            ],
            "min": [
                1.08131467752e-23,
                2.08287504422e-23,
                1.03508340529e-23,
                2.58811599932e-23,
                7.52926082178e-23,
                1.32791038769e-23,
                3.97282847426e-23,
                3.09139095528e-23,
                7.40444030738e-23,
                1.10094273592e-22,
                7.81822246463e-23,
                1.48007484055e-22,
                1.07892846795e-22,
                1.11787472017e-22,
                1.74807802686e-22,
                1.91251601945e-22,
                2.0301336658e-22,
                1.46426909723e-22,
                3.08177335245e-22,
                3.25972093513e-22,
                4.65349881027e-22,
                4.89550215089e-22,
                5.56309203714e-22,
                6.5628380553e-22,
                1.28076710074e-21,
                1.65038950609e-21,
                2.67849119891e-21
            ],
            "var": [
                3.83536144e-06,
                0.00103296339512,
                6.52211310808e-05,
                2.80945259874e-05,
                3.14617973345e-05,
                6.54595805827e-06,
                1.17423041956e-05,
                1.56170244736e-05,
                6.99782731317e-06,
                1.27743978737e-05,
                7.0093328759e-06,
                1.27911443997e-05,
                3.03131810142e-06,
                2.89051240543e-06,
                1.27213183987e-06,
                7.5067242733e-07,
                2.96785003684e-07,
                2.0079014007e-07,
                3.45031708093e-07,
                1.33454321372e-07,
                6.70214035381e-08,
                1.0809101525e-07,
                1.65831863796e-07,
                1.73305295448e-07,
                1.11246613699e-07,
                4.17913348372e-08,
                1.84963724337e-08
            ]
        },
        "barkbands_crest": {
            "dmean": 3.00516796112,
            "dmean2": 4.54345369339,
            "dvar": 7.97554826736,
            "dvar2": 16.9859142303,
            "max": 26.5771312714,
            "mean": 12.4888963699,
            "median": 11.2641839981,
            "min": 2.32561445236,
            "var": 31.4297904968
        },
        "barkbands_flatness_db": {
            "dmean": 0.0287449844182,
            "dmean2": 0.042441200465,
            "dvar": 0.000978399184532,
            "dvar2": 0.0020024520345,
            "max": 0.599289357662,
            "mean": 0.151597365737,
            "median": 0.147003576159,
            "min": 0.0158789437264,
            "var": 0.00300756446086
        },
        "barkbands_kurtosis": {
            "dmean": 6.06248521805,
            "dmean2": 9.3387336731,
            "dvar": 337.673370361,
            "dvar2": 805.851318359,
            "max": 733.759216309,
            "mean": 7.78628587723,
            "median": 2.53289961815,
            "min": -1.9220662117,
            "var": 441.249053955
        },
        "barkbands_skewness": {
            "dmean": 0.784060180187,
            "dmean2": 1.11869680882,
            "dvar": 1.08342123032,
            "dvar2": 2.15602684021,
            "max": 22.4224243164,
            "mean": 1.83178949356,
            "median": 1.48509812355,
            "min": -5.97610282898,
            "var": 3.28019118309
        },
        "barkbands_spread": {
            "dmean": 6.85565519333,
            "dmean2": 10.4742622375,
            "dvar": 89.6761016846,
            "dvar2": 193.934402466,
            "max": 114.023590088,
            "mean": 19.1784915924,
            "median": 15.8078365326,
            "min": 0.0790410339832,
            "var": 194.031219482
        },
        "dissonance": {
            "dmean": 0.0244550239295,
            "dmean2": 0.0407298505306,
            "dvar": 0.000574272708036,
            "dvar2": 0.00149634806439,
            "max": 0.500000059605,
            "mean": 0.45386120677,
            "median": 0.461939036846,
            "min": 0.157020643353,
            "var": 0.00121433497407
        },
        "dynamic_complexity": 2.61406612396,
        "erbbands": {
            "dmean": [
                0.333610475063,
                2.28959608078,
                3.7252600193,
                4.50503826141,
                8.74172115326,
                8.47994613647,
                6.33055210114,
                8.68687915802,
                17.3044338226,
                20.4474658966,
                23.7250137329,
                22.6374588013,
                33.533405304,
                23.6876220703,
                32.587310791,
                26.4656238556,
                29.6335945129,
                25.6597251892,
                27.7450046539,
                18.4677257538,
                16.2467517853,
                12.3578777313,
                10.5975141525,
                7.92560958862,
                11.185883522,
                6.51015663147,
                4.99964046478,
                4.07164001465,
                4.30516386032,
                4.78777694702,
                4.13735818863,
                3.16520857811,
                2.10654449463,
                1.24779427052,
                0.820326328278,
                0.375743299723,
                0.145189970732,
                0.0467533059418,
                0.00866178795695,
                0.000364992767572
            ],
            "dmean2": [
                0.458114236593,
                3.34632635117,
                6.23980236053,
                8.20726108551,
                16.1221942902,
                14.6751556396,
                10.2041578293,
                13.7228107452,
                28.3012161255,
                32.5436477661,
                38.0770721436,
                35.4545135498,
                50.5565757751,
                35.5262680054,
                50.4986343384,
                40.0119285583,
                46.2271347046,
                40.0489311218,
                44.2409439087,
                29.2218971252,
                26.0284442902,
                19.615228653,
                16.8512821198,
                12.6680030823,
                18.0031032562,
                10.7483882904,
                8.32955265045,
                6.6789765358,
                7.0731921196,
                7.78991937637,
                6.77837848663,
                5.05828905106,
                3.29397106171,
                1.93290138245,
                1.29150652885,
                0.5894972682,
                0.223441630602,
                0.0738531351089,
                0.0141771221533,
                0.000548039155547
            ],
            "dvar": [
                0.37454906106,
                27.5613231659,
                147.455947876,
                242.225570679,
                860.705322266,
                310.741363525,
                203.183761597,
                325.911895752,
                1206.30432129,
                2379.78515625,
                2849.63671875,
                1743.3984375,
                3972.12451172,
                1908.88415527,
                4240.22900391,
                3440.67919922,
                3176.75195312,
                2369.40820312,
                2652.10229492,
                1399.65478516,
                1279.44677734,
                496.023071289,
                468.534118652,
                254.416778564,
                808.6875,
                216.678604126,
                126.514709473,
                72.7306137085,
                82.6435470581,
                109.093360901,
                84.7137298584,
                63.8950500488,
                25.4546394348,
                9.87220478058,
                3.35911417007,
                0.621477007866,
                0.101580649614,
                0.0157609004527,
                0.000827786861919,
                9.98048335532e-07
            ],
            "dvar2": [
                0.591301441193,
                59.6974220276,
                371.181884766,
                687.393371582,
                2497.35791016,
                847.046936035,
                472.186553955,
                790.756469727,
                2985.33129883,
                5463.17236328,
                6970.63867188,
                4047.96484375,
                8311.47167969,
                4066.83666992,
                9210.54785156,
                7053.69042969,
                7231.56298828,
                5330.01806641,
                6348.58447266,
                3318.88769531,
                3096.42602539,
                1165.31213379,
                1185.07348633,
                625.011657715,
                1854.01818848,
                581.510437012,
                335.189575195,
                185.36730957,
                206.654785156,
                261.428985596,
                202.873840332,
                147.379730225,
                56.2691230774,
                21.615568161,
                7.47226428986,
                1.40719950199,
                0.241240873933,
                0.0398478321731,
                0.00217962241732,
                2.10696271097e-06
            ],
            "max": [
                8.29815769196,
                51.9978103638,
                91.6047821045,
                128.659805298,
                235.76890564,
                235.769882202,
                434.506225586,
                476.527862549,
                777.164611816,
                959.702392578,
                1475.70007324,
                1016.12103271,
                1572.89648438,
                945.320800781,
                1597.83154297,
                1793.17114258,
                835.039916992,
                1124.09985352,
                775.326171875,
                723.110351562,
                1166.24694824,
                434.821166992,
                722.296081543,
                461.621826172,
                1406.86425781,
                320.433135986,
                167.752426147,
                145.158981323,
                168.848480225,
                217.900238037,
                173.901077271,
                191.070220947,
                95.0624771118,
                66.2070541382,
                34.4935874939,
                12.8777046204,
                3.928835392,
                1.34997534752,
                0.284011900425,
                0.0103126391768
            ],
            "mean": [
                0.710301697254,
                4.1832113266,
                4.08843374252,
                4.2309088707,
                7.55483388901,
                11.9191350937,
                10.4746551514,
                16.2538471222,
                30.0195407867,
                29.9720363617,
                35.2812004089,
                37.157333374,
                59.1448478699,
                44.4256095886,
                54.8987693787,
                56.3015975952,
                50.528011322,
                41.0726699829,
                42.2633018494,
                26.4087486267,
                22.7597522736,
                18.9619464874,
                16.9197177887,
                12.9490184784,
                16.5958652496,
                9.55767250061,
                7.04219102859,
                5.42245960236,
                6.0029168129,
                6.4867606163,
                5.25635099411,
                3.98504781723,
                2.68777155876,
                1.65802586079,
                1.04919314384,
                0.495762199163,
                0.192544072866,
                0.0493816286325,
                0.00808163266629,
                0.000465138466097
            ],
            "median": [
                0.135648593307,
                0.860227704048,
                0.47896283865,
                0.76256108284,
                2.07881450653,
                5.36368322372,
                5.042304039,
                7.84130859375,
                12.204914093,
                10.3902320862,
                14.1641197205,
                15.6959953308,
                20.8970298767,
                16.5608825684,
                19.3102684021,
                13.4954223633,
                14.6465606689,
                13.6264190674,
                13.5509223938,
                9.65559959412,
                8.59098434448,
                8.70677566528,
                8.61185836792,
                6.92038488388,
                7.30244064331,
                4.1374745369,
                2.42360925674,
                1.83628535271,
                1.79810011387,
                1.57072329521,
                1.23407053947,
                0.977318406105,
                0.695093274117,
                0.391358494759,
                0.21146607399,
                0.0952956229448,
                0.026818651706,
                0.00517583265901,
                0.000438671704615,
                6.75745395711e-05
            ],
            "min": [
                1.27366124365e-21,
                1.90780403335e-21,
                1.11078441311e-20,
                3.7676060649e-20,
                1.41339433613e-19,
                2.45725684885e-19,
                3.38270703516e-19,
                1.13176958135e-19,
                3.08385107424e-19,
                7.70695033461e-19,
                8.51434892282e-19,
                1.11790378539e-18,
                2.78392205328e-18,
                3.18463936127e-18,
                6.97884176441e-18,
                4.01171140637e-18,
                4.84303702097e-18,
                6.12349192969e-18,
                9.16121801711e-18,
                1.30827770765e-17,
                6.85266611531e-18,
                1.08197647761e-17,
                9.33655383719e-18,
                1.4969384975e-17,
                1.1575253645e-17,
                1.51074976675e-17,
                2.20777152468e-17,
                1.5002030485e-17,
                1.58095787929e-17,
                2.1343779396e-17,
                1.53079830869e-17,
                1.33852307044e-17,
                1.16038434885e-17,
                1.21971379557e-17,
                9.61141685575e-18,
                6.27117965138e-18,
                3.31353188509e-18,
                1.40562625715e-18,
                3.30335637448e-19,
                3.65539869169e-20
            ],
            "var": [
                1.13739383221,
                53.3950462341,
                124.330314636,
                152.996170044,
                503.204925537,
                342.463653564,
                340.435943604,
                702.49609375,
                2809.5222168,
                4881.78857422,
                5332.92089844,
                4048.35327148,
                11559.921875,
                5982.54785156,
                11399.5996094,
                17306.9199219,
                8178.60742188,
                5892.38916016,
                5068.00292969,
                2219.84667969,
                1755.62268066,
                832.731384277,
                762.681274414,
                427.469116211,
                1209.92492676,
                279.296722412,
                171.811828613,
                98.2077026367,
                124.599624634,
                166.056610107,
                124.921203613,
                95.532333374,
                40.7481231689,
                16.6483058929,
                5.21888589859,
                0.95131200552,
                0.135048389435,
                0.0151868350804,
                0.000702522462234,
                1.58288901275e-06
            ]
        },
        "erbbands_crest": {
            "dmean": 2.96181702614,
            "dmean2": 4.79931259155,
            "dvar": 7.1539068222,
            "dvar2": 17.6967220306,
            "max": 33.5891265869,
            "mean": 9.95060348511,
            "median": 8.93761920929,
            "min": 2.54114556313,
            "var": 20.5801410675
        },
        "erbbands_flatness_db": {
            "dmean": 0.0211704280227,
            "dmean2": 0.029946224764,
            "dvar": 0.000426741986303,
            "dvar2": 0.000821502413601,
            "max": 0.46248883009,
            "mean": 0.162205159664,
            "median": 0.157072722912,
            "min": 0.0396886058152,
            "var": 0.00379818188958
        },
        "erbbands_kurtosis": {
            "dmean": 1.36070597172,
            "dmean2": 2.10974597931,
            "dvar": 9.60771083832,
            "dvar2": 22.6913948059,
            "max": 148.499649048,
            "mean": 1.38118362427,
            "median": 0.436348319054,
            "min": -1.86192727089,
            "var": 23.0200824738
        },
        "erbbands_skewness": {
            "dmean": 0.436660647392,
            "dmean2": 0.662764847279,
            "dvar": 0.205597877502,
            "dvar2": 0.450659036636,
            "max": 10.3862600327,
            "mean": 0.452165275812,
            "median": 0.449581444263,
            "min": -5.01435279846,
            "var": 0.761953771114
        },
        "erbbands_spread": {
            "dmean": 9.66101932526,
            "dmean2": 14.001209259,
            "dvar": 147.624664307,
            "dvar2": 307.910552979,
            "max": 185.837661743,
            "mean": 34.8451385498,
            "median": 30.1949691772,
            "min": 1.30535066128,
            "var": 470.681762695
        },
        "gfcc": {
            "cov": [
                [
                    6839.43408203,
                    -374.886627197,
                    1564.1496582,
                    761.401000977,
                    725.110900879,
                    522.116210938,
                    575.260742188,
                    283.087127686,
                    177.436752319,
                    462.983947754,
                    47.5651931763,
                    340.078430176,
                    32.898223877
                ],
                [
                    -374.886627197,
                    1504.85852051,
                    123.026596069,
                    188.024291992,
                    356.777526855,
                    42.8180732727,
                    126.83140564,
                    11.8455686569,
                    5.1385307312,
                    -88.0559768677,
                    68.1375808716,
                    -56.0301551819,
                    14.2283191681
                ],
                [
                    1564.1496582,
                    123.026596069,
                    2146.61767578,
                    836.430358887,
                    694.389648438,
                    525.539672852,
                    448.311828613,
                    268.359588623,
                    228.501953125,
                    322.501159668,
                    45.6903190613,
                    247.73866272,
                    67.1724014282
                ],
                [
                    761.401000977,
                    188.024291992,
                    836.430358887,
                    822.540649414,
                    428.338287354,
                    264.286651611,
                    221.487640381,
                    105.5104599,
                    171.293609619,
                    152.236160278,
                    32.6188354492,
                    103.531822205,
                    76.5592803955
                ],
                [
                    725.110900879,
                    356.777526855,
                    694.389648438,
                    428.338287354,
                    750.117919922,
                    319.565124512,
                    278.842773438,
                    221.33833313,
                    182.509262085,
                    164.827789307,
                    54.5437011719,
                    117.978157043,
                    60.0825042725
                ],
                [
                    522.116210938,
                    42.8180732727,
                    525.539672852,
                    264.286651611,
                    319.565124512,
                    418.670318604,
                    285.935668945,
                    106.123176575,
                    100.167030334,
                    140.100372314,
                    67.6794204712,
                    117.652557373,
                    31.4197750092
                ],
                [
                    575.260742188,
                    126.83140564,
                    448.311828613,
                    221.487640381,
                    278.842773438,
                    285.935668945,
                    481.271942139,
                    118.655502319,
                    99.2543792725,
                    136.394821167,
                    111.997085571,
                    161.043106079,
                    32.7045326233
                ],
                [
                    283.087127686,
                    11.8455686569,
                    268.359588623,
                    105.5104599,
                    221.33833313,
                    106.123176575,
                    118.655502319,
                    250.259994507,
                    131.427963257,
                    73.3894271851,
                    21.0013198853,
                    48.4273338318,
                    14.2194271088
                ],
                [
                    177.436752319,
                    5.1385307312,
                    228.501953125,
                    171.293609619,
                    182.509262085,
                    100.167030334,
                    99.2543792725,
                    131.427963257,
                    229.170837402,
                    101.997772217,
                    29.0913333893,
                    49.0126266479,
                    42.5777740479
                ],
                [
                    462.983947754,
                    -88.0559768677,
                    322.501159668,
                    152.236160278,
                    164.827789307,
                    140.100372314,
                    136.394821167,
                    73.3894271851,
                    101.997772217,
                    204.324447632,
                    66.2996139526,
                    81.0413589478,
                    26.801612854
                ],
                [
                    47.5651931763,
                    68.1375808716,
                    45.6903190613,
                    32.6188354492,
                    54.5437011719,
                    67.6794204712,
                    111.997085571,
                    21.0013198853,
                    29.0913333893,
                    66.2996139526,
                    144.030899048,
                    76.7991104126,
                    18.9342060089
                ],
                [
                    340.078430176,
                    -56.0301551819,
                    247.73866272,
                    103.531822205,
                    117.978157043,
                    117.652557373,
                    161.043106079,
                    48.4273338318,
                    49.0126266479,
                    81.0413589478,
                    76.7991104126,
                    178.337600708,
                    58.9313659668
                ],
                [
                    32.898223877,
                    14.2283191681,
                    67.1724014282,
                    76.5592803955,
                    60.0825042725,
                    31.4197750092,
                    32.7045326233,
                    14.2194271088,
                    42.5777740479,
                    26.801612854,
                    18.9342060089,
                    58.9313659668,
                    99.3076934814
                ]
            ],
            "icov": [
                [
                    0.000207200951991,
                    5.44972790522e-05,
                    -3.79039156542e-05,
                    -8.29369746498e-05,
                    -8.78789796843e-05,
                    5.50009244762e-05,
                    -9.95408336166e-05,
                    -4.93502011523e-05,
                    0.000175482928171,
                    -0.000305050809402,
                    0.000226737247431,
                    -0.000219782741624,
                    0.000183026844752
                ],
                [
                    5.44972790522e-05,
                    0.00108275539242,
                    -0.000109107313619,
                    -7.07719154889e-05,
                    -0.00085719890194,
                    0.000380102021154,
                    -0.000461645860923,
                    0.00039013006608,
                    6.33029048913e-05,
                    0.00108943227679,
                    -0.00110394274816,
                    0.00112832989544,
                    -0.000330554117681
                ],
                [
                    -3.79039156542e-05,
                    -0.000109107313619,
                    0.00114539673086,
                    -0.000740421935916,
                    -7.66474404372e-05,
                    -0.000473870401038,
                    2.12719187402e-05,
                    -0.00045817476348,
                    0.000319687882438,
                    -0.000837770756334,
                    0.000920469814446,
                    -0.000940264435485,
                    0.000550658092834
                ],
                [
                    -8.29369746498e-05,
                    -7.07719154889e-05,
                    -0.000740421935916,
                    0.00254377839155,
                    -0.000618879741523,
                    -0.00016694155056,
                    -8.84424880496e-05,
                    0.000904908636585,
                    -0.00103324500378,
                    0.000224094736041,
                    -0.000119254014862,
                    0.000625815882813,
                    -0.00106194394175
                ],
                [
                    -8.78789796843e-05,
                    -0.00085719890194,
                    -7.66474404372e-05,
                    -0.000618879741523,
                    0.00357761722989,
                    -0.00127634324599,
                    0.0001386601798,
                    -0.00175517622847,
                    -0.000213877792703,
                    -0.00095386459725,
                    0.000814628845546,
                    -0.000551124627236,
                    -0.000353287177859
                ],
                [
                    5.50009244762e-05,
                    0.000380102021154,
                    -0.000473870401038,
                    -0.00016694155056,
                    -0.00127634324599,
                    0.00544115109369,
                    -0.00206537614577,
                    0.000421154079959,
                    7.08021689206e-05,
                    -0.000538408465218,
                    -0.000386471132515,
                    0.000110607121314,
                    0.000170117331436
                ],
                [
                    -9.95408336166e-05,
                    -0.000461645860923,
                    2.12719187402e-05,
                    -8.84424880496e-05,
                    0.0001386601798,
                    -0.00206537614577,
                    0.00479244207963,
                    -0.000686165643856,
                    -0.000145790225361,
                    -0.000312516262056,
                    -0.00106947729364,
                    -0.00252130720764,
                    0.0010894164443
                ],
                [
                    -4.93502011523e-05,
                    0.00039013006608,
                    -0.00045817476348,
                    0.000904908636585,
                    -0.00175517622847,
                    0.000421154079959,
                    -0.000686165643856,
                    0.00732212001458,
                    -0.00344299105927,
                    0.000884378387127,
                    -0.000228032731684,
                    0.000208690151339,
                    0.00083607545821
                ],
                [
                    0.000175482928171,
                    6.33029048913e-05,
                    0.000319687882438,
                    -0.00103324500378,
                    -0.000213877792703,
                    7.08021689206e-05,
                    -0.000145790225361,
                    -0.00344299105927,
                    0.00835490040481,
                    -0.00287082884461,
                    0.000318291276926,
                    0.000544521375559,
                    -0.00203004013747
                ],
                [
                    -0.000305050809402,
                    0.00108943227679,
                    -0.000837770756334,
                    0.000224094736041,
                    -0.00095386459725,
                    -0.000538408465218,
                    -0.000312516262056,
                    0.000884378387127,
                    -0.00287082884461,
                    0.0107676703483,
                    -0.00423724250868,
                    0.000798626278993,
                    -0.000278596504359
                ],
                [
                    0.000226737247431,
                    -0.00110394274816,
                    0.000920469814446,
                    -0.000119254014862,
                    0.000814628845546,
                    -0.000386471132515,
                    -0.00106947729364,
                    -0.000228032731684,
                    0.000318291276926,
                    -0.00423724250868,
                    0.0123187024146,
                    -0.00513152917847,
                    0.00127020326909
                ],
                [
                    -0.000219782741624,
                    0.00112832989544,
                    -0.000940264435485,
                    0.000625815882813,
                    -0.000551124627236,
                    0.000110607121314,
                    -0.00252130720764,
                    0.000208690151339,
                    0.000544521375559,
                    0.000798626278993,
                    -0.00513152917847,
                    0.0136501258239,
                    -0.00640731491148
                ],
                [
                    0.000183026844752,
                    -0.000330554117681,
                    0.000550658092834,
                    -0.00106194394175,
                    -0.000353287177859,
                    0.000170117331436,
                    0.0010894164443,
                    0.00083607545821,
                    -0.00203004013747,
                    -0.000278596504359,
                    0.00127020326909,
                    -0.00640731491148,
                    0.0146897127852
                ]
            ],
            "mean": [
                11.0005235672,
                71.3952255249,
                -114.67224884,
                8.0170507431,
                -59.0387001038,
                12.4622488022,
                -36.8362922668,
                9.98476886749,
                -22.4167613983,
                3.36935663223,
                -11.5374422073,
                3.18918037415,
                -10.7020311356
            ]
        },
        "hfc": {
            "dmean": 10.1717100143,
            "dmean2": 15.6283559799,
            "dvar": 236.510818481,
            "dvar2": 586.558166504,
            "max": 182.248855591,
            "mean": 27.460351944,
            "median": 23.5670967102,
            "min": 1.21988017467e-16,
            "var": 469.620056152
        },
        "melbands": {
            "dmean": [
                0.00275151361711,
                0.00223440886475,
                0.000903922365978,
                0.000628886220511,
                0.000252789264778,
                0.000195856933715,
                0.000251615245361,
                0.000239489410887,
                0.000190580118215,
                0.00014515859948,
                0.000174660948687,
                0.00010593393381,
                0.000105804421764,
                7.40515024518e-05,
                8.94132026588e-05,
                5.99663144385e-05,
                5.23715025338e-05,
                5.22379232279e-05,
                3.18423408316e-05,
                2.60171964328e-05,
                1.89919464901e-05,
                1.46517613757e-05,
                1.05236040326e-05,
                8.31567285786e-06,
                6.60716341372e-06,
                8.80517836777e-06,
                7.03611203789e-06,
                4.18232366428e-06,
