{
    "lowlevel": {
        "average_loudness": 0.56125921011,
        "barkbands": {
            "dmean": [
                0.00595077918842,
                0.00988065544516,
                0.000738031114452,
                0.000204886804568,
                0.000327091634972,
                0.000406756182201,
                0.000915935146622,
                0.000636753218714,
                0.000823954527732,
                0.000424259022111,
                0.000257746025454,
                0.000380076526199,
                0.000374452240067,
                0.000397273135604,
                0.000399484153604,
                0.000214837316889,
                0.000309639464831,
                0.000276191276498,
                0.000250335346209,
                0.000268599076662,
                0.00031152140582,
                0.000536152510904,
                0.000357903627446,
                0.000136795686558,
                7.33187916921e-05,
                4.23829551437e-05,
                1.31443812279e-05
            ],
            "dmean2": [
                0.0102162668481,
                0.0153927328065,
                0.00136949634179,
                0.000361055106623,
                0.000541206391063,
                0.000684085534886,
                0.00141806935426,
                0.000954283808824,
                0.00118532974739,
                0.000623667612672,
                0.000384861341445,
                0.000588638649788,
                0.000559290754609,
                0.000613375334069,
                0.000608892121818,
                0.000313233496854,
                0.000474173313705,
                0.000413399364334,
                0.000399979995564,
                0.000432423024904,
                0.000478898728034,
                0.000855252321344,
                0.000575087498873,
                0.000206020660698,
                0.000106569212221,
                6.59830620862e-05,
                2.02822720894e-05
            ],
            "dvar": [
                0.00016665282601,
                0.000844360387418,
                1.92028510355e-05,
                1.07656137516e-06,
                9.50425430801e-07,
                9.18302418995e-07,
                5.88683587921e-06,
                4.48323726232e-06,
                8.10259189166e-06,
                3.59835826202e-06,
                1.47105117776e-06,
                3.16326782013e-06,
                2.38543543674e-06,
                2.09782342608e-06,
                1.5820447743e-06,
                5.59147224521e-07,
                8.21850164812e-07,
                4.68859525427e-07,
                5.7089908978e-07,
                6.14928239884e-07,
                8.29813984637e-07,
                3.97426538257e-06,
                8.35088656004e-07,
                9.37802653311e-08,
                3.97649628781e-08,
                1.91620692647e-08,
                3.12748937858e-09
            ],
            "dvar2": [
                0.000485986733111,
                0.00209543388337,
                5.6202410633e-05,
                3.06395554617e-06,
                2.4941709853e-06,
                2.21940035772e-06,
                1.31740935103e-05,
                9.2289837994e-06,
                1.6411066099e-05,
                7.30971487428e-06,
                3.20470508086e-06,
                7.35398680263e-06,
                5.20306730323e-06,
                4.85816235596e-06,
                3.42555858879e-06,
                1.09306074592e-06,
                1.87699356502e-06,
                9.04808644009e-07,
                1.24819950997e-06,
                1.4001591353e-06,
                1.81655400411e-06,
                9.37088498176e-06,
                1.97579265659e-06,
                1.86386245105e-07,
                7.37418304197e-08,
                4.54478943368e-08,
                6.92193591334e-09
            ],
            "max": [
                0.125538170338,
                0.353867948055,
                0.0672991871834,
                0.0137878544629,
                0.0123365810141,
                0.0189472734928,
                0.0379407033324,
                0.0381911657751,
                0.0601406507194,
                0.0424563065171,
                0.0244871936738,
                0.0451698489487,
                0.0347779095173,
                0.0360850095749,
                0.0206623803824,
                0.0149593716487,
                0.0162966195494,
                0.012472932227,
                0.00855339504778,
                0.00859882310033,
                0.0123393135145,
                0.0358571745455,
                0.0156532730907,
                0.00724632199854,
                0.00534055149183,
                0.00333421817049,
                0.000969827291556
            ],
            "mean": [
                0.0152971576899,
                0.0287838168442,
                0.000707360333763,
                0.000174706612597,
                0.000386962754419,
                0.000530704797711,
                0.00142821576446,
                0.000820054323412,
                0.00118264555931,
                0.000513558101375,
                0.000290605501505,
                0.000393927184632,
                0.000419801886892,
                0.000455173081718,
                0.000483454292407,
                0.000250040058745,
                0.000354078511009,
                0.000352824310539,
                0.000238678316236,
                0.000265379610937,
                0.000315609242534,
                0.000517068372574,
                0.000336467288435,
                0.00017971273337,
                0.000105643135612,
                5.42759007658e-05,
                1.57644244609e-05
            ],
            "median": [
                6.49863750368e-07,
                2.52888276009e-06,
                2.42184432864e-06,
                8.15995917947e-06,
                0.000127508974401,
                0.000196475390112,
                0.000547331932466,
                0.000106250445242,
                5.84166846238e-05,
                1.28455885715e-05,
                1.13182404675e-05,
                1.16557494039e-05,
                4.63328888145e-06,
                3.81363042834e-06,
                3.76827756554e-06,
                2.89860872726e-06,
                4.10727352573e-06,
                8.1111338659e-06,
                6.30954582448e-06,
                7.17862531019e-06,
                1.48917351908e-05,
                2.94573528663e-05,
                1.85737517313e-05,
                1.71346146089e-05,
                5.54075086256e-06,
                2.58862246483e-06,
                2.66588926934e-07
            ],
            "min": [
                8.90031346458e-19,
                2.34880313079e-18,
                3.09628675248e-18,
                4.90573441627e-18,
                2.09892580573e-17,
                2.77722515768e-17,
                2.50575953533e-17,
                2.1262280599e-17,
                2.0192621916e-17,
                6.08390099762e-18,
                2.85223885871e-17,
                4.32480001268e-17,
                4.46230456201e-17,
                2.31531890095e-17,
                3.25595130498e-17,
                3.19089685853e-17,
                6.8937496948e-17,
                2.5527007116e-17,
                3.22626412367e-17,
                2.4934089016e-17,
                6.66141318958e-17,
                9.85249864528e-17,
                3.28315131963e-16,
                3.01547858508e-16,
                4.48532162356e-16,
                8.16348172888e-16,
                6.66070727761e-14
            ],
            "var": [
                0.000522405491211,
                0.00227924785577,
                1.17542131193e-05,
                6.80697723965e-07,
                8.29973487271e-07,
                1.27481405343e-06,
                8.72650252859e-06,
                7.39604001865e-06,
                1.94634649233e-05,
                5.96779227635e-06,
                1.90931700672e-06,
                3.52602910425e-06,
                3.620829375e-06,
                3.17544163408e-06,
                2.70023974736e-06,
                8.8067025672e-07,
                1.0522633147e-06,
                7.78319190431e-07,
                5.82031873364e-07,
                6.46627029255e-07,
                8.95953689906e-07,
                3.55021529685e-06,
                8.52457844758e-07,
                1.95288208715e-07,
                9.8828841999e-08,
                3.32652838608e-08,
                5.00810903858e-09
            ]
        },
        "barkbands_crest": {
            "dmean": 2.94060897827,
            "dmean2": 4.78938627243,
            "dvar": 7.97110891342,
            "dvar2": 19.6126594543,
            "max": 26.4930458069,
            "mean": 13.2874002457,
            "median": 13.6614761353,
            "min": 2.45476675034,
            "var": 21.0865383148
        },
        "barkbands_flatness_db": {
            "dmean": 0.0385580249131,
            "dmean2": 0.0545945949852,
            "dvar": 0.0020834908355,
            "dvar2": 0.00325907650404,
            "max": 0.641809463501,
            "mean": 0.259105801582,
            "median": 0.222347348928,
            "min": 0.0356874465942,
            "var": 0.0163657926023
        },
        "barkbands_kurtosis": {
            "dmean": 20.008649826,
            "dmean2": 33.9497261047,
            "dvar": 2348.37939453,
            "dvar2": 6500.27832031,
            "max": 1083.98937988,
            "mean": 29.7387924194,
            "median": 10.8701190948,
            "min": -1.96027851105,
            "var": 2892.64990234
        },
        "barkbands_skewness": {
            "dmean": 1.37960684299,
            "dmean2": 2.18874692917,
            "dvar": 3.47972774506,
            "dvar2": 8.75369262695,
            "max": 25.5901241302,
            "mean": 3.01942181587,
            "median": 2.64294338226,
            "min": -15.7062263489,
            "var": 9.3555355072
        },
        "barkbands_spread": {
            "dmean": 8.50141716003,
            "dmean2": 13.5038280487,
            "dvar": 179.197311401,
            "dvar2": 381.089416504,
            "max": 154.90397644,
            "mean": 15.8841810226,
            "median": 8.46286010742,
            "min": 0.0988147929311,
            "var": 352.386047363
        },
        "dissonance": {
            "dmean": 0.0335845611989,
            "dmean2": 0.0554031282663,
            "dvar": 0.00130245590117,
            "dvar2": 0.00328649813309,
            "max": 0.500000119209,
            "mean": 0.438955068588,
            "median": 0.457521736622,
            "min": 0.132398173213,
            "var": 0.00332690612413
        },
        "dynamic_complexity": 6.74629640579,
        "erbbands": {
            "dmean": [
                0.45151129365,
                2.02161955833,
                1.22132492065,
                0.655022025108,
                1.06789803505,
                1.08189344406,
                0.888898968697,
                4.19905233383,
                11.8170881271,
                12.23320961,
                17.2783470154,
                19.9807701111,
                11.8916034698,
                12.8122091293,
                9.86550521851,
                15.1377658844,
                16.852689743,
                19.0771427155,
                20.9403953552,
                15.883099556,
                11.732714653,
                15.7972774506,
                15.338722229,
                11.4104852676,
                14.0336704254,
                13.0703306198,
                12.7038507462,
                12.1262760162,
                20.0262031555,
                17.5709896088,
                8.61915016174,
                4.08997535706,
                1.71995997429,
                0.931123614311,
                0.477658420801,
                0.248373985291,
                0.0577446110547,
                0.01380761154,
                0.00237510236911,
                0.000142203891301
            ],
            "dmean2": [
                0.665575563908,
                3.28819799423,
                2.06799507141,
                1.17217278481,
                1.74274408817,
                1.77898132801,
                1.48993635178,
                6.9672627449,
                18.392370224,
                18.7628192902,
                25.1525917053,
                27.8581066132,
                17.1103630066,
                18.0282764435,
                14.3730125427,
                22.8533496857,
                24.205537796,
                28.1303710938,
                31.2511806488,
                22.2043781281,
                17.1625118256,
                23.3811626434,
                22.426027298,
                17.5415897369,
                22.5407676697,
                21.074016571,
                19.8269233704,
                18.6487121582,
                31.3969116211,
                28.7580299377,
                13.8932752609,
                6.33758640289,
                2.55745148659,
                1.3822234869,
                0.671077370644,
                0.380469977856,
                0.0906345769763,
                0.0222723856568,
                0.00386547297239,
                0.000196106149815
            ],
            "dvar": [
                1.04530918598,
                55.1608543396,
                39.4648666382,
                13.8852930069,
                13.6917963028,
                7.63218307495,
                5.62310314178,
                103.951034546,
                994.411376953,
                1102.05603027,
                3563.3984375,
                5357.18066406,
                2923.24438477,
                3597.18652344,
                1578.46508789,
                5573.12304688,
                4909.29589844,
                4652.05957031,
                4676.05566406,
                2457.44384766,
                1606.86645508,
                1940.24035645,
                1315.26452637,
                1123.11901855,
                1851.28833008,
                1452.4453125,
                1483.53393555,
                1086.62207031,
                8472.7734375,
                2922.96240234,
                360.992218018,
                85.2375411987,
                19.1210594177,
                6.38350820541,
                2.00470876694,
                0.70167529583,
                0.0331253483891,
                0.00219766818918,
                0.000117039104225,
                3.61203802868e-07
            ],
            "dvar2": [
                2.58087182045,
                144.244644165,
                105.970397949,
                39.840133667,
                34.6747741699,
                19.4096736908,
                15.2033176422,
                250.326568604,
                2148.4465332,
                2574.24755859,
                7133.81347656,
                10541.0478516,
                6384.56689453,
                6130.34667969,
                3417.85375977,
                12898.2519531,
                10359.4365234,
                10127.6210938,
                10464.5957031,
                4771.77050781,
                3441.43994141,
                4185.47460938,
                2621.1171875,
                2209.48754883,
                4223.23193359,
                3324.25390625,
                3343.78955078,
                2271.30395508,
                20119.6640625,
                6895.23876953,
                854.323669434,
                189.854415894,
                35.5110321045,
                12.1310653687,
                3.77974390984,
                1.65192699432,
                0.0738905146718,
                0.00510327890515,
                0.000289696938125,
                6.29935755114e-07
            ],
            "max": [
                13.6184148788,
                81.9246902466,
                98.3745422363,
                43.5588493347,
                50.6336936951,
                45.7736854553,
                37.0878295898,
                225.043746948,
                537.026000977,
                1087.88684082,
                1158.12255859,
                1655.76916504,
                1273.25927734,
                1831.73144531,
                1010.49310303,
                2280.10498047,
                1790.04162598,
                2020.34082031,
                1252.6842041,
                999.695007324,
                797.5546875,
                829.749694824,
                671.813598633,
                501.54107666,
                493.493377686,
                449.968841553,
                475.820404053,
                440.631774902,
                1713.56652832,
                958.145629883,
                289.550170898,
                190.943328857,
                132.063644409,
                72.6639862061,
                41.0402412415,
                16.7560825348,
                5.42921113968,
                1.48076820374,
                0.15764375031,
                0.0124833099544
            ],
            "mean": [
                1.83995056152,
                2.54988765717,
                1.279479146,
                0.62548917532,
                1.13847601414,
                1.29389166832,
                1.15951287746,
                5.65086889267,
                17.201374054,
                20.2493801117,
                22.7580165863,
                29.3081092834,
                16.0671749115,
                16.6429519653,
                12.5839271545,
                16.1426372528,
                19.9929695129,
                23.2687263489,
                25.6719398499,
                20.9931526184,
                13.7966995239,
                19.6820392609,
                20.544752121,
                12.7909126282,
                13.149222374,
                12.733089447,
                12.357260704,
                13.1668148041,
                19.4146900177,
                15.4094419479,
                8.29400348663,
                4.85540962219,
                2.39812469482,
                1.30154311657,
                0.685218274593,
                0.330644756556,
                0.0717869326472,
                0.0151246441528,
                0.00282451789826,
                0.00023373485601
            ],
            "median": [
                8.10727215139e-05,
                0.000654174073134,
                0.00435844250023,
                0.0471106544137,
                0.205026894808,
                0.49636220932,
                0.544503509998,
                2.0327501297,
                5.46005964279,
                8.48369026184,
                2.17099261284,
                1.24328541756,
                0.905591130257,
                0.476386010647,
                0.456849575043,
                0.420324683189,
                0.274984955788,
                0.215397387743,
                0.200760677457,
                0.190765380859,
                0.183872535825,
                0.298670053482,
                0.483621716499,
                0.424488693476,
                0.414340555668,
                0.367116987705,
                0.555245876312,
                0.76567620039,
                0.980616390705,
                0.736106455326,
                0.509902954102,
                0.428646594286,
                0.212778776884,
                0.0811685919762,
                0.0277384705842,
                0.0114463474602,
                0.00410619750619,
                0.000649806694128,
                8.43355664983e-05,
                6.09419548709e-05
            ],
            "min": [
                6.7595982048e-17,
                5.59809580555e-16,
                2.94601193077e-15,
                1.10293862598e-14,
                3.2480366053e-14,
                7.77985125324e-14,
                1.5331412897e-13,
                2.48052094273e-13,
                3.36017292549e-13,
                4.10077814804e-13,
                4.87991157899e-13,
                4.70941428216e-13,
                2.4461734179e-13,
                4.6170586885e-13,
                1.53861201124e-12,
                1.702875254e-12,
                1.96439110638e-12,
                1.68498038872e-12,
                1.21196477333e-12,
                1.92723224532e-12,
                1.5893290373e-12,
                4.09441968177e-12,
                1.84933904128e-12,
                1.17965630753e-12,
                1.9421330863e-12,
                1.35957315284e-12,
                1.11383656205e-12,
                3.88992353953e-12,
                4.26794667316e-12,
                5.77033212878e-12,
                1.06863112109e-11,
                5.36886941155e-12,
                5.04932120421e-12,
                4.67153052353e-12,
                3.91276030673e-12,
                2.64541296854e-12,
                1.89618654979e-12,
                1.99791593859e-12,
                2.17502383291e-12,
                1.82684444829e-12
            ],
            "var": [
                7.04404115677,
                56.0953826904,
                30.3510131836,
                8.80695056915,
                11.74284935,
                7.94507980347,
                5.06755876541,
                144.882736206,
                1547.93908691,
                1578.77880859,
                6015.58300781,
                13805.2041016,
                4531.31054688,
                7145.40039062,
                2410.3269043,
                6094.78857422,
                8088.51806641,
                7779.65185547,
                7640.90820312,
                4850.39599609,
                2176.81835938,
                2828.92724609,
                2375.60791016,
                1378.72766113,
                1774.22070312,
                1534.33361816,
                1523.07299805,
                1293.73156738,
                7360.09765625,
                2647.23730469,
                411.35635376,
                135.812942505,
                43.5018959045,
                14.9242916107,
                4.78311109543,
                1.27999663353,
                0.0592664778233,
                0.00313912355341,
                0.000168892613146,
                7.55573069e-07
            ]
        },
        "erbbands_crest": {
            "dmean": 3.24980640411,
            "dmean2": 5.27419996262,
            "dvar": 9.40984153748,
            "dvar2": 20.9109802246,
            "max": 32.2599868774,
            "mean": 12.5268154144,
            "median": 11.5131721497,
            "min": 2.08782958984,
            "var": 31.0588264465
        },
        "erbbands_flatness_db": {
            "dmean": 0.0273898039013,
            "dmean2": 0.04239558056,
            "dvar": 0.000821875466499,
            "dvar2": 0.0016629230231,
            "max": 0.571522176266,
            "mean": 0.214166909456,
            "median": 0.203071802855,
            "min": 0.0157423187047,
            "var": 0.00661056209356
        },
        "erbbands_kurtosis": {
            "dmean": 3.10377812386,
            "dmean2": 5.07638883591,
            "dvar": 25.8939437866,
            "dvar2": 62.7025909424,
            "max": 76.7904663086,
            "mean": 4.10873365402,
            "median": 1.61786031723,
            "min": -1.9361256361,
            "var": 50.9573173523
        },
        "erbbands_skewness": {
            "dmean": 0.80817168951,
            "dmean2": 1.24285399914,
            "dvar": 0.959336221218,
            "dvar2": 1.93605315685,
            "max": 6.9107093811,
            "mean": 0.606584191322,
            "median": 0.634424328804,
            "min": -6.20449876785,
            "var": 2.59365177155
        },
        "erbbands_spread": {
            "dmean": 15.6223258972,
            "dmean2": 25.4494934082,
            "dvar": 495.643493652,
            "dvar2": 1136.68981934,
            "max": 201.780075073,
            "mean": 36.5662841797,
            "median": 27.6970844269,
            "min": 0.844829857349,
            "var": 965.866516113
        },
        "gfcc": {
            "cov": [
                [
                    28829.9941406,
                    -6387.41455078,
                    -2109.04833984,
                    2859.91357422,
                    38.3470840454,
                    2395.171875,
                    -665.590637207,
                    1080.24926758,
                    284.153625488,
                    460.817749023,
                    -751.534667969,
                    428.016113281,
                    -470.127532959
                ],
                [
                    -6387.41455078,
                    5266.83984375,
                    912.128479004,
                    -689.920532227,
                    976.583984375,
                    -467.184967041,
                    1020.13433838,
                    -90.1555862427,
                    385.636016846,
                    -100.291816711,
                    624.561462402,
                    -192.118255615,
                    345.251434326
                ],
                [
                    -2109.04833984,
                    912.128479004,
                    2923.23583984,
                    763.99621582,
                    782.827941895,
                    619.000793457,
                    1072.92102051,
                    461.245819092,
                    577.605895996,
                    305.090179443,
                    457.436950684,
                    241.071121216,
                    145.987716675
                ],
                [
                    2859.91357422,
                    -689.920532227,
                    763.99621582,
                    1660.56103516,
                    649.606811523,
                    609.936584473,
                    484.136566162,
                    451.272369385,
                    418.141662598,
                    269.561920166,
                    178.757141113,
                    136.462600708,
                    76.4757843018
                ],
                [
                    38.3470840454,
                    976.583984375,
                    782.827941895,
                    649.606811523,
                    1206.2689209,
                    407.63973999,
                    583.154418945,
                    359.590057373,
                    473.722137451,
                    213.068847656,
                    297.042266846,
                    28.678609848,
                    189.880447388
                ],
                [
                    2395.171875,
                    -467.184967041,
                    619.000793457,
                    609.936584473,
                    407.63973999,
                    814.859802246,
                    383.559356689,
                    327.292907715,
                    301.475250244,
                    215.12310791,
                    77.1039810181,
                    159.693634033,
                    3.79930782318
                ],
                [
                    -665.590637207,
                    1020.13433838,
                    1072.92102051,
                    484.136566162,
                    583.154418945,
                    383.559356689,
                    999.898010254,
                    272.727630615,
                    377.522003174,
                    177.699630737,
                    359.153564453,
                    111.524276733,
                    106.43662262
                ],
                [
                    1080.24926758,
                    -90.1555862427,
                    461.245819092,
                    451.272369385,
                    359.590057373,
                    327.292907715,
                    272.727630615,
                    358.487487793,
                    249.037017822,
                    127.23046875,
                    111.150146484,
                    95.5323944092,
                    45.0643463135
                ],
                [
                    284.153625488,
                    385.636016846,
                    577.605895996,
                    418.141662598,
                    473.722137451,
                    301.475250244,
                    377.522003174,
                    249.037017822,
                    431.326202393,
                    157.979125977,
                    159.93522644,
                    55.4913139343,
                    96.9918518066
                ],
                [
                    460.817749023,
                    -100.291816711,
                    305.090179443,
                    269.561920166,
                    213.068847656,
                    215.12310791,
                    177.699630737,
                    127.23046875,
                    157.979125977,
                    199.929397583,
                    88.6296463013,
                    42.3778495789,
                    39.2583236694
                ],
                [
                    -751.534667969,
                    624.561462402,
                    457.436950684,
                    178.757141113,
                    297.042266846,
                    77.1039810181,
                    359.153564453,
                    111.150146484,
                    159.93522644,
                    88.6296463013,
                    270.016052246,
                    48.6886482239,
                    71.0927581787
                ],
                [
                    428.016113281,
                    -192.118255615,
                    241.071121216,
                    136.462600708,
                    28.678609848,
                    159.693634033,
                    111.524276733,
                    95.5323944092,
                    55.4913139343,
                    42.3778495789,
                    48.6886482239,
                    168.10017395,
                    0.694257080555
                ],
                [
                    -470.127532959,
                    345.251434326,
                    145.987716675,
                    76.4757843018,
                    189.880447388,
                    3.79930782318,
                    106.43662262,
                    45.0643463135,
                    96.9918518066,
                    39.2583236694,
                    71.0927581787,
                    0.694257080555,
                    128.660385132
                ]
            ],
            "icov": [
                [
                    9.08966103452e-05,
                    9.18155637919e-06,
                    0.000126296697999,
                    -0.00011386051483,
                    3.03693432215e-05,
                    -0.000232123435126,
                    3.80679302907e-05,
                    -0.00017765899247,
                    6.85458508087e-06,
                    -2.73199402727e-05,
                    0.000119708580314,
                    -4.93108345836e-05,
                    0.00016193020565
                ],
                [
                    9.18155637919e-06,
                    0.000670363020618,
                    -1.80545976036e-05,
                    0.000425600999733,
                    -0.000403830897994,
                    0.000252156169154,
                    -0.000511315301992,
                    0.000381772086257,
                    -0.000439299270511,
                    0.00086089206161,
                    -0.000848526484333,
                    0.000550943484996,
                    -0.000585626345128
                ],
                [
                    0.000126296697999,
                    -1.80545976036e-05,
                    0.000823188456707,
                    -0.000176693574758,
                    7.6418138633e-05,
                    -0.000377783668227,
                    -0.000331623508828,
                    -0.000366595835658,
                    -0.000208453682717,
                    -0.000226390126045,
                    -4.93896914122e-05,
                    -0.000465888122562,
                    0.000238063235884
                ],
                [
                    -0.00011386051483,
                    0.000425600999733,
                    -0.000176693574758,
                    0.00147604150698,
                    -0.000474680389743,
                    0.000230697085499,
                    -0.000436245521996,
                    -0.000200772687094,
                    -0.000399892422138,
                    0.000132811488584,
                    -0.000596067344304,
                    0.000370147870854,
                    -0.00052173784934
                ],
                [
                    3.03693432215e-05,
                    -0.000403830897994,
                    7.6418138633e-05,
                    -0.000474680389743,
                    0.00233858916909,
                    -0.000725526071619,
                    0.000228675053222,
                    -0.000982647528872,
                    -0.00054717954481,
                    -0.000355472177034,
                    -0.000484176765895,
                    0.000848924915772,
                    -0.00110094121192
                ],
                [
                    -0.000232123435126,
                    0.000252156169154,
                    -0.000377783668227,
                    0.000230697085499,
                    -0.000725526071619,
                    0.0038191054482,
                    -0.00100085686427,
                    -0.000297869672067,
                    -0.000628423120361,
                    -0.00127059826627,
                    0.00121125031728,
                    -0.00126393255778,
                    0.000855961814523
                ],
                [
                    3.80679302907e-05,
                    -0.000511315301992,
                    -0.000331623508828,
                    -0.000436245521996,
                    0.000228675053222,
                    -0.00100085686427,
                    0.00319442152977,
                    -0.000175612949533,
                    -0.000289750605589,
                    -0.000128555067931,
                    -0.00188443192746,
                    -0.00028773091617,
                    0.000558182015084
                ],
                [
                    -0.00017765899247,
                    0.000381772086257,
                    -0.000366595835658,
                    -0.000200772687094,
                    -0.000982647528872,
                    -0.000297869672067,
                    -0.000175612949533,
                    0.00738523015752,
                    -0.00199287384748,
                    0.000579861458391,
                    -0.000982971047051,
                    -0.00125515030231,
                    -0.00024542916799
                ],
                [
                    6.85458508087e-06,
                    -0.000439299270511,
                    -0.000208453682717,
                    -0.000399892422138,
                    -0.00054717954481,
                    -0.000628423120361,
                    -0.000289750605589,
                    -0.00199287384748,
                    0.00648612435907,
                    -0.00182626908645,
                    0.000688809959684,
                    0.000244217080763,
                    -0.00127238070127
                ],
                [
                    -2.73199402727e-05,
                    0.00086089206161,
                    -0.000226390126045,
                    0.000132811488584,
                    -0.000355472177034,
                    -0.00127059826627,
                    -0.000128555067931,
                    0.000579861458391,
                    -0.00182626908645,
                    0.0100333178416,
                    -0.00305895903148,
                    0.00126053835265,
                    -0.00176792265847
                ],
                [
                    0.000119708580314,
                    -0.000848526484333,
                    -4.93896914122e-05,
                    -0.000596067344304,
                    -0.000484176765895,
                    0.00121125031728,
                    -0.00188443192746,
                    -0.000982971047051,
                    0.000688809959684,
                    -0.00305895903148,
                    0.0105385193601,
                    -0.00248898239806,
                    0.000311112147756
                ],
                [
                    -4.93108345836e-05,
                    0.000550943484996,
                    -0.000465888122562,
                    0.000370147870854,
                    0.000848924915772,
                    -0.00126393255778,
                    -0.00028773091617,
                    -0.00125515030231,
                    0.000244217080763,
                    0.00126053835265,
                    -0.00248898239806,
                    0.00935897603631,
                    -0.00113179325126
                ],
                [
                    0.00016193020565,
                    -0.000585626345128,
                    0.000238063235884,
                    -0.00052173784934,
                    -0.00110094121192,
                    0.000855961814523,
                    0.000558182015084,
                    -0.00024542916799,
                    -0.00127238070127,
                    -0.00176792265847,
                    0.000311112147756,
                    -0.00113179325126,
                    0.0125321447849
                ]
            ],
            "mean": [
                -128.812393188,
                74.3925933838,
                -99.1430435181,
                13.2665996552,
                -81.6572570801,
                -7.29616451263,
                -31.0159931183,
                4.90589523315,
                -6.8639421463,
                6.51851272583,
                -3.62954688072,
                4.05653190613,
                -10.7143554688
            ]
        },
        "hfc": {
            "dmean": 13.7812786102,
            "dmean2": 20.5544338226,
            "dvar": 793.303527832,
            "dvar2": 1654.65063477,
            "max": 315.771118164,
            "mean": 22.2038211823,
            "median": 7.18625450134,
            "min": 3.43013062398e-09,
            "var": 1207.8223877
        },
        "melbands": {
            "dmean": [
                0.00332621787675,
                0.00125649757683,
                0.000127316307044,
                8.24800008559e-05,
                3.19352111546e-05,
                9.59154640441e-05,
                0.000183706884854,
                0.000128751024022,
                0.000155605725013,
                0.000119604344945,
                5.9588917793e-05,
                5.44882277609e-05,
                3.35493496095e-05,
                4.35166439274e-05,
                3.55744668923e-05,
                3.78541371902e-05,
                3.80571946152e-05,
                3.55110532837e-05,
                2.77796352748e-05,
                1.70492694451e-05,
                1.46846341522e-05,
                1.65277360793e-05,
                1.72870804818e-05,
                1.21648299682e-05,
                8.80946208781e-06,
                1.11498193291e-05,
