{
    "lowlevel": {
        "average_loudness": 0.755854487419,
        "barkbands": {
            "dmean": [
                0.000956128526013,
                0.010397778824,
                0.00306045333855,
                0.00173809728585,
                0.00167890475132,
                0.000822987582069,
                0.000447384169092,
                0.000925171014387,
                0.000918401754461,
                0.000467602483695,
                0.000381112331524,
                0.000578907493036,
                0.000500296999235,
                0.000236475447309,
                0.000176554385689,
                0.000185148397577,
                0.000207763863727,
                0.000245889328653,
                0.000407243118389,
                0.000153384535224,
                0.000105152612377,
                0.000121731682157,
                8.86560956133e-05,
                9.72454508883e-05,
                5.88637558394e-05,
                1.79884864338e-05,
                1.85812484688e-06
            ],
            "dmean2": [
                0.0012766609434,
                0.015584571287,
                0.00505521241575,
                0.00315249455161,
                0.00283149443567,
                0.00134612293914,
                0.000739688170142,
                0.00148926547263,
                0.00143638602458,
                0.000604612054303,
                0.000549900345504,
                0.000842543202452,
                0.000737127382308,
                0.000359038094757,
                0.000266960589215,
                0.000287301023491,
                0.000316010758979,
                0.000371450034436,
                0.000588746159337,
                0.000249806238571,
                0.000171331630554,
                0.000187644080142,
                0.000137808150612,
                0.000150014355313,
                9.35504212976e-05,
                2.87786187982e-05,
                3.06456013277e-06
            ],
            "dvar": [
                5.44101794731e-06,
                0.000679601100273,
                0.000111177178042,
                3.07006848743e-05,
                2.23033966904e-05,
                2.60471347246e-06,
                1.27218220314e-06,
                3.92127458326e-06,
                5.45494549442e-06,
                1.25383041905e-06,
                1.06113725451e-06,
                2.44780903813e-06,
                1.48200376771e-06,
                6.40167684196e-07,
                3.49293685531e-07,
                4.40381626277e-07,
                2.87375286234e-07,
                3.2844911857e-07,
                6.15691931216e-07,
                4.0819193714e-07,
                2.36409505305e-07,
                8.04805182497e-08,
                5.65983171441e-08,
                6.37187440589e-08,
                2.44996645193e-08,
                2.66826294393e-09,
                4.97608169947e-11
            ],
            "dvar2": [
                1.02901876744e-05,
                0.00143951468635,
                0.00029127340531,
                8.76856138348e-05,
                6.14834352746e-05,
                6.87398824084e-06,
                3.33193611368e-06,
                1.00212864709e-05,
                1.3515487808e-05,
                2.13869452637e-06,
                2.06231538868e-06,
                5.1019383136e-06,
                3.19646619573e-06,
                1.43323893553e-06,
                7.85054339758e-07,
                1.05845310827e-06,
                6.52690516745e-07,
                7.96293591065e-07,
                1.25726512579e-06,
                1.08956407985e-06,
                6.38468520719e-07,
                1.90163149227e-07,
                1.38431460073e-07,
                1.44556793202e-07,
                5.93992446341e-08,
                6.82863676715e-09,
                1.37091615837e-10
            ],
            "max": [
                0.0611407980323,
                0.291245043278,
                0.119729556143,
                0.056871496141,
                0.0637170001864,
                0.0223831292242,
                0.0153962988406,
                0.0272388532758,
                0.0429846942425,
                0.0317515693605,
                0.0244148056954,
                0.0306580904871,
                0.0285325553268,
                0.0203436333686,
                0.0139338448644,
                0.0138408876956,
                0.0162994060665,
                0.00974199082702,
                0.0119910314679,
                0.0124155711383,
                0.00837757438421,
                0.00432347506285,
                0.00427615782246,
                0.00715423654765,
                0.0033410617616,
                0.000941685691942,
                0.000230485558859
            ],
            "mean": [
                0.00154972937889,
                0.0201861243695,
                0.00292121805251,
                0.00160478719044,
                0.00218675890937,
                0.00129452347755,
                0.000599940249231,
                0.00138077186421,
                0.00144419912249,
                0.00110458000563,
                0.000692249333952,
                0.00120647833683,
                0.000728696933948,
                0.000308181712171,
                0.000242840222199,
                0.000230433986872,
                0.000333341391524,
                0.000425983656896,
                0.000868266681209,
                0.000165189921972,
                9.80955228442e-05,
                0.000186422330444,
                0.000118490592286,
                0.000146954291267,
                8.69771902217e-05,
                2.58043546637e-05,
                2.38931033891e-06
            ],
            "median": [
                5.19986315339e-06,
                0.000540764653124,
                0.000293999793939,
                0.000412122404668,
                0.000900802202523,
                0.000611589755863,
                0.000142203469295,
                0.000539603061043,
                0.000413695990574,
                0.000119329764857,
                5.42492234672e-05,
                0.000133806286613,
                7.38305752748e-05,
                2.51143555943e-05,
                2.18922068598e-05,
                3.01473719446e-05,
                5.28072814632e-05,
                0.000101941855974,
                0.000260852568317,
                1.93633932213e-05,
                8.04406045063e-06,
                6.25046377536e-05,
                4.17210685555e-05,
                6.38643541606e-05,
                3.62875616702e-05,
                9.85711631074e-06,
                8.93728270057e-07
            ],
            "min": [
                2.4420664491e-24,
                2.93812411664e-23,
                2.00191188293e-23,
                4.89535397126e-23,
                4.0490103496e-23,
                2.44127395944e-23,
                2.91330844582e-23,
                3.63803590608e-23,
                1.00983649577e-22,
                6.67876652958e-23,
                8.29516461248e-23,
                6.79494491499e-23,
                3.89719375285e-23,
                1.56239140315e-22,
                1.64495043005e-22,
                1.72037815436e-22,
                2.60188490378e-22,
                2.59846238341e-22,
                3.96539349178e-22,
                3.41102092266e-22,
                7.30519327513e-22,
                4.19412958038e-22,
                4.49922336563e-22,
                1.14211297004e-21,
                1.27672934459e-21,
                1.36847005609e-21,
                2.4672471227e-21
            ],
            "var": [
                1.41675755003e-05,
                0.00167363334913,
                8.72753735166e-05,
                1.99644582608e-05,
                1.72546187969e-05,
                3.26054828292e-06,
                1.47040691445e-06,
                4.97206701766e-06,
                7.95322011982e-06,
                6.54337054584e-06,
                3.15165038955e-06,
                8.63366858539e-06,
                3.11146936838e-06,
                1.0804270687e-06,
                6.79245715673e-07,
                5.17249418408e-07,
                6.01569581704e-07,
                5.75446620132e-07,
                1.82074018085e-06,
                3.22375711903e-07,
                1.69807051975e-07,
                1.06940966305e-07,
                6.24053200227e-08,
                9.75692842076e-08,
                3.17537320882e-08,
                2.87378854047e-09,
                3.91851689985e-11
            ]
        },
        "barkbands_crest": {
            "dmean": 2.76589035988,
            "dmean2": 4.26800012589,
            "dvar": 8.85969543457,
            "dvar2": 19.6646499634,
            "max": 26.4822406769,
            "mean": 12.3807764053,
            "median": 10.9678058624,
            "min": 2.42125868797,
            "var": 30.0358963013
        },
        "barkbands_flatness_db": {
            "dmean": 0.0303205214441,
            "dmean2": 0.0432213768363,
            "dvar": 0.0012824635487,
            "dvar2": 0.00237063784152,
            "max": 0.712942838669,
            "mean": 0.209161236882,
            "median": 0.176047801971,
            "min": 0.0254697687924,
            "var": 0.0118229696527
        },
        "barkbands_kurtosis": {
            "dmean": 9.87634277344,
            "dmean2": 14.9584131241,
            "dvar": 1443.82067871,
            "dvar2": 3322.06469727,
            "max": 1411.1237793,
            "mean": 12.3772621155,
            "median": 2.67338752747,
            "min": -1.93068444729,
            "var": 1898.62963867
        },
        "barkbands_skewness": {
            "dmean": 0.857385993004,
            "dmean2": 1.23334181309,
            "dvar": 1.72253966331,
            "dvar2": 3.44281125069,
            "max": 22.2378025055,
            "mean": 2.01033401489,
            "median": 1.44212031364,
            "min": -5.04649496078,
            "var": 5.21118688583
        },
        "barkbands_spread": {
            "dmean": 5.68208265305,
            "dmean2": 8.48728847504,
            "dvar": 66.6152648926,
            "dvar2": 138.028671265,
            "max": 154.868530273,
            "mean": 18.4763641357,
            "median": 15.9018936157,
            "min": 0.0488183684647,
            "var": 259.932403564
        },
        "dissonance": {
            "dmean": 0.0339711643755,
            "dmean2": 0.0563306175172,
            "dvar": 0.00120749860071,
            "dvar2": 0.0031993878074,
            "max": 0.499993085861,
            "mean": 0.425802022219,
            "median": 0.439158976078,
            "min": 0.0338843911886,
            "var": 0.00317863398232
        },
        "dynamic_complexity": 3.77456116676,
        "erbbands": {
            "dmean": [
                0.454141914845,
                2.1459403038,
                3.59335803986,
                4.65047550201,
                5.51770353317,
                5.65009784698,
                7.11600971222,
                6.80321884155,
                6.08104372025,
                9.93073558807,
                22.4214801788,
                21.3812084198,
                14.3384876251,
                13.325761795,
                17.7629337311,
                19.3051929474,
                23.0589256287,
                12.4769411087,
                10.870013237,
                7.80270957947,
                10.2573385239,
                12.6857185364,
                13.1832046509,
                14.0248785019,
                20.4545860291,
                7.03741264343,
                4.50417089462,
                3.91522264481,
                4.43426656723,
                3.51739811897,
                2.33422017097,
                2.17430067062,
                1.54197657108,
                0.787037849426,
                0.374612599611,
                0.114677369595,
                0.0274238009006,
                0.00393299479038,
                0.00030477589462,
                2.36813521042e-05
            ],
            "dmean2": [
                0.61181384325,
                3.21854019165,
                5.71742963791,
                8.22565078735,
                9.73804283142,
                9.48107910156,
                11.4954376221,
                11.1892585754,
                10.0527667999,
                16.1634941101,
                35.9007530212,
                33.4312934875,
                19.0810451508,
                17.9561233521,
                25.7317733765,
                28.1103897095,
                33.4904632568,
                18.796585083,
                16.1715087891,
                11.8108320236,
                15.5616559982,
                18.9801197052,
                19.9002513885,
                19.8756046295,
                29.947473526,
                11.3646202087,
                7.30322217941,
                6.22269201279,
                6.76803350449,
                5.46963596344,
                3.59312033653,
                3.37116408348,
                2.37576770782,
                1.24023020267,
                0.604709148407,
                0.182423502207,
                0.0437968149781,
                0.00633539073169,
                0.000500000838656,
                3.574479706e-05
            ],
            "dvar": [
                1.13367366791,
                36.910369873,
                140.975296021,
                248.953018188,
                282.186706543,
                282.898071289,
                210.191314697,
                184.560470581,
                221.265319824,
                435.223693848,
                2481.23706055,
                3291.97460938,
                1125.17199707,
                1120.01452637,
                2089.47216797,
                3018.59545898,
                3028.8918457,
                1536.8984375,
                1225.37512207,
                731.511657715,
                1120.66760254,
                1104.60986328,
                940.813049316,
                922.25579834,
                1783.73498535,
                812.356689453,
                457.5390625,
                239.41368103,
                114.113304138,
                68.9398651123,
                38.9993858337,
                26.4089870453,
                20.5423202515,
                4.96256828308,
                0.925874352455,
                0.0790466591716,
                0.0085969157517,
                0.000188963400433,
                1.26792735955e-06,
                2.52837484283e-09
            ],
            "dvar2": [
                2.25448894501,
                83.2846832275,
                340.344818115,
                701.629516602,
                788.465637207,
                772.762878418,
                541.377624512,
                497.992370605,
                575.761047363,
                1117.65283203,
                6349.52929688,
                8122.69873047,
                2049.85327148,
                1990.69287109,
                4349.51904297,
                6927.91455078,
                6536.46923828,
                3474.83666992,
                2592.67456055,
                1726.17553711,
                2591.93383789,
                2442.97290039,
                2247.30297852,
                1948.0435791,
                3826.62231445,
                2191.11010742,
                1229.95263672,
                620.817504883,
                267.473419189,
                168.735122681,
                93.0803451538,
                62.9173431396,
                46.3499794006,
                11.8163690567,
                2.30461120605,
                0.198293432593,
                0.0220467317849,
                0.000497332366649,
                3.47392119693e-06,
                6.03094862939e-09
            ],
            "max": [
                11.293715477,
                69.8466415405,
                120.257659912,
                190.86038208,
                177.716079712,
                211.673431396,
                167.492431641,
                256.746887207,
                269.665985107,
                268.685150146,
                649.576904297,
                1225.74072266,
                1021.16003418,
                1004.22259521,
                1127.18249512,
                1100.11901855,
                1250.20458984,
                961.367614746,
                829.731994629,
                932.651794434,
                650.898376465,
                1149.69494629,
                542.582458496,
                589.866455078,
                614.711791992,
                474.60345459,
                384.112579346,
                202.438980103,
                160.033798218,
                114.092407227,
                152.7837677,
                96.2376861572,
                146.485092163,
                55.9041748047,
                20.2973804474,
                4.29342889786,
                1.91148757935,
                0.394161224365,
                0.0350643396378,
                0.00099998828955
            ],
            "mean": [
                0.831244528294,
                3.50465273857,
                3.91179966927,
                4.5391740799,
                5.67505836487,
                7.2620472908,
                10.8492593765,
                10.9315462112,
                8.63801383972,
                15.8773393631,
                33.8224868774,
                33.4442329407,
                34.1744270325,
                28.09233284,
                35.9897994995,
                38.5298309326,
                37.4099388123,
                18.0776691437,
                15.3471031189,
                10.8702096939,
                14.4183340073,
                21.9543037415,
                23.706073761,
                29.2251853943,
                41.0182304382,
                8.60018157959,
                4.18975114822,
                3.98412847519,
                6.49322509766,
                5.49505805969,
                3.20434713364,
                3.12703227997,
                2.28711390495,
                1.12472033501,
                0.544816672802,
                0.1711833179,
                0.0370269082487,
                0.00524525996298,
                0.000421791686676,
                6.29878559266e-05
            ],
            "median": [
                0.00973309017718,
                0.109477028251,
                0.36961388588,
                1.19208371639,
                1.60813641548,
                2.95346164703,
                4.88578033447,
                4.97471141815,
                2.88022398949,
                6.65442752838,
                14.5321674347,
                11.1974391937,
                6.47597694397,
                5.2545466423,
                5.67042541504,
                6.32450962067,
                5.41346549988,
                2.51045751572,
                1.46911454201,
                1.41736912727,
                2.45569133759,
                5.05697441101,
                6.87907743454,
                10.1861820221,
                11.2890987396,
                2.08995747566,
                0.623021245003,
                0.397305905819,
                1.62456321716,
                2.32004213333,
                1.10182440281,
                1.28160011768,
                0.931088805199,
                0.438179790974,
                0.224501684308,
                0.067489951849,
                0.0136472266167,
                0.00198040879332,
                0.00018692384765,
                4.0518323658e-05
            ],
            "min": [
                3.35302487865e-22,
                8.10829820626e-21,
                2.67157850546e-20,
                9.23321941069e-20,
                1.13908560613e-19,
                1.68610104994e-19,
                1.7992886968e-19,
                1.82991906563e-19,
                2.85503120332e-19,
                6.51323772083e-19,
                1.41697217663e-18,
                2.05223923565e-18,
                1.50661311922e-18,
                2.91646575232e-18,
                3.53694819866e-18,
                2.4345947884e-18,
                1.74588483078e-18,
                5.65023543147e-18,
                1.10075918506e-17,
                7.30628369143e-18,
                1.10395102689e-17,
                1.50069786795e-17,
                1.41797368555e-17,
                2.1549992214e-17,
                1.6547266735e-17,
                1.70704005698e-17,
                2.54243986697e-17,
                2.76011244517e-17,
                1.54725192369e-17,
                1.15456670488e-17,
                1.5075757093e-17,
                2.21253906286e-17,
                1.92074084474e-17,
                1.69093898636e-17,
                7.27291770706e-18,
                5.12679926215e-18,
                2.48572633758e-18,
                1.17416561212e-18,
                4.13592193282e-19,
                3.23739977125e-20
            ],
            "var": [
                2.89883470535,
                63.5808677673,
                132.358764648,
                165.748397827,
                198.876083374,
                219.141876221,
                252.462692261,
                265.418457031,
                264.919464111,
                615.06842041,
                3004.11328125,
                4752.28515625,
                5884.20410156,
                3943.87866211,
                5903.71679688,
                7609.58837891,
                6613.27539063,
                2463.94287109,
                2178.53417969,
                1201.01989746,
                1552.35913086,
                2518.41479492,
                1726.62768555,
                2219.82373047,
                4762.67333984,
                618.077209473,
                329.053894043,
                195.705032349,
                154.655853271,
                85.9902267456,
                46.9346237183,
                35.9359970093,
                31.2065887451,
                6.63039398193,
                1.12847840786,
                0.0990168973804,
                0.00840661674738,
                0.000173505904968,
                9.97117467705e-07,
                5.32842303613e-09
            ]
        },
        "erbbands_crest": {
            "dmean": 2.79828333855,
            "dmean2": 4.44299936295,
            "dvar": 7.57532405853,
            "dvar2": 18.6722507477,
            "max": 31.9803447723,
            "mean": 10.649723053,
            "median": 9.73886013031,
            "min": 2.56613397598,
            "var": 20.9193344116
        },
        "erbbands_flatness_db": {
            "dmean": 0.0200483184308,
            "dmean2": 0.0297036003321,
            "dvar": 0.000520170957316,
            "dvar2": 0.00110102340113,
            "max": 0.554240107536,
            "mean": 0.195857867599,
            "median": 0.174471825361,
            "min": 0.0155230462551,
            "var": 0.00726578943431
        },
        "erbbands_kurtosis": {
            "dmean": 1.531016469,
            "dmean2": 2.42777276039,
            "dvar": 10.7502202988,
            "dvar2": 26.7014369965,
            "max": 130.804412842,
            "mean": 1.69480836391,
            "median": 0.350137531757,
            "min": -1.88130402565,
            "var": 20.8704967499
        },
        "erbbands_skewness": {
            "dmean": 0.443311691284,
            "dmean2": 0.6588742733,
            "dvar": 0.258968502283,
            "dvar2": 0.561368107796,
            "max": 8.82374382019,
            "mean": 0.548128306866,
            "median": 0.507017731667,
            "min": -3.51475691795,
            "var": 0.941385984421
        },
        "erbbands_spread": {
            "dmean": 8.90530490875,
            "dmean2": 13.2595205307,
            "dvar": 144.253433228,
            "dvar2": 311.80065918,
            "max": 183.670883179,
            "mean": 34.5953941345,
            "median": 31.6513214111,
            "min": 1.2678194046,
            "var": 469.69329834
        },
        "gfcc": {
            "cov": [
                [
                    24445.9101563,
                    -4856.25,
                    -3225.05957031,
                    1812.37719727,
                    -416.886108398,
                    2022.734375,
                    -78.9962692261,
                    1644.41699219,
                    -858.468994141,
                    428.69934082,
                    187.296630859,
                    938.942016602,
                    -658.878540039
                ],
                [
                    -4856.25,
                    4356.14990234,
                    1704.11340332,
                    -361.302001953,
                    729.249755859,
                    -490.214874268,
                    333.766845703,
                    -493.591369629,
                    643.717834473,
                    -81.3164291382,
                    24.5231723785,
                    -350.128143311,
                    330.809387207
                ],
                [
                    -3225.05957031,
                    1704.11340332,
                    1872.85571289,
                    331.62008667,
                    435.154937744,
                    26.0525093079,
                    312.956176758,
                    -73.2599945068,
                    411.3175354,
                    109.700958252,
                    55.3645172119,
                    -131.200836182,
                    254.050201416
                ],
                [
                    1812.37719727,
                    -361.302001953,
                    331.62008667,
                    944.260375977,
                    357.519989014,
                    390.025146484,
                    150.284790039,
                    218.643798828,
                    218.969512939,
                    201.725646973,
                    57.3874549866,
                    132.783843994,
                    111.930007935
                ],
                [
                    -416.886108398,
                    729.249755859,
                    435.154937744,
                    357.519989014,
                    786.186218262,
                    205.129043579,
                    261.516937256,
                    28.4379997253,
                    361.4637146,
                    189.759811401,
                    31.584230423,
                    70.4905471802,
                    185.192367554
                ],
                [
                    2022.734375,
                    -490.214874268,
                    26.0525093079,
                    390.025146484,
                    205.129043579,
                    652.301513672,
                    325.286712646,
                    315.850921631,
                    35.0990447998,
                    144.915603638,
                    144.967575073,
                    154.791809082,
                    -2.85966801643
                ],
                [
                    -78.9962692261,
                    333.766845703,
                    312.956176758,
                    150.284790039,
                    261.516937256,
                    325.286712646,
                    543.610656738,
                    188.768585205,
                    97.9339981079,
                    69.2612228394,
                    160.256500244,
                    86.6740264893,
                    79.8766784668
                ],
                [
                    1644.41699219,
                    -493.591369629,
                    -73.2599945068,
                    218.643798828,
                    28.4379997253,
                    315.850921631,
                    188.768585205,
                    409.69354248,
                    -42.1992683411,
                    57.4207878113,
                    137.603378296,
                    115.698707581,
                    -52.0738220215
                ],
                [
                    -858.468994141,
                    643.717834473,
                    411.3175354,
                    218.969512939,
                    361.4637146,
                    35.0990447998,
                    97.9339981079,
                    -42.1992683411,
                    427.761871338,
                    149.222076416,
                    -16.9274635315,
                    0.974707901478,
                    163.275970459
                ],
                [
                    428.69934082,
                    -81.3164291382,
                    109.700958252,
                    201.725646973,
                    189.759811401,
                    144.915603638,
                    69.2612228394,
                    57.4207878113,
                    149.222076416,
                    227.522460938,
                    21.7568569183,
                    41.523059845,
                    63.2120475769
                ],
                [
                    187.296630859,
                    24.5231723785,
                    55.3645172119,
                    57.3874549866,
                    31.584230423,
                    144.967575073,
                    160.256500244,
                    137.603378296,
                    -16.9274635315,
                    21.7568569183,
                    212.929977417,
                    57.5488090515,
                    -3.05379724503
                ],
                [
                    938.942016602,
                    -350.128143311,
                    -131.200836182,
                    132.783843994,
                    70.4905471802,
                    154.791809082,
                    86.6740264893,
                    115.698707581,
                    0.974707901478,
                    41.523059845,
                    57.5488090515,
                    200.688812256,
                    34.3747062683
                ],
                [
                    -658.878540039,
                    330.809387207,
                    254.050201416,
                    111.930007935,
                    185.192367554,
                    -2.85966801643,
                    79.8766784668,
                    -52.0738220215,
                    163.275970459,
                    63.2120475769,
                    -3.05379724503,
                    34.3747062683,
                    205.786758423
                ]
            ],
            "icov": [
                [
                    0.000195061220438,
                    -0.000302177650155,
                    0.000404361693654,
                    -0.000468549958896,
                    0.000280848005787,
                    -0.000473842897918,
                    0.000314051256282,
                    -0.000488289399073,
                    0.000484411692014,
                    -0.000488572113682,
                    0.000479235342937,
                    -0.00052953150589,
                    0.000222462840611
                ],
                [
                    -0.000302177650155,
                    0.00135038082954,
                    -0.0010851736879,
                    0.00120634573977,
                    -0.00108583865222,
                    0.00111593701877,
                    -0.000859234714881,
                    0.0011872947216,
                    -0.0015516160056,
                    0.00162653648295,
                    -0.00138000759762,
                    0.00160197902005,
                    -0.000384726299671
                ],
                [
                    0.000404361693654,
                    -0.0010851736879,
                    0.00200625276193,
                    -0.00153886410408,
                    0.000893778982572,
                    -0.00101352948695,
                    0.000345126783941,
                    -0.00113026762847,
                    0.000977908610366,
                    -0.00128797593061,
                    0.00103292800486,
                    -0.000498741865158,
                    -0.000120669734315
                ],
                [
                    -0.000468549958896,
                    0.00120634573977,
                    -0.00153886410408,
                    0.00337895564735,
                    -0.00138967228122,
                    0.000389561115298,
                    -0.000172004511114,
                    0.000724048411939,
                    -0.00185699563008,
                    0.00123831536621,
                    -0.00124187546317,
                    0.00117875600699,
                    -0.000993832130916
                ],
                [
                    0.000280848005787,
                    -0.00108583865222,
                    0.000893778982572,
                    -0.00138967228122,
                    0.00355277652852,
                    -0.00115466676652,
                    -0.000100296390883,
                    -0.00058411853388,
                    -0.000180320290383,
                    -0.00186884962022,
                    0.00136401923373,
                    -0.00168434216175,
                    -6.23643472863e-06
                ],
                [
                    -0.000473842897918,
                    0.00111593701877,
                    -0.00101352948695,
                    0.000389561115298,
                    -0.00115466676652,
                    0.00534358620644,
                    -0.00258982041851,
                    0.000205406962777,
                    -0.00104962883051,
                    0.000279791740468,
                    -0.00153336743824,
                    0.000831592828035,
                    0.00048409315059
                ],
                [
                    0.000314051256282,
                    -0.000859234714881,
                    0.000345126783941,
                    -0.000172004511114,
                    -0.000100296390883,
                    -0.00258982041851,
                    0.00475178752095,
                    -0.00172390975058,
                    0.00113998504821,
                    -0.000456734880572,
                    -0.000420799158746,
                    -0.00132126489189,
                    -0.000721863645595
                ],
                [
                    -0.000488289399073,
                    0.0011872947216,
                    -0.00113026762847,
                    0.000724048411939,
                    -0.00058411853388,
                    0.000205406962777,
                    -0.00172390975058,
                    0.00654916744679,
                    -0.00152795691974,
                    0.00137422909029,
                    -0.00299427751452,
                    0.000557630613912,
                    0.00103704875801
                ],
                [
                    0.000484411692014,
                    -0.0015516160056,
                    0.000977908610366,
                    -0.00185699563008,
                    -0.000180320290383,
                    -0.00104962883051,
                    0.00113998504821,
                    -0.00152795691974,
                    0.00739614246413,
                    -0.00388496438973,
                    0.0022452538833,
                    -0.00151045841631,
                    -0.0012227067491
                ],
                [
                    -0.000488572113682,
                    0.00162653648295,
                    -0.00128797593061,
                    0.00123831536621,
                    -0.00186884962022,
                    0.000279791740468,
                    -0.000456734880572,
                    0.00137422909029,
                    -0.00388496438973,
                    0.0092748766765,
                    -0.00208668108098,
                    0.00221490114927,
                    -0.00121926295105
                ],
                [
                    0.000479235342937,
                    -0.00138000759762,
                    0.00103292800486,
                    -0.00124187546317,
                    0.00136401923373,
                    -0.00153336743824,
                    -0.000420799158746,
                    -0.00299427751452,
                    0.0022452538833,
                    -0.00208668108098,
                    0.0087410043925,
                    -0.00275707989931,
                    0.000759704154916
                ],
                [
                    -0.00052953150589,
                    0.00160197902005,
                    -0.000498741865158,
                    0.00117875600699,
                    -0.00168434216175,
                    0.000831592828035,
                    -0.00132126489189,
                    0.000557630613912,
                    -0.00151045841631,
                    0.00221490114927,
                    -0.00275707989931,
                    0.0102623542771,
                    -0.00335186556913
                ],
                [
                    0.000222462840611,
                    -0.000384726299671,
                    -0.000120669734315,
                    -0.000993832130916,
                    -6.23643472863e-06,
                    0.00048409315059,
                    -0.000721863645595,
                    0.00103704875801,
                    -0.0012227067491,
                    -0.00121926295105,
                    0.000759704154916,
                    -0.00335186556913,
                    0.00935043394566
                ]
            ],
            "mean": [
                -56.027431488,
                91.6627807617,
                -99.6677932739,
                15.693977356,
                -67.199836731,
                5.9395866394,
                -39.7037849426,
                14.6879072189,
                -26.2617149353,
                -9.8800611496,
                -6.60127067566,
                -1.11766600609,
                -18.7949237823
            ]
        },
        "hfc": {
            "dmean": 7.71264886856,
            "dmean2": 11.2143564224,
            "dvar": 269.425476074,
            "dvar2": 618.099914551,
            "max": 183.923431396,
            "mean": 20.8482570648,
            "median": 15.8635158539,
            "min": 1.18752206025e-16,
            "var": 467.264404297
        },
        "melbands": {
            "dmean": [
                0.00320628820919,
                0.00200299941935,
                0.000836718070786,
                0.000391303416109,
                0.000245515402639,
                0.00014998698316,
                9.17703364394e-05,
                0.000131859909743,
                0.000190288279555,
                0.0001314299152,
                7.26552534616e-05,
                5.69918156543e-05,
                5.24303250131e-05,
                6.60566220176e-05,
                5.05673706357e-05,
                5.18146371178e-05,
                2.25050825975e-05,
                1.94143140106e-05,
                1.26496252051e-05,
                1.23907411762e-05,
                1.15031225505e-05,
                1.41100608744e-05,
                1.37591468956e-05,
                9.83906193142e-06,
                1.17167710414e-05,
                1.85685512406e-05,
                9.94301990431e-06,
                3.79022662855e-06,
