{
    "lowlevel": {
        "average_loudness": 0.865651190281,
        "barkbands": {
            "dmean": [
                0.000873991870321,
                0.00969519373029,
                0.0054150428623,
                0.00276957405731,
                0.00257651181892,
                0.00119698676281,
                0.00118176802061,
                0.000838133040816,
                0.000562734203413,
                0.000327897490934,
                0.000263654306764,
                0.000529428594746,
                0.000393927970435,
                0.000374034338165,
                0.000326198758557,
                0.000208306577406,
                0.000190119375475,
                0.000139251409564,
                0.000124002675875,
                0.000220152825932,
                0.000173543099663,
                0.000206182652619,
                0.000192841966054,
                0.000121669167129,
                7.79183901614e-05,
                3.60734120477e-05,
                3.61754700862e-06
            ],
            "dmean2": [
                0.00119173584972,
                0.0134443426505,
                0.00968605279922,
                0.00482034636661,
                0.00426494656131,
                0.00192788231652,
                0.00181042356417,
                0.00123547925614,
                0.00082985823974,
                0.000495505228173,
                0.00041191931814,
                0.000807131582405,
                0.000613762123976,
                0.000565815193113,
                0.000494690961204,
                0.000323011132423,
                0.000284670095425,
                0.000215382518945,
                0.000196486973437,
                0.000365342857549,
                0.000290445692372,
                0.000329703150783,
                0.00030530654476,
                0.000185211523785,
                0.00011853856995,
                5.58681640541e-05,
                6.22494235358e-06
            ],
            "dvar": [
                5.65808068131e-06,
                0.000945635954849,
                0.000469991791761,
                8.97691643331e-05,
                2.29495344684e-05,
                5.86391979596e-06,
                4.9972513807e-06,
                3.26534905071e-06,
                1.48659830757e-06,
                7.77224784088e-07,
                5.33559102678e-07,
                1.18717775877e-06,
                8.29082580367e-07,
                6.1078753788e-07,
                8.8764005568e-07,
                4.97109908792e-07,
                4.09337246765e-07,
                9.00206487131e-08,
                1.01691277621e-07,
                2.00137947104e-07,
                1.48939776068e-07,
                1.512227783e-07,
                1.14102199689e-07,
                4.43304735143e-08,
                3.31722525004e-08,
                1.03736654822e-08,
                2.58545101994e-10
            ],
            "dvar2": [
                1.14459271572e-05,
                0.00203677546233,
                0.00139804871287,
                0.000264328671619,
                6.29091518931e-05,
                1.36866892717e-05,
                1.11773451863e-05,
                6.19385900791e-06,
                2.77119943348e-06,
                1.5959957409e-06,
                1.24732957829e-06,
                2.61207446783e-06,
                1.93087953448e-06,
                1.25033386666e-06,
                1.85400199371e-06,
                1.0649109754e-06,
                9.30998567128e-07,
                2.03450468916e-07,
                2.36163117506e-07,
                5.07788342929e-07,
                3.84697358413e-07,
                3.8303033989e-07,
                2.74348565199e-07,
                9.38516677707e-08,
                6.64963764052e-08,
                2.06151540283e-08,
                7.48192174882e-10
            ],
            "max": [
                0.0289487373084,
                0.269118517637,
                0.1715721488,
                0.099924787879,
                0.058903567493,
                0.062649384141,
                0.03134983778,
                0.0335247069597,
                0.0331273935735,
                0.0216678734869,
                0.0212751422077,
                0.0162635874003,
                0.0229191742837,
                0.010241436772,
                0.0196349006146,
                0.0106106558815,
                0.0103623233736,
                0.00684763677418,
                0.00558042293414,
                0.00512349186465,
                0.00397344399244,
                0.00521173933521,
                0.00552709400654,
                0.00275461212732,
                0.00297438073903,
                0.00235468172468,
                0.000318509642966
            ],
            "mean": [
                0.00156099966262,
                0.0195423420519,
                0.00669576879591,
                0.00326310843229,
                0.00439372798428,
                0.00194914778695,
                0.00210388214327,
                0.00141428702045,
                0.000958685355727,
                0.000518380955327,
                0.000387625797885,
                0.000806916155852,
                0.000512320664711,
                0.000532406789716,
                0.000420174066676,
                0.000265916401986,
                0.000262868823484,
                0.000214069383219,
                0.000175346940523,
                0.000247293006396,
                0.000170618179254,
                0.000250116863754,
                0.000273650832241,
                0.000218398985453,
                0.000114569738798,
                5.07441509399e-05,
                3.55592874257e-06
            ],
            "median": [
                5.75267913518e-05,
                0.00644301529974,
                0.0017627448542,
                0.00128545286134,
                0.00289888679981,
                0.000886278226972,
                0.000563346664421,
                0.00033712410368,
                0.000342920422554,
                0.000178642745595,
                7.41049443604e-05,
                0.000274080812233,
                0.00017483526608,
                0.000158279173775,
                0.000119829448522,
                7.18616356608e-05,
                6.87195861246e-05,
                7.81918060966e-05,
                6.6925334977e-05,
                6.26502078376e-05,
                2.19194262172e-05,
                7.57545130909e-05,
                0.000110156004666,
                9.07218200155e-05,
                3.43846986652e-05,
                1.36318139994e-05,
                4.99848169966e-07
            ],
            "min": [
                2.91029799484e-24,
                1.34991518932e-23,
                3.57771770801e-24,
                5.68454036049e-24,
                1.59317307122e-23,
                2.24386593553e-23,
                1.07093011257e-23,
                1.47595891144e-23,
                3.14709968132e-23,
                2.2435649062e-23,
                2.61732231216e-23,
                2.76724674715e-23,
                5.72720716473e-23,
                6.60825877296e-23,
                7.36090528283e-23,
                1.10766345217e-22,
                6.33415926956e-23,
                1.24289415373e-22,
                2.04511798404e-22,
                1.77936778446e-22,
                2.65547721067e-22,
                4.09358755407e-22,
                4.43532689448e-22,
                7.12115821061e-22,
                1.02048359364e-21,
                1.55877884935e-21,
                1.90208970166e-21
            ],
            "var": [
                1.25456335809e-05,
                0.00185469060671,
                0.000285744405119,
                5.59795334993e-05,
                2.74439698842e-05,
                9.4658580565e-06,
                1.16406090456e-05,
                9.11480674404e-06,
                3.69633539776e-06,
                1.72344437033e-06,
                9.57143697633e-07,
                2.16225521399e-06,
                1.03417426089e-06,
                1.13285784664e-06,
                1.09537734261e-06,
                6.09757478287e-07,
                4.83759436065e-07,
                1.74813493459e-07,
                1.30226396777e-07,
                2.24565667395e-07,
                1.52003281073e-07,
                1.85425733434e-07,
                1.76601318458e-07,
                1.01757358095e-07,
                6.40472919144e-08,
                2.21478639872e-08,
                2.2455164117e-10
            ]
        },
        "barkbands_crest": {
            "dmean": 2.54104876518,
            "dmean2": 3.72511768341,
            "dvar": 6.94112110138,
            "dvar2": 14.7017021179,
            "max": 26.4369850159,
            "mean": 11.4628601074,
            "median": 10.042637825,
            "min": 2.38239955902,
            "var": 25.2908382416
        },
        "barkbands_flatness_db": {
            "dmean": 0.0305690318346,
            "dmean2": 0.0418464392424,
            "dvar": 0.00115277594887,
            "dvar2": 0.00202948623337,
            "max": 0.531733989716,
            "mean": 0.174832746387,
            "median": 0.160570561886,
            "min": 0.0333416350186,
            "var": 0.00547162722796
        },
        "barkbands_kurtosis": {
            "dmean": 8.33962917328,
            "dmean2": 12.0661821365,
            "dvar": 428.148498535,
            "dvar2": 993.732116699,
            "max": 495.593719482,
            "mean": 11.4575204849,
            "median": 4.1278591156,
            "min": -1.92278468609,
            "var": 608.095825195
        },
        "barkbands_skewness": {
            "dmean": 0.879385948181,
            "dmean2": 1.2137118578,
            "dvar": 1.33877909184,
            "dvar2": 2.6332821846,
            "max": 20.7230110168,
            "mean": 2.29624986649,
            "median": 1.92796969414,
            "min": -9.35658836365,
            "var": 4.14319562912
        },
        "barkbands_spread": {
            "dmean": 7.53629350662,
            "dmean2": 11.5006361008,
            "dvar": 109.656135559,
            "dvar2": 249.075485229,
            "max": 105.647102356,
            "mean": 20.1758766174,
            "median": 16.6220855713,
            "min": 0.215025305748,
            "var": 247.24382019
        },
        "dissonance": {
            "dmean": 0.0263847429305,
            "dmean2": 0.0426033735275,
            "dvar": 0.000688182306476,
            "dvar2": 0.00173947564326,
            "max": 0.499999880791,
            "mean": 0.44485527277,
            "median": 0.454627662897,
            "min": 0.212279513478,
            "var": 0.00174519594293
        },
        "dynamic_complexity": 2.45356202126,
        "erbbands": {
            "dmean": [
                0.333360463381,
                2.15214824677,
                4.98065567017,
                8.69108009338,
                8.46956062317,
                8.77756404877,
                7.81613922119,
                11.6548070908,
                19.2285079956,
                13.0711307526,
                17.5680217743,
                11.8978595734,
                9.55925941467,
                11.1833486557,
                13.4235315323,
                18.0253353119,
                17.1903629303,
                16.6622180939,
                18.4080924988,
                13.2391796112,
                10.1242628098,
                10.0780735016,
                8.49493980408,
                5.98588132858,
                7.85084342957,
                10.2419633865,
                7.49487352371,
                6.21756315231,
                7.10998058319,
                8.21365833282,
                4.54875421524,
                2.80374455452,
                1.85323190689,
                1.09227967262,
                0.450397104025,
                0.239968895912,
                0.0496619865298,
                0.00642353016883,
                0.000620606006123,
                4.16245420638e-05
            ],
            "dmean2": [
                0.424761921167,
                3.1844201088,
                8.34881210327,
                15.3542585373,
                14.1755027771,
                14.4044389725,
                13.2421960831,
                18.2592887878,
                29.6743354797,
                19.5272331238,
                25.9667720795,
                17.2139492035,
                14.3869819641,
                17.0756435394,
                20.7351722717,
                27.1725788116,
                25.9678192139,
                24.959230423,
                27.6982879639,
                20.3233470917,
                15.7420196533,
                14.8479652405,
                13.0582122803,
                9.33537864685,
                12.7354602814,
                17.023267746,
                12.577132225,
                10.2151412964,
                11.4410705566,
                13.0183763504,
                7.18254756927,
                4.33242607117,
                2.80544638634,
                1.65566956997,
                0.685367584229,
                0.369389563799,
                0.0768797621131,
                0.0104086911306,
                0.0010661323322,
                6.65367915644e-05
            ],
            "dvar": [
                1.00524270535,
                51.9421424866,
                364.928253174,
                1074.28649902,
                377.877716064,
                282.265197754,
                235.191299438,
                608.586364746,
                1355.49060059,
                570.181030273,
                1391.57885742,
                828.091491699,
                577.397521973,
                713.947265625,
                783.730957031,
                1727.05737305,
                1506.83874512,
                1279.76269531,
                1958.59399414,
                1364.70422363,
                1213.00793457,
                950.967590332,
                398.571899414,
                291.497528076,
                255.546203613,
                435.408569336,
                289.740234375,
                183.947784424,
                211.360275269,
                202.057907104,
                71.2817306519,
                20.9563388824,
                13.7379207611,
                7.67481660843,
                0.998906552792,
                0.433249175549,
                0.0222361087799,
                0.00044604280265,
                9.02715146367e-06,
                1.1373850306e-08
            ],
            "dvar2": [
                1.45373558998,
                124.045639038,
                1031.74865723,
                3169.25390625,
                1082.49121094,
                753.596374512,
                658.995422363,
                1361.23474121,
                3089.60913086,
                1221.23449707,
                2837.45996094,
                1444.13012695,
                1222.1385498,
                1602.60791016,
                1879.01977539,
                3744.3059082,
                3394.23828125,
                2661.22436523,
                3726.45751953,
                2728.47192383,
                2365.9921875,
                2023.54760742,
                929.49041748,
                665.434082031,
                620.589294434,
                1109.07556152,
                740.975097656,
                470.255645752,
                537.980285645,
                489.337799072,
                167.050338745,
                47.4422454834,
                28.7120552063,
                15.8381891251,
                2.19921898842,
                0.93040984869,
                0.0416599027812,
                0.00108695914969,
                2.65998096438e-05,
                3.34041772021e-08
            ],
            "max": [
                10.1031866074,
                63.2221832275,
                164.33190918,
                298.745452881,
                243.853561401,
                235.332199097,
                238.60458374,
                669.53515625,
                475.187530518,
                440.663421631,
                610.267456055,
                821.186340332,
                662.061462402,
                668.517456055,
                498.602172852,
                795.051208496,
                979.637512207,
                539.836730957,
                868.825744629,
                520.529724121,
                497.506286621,
                465.160308838,
                343.709777832,
                316.354522705,
                215.884399414,
                216.888977051,
                172.226303101,
                192.164794922,
                229.804275513,
                217.236785889,
                167.626983643,
                62.44871521,
                55.986366272,
                48.5909233093,
                16.8949680328,
                13.4832420349,
                4.08522987366,
                0.610423088074,
                0.0616937242448,
                0.00191171932966
            ],
            "mean": [
                0.769797861576,
                3.57252645493,
                7.3001074791,
                10.4619274139,
                12.810915947,
                13.8653383255,
                13.0661687851,
                19.4577159882,
                33.373008728,
                25.0679225922,
                29.700920105,
                20.2326831818,
                17.5886478424,
                18.6565475464,
                22.3384456635,
                28.3133163452,
                24.9070606232,
                24.7649803162,
                26.2677726746,
                18.655374527,
                14.2819280624,
                15.631521225,
                13.0239028931,
                8.37597942352,
                11.1449365616,
                11.7180366516,
                7.37562417984,
                6.35935211182,
                8.07071304321,
                11.3155918121,
                6.74173688889,
                4.99896764755,
                3.06133747101,
                1.51106822491,
                0.671366393566,
                0.342719972134,
                0.0675821900368,
                0.00770672084764,
                0.00065885548247,
                8.37254774524e-05
            ],
            "median": [
                0.121482878923,
                1.32571387291,
                2.27939510345,
                3.73240709305,
                7.34461784363,
                7.49445724487,
                6.24796676636,
                8.03090381622,
                11.9928970337,
                10.8138523102,
                9.02300548553,
                7.64747095108,
                8.06932449341,
                7.34707927704,
                7.62578964233,
                10.3749856949,
                9.08872795105,
                9.12990093231,
                8.19698524475,
                5.11395454407,
                3.97261786461,
                4.38550901413,
                4.76036167145,
                3.48114752769,
                4.36743545532,
                3.14303016663,
                1.08437132835,
                0.887828350067,
                2.04107904434,
                4.65470314026,
                2.77826309204,
                2.05174541473,
                1.15214276314,
                0.37838819623,
                0.22214999795,
                0.0918104276061,
                0.018260197714,
                0.00203303131275,
                0.000135498499731,
                4.91993960168e-05
            ],
            "min": [
                2.86111519953e-22,
                2.72116572136e-21,
                3.73824163784e-21,
                1.34172015388e-20,
                3.7653587832e-20,
                3.72204489214e-20,
                1.6974281252e-19,
                1.72513092091e-19,
                1.24436282139e-19,
                2.21055721049e-19,
                5.36910682995e-19,
                6.94000036137e-19,
                4.79823640201e-19,
                1.18573456017e-18,
                1.71023096823e-18,
                1.50867145478e-18,
                2.59351562282e-18,
                3.58660012852e-18,
                3.23612473696e-18,
                6.44564941336e-18,
                6.0629059129e-18,
                4.95888449294e-18,
                6.12336040797e-18,
                8.86417415042e-18,
                1.13014163304e-17,
                7.9387666673e-18,
                1.19755941722e-17,
                7.90200014344e-18,
                1.56023253817e-17,
                1.33680716697e-17,
                1.26811271223e-17,
                1.41366754872e-17,
                1.27951994647e-17,
                1.0616926855e-17,
                7.16621967985e-18,
                5.07466041378e-18,
                2.77862023914e-18,
                1.1124248512e-18,
                2.40335465821e-19,
                2.88835475591e-20
            ],
            "var": [
                3.15607404709,
                69.1964263916,
                267.003295898,
                651.111633301,
                337.15234375,
                375.076293945,
                372.500244141,
                1048.9309082,
                2856.36401367,
                1478.81652832,
                3343.24414063,
                2006.38317871,
                1477.9609375,
                1257.49023438,
                1525.8392334,
                2887.24438477,
                2145.97460938,
                2186.98730469,
                3132.26098633,
                1893.73071289,
                1693.30419922,
                1384.91296387,
                616.150756836,
                338.584197998,
                356.269104004,
                491.636535645,
                299.14239502,
                204.160903931,
                233.410003662,
                288.432739258,
                117.352790833,
                52.4268684387,
                26.2991275787,
                13.3209705353,
                1.90210556984,
                0.835883438587,
                0.0494816303253,
                0.000606178306043,
                7.60034845371e-06,
                1.40215012934e-08
            ]
        },
        "erbbands_crest": {
            "dmean": 2.88606405258,
            "dmean2": 4.61597013474,
            "dvar": 7.40016555786,
            "dvar2": 17.8890686035,
            "max": 30.6045322418,
            "mean": 9.58005332947,
            "median": 8.62757301331,
            "min": 2.41382193565,
            "var": 19.4130935669
        },
        "erbbands_flatness_db": {
            "dmean": 0.0222167745233,
            "dmean2": 0.0325097776949,
            "dvar": 0.000594048411585,
            "dvar2": 0.00120682292618,
            "max": 0.506545245647,
            "mean": 0.157081902027,
            "median": 0.145018160343,
            "min": 0.0457833632827,
            "var": 0.00306984083727
        },
        "erbbands_kurtosis": {
            "dmean": 1.45271646976,
            "dmean2": 2.29146361351,
            "dvar": 6.70229959488,
            "dvar2": 16.4075679779,
            "max": 49.495880127,
            "mean": 1.0061122179,
            "median": 0.128060609102,
            "min": -1.89638328552,
            "var": 10.5557765961
        },
        "erbbands_skewness": {
            "dmean": 0.524615585804,
            "dmean2": 0.788574397564,
            "dvar": 0.316148221493,
            "dvar2": 0.709588706493,
            "max": 6.09526443481,
            "mean": 0.502230286598,
            "median": 0.503797471523,
            "min": -5.70169019699,
            "var": 0.851669371128
        },
        "erbbands_spread": {
            "dmean": 13.5332918167,
            "dmean2": 20.396024704,
            "dvar": 256.666931152,
            "dvar2": 571.808654785,
            "max": 206.213409424,
            "mean": 45.9544487,
            "median": 41.7536048889,
            "min": 2.31420397758,
            "var": 658.049194336
        },
        "gfcc": {
            "cov": [
                [
                    12841.0976563,
                    300.341339111,
                    442.344055176,
                    1311.87329102,
                    185.553421021,
                    837.333129883,
                    94.5234832764,
                    502.27355957,
                    27.2407112122,
                    136.690444946,
                    -30.8145465851,
                    178.129135132,
                    -77.5463180542
                ],
                [
                    300.341339111,
                    2551.27270508,
                    522.949462891,
                    142.352172852,
                    685.128662109,
                    158.339401245,
                    404.470581055,
                    23.6310634613,
                    270.376098633,
                    -102.618164063,
                    208.332382202,
                    -43.8109359741,
                    131.416763306
                ],
                [
                    442.344055176,
                    522.949462891,
                    1550.26416016,
                    596.460754395,
                    342.291137695,
                    394.301391602,
                    200.434921265,
                    157.241455078,
                    104.811607361,
                    164.403778076,
                    22.9000663757,
                    90.698387146,
                    56.8778800964
                ],
                [
                    1311.87329102,
                    142.352172852,
                    596.460754395,
                    947.130371094,
                    286.376220703,
                    182.476348877,
                    195.571487427,
                    56.791267395,
                    188.06161499,
                    108.75856781,
                    -6.67527675629,
                    54.6772384644,
                    110.365020752
                ],
                [
                    185.553421021,
                    685.128662109,
                    342.291137695,
                    286.376220703,
                    610.424804688,
                    191.890899658,
                    218.43069458,
                    149.874389648,
                    147.964019775,
                    58.3515548706,
                    60.3904571533,
                    9.99450683594,
                    128.653274536
                ],
                [
                    837.333129883,
                    158.339401245,
                    394.301391602,
                    182.476348877,
                    191.890899658,
                    392.874755859,
                    144.30897522,
                    146.905639648,
                    35.0095863342,
                    71.0797958374,
                    46.2718086243,
                    46.6212882996,
                    40.4035110474
                ],
                [
                    94.5234832764,
                    404.470581055,
                    200.434921265,
                    195.571487427,
                    218.43069458,
                    144.30897522,
                    443.684783936,
                    83.7671585083,
                    64.3598632813,
                    36.5436553955,
                    80.6636962891,
                    11.712890625,
                    91.3412322998
                ],
                [
                    502.27355957,
                    23.6310634613,
                    157.241455078,
                    56.791267395,
                    149.874389648,
                    146.905639648,
                    83.7671585083,
                    309.254364014,
                    53.0358428955,
                    42.1743392944,
                    57.1425590515,
                    23.7549877167,
                    22.0953826904
                ],
                [
                    27.2407112122,
                    270.376098633,
                    104.811607361,
                    188.06161499,
                    147.964019775,
                    35.0095863342,
                    64.3598632813,
                    53.0358428955,
                    247.237960815,
                    38.0866966248,
                    36.8867607117,
                    17.7893505096,
                    36.6957206726
                ],
                [
                    136.690444946,
                    -102.618164063,
                    164.403778076,
                    108.75856781,
                    58.3515548706,
                    71.0797958374,
                    36.5436553955,
                    42.1743392944,
                    38.0866966248,
                    160.109680176,
                    8.56782722473,
                    -0.771576523781,
                    13.0302991867
                ],
                [
                    -30.8145465851,
                    208.332382202,
                    22.9000663757,
                    -6.67527675629,
                    60.3904571533,
                    46.2718086243,
                    80.6636962891,
                    57.1425590515,
                    36.8867607117,
                    8.56782722473,
                    144.696929932,
                    27.1537837982,
                    15.0334663391
                ],
                [
                    178.129135132,
                    -43.8109359741,
                    90.698387146,
                    54.6772384644,
                    9.99450683594,
                    46.6212882996,
                    11.712890625,
                    23.7549877167,
                    17.7893505096,
                    -0.771576523781,
                    27.1537837982,
                    129.475021362,
                    28.8263607025
                ],
                [
                    -77.5463180542,
                    131.416763306,
                    56.8778800964,
                    110.365020752,
                    128.653274536,
                    40.4035110474,
                    91.3412322998,
                    22.0953826904,
                    36.6957206726,
                    13.0302991867,
                    15.0334663391,
                    28.8263607025,
                    156.391448975
                ]
            ],
            "icov": [
                [
                    0.000151768821524,
                    -0.000174593820702,
                    0.000219900015509,
                    -0.000379872508347,
                    0.000214510670048,
                    -0.00035414902959,
                    0.000145091296872,
                    -0.000321766856359,
                    0.000293347780826,
                    -0.000184172255103,
                    0.000259181892034,
                    -0.000257116393186,
                    0.000254806160228
                ],
                [
                    -0.000174593820702,
                    0.00120459054597,
                    -0.000680680968799,
                    0.000832701916806,
                    -0.00120473257266,
                    0.00046824538731,
                    -0.000558460364118,
                    0.00107774010394,
                    -0.00113275169861,
                    0.00150241423398,
                    -0.00135427399073,
                    0.0010703158332,
                    -0.000321374303894
                ],
                [
                    0.000219900015509,
                    -0.000680680968799,
                    0.00162115367129,
                    -0.00120437471196,
                    0.00045258415048,
                    -0.00123086571693,
                    0.000351306807715,
                    -0.000773404608481,
                    0.00094550405629,
                    -0.00131456390955,
                    0.00100197223946,
                    -0.00116694136523,
                    0.000797562010121
                ],
                [
                    -0.000379872508347,
                    0.000832701916806,
                    -0.00120437471196,
                    0.00291540799662,
                    -0.00109191518277,
                    0.000833600817714,
                    -0.000882765336428,
                    0.00136471271981,
                    -0.00201648217626,
                    0.00057935481891,
                    -0.000331828428898,
                    0.000639491598122,
                    -0.00116289593279
                ],
                [
                    0.000214510670048,
                    -0.00120473257266,
                    0.00045258415048,
                    -0.00109191518277,
                    0.00415619835258,
                    -0.00109891418833,
                    0.000112759465992,
                    -0.00176891498268,
                    0.000177162932232,
                    -0.00126574723981,
                    0.00109852745663,
                    -0.000155810121214,
                    -0.00123939523473
                ],
                [
                    -0.00035414902959,
                    0.00046824538731,
                    -0.00123086571693,
                    0.000833600817714,
                    -0.00109891418833,
                    0.00521761551499,
                    -0.000962738820817,
                    -0.000422120239818,
                    -9.16648423299e-05,
                    -0.000184663163964,
                    -0.00091467530001,
                    -0.000187283236301,
                    -0.00037237739889
                ],
                [
                    0.000145091296872,
                    -0.000558460364118,
                    0.000351306807715,
                    -0.000882765336428,
                    0.000112759465992,
                    -0.000962738820817,
                    0.00361623964272,
                    -0.00062044034712,
                    0.000715891539585,
                    -0.000569546187762,
                    -0.000853304518387,
                    0.000139511059388,
                    -0.000896256533451
                ],
                [
                    -0.000321766856359,
                    0.00107774010394,
                    -0.000773404608481,
                    0.00136471271981,
                    -0.00176891498268,
                    -0.000422120239818,
                    -0.00062044034712,
                    0.00555538386106,
                    -0.00159564556088,
                    0.000863549066707,
                    -0.00218520965427,
                    0.000835853046738,
                    -0.00024680927163
                ],
                [
                    0.000293347780826,
                    -0.00113275169861,
                    0.00094550405629,
                    -0.00201648217626,
                    0.000177162932232,
                    -9.16648423299e-05,
                    0.000715891539585,
                    -0.00159564556088,
                    0.00672428915277,
                    -0.00202197977342,
                    0.000250190787483,
                    -0.00149547681212,
                    0.000704007165041
                ],
                [
                    -0.000184172255103,
                    0.00150241423398,
                    -0.00131456390955,
                    0.00057935481891,
                    -0.00126574723981,
                    -0.000184663163964,
                    -0.000569546187762,
                    0.000863549066707,
                    -0.00202197977342,
                    0.00940257590264,
                    -0.00182613439392,
                    0.00233422266319,
                    -0.000548645213712
                ],
                [
                    0.000259181892034,
                    -0.00135427399073,
                    0.00100197223946,
                    -0.000331828428898,
                    0.00109852745663,
                    -0.00091467530001,
                    -0.000853304518387,
                    -0.00218520965427,
                    0.000250190787483,
                    -0.00182613439392,
                    0.0104432329535,
                    -0.00309786805883,
                    0.000936581811402
                ],
                [
                    -0.000257116393186,
                    0.0010703158332,
                    -0.00116694136523,
                    0.000639491598122,
                    -0.000155810121214,
                    -0.000187283236301,
                    0.000139511059388,
                    0.000835853046738,
                    -0.00149547681212,
                    0.00233422266319,
                    -0.00309786805883,
                    0.0103319669142,
                    -0.00252698455006
                ],
                [
                    0.000254806160228,
                    -0.000321374303894,
                    0.000797562010121,
                    -0.00116289593279,
                    -0.00123939523473,
                    -0.00037237739889,
                    -0.000896256533451,
                    -0.00024680927163,
                    0.000704007165041,
                    -0.000548645213712,
                    0.000936581811402,
                    -0.00252698455006,
                    0.00925157591701
                ]
            ],
            "mean": [
                -8.99164104462,
                86.9246444702,
                -97.4238739014,
                27.714673996,
                -63.4304008484,
                20.501750946,
                -43.6996765137,
                4.14568138123,
                -21.5913906097,
                -0.184742391109,
                -10.7683229446,
                -0.430286794901,
                -17.6397953033
            ]
        },
        "hfc": {
            "dmean": 8.51537799835,
            "dmean2": 12.8379659653,
            "dvar": 192.300735474,
            "dvar2": 393.17401123,
            "max": 172.127105713,
            "mean": 22.053396225,
            "median": 18.3405647278,
            "min": 1.13110873952e-16,
            "var": 370.610839844
        },
        "melbands": {
            "dmean": [
                0.00278350827284,
                0.00225445791148,
                0.00145838607568,
                0.000617102079559,
                0.000288619892672,
                0.000255194841884,
                0.000280363456113,
                0.000157245725859,
                0.000133643057779,
                7.45144061511e-05,
                4.9345439038e-05,
                4.78962938359e-05,
                4.12020126532e-05,
                6.07003457844e-05,
                4.69742262794e-05,
                3.65794803656e-05,
                3.15128054353e-05,
                3.21533989336e-05,
                2.29390225286e-05,
                1.64356588357e-05,
                1.19043324958e-05,
                9.91992601485e-06,
                1.2452910596e-05,
                5.83725386605e-06,
                4.91981381856e-06,
                5.07307777298e-06,
                7.23544962966e-06,
                7.03853538653e-06,
