{
    "lowlevel": {
        "average_loudness": 0.929909050465,
        "barkbands": {
            "dmean": [
                0.00450179167092,
                0.00872574187815,
                0.00176579284016,
                0.00138628925197,
                0.00148804869968,
                0.00150705408305,
                0.000584875873756,
                0.000884700857569,
                0.00126208353322,
                0.000463513744762,
                0.000439738563728,
                0.000409478903748,
                0.000300158659229,
                0.000256837083725,
                0.000154529392603,
                0.00014908722369,
                0.000118380623462,
                0.000144405756146,
                0.000116925228212,
                0.000150329360622,
                0.000412405468524,
                0.00042824621778,
                0.00126438750885,
                0.000639716512524,
                0.000452594365925,
                0.000236604828387,
                5.71231284994e-05
            ],
            "dmean2": [
                0.00750283664092,
                0.0139097981155,
                0.0032176815439,
                0.00250723189674,
                0.00238913903013,
                0.00243571819738,
                0.000990148051642,
                0.00145898154005,
                0.00207368773408,
                0.000767886871472,
                0.000678448879626,
                0.000640693702735,
                0.000464988290332,
                0.000401749712182,
                0.00023511236941,
                0.000234634862863,
                0.000176697358256,
                0.000224632298341,
                0.000170552753843,
                0.000232167803915,
                0.000658874923829,
                0.000669392000418,
                0.00208765710704,
                0.00100048386957,
                0.000691800611094,
                0.000374322349671,
                8.50369397085e-05
            ],
            "dvar": [
                6.24392414466e-05,
                0.000732504180633,
                7.8544326243e-05,
                4.73028667329e-05,
                2.36845462496e-05,
                9.06950663193e-06,
                3.17355261359e-06,
                7.48789534555e-06,
                1.08747253762e-05,
                2.65834728452e-06,
                2.38998791247e-06,
                2.18197897084e-06,
                9.1768964694e-07,
                8.59650924667e-07,
                2.98435907098e-07,
                2.71953354058e-07,
                1.3331330706e-07,
                2.57327428699e-07,
                2.0137622414e-07,
                2.18134942997e-07,
                1.69528664173e-06,
                1.51826338879e-06,
                1.08776694105e-05,
                2.12106829167e-06,
                1.37210884077e-06,
                3.3754560036e-07,
                5.81434349556e-08
            ],
            "dvar2": [
                0.000173510154127,
                0.00180067087058,
                0.000225643452723,
                0.000140743199154,
                6.26707187621e-05,
                2.20977090066e-05,
                8.44905662234e-06,
                1.9579214495e-05,
                2.94652563753e-05,
                7.15878286428e-06,
                5.24992265127e-06,
                4.93206562169e-06,
                2.04357274924e-06,
                1.92564471035e-06,
                6.99835254636e-07,
                6.00776729698e-07,
                2.90744594622e-07,
                6.21841479642e-07,
                4.51089022135e-07,
                4.8375619599e-07,
                4.15914973928e-06,
                3.67481811736e-06,
                2.76747541648e-05,
                4.9653485803e-06,
                2.73023442787e-06,
                7.87569717886e-07,
                1.10690258737e-07
            ],
            "max": [
                0.147376388311,
                0.280824124813,
                0.113880366087,
                0.100440517068,
                0.0829678997397,
                0.0636997595429,
                0.0399875827134,
                0.0375659652054,
                0.0566687062383,
                0.0330864414573,
                0.034139059484,
                0.0334287323058,
                0.0223391484469,
                0.0152616677806,
                0.0142428772524,
                0.00738081941381,
                0.00551126711071,
                0.00718802399933,
                0.00919609423727,
                0.00784242153168,
                0.017762882635,
                0.0130323562771,
                0.0344190225005,
                0.0269444212317,
                0.0372172147036,
                0.0109972953796,
                0.00633165193722
            ],
            "mean": [
                0.0185496304184,
                0.030800325796,
                0.00164063135162,
                0.00136126053985,
                0.00188694498502,
                0.00205613602884,
                0.000598845363129,
                0.000891454401426,
                0.00155432301108,
                0.000487374258228,
                0.000507461430971,
                0.000468123733299,
                0.000330149079673,
                0.000271270720987,
                0.000187389872735,
                0.000176420508069,
                0.000138888543006,
                0.000152520806296,
                0.000132119253976,
                0.000168333877809,
                0.000430746760685,
                0.000457057030872,
                0.0011903316481,
                0.000692167785019,
                0.000577934028115,
                0.000265023030806,
                7.00425516698e-05
            ],
            "median": [
                0.0122229810804,
                0.0248921345919,
                0.000460883340565,
                0.000400232500397,
                0.000555943406653,
                0.000851830642205,
                0.000112329624244,
                0.00012403241999,
                0.000471375300549,
                9.60630204645e-05,
                4.61122872366e-05,
                4.39602772531e-05,
                2.92796557915e-05,
                1.38952436828e-05,
                1.66397385328e-05,
                1.17756735563e-05,
                1.04107512016e-05,
                9.36503420235e-06,
                1.03422980828e-05,
                9.97158167593e-06,
                2.58345808106e-05,
                1.59939881996e-05,
                3.39221332979e-05,
                5.32034537173e-05,
                7.74457221269e-05,
                3.21915540553e-05,
                5.20589492226e-06
            ],
            "min": [
                9.15483651245e-24,
                5.8864145993e-24,
                4.0335676874e-24,
                1.20031103186e-23,
                2.80695453413e-23,
                5.27284978905e-23,
                3.81469215502e-23,
                2.58796516912e-23,
                2.62958547048e-23,
                2.32214807414e-23,
                2.19121704317e-23,
                5.76708755448e-23,
                1.37441859743e-22,
                9.67248104311e-23,
                7.25330844189e-23,
                1.25061968946e-22,
                1.2648387495e-22,
                1.53622431895e-22,
                1.54669193518e-22,
                2.53544842674e-22,
                4.00018945211e-22,
                4.91741658062e-22,
                4.77378533084e-22,
                6.61028835429e-22,
                1.04374612986e-21,
                1.60434133478e-21,
                2.03513572552e-21
            ],
            "var": [
                0.000578415405471,
                0.00153268373106,
                4.79013615404e-05,
                2.63678739429e-05,
                2.08061319427e-05,
                1.2567835256e-05,
                2.80904259853e-06,
                6.81318033458e-06,
                1.07385367301e-05,
                2.31933813666e-06,
                3.36846164828e-06,
                2.708605507e-06,
                1.1867689409e-06,
                1.00156842109e-06,
                4.4424433554e-07,
                3.74688909233e-07,
                1.82968818763e-07,
                2.7106685252e-07,
                2.37640918499e-07,
                2.81632082988e-07,
                1.63325660196e-06,
                1.60111380865e-06,
                1.04238470158e-05,
                2.49904701377e-06,
                2.32550860346e-06,
                4.84623967623e-07,
                8.98883243394e-08
            ]
        },
        "barkbands_crest": {
            "dmean": 2.51122307777,
            "dmean2": 4.04372024536,
            "dvar": 7.42664527893,
            "dvar2": 17.5703144073,
            "max": 26.8337211609,
            "mean": 13.3820018768,
            "median": 13.6347751617,
            "min": 2.41222310066,
            "var": 17.8125553131
        },
        "barkbands_flatness_db": {
            "dmean": 0.0395275242627,
            "dmean2": 0.0556192658842,
            "dvar": 0.00197359104641,
            "dvar2": 0.00375860324129,
            "max": 0.738588511944,
            "mean": 0.246163502336,
            "median": 0.218478158116,
            "min": 0.0217922534794,
            "var": 0.0171492230147
        },
        "barkbands_kurtosis": {
            "dmean": 13.9969062805,
            "dmean2": 21.5506801605,
            "dvar": 1038.21643066,
            "dvar2": 2281.68164063,
            "max": 1494.04382324,
            "mean": 21.1432552338,
            "median": 9.85515594482,
            "min": -1.9632332325,
            "var": 1483.1829834
        },
        "barkbands_skewness": {
            "dmean": 1.19390070438,
            "dmean2": 1.77096438408,
            "dvar": 2.04970550537,
            "dvar2": 4.34156656265,
            "max": 34.470539093,
            "mean": 3.08331894875,
            "median": 2.80908727646,
            "min": -11.2322921753,
            "var": 6.00138092041
        },
        "barkbands_spread": {
            "dmean": 11.9430875778,
            "dmean2": 17.8531570435,
            "dvar": 352.910705566,
            "dvar2": 734.733642578,
            "max": 136.436553955,
            "mean": 23.1672172546,
            "median": 11.5199146271,
            "min": 0.16055829823,
            "var": 751.748474121
        },
        "dissonance": {
            "dmean": 0.0392481572926,
            "dmean2": 0.0659429207444,
            "dvar": 0.00164299679454,
            "dvar2": 0.00458738580346,
            "max": 0.500000119209,
            "mean": 0.431891620159,
            "median": 0.44600212574,
            "min": 0.0682475790381,
            "var": 0.00317546259612
        },
        "dynamic_complexity": 3.42169570923,
        "erbbands": {
            "dmean": [
                0.409231185913,
                1.60448098183,
                2.10314321518,
                3.44133353233,
                5.74981117249,
                4.09636592865,
                4.85881662369,
                15.5410499573,
                10.6003551483,
                10.6532735825,
                22.1220836639,
                23.9079284668,
                25.3018531799,
                16.2866172791,
                15.4137945175,
                14.189789772,
                12.9974822998,
                14.2114667892,
                9.16402721405,
                7.79215192795,
                7.56814002991,
                6.93386650085,
                7.58610486984,
                6.17207384109,
                5.79234790802,
                7.25570011139,
                14.524310112,
                16.4472732544,
                14.835354805,
                24.3505039215,
                34.1768074036,
                18.0610790253,
                9.98156166077,
                5.59921598434,
                3.05817985535,
                1.21620130539,
                0.398918539286,
                0.0860872939229,
                0.00945725943893,
                0.000466681318358
            ],
            "dmean2": [
                0.595735430717,
                2.53097105026,
                3.53480601311,
                6.35525417328,
                9.47389316559,
                6.58011293411,
                8.1461057663,
                24.9276866913,
                17.4815502167,
                17.6483058929,
                37.1086463928,
                39.6232299805,
                40.9029426575,
                25.4957389832,
                23.3875541687,
                22.0734615326,
                19.808839798,
                22.1199245453,
                13.4254322052,
                11.6927680969,
                11.8764972687,
                10.275384903,
                11.6816320419,
                9.09596633911,
                8.59431171417,
                11.1870336533,
                22.6815910339,
                26.7877407074,
                23.1867027283,
                38.9626274109,
                56.0280075073,
                28.6893901825,
                15.8023633957,
                8.44423294067,
                4.74446725845,
                1.90006363392,
                0.639138936996,
                0.133982032537,
                0.0140921184793,
                0.000729817489628
            ],
            "dvar": [
                1.15968334675,
                39.0864944458,
                95.4095001221,
                343.163879395,
                420.724212646,
                208.463516235,
                202.449066162,
                1010.21203613,
                696.849304199,
                940.184265137,
                5896.82275391,
                5761.79833984,
                3619.3059082,
                3014.12890625,
                2920.35595703,
                2408.79663086,
                1657.77062988,
                2788.62695313,
                1138.44580078,
                579.743774414,
                677.166259766,
                468.948699951,
                673.869750977,
                388.232177734,
                608.872253418,
                537.380126953,
                1799.0760498,
                2889.53930664,
                1922.28833008,
                3974.1027832,
                7617.33398438,
                1809.07373047,
                596.230895996,
                197.131393433,
                85.9922637939,
                8.2953042984,
                1.33803749084,
                0.0648823902011,
                0.00150603288785,
                3.87074032915e-06
            ],
            "dvar2": [
                2.33458781242,
                96.7915725708,
                254.057067871,
                1019.53051758,
                1183.09692383,
                529.416870117,
                553.200378418,
                2407.64477539,
                1853.47131348,
                2355.53442383,
                16325.3291016,
                16009.3476563,
                8890.99804688,
                7152.29638672,
                6145.01806641,
                5086.22753906,
                3630.02832031,
                6315.07080078,
                2838.12646484,
                1204.7454834,
                1520.73413086,
                1025.79370117,
                1594.03210449,
                805.146972656,
                1434.50317383,
                1198.59436035,
                4236.71337891,
                7362.66943359,
                4632.86425781,
                9810.01171875,
                19191.7480469,
                4295.94921875,
                1455.9822998,
                407.739196777,
                183.232940674,
                18.1573257446,
                3.2967646122,
                0.136945202947,
                0.00312313414179,
                9.68687254499e-06
            ],
            "max": [
                12.961684227,
                70.8896942139,
                119.036224365,
                264.756378174,
                286.849517822,
                251.652999878,
                201.185089111,
                717.655944824,
                548.43762207,
                681.923156738,
                1198.06188965,
                1277.22338867,
                1069.07299805,
                1516.55163574,
                1255.85437012,
                916.945495605,
                893.827575684,
                870.828979492,
                904.91796875,
                456.945220947,
                342.525665283,
                343.962615967,
                358.456695557,
                303.515228271,
                529.283935547,
                372.883544922,
                525.11517334,
                799.541748047,
                491.41192627,
                782.98815918,
                872.752075195,
                461.184234619,
                653.015930176,
                485.153533936,
                382.391021729,
                70.9773254395,
                36.4744949341,
                5.43893241882,
                1.2640402317,
                0.0661424100399
            ],
            "mean": [
                1.96705210209,
                2.78910779953,
                2.22724413872,
                3.28661513329,
                7.23097229004,
                4.87953901291,
                5.74226379395,
                21.1352596283,
                12.8351182938,
                11.4113674164,
                22.1867733002,
                28.699754715,
                30.7492904663,
                18.6898937225,
                19.6458358765,
                17.2129211426,
                14.4759378433,
                15.1167116165,
                11.1694164276,
                9.5754776001,
                9.22758865356,
                8.36111450195,
                8.34609699249,
                7.10253000259,
                6.5105471611,
                8.16952037811,
                16.0936546326,
                16.1740627289,
                16.2514095306,
                24.3553295135,
                32.7803192139,
                18.0807247162,
                11.2528352737,
                7.07434368134,
                3.70127487183,
                1.42237818241,
                0.432496935129,
                0.0972892045975,
                0.0115748522803,
                0.000584069057368
            ],
            "median": [
                1.73181593418,
                1.40124094486,
                0.607322156429,
                1.13229548931,
                2.30231404305,
                1.06205153465,
                2.162119627,
                8.03632545471,
                4.63959264755,
                2.2728331089,
                3.99775624275,
                8.00424957275,
                9.63122653961,
                2.73569154739,
                1.86357724667,
                1.78756296635,
                1.41722035408,
                0.84736675024,
                0.939008116722,
                0.825570166111,
                0.679197132587,
                0.683184564114,
                0.59145373106,
                0.551476240158,
                0.524785578251,
                0.510847985744,
                0.973917126656,
                0.801323533058,
                0.530435323715,
                0.814462780952,
                0.951299309731,
                0.788669705391,
                1.06638526917,
                0.889307796955,
                0.46409496665,
                0.181883335114,
                0.0442580021918,
                0.00899462308735,
                0.00102057389449,
                0.000127528241137
            ],
            "min": [
                3.86584707104e-22,
                7.47140841356e-22,
                4.41709640732e-21,
                3.55922666702e-20,
                6.88495187935e-20,
                1.11151192815e-19,
                9.95711166036e-20,
                5.03027814142e-19,
                6.80450197318e-19,
                4.09333712392e-19,
                6.74604356833e-19,
                7.1919792215e-19,
                7.57264980735e-19,
                8.89938185242e-19,
                1.23654051038e-18,
                3.60283272086e-18,
                5.61294033919e-18,
                6.84499318795e-18,
                3.03994189749e-18,
                5.5368711557e-18,
                5.11901631977e-18,
                8.73230418998e-18,
                7.90615838038e-18,
                8.39727122648e-18,
                8.1469374218e-18,
                1.11101208876e-17,
                1.69109366913e-17,
                1.48293830019e-17,
                1.59041040302e-17,
                1.5801024091e-17,
                1.40312215396e-17,
                1.36738042416e-17,
                1.09025341226e-17,
                9.69340782525e-18,
                7.66767228361e-18,
                5.06471563487e-18,
                2.69616253298e-18,
                1.20546819445e-18,
                3.00434583419e-19,
                3.06879483613e-20
            ],
            "var": [
                4.18007040024,
                49.9803390503,
                72.2051696777,
                191.453445435,
                309.166015625,
                205.835098267,
                179.393081665,
                1505.3223877,
                663.650512695,
                947.467468262,
                4429.42529297,
                5024.12255859,
                4279.41650391,
                3848.11694336,
                4565.38623047,
                3288.01806641,
                2180.05541992,
                3182.54931641,
                1577.40075684,
                886.066467285,
                946.620178223,
                639.841369629,
                761.61138916,
                514.807556152,
                648.967712402,
                670.665161133,
                2012.91357422,
                2511.44750977,
                2092.72924805,
                4185.22753906,
                7627.84667969,
                1900.86425781,
                705.375549316,
                318.444274902,
                129.366210938,
                13.7223291397,
                1.63921225071,
                0.0946151092649,
                0.00219220574945,
                4.13739871874e-06
            ]
        },
        "erbbands_crest": {
            "dmean": 3.39611387253,
            "dmean2": 5.53841018677,
            "dvar": 9.15601825714,
            "dvar2": 23.3726272583,
            "max": 30.1745700836,
            "mean": 10.4823102951,
            "median": 9.54251861572,
            "min": 2.74489974976,
            "var": 20.2849845886
        },
        "erbbands_flatness_db": {
            "dmean": 0.0282775461674,
            "dmean2": 0.043557766825,
            "dvar": 0.00089609232964,
            "dvar2": 0.00193797086831,
            "max": 0.626657128334,
            "mean": 0.172545105219,
            "median": 0.149643197656,
            "min": 0.0341764874756,
            "var": 0.00658835144714
        },
        "erbbands_kurtosis": {
            "dmean": 2.92036652565,
            "dmean2": 4.75634813309,
            "dvar": 21.5131340027,
            "dvar2": 53.997428894,
            "max": 95.5692443848,
            "mean": 2.66357898712,
            "median": 1.05603432655,
            "min": -1.8998259306,
            "var": 30.9475746155
        },
        "erbbands_skewness": {
            "dmean": 0.7453083992,
            "dmean2": 1.11821365356,
            "dvar": 0.655575096607,
            "dvar2": 1.43814826012,
            "max": 7.67398262024,
            "mean": 0.413123756647,
            "median": 0.533059954643,
            "min": -7.395216465,
            "var": 1.90403056145
        },
        "erbbands_spread": {
            "dmean": 17.3072242737,
            "dmean2": 27.1169166565,
            "dvar": 444.497070313,
            "dvar2": 1097.28112793,
            "max": 206.208374023,
            "mean": 45.3997879028,
            "median": 36.8620529175,
            "min": 0.982376277447,
            "var": 1084.27502441
        },
        "gfcc": {
            "cov": [
                [
                    17143.7714844,
                    -6041.89697266,
                    -685.05456543,
                    2262.7199707,
                    -1032.45397949,
                    1751.72509766,
                    -76.1920852661,
                    540.434753418,
                    -351.464477539,
                    506.660583496,
                    -536.057250977,
                    467.841674805,
                    -626.943908691
                ],
                [
                    -6041.89697266,
                    5555.48974609,
                    489.639526367,
                    -832.258605957,
                    1308.29589844,
                    -661.107177734,
                    536.385070801,
                    -115.171447754,
                    521.980773926,
                    -133.750869751,
                    524.376708984,
                    -302.963348389,
                    462.054931641
                ],
                [
                    -685.05456543,
                    489.639526367,
                    2362.42333984,
                    378.733612061,
                    268.173065186,
                    392.134124756,
                    182.378051758,
                    214.060531616,
                    195.217224121,
                    22.5278587341,
                    182.851501465,
                    40.023639679,
                    21.7077579498
                ],
                [
                    2262.7199707,
                    -832.258605957,
                    378.733612061,
                    1245.74157715,
                    38.5066795349,
                    438.161437988,
                    278.5418396,
                    191.604293823,
                    220.597213745,
                    105.015342712,
                    29.724905014,
                    134.404312134,
                    -3.45053529739
                ],
                [
                    -1032.45397949,
                    1308.29589844,
                    268.173065186,
                    38.5066795349,
                    866.366394043,
                    48.1743812561,
                    280.531829834,
                    123.429878235,
                    197.07572937,
                    43.4641075134,
                    182.604919434,
                    -72.0074539185,
                    155.849090576
                ],
                [
                    1751.72509766,
                    -661.107177734,
                    392.134124756,
                    438.161437988,
                    48.1743812561,
                    792.876342773,
                    186.214355469,
                    123.815795898,
                    122.290420532,
                    76.2217330933,
                    17.3175373077,
                    129.619354248,
                    -46.6217193604
                ],
                [
                    -76.1920852661,
                    536.385070801,
                    182.378051758,
                    278.5418396,
                    280.531829834,
                    186.214355469,
                    534.379699707,
                    100.433876038,
                    195.708847046,
                    80.4311676025,
                    96.5670166016,
                    34.4342727661,
                    109.009277344
                ],
                [
                    540.434753418,
                    -115.171447754,
                    214.060531616,
                    191.604293823,
                    123.429878235,
                    123.815795898,
                    100.433876038,
                    297.31463623,
                    39.3469772339,
                    46.0738449097,
                    11.9715070724,
                    7.40619564056,
                    53.3180198669
                ],
                [
                    -351.464477539,
                    521.980773926,
                    195.217224121,
                    220.597213745,
                    197.07572937,
                    122.290420532,
                    195.708847046,
                    39.3469772339,
                    389.533325195,
                    3.06254076958,
                    107.127174377,
                    59.6919059753,
                    90.534072876
                ],
                [
                    506.660583496,
                    -133.750869751,
                    22.5278587341,
                    105.015342712,
                    43.4641075134,
                    76.2217330933,
                    80.4311676025,
                    46.0738449097,
                    3.06254076958,
                    203.785369873,
                    19.2173061371,
                    7.21492242813,
                    21.1790504456
                ],
                [
                    -536.057250977,
                    524.376708984,
                    182.851501465,
                    29.724905014,
                    182.604919434,
                    17.3175373077,
                    96.5670166016,
                    11.9715070724,
                    107.127174377,
                    19.2173061371,
                    232.637207031,
                    18.3557300568,
                    50.6655235291
                ],
                [
                    467.841674805,
                    -302.963348389,
                    40.023639679,
                    134.404312134,
                    -72.0074539185,
                    129.619354248,
                    34.4342727661,
                    7.40619564056,
                    59.6919059753,
                    7.21492242813,
                    18.3557300568,
                    168.838516235,
                    -2.56289124489
                ],
                [
                    -626.943908691,
                    462.054931641,
                    21.7077579498,
                    -3.45053529739,
                    155.849090576,
                    -46.6217193604,
                    109.009277344,
                    53.3180198669,
                    90.534072876,
                    21.1790504456,
                    50.6655235291,
                    -2.56289124489,
                    187.071365356
                ]
            ],
            "icov": [
                [
                    0.000155149173224,
                    2.62750800175e-05,
                    9.68391177594e-05,
                    -0.000196091743419,
                    3.48255525751e-05,
                    -0.000207403907552,
                    7.27227889001e-05,
                    -0.000204730502446,
                    0.000112365501991,
                    -0.000232030681218,
                    0.000124620302813,
                    -0.000120013661217,
                    0.00031197493081
                ],
                [
                    2.62750800175e-05,
                    0.000708847306669,
                    -0.000117990952276,
                    0.00039214026765,
                    -0.000554559985176,
                    0.000367785920389,
                    -0.000466499128379,
                    0.000409820728237,
                    -0.000544841226656,
                    0.00038115560892,
                    -0.000635179807432,
                    0.0007105859695,
                    -0.000530843099114
                ],
                [
                    9.68391177594e-05,
                    -0.000117990952276,
                    0.000607704743743,
                    -0.000258668384049,
                    8.65686597535e-05,
                    -0.000403298181482,
                    0.000178360380232,
                    -0.000481366092572,
                    9.2309077445e-05,
                    -0.000107127249066,
                    -0.000158524082508,
                    -9.15189084481e-05,
                    0.000410452339565
                ],
                [
                    -0.000196091743419,
                    0.00039214026765,
                    -0.000258668384049,
                    0.00174557918217,
                    -0.000220138361328,
                    0.000198350491701,
                    -0.000741196970921,
                    -3.78531626666e-06,
                    -0.000984682585113,
                    0.000220155983698,
                    -0.0003970383259,
                    0.000200717913685,
                    -0.000335809832904
                ],
                [
                    3.48255525751e-05,
                    -0.000554559985176,
                    8.65686597535e-05,
                    -0.000220138361328,
                    0.00239833840169,
                    -0.000502779672388,
                    -0.000159827031894,
                    -0.00084455544129,
                    3.84069717256e-05,
                    -0.00037875509588,
                    -0.000441939133452,
                    0.000589760602452,
                    -0.000165110875969
                ],
                [
                    -0.000207403907552,
                    0.000367785920389,
                    -0.000403298181482,
                    0.000198350491701,
                    -0.000502779672388,
                    0.00249764043838,
                    -0.000751933199354,
                    0.000147618266055,
                    -0.000669967848808,
                    0.00016085790412,
                    -0.00021547950746,
                    -0.000555577629711,
                    0.000241147688939
                ],
                [
                    7.27227889001e-05,
                    -0.000466499128379,
                    0.000178360380232,
                    -0.000741196970921,
                    -0.000159827031894,
                    -0.000751933199354,
                    0.00341074517928,
                    -0.000475087639643,
                    -0.000213037899812,
                    -0.00100828788709,
                    0.000279988104012,
                    -0.000574791396502,
                    -0.000411205342971
                ],
                [
                    -0.000204730502446,
                    0.000409820728237,
                    -0.000481366092572,
                    -3.78531626666e-06,
                    -0.00084455544129,
                    0.000147618266055,
                    -0.000475087639643,
                    0.00501236179844,
                    -9.6031699286e-06,
                    0.000202248309506,
                    -5.46122573724e-05,
                    0.000792927108705,
                    -0.00204653223045
                ],
                [
                    0.000112365501991,
                    -0.000544841226656,
                    9.2309077445e-05,
                    -0.000984682585113,
                    3.84069717256e-05,
                    -0.000669967848808,
                    -0.000213037899812,
                    -9.6031699286e-06,
                    0.00466677546501,
                    0.000264127651462,
                    -0.000261454522843,
                    -0.00159460760187,
                    -0.000618106103502
                ],
                [
                    -0.000232030681218,
                    0.00038115560892,
                    -0.000107127249066,
                    0.000220155983698,
                    -0.00037875509588,
                    0.00016085790412,
                    -0.00100828788709,
                    0.000202248309506,
                    0.000264127651462,
                    0.0062118251808,
                    -0.00104943895712,
                    0.000823498703539,
                    -0.00135261076503
                ],
                [
                    0.000124620302813,
                    -0.000635179807432,
                    -0.000158524082508,
                    -0.0003970383259,
                    -0.000441939133452,
                    -0.00021547950746,
                    0.000279988104012,
                    -5.46122573724e-05,
                    -0.000261454522843,
                    -0.00104943895712,
                    0.006663991604,
                    -0.00178760231938,
                    0.000580473744776
                ],
                [
                    -0.000120013661217,
                    0.0007105859695,
                    -9.15189084481e-05,
                    0.000200717913685,
                    0.000589760602452,
                    -0.000555577629711,
                    -0.000574791396502,
                    0.000792927108705,
                    -0.00159460760187,
                    0.000823498703539,
                    -0.00178760231938,
                    0.00885482225567,
                    -0.00137989327777
                ],
                [
                    0.00031197493081,
                    -0.000530843099114,
                    0.000410452339565,
                    -0.000335809832904,
                    -0.000165110875969,
                    0.000241147688939,
                    -0.000411205342971,
                    -0.00204653223045,
                    -0.000618106103502,
                    -0.00135261076503,
                    0.000580473744776,
                    -0.00137989327777,
                    0.00894513260573
                ]
            ],
            "mean": [
                -49.1364364624,
                79.3636016846,
                -57.4096412659,
                9.14322090149,
                -60.1744270325,
                19.2701702118,
                -27.8278160095,
                15.8285322189,
                -14.0885124207,
                5.33240795135,
                -10.3785400391,
                3.30586671829,
                -0.483776837587
            ]
        },
        "hfc": {
            "dmean": 29.5541286469,
            "dmean2": 44.6263885498,
            "dvar": 3545.4296875,
            "dvar2": 8206.44726563,
            "max": 641.22088623,
            "mean": 40.2112464905,
            "median": 13.5990009308,
            "min": 1.10154609852e-16,
            "var": 4729.54638672
        },
        "melbands": {
            "dmean": [
                0.00285900710151,
                0.00136959960219,
                0.000667068816256,
                0.000365859945305,
                0.000162492753589,
                0.00032756201108,
                0.000158536509844,
                0.000131352455355,
                0.000186346165719,
                0.00016626562865,
                0.000125632272102,
                6.43936655251e-05,
                5.41323934158e-05,
                4.99875604874e-05,
                3.11369185511e-05,
                2.96647522191e-05,
                2.64918162429e-05,
                1.55766683747e-05,
                1.20663362395e-05,
                1.01700670712e-05,
                8.91246872925e-06,
                7.35155254006e-06,
                7.55509745431e-06,
                6.66144069328e-06,
                4.92834806209e-06,
                4.36238224211e-06,
                4.01676516049e-06,
