{
    "lowlevel": {
        "average_loudness": 0.687887489796,
        "barkbands": {
            "dmean": [
                0.0002916623489,
                0.00555588956922,
                0.0031795958057,
                0.00104887306225,
                0.00107741111424,
                0.000906187749933,
                0.00129128072876,
                0.000697730341926,
                0.000890202412847,
                0.000822869536933,
                0.000521165609825,
                0.000476052227896,
                0.000276423816103,
                0.000424027995905,
                0.000298128550639,
                0.000255150545854,
                0.00020689619123,
                9.63161000982e-05,
                7.44109638617e-05,
                6.88867075951e-05,
                6.41084989184e-05,
                4.80239868921e-05,
                4.56579982711e-05,
                4.1724237235e-05,
                2.09699883271e-05,
                1.38818601059e-09,
                1.47110168491e-09
            ],
            "dmean2": [
                0.000479045003885,
                0.00897872820497,
                0.00571355037391,
                0.00190262764227,
                0.00179824221414,
                0.00144970987458,
                0.002041406231,
                0.00108712085057,
                0.00140466797166,
                0.00132870627567,
                0.000844295602292,
                0.00078292778926,
                0.000461350486148,
                0.000686968211085,
                0.000493798346724,
                0.000417198607465,
                0.000338483805535,
                0.000157279311679,
                0.000122999888845,
                0.000111818866571,
                0.000100203171314,
                7.39402603358e-05,
                7.19078598195e-05,
                6.44410174573e-05,
                3.30027796736e-05,
                2.54953347323e-09,
                2.70063571506e-09
            ],
            "dvar": [
                4.32439321685e-07,
                0.000167980644619,
                9.20473175938e-05,
                1.1048473425e-05,
                2.89977197099e-06,
                3.36356015396e-06,
                8.79371509654e-06,
                3.05576918436e-06,
                4.26368660555e-06,
                5.38889162272e-06,
                1.61174830282e-06,
                1.08519282094e-06,
                3.76558233484e-07,
                1.31239437451e-06,
                5.32924218533e-07,
                2.87644155605e-07,
                2.39173772343e-07,
                3.3212671724e-08,
                1.93355038647e-08,
                2.37584618645e-08,
                1.88385822497e-08,
                1.16126024352e-08,
                1.28427135593e-08,
                1.49445380515e-08,
                1.6691684479e-08,
                4.36253400699e-18,
                4.89178070652e-18
            ],
            "dvar2": [
                1.10945381948e-06,
                0.000402829202358,
                0.000269632146228,
                3.23086460412e-05,
                7.73978990765e-06,
                8.21439243737e-06,
                2.18716049858e-05,
                7.42841075407e-06,
                1.02191779661e-05,
                1.41364535011e-05,
                4.17423279941e-06,
                3.0096196042e-06,
                1.01931186691e-06,
                3.00574538414e-06,
                1.44231739796e-06,
                7.30537351501e-07,
                6.3413551743e-07,
                8.30004083241e-08,
                5.03977197752e-08,
                5.93642930369e-08,
                4.21182271282e-08,
                2.53096938962e-08,
                3.25149329683e-08,
                3.64272416675e-08,
                4.58652458235e-08,
                1.37636153766e-17,
                1.54272261353e-17
            ],
            "max": [
                0.0182116925716,
                0.189274519682,
                0.13327793777,
                0.0534041561186,
                0.0306680761278,
                0.0586256608367,
                0.0675963759422,
                0.0550239607692,
                0.0609548091888,
                0.0762983411551,
                0.0240544229746,
                0.0268139149994,
                0.0212581641972,
                0.0285807549953,
                0.0286551918834,
                0.0171912927181,
                0.0158389937133,
                0.00365229300223,
                0.00199723709375,
                0.00278218882158,
                0.0030429251492,
                0.0037125472445,
                0.0037701537367,
                0.00510515645146,
                0.00974442530423,
                2.25254623842e-08,
                2.33933192817e-08
            ],
            "mean": [
                0.000537512532901,
                0.0130637604743,
                0.00386060704477,
                0.00115649774671,
                0.0020220335573,
                0.00179661705624,
                0.00311271450482,
                0.00143233232666,
                0.00197806442156,
                0.00185446254909,
                0.000946223735809,
                0.000896238954738,
                0.000480409449665,
                0.0007174598868,
                0.00053341378225,
                0.000465713936137,
                0.000389867636841,
                0.000193844971363,
                0.000145927740959,
                0.000131565640913,
                0.000139260315336,
                0.000103351281723,
                8.10295896372e-05,
                7.58751921239e-05,
                3.13691416522e-05,
                1.12788722806e-09,
                1.18971932306e-09
            ],
            "median": [
                4.8129746574e-05,
                0.00282172253355,
                0.00145757733844,
                0.000543853675481,
                0.00134115340188,
                0.00090849888511,
                0.000790022604633,
                0.00053625140572,
                0.000427504710387,
                0.000308501854306,
                0.00025861125323,
                0.000322943786159,
                0.000187228186405,
                0.000158872964676,
                0.000151686443132,
                0.000149941755808,
                0.000139879542985,
                7.12420078344e-05,
                6.11787327216e-05,
                4.96290958836e-05,
                5.30558900209e-05,
                4.55869303551e-05,
                2.77626877505e-05,
                1.81339637493e-05,
                6.83517100697e-06,
                3.56201457219e-10,
                3.76426889659e-10
            ],
            "min": [
                6.74289350588e-24,
                1.70886646495e-23,
                1.04880666625e-23,
                8.67123480084e-24,
                2.85574211013e-23,
                3.26579989727e-23,
                3.51950608409e-23,
                1.8923362633e-23,
                9.14804820659e-23,
                4.82683729957e-23,
                3.53746308264e-23,
                1.16190249879e-22,
                8.80281301329e-23,
                6.88370943731e-23,
                1.31418887799e-22,
                1.16528412461e-22,
                2.31580758884e-22,
                1.51443093204e-22,
                2.99756314501e-22,
                2.24684473741e-22,
                4.61304905228e-22,
                4.45398339178e-22,
                4.48870538852e-22,
                6.98356976158e-22,
                1.00770409746e-21,
                1.66017168423e-21,
                2.82271849937e-21
            ],
            "var": [
                1.13198382223e-06,
                0.000480140908621,
                6.88136933604e-05,
                7.03482464814e-06,
                5.31050363861e-06,
                1.03677657535e-05,
                4.23267192673e-05,
                9.06584682525e-06,
                1.98820944206e-05,
                2.32269139815e-05,
                4.34381354353e-06,
                2.87619104711e-06,
                8.58620524014e-07,
                2.71016529041e-06,
                1.42965825489e-06,
                7.91243280673e-07,
                6.56796885323e-07,
                9.01293759625e-08,
                4.32027640329e-08,
                4.50843984368e-08,
                5.7901942796e-08,
                3.44086572568e-08,
                2.23359695184e-08,
                2.78130496412e-08,
                1.28455637238e-08,
                3.79625360426e-18,
                4.25209091956e-18
            ]
        },
        "barkbands_crest": {
            "dmean": 2.45698428154,
            "dmean2": 4.048869133,
            "dvar": 5.57432126999,
            "dvar2": 14.3813486099,
            "max": 26.1053924561,
            "mean": 11.5424814224,
            "median": 10.6761350632,
            "min": 2.75724363327,
            "var": 21.8677501678
        },
        "barkbands_flatness_db": {
            "dmean": 0.0234199557453,
            "dmean2": 0.0385373234749,
            "dvar": 0.000415813352447,
            "dvar2": 0.00107663113158,
            "max": 0.456081241369,
            "mean": 0.205755487084,
            "median": 0.198831528425,
            "min": 0.066393122077,
            "var": 0.00287196040154
        },
        "barkbands_kurtosis": {
            "dmean": 2.72587275505,
            "dmean2": 4.40125131607,
            "dvar": 24.0066337585,
            "dvar2": 55.6057128906,
            "max": 146.939575195,
            "mean": 4.69655656815,
            "median": 2.71157169342,
            "min": -1.86732816696,
            "var": 56.098072052
        },
        "barkbands_skewness": {
            "dmean": 0.476146906614,
            "dmean2": 0.760970771313,
            "dvar": 0.268227696419,
            "dvar2": 0.632646024227,
            "max": 11.3905363083,
            "mean": 1.52877128124,
            "median": 1.45747113228,
            "min": -1.86067700386,
            "var": 1.41768169403
        },
        "barkbands_spread": {
            "dmean": 3.85120296478,
            "dmean2": 6.08166790009,
            "dvar": 24.1768817902,
            "dvar2": 53.2109451294,
            "max": 82.5626144409,
            "mean": 16.5378570557,
            "median": 13.8909454346,
            "min": 0.982340872288,
            "var": 118.538650513
        },
        "dissonance": {
            "dmean": 0.0224832482636,
            "dmean2": 0.0379570126534,
            "dvar": 0.000504330557305,
            "dvar2": 0.00140494573861,
            "max": 0.5,
            "mean": 0.450499743223,
            "median": 0.462014347315,
            "min": 0.225699841976,
            "var": 0.00159204145893
        },
        "dynamic_complexity": 3.79790854454,
        "erbbands": {
            "dmean": [
                0.173493072391,
                1.3250439167,
                3.50242543221,
                3.59880900383,
                3.10671758652,
                4.09536027908,
                4.54960107803,
                9.77221298218,
                12.0719823837,
                22.2874965668,
                12.8517484665,
                15.5047883987,
                28.5126132965,
                24.2381420135,
                17.3745632172,
                14.1877603531,
                11.6766767502,
                15.5502634048,
                17.1314239502,
                13.4683322906,
                15.0788431168,
                11.5316076279,
                5.81105136871,
                3.50394511223,
                3.70795416832,
                3.02685570717,
                2.6523706913,
                2.48182368279,
                1.83056533337,
                1.33127331734,
                1.3815125227,
                0.83185172081,
                0.794147014618,
                0.388430982828,
                0.0421673133969,
                0.00103500112891,
                6.234801549e-05,
                8.44822716317e-06,
                5.04151557834e-06,
                1.02495287138e-05
            ],
            "dmean2": [
                0.266368031502,
                2.14428663254,
                6.13187503815,
                6.52702903748,
                5.47887802124,
                6.77902507782,
                7.08989286423,
                15.7294492722,
                18.7368278503,
                35.1879730225,
                19.8230705261,
                24.4556999207,
                44.8621368408,
                39.1164360046,
                28.7768573761,
                23.1193904877,
                19.3802223206,
                25.539068222,
                27.4369029999,
                21.9185829163,
                24.4939422607,
                18.8099327087,
                9.45174503326,
                5.70065832138,
                6.07500839233,
                4.92603778839,
                4.29011487961,
                3.77722358704,
                2.85457801819,
                2.06752061844,
                2.17542672157,
                1.29524827003,
                1.23590755463,
                0.605875372887,
                0.0651889070868,
                0.00159389502369,
                9.51041947701e-05,
                1.2835724192e-05,
                7.68406425777e-06,
                1.62005544553e-05
            ],
            "dvar": [
                0.16883200407,
                10.1475572586,
                103.714782715,
                129.706710815,
                51.7723617554,
                48.4690856934,
                49.389503479,
                431.914123535,
                803.675720215,
                3055.82202148,
                1025.70947266,
                1477.03845215,
                4081.68237305,
                3731.94287109,
                1655.8079834,
                1044.24584961,
                651.466064453,
                1263.91577148,
                1877.20263672,
                868.037963867,
                1115.78710938,
                731.570068359,
                129.541183472,
                39.7729148865,
                57.2521781921,
                50.2851829529,
                33.9363899231,
                33.0388755798,
                18.0215492249,
                9.43262863159,
                11.7744159698,
                3.7043735981,
                9.33870697021,
                4.39131164551,
                0.0118872234598,
                8.96755682334e-06,
                4.6519570418e-08,
                9.40018063389e-10,
                8.69437299933e-11,
                2.68806255033e-10
            ],
            "dvar2": [
                0.359036594629,
                25.4048652649,
                299.999206543,
                377.071990967,
                150.497650146,
                123.203598022,
                114.285942078,
                1057.40454102,
                1815.93688965,
                7382.9140625,
                2512.33813477,
                3362.05957031,
                10387.8427734,
                9890.84570312,
                4699.81494141,
                2768.953125,
                1744.00524902,
                3242.7890625,
                4281.03271484,
                2319.70678711,
                2846.05932617,
                1950.77294922,
                328.102264404,
                101.843200684,
                149.862045288,
                125.48449707,
                82.8989715576,
                69.7936706543,
                40.2997665405,
                22.0978317261,
                29.7062416077,
                8.89781761169,
                24.2040996552,
                11.9664964676,
                0.0290085095912,
                2.25897492783e-05,
                1.21086173976e-07,
                2.47177256441e-09,
                2.07231926064e-10,
                6.50085540954e-10
            ],
            "max": [
                6.69971227646,
                49.4349632263,
                153.850570679,
                164.398406982,
                99.9060440063,
                173.674819946,
                129.470275879,
                673.778686523,
                1135.23730469,
                1624.27331543,
                1079.81347656,
                1127.859375,
                1723.53637695,
                1279.26037598,
                974.188110352,
                801.117004395,
                1071.12548828,
                1127.57275391,
                1136.6730957,
                931.516174316,
                1175.33422852,
                963.012939453,
                236.2137146,
                143.104537964,
                205.611495972,
                129.786270142,
                113.436927795,
                178.120162964,
                132.417694092,
                104.335388184,
                119.269187927,
                40.0174484253,
                180.193908691,
                156.074020386,
                3.6270506382,
                0.150688424706,
                0.0137649085373,
                0.00206157960929,
                0.000473148189485,
                0.0003002625308
            ],
            "mean": [
                0.37016543746,
                2.89981508255,
                5.046230793,
                4.23793411255,
                4.51541233063,
                7.04189968109,
                9.18964576721,
                18.7272377014,
                31.2956104279,
                52.3299636841,
                28.8448429108,
                34.0890235901,
                68.9950027466,
                50.9562644958,
                37.1659393311,
                29.394618988,
                22.3804588318,
                28.7577285767,
                32.3243942261,
                26.2361755371,
                28.7615566254,
                23.1287708282,
                12.7416362762,
                7.9113202095,
                7.65884685516,
                5.9671869278,
                5.30088186264,
                5.32684898376,
                3.96816205978,
                2.59846162796,
                2.39465045929,
                1.55525743961,
                1.33517336845,
                0.620648980141,
                0.0592190809548,
                0.00157210393809,
                0.000115981412819,
                1.81468658411e-05,
                2.12401500903e-05,
                4.22295670433e-05
            ],
            "median": [
                0.0561825186014,
                0.585463166237,
                2.06199574471,
                2.11748361588,
                2.48659801483,
                4.05710840225,
                5.64840173721,
                8.84542274475,
                10.3256731033,
                14.7252340317,
                12.3507385254,
                9.41054916382,
                15.7488546371,
                14.4634838104,
                12.874874115,
                10.8726959229,
                9.70933151245,
                9.31177616119,
                9.39904689789,
                9.71061897278,
                10.1198005676,
                8.92499256134,
                4.79214096069,
                3.61832427979,
                3.35122227669,
                2.34133195877,
                1.90460729599,
                2.09502196312,
                1.80188667774,
                1.00693249702,
                0.8046220541,
                0.381678491831,
                0.306369006634,
                0.145929813385,
                0.0128733413294,
                0.000377716060029,
                3.8593509089e-05,
                7.80708342063e-06,
                1.57042923092e-05,
                3.16882433253e-05
            ],
            "min": [
                9.84184178018e-22,
                2.35518373869e-21,
                1.14522485339e-20,
                2.55811937534e-20,
                8.58834165033e-20,
                5.15775417013e-20,
                2.37145495487e-19,
                2.90391344162e-19,
                4.79900723094e-19,
                4.74632254676e-19,
                8.59405914857e-19,
                2.42570528516e-18,
                1.50285347994e-18,
                1.75254963177e-18,
                2.60935220244e-18,
                4.2825568087e-18,
                3.80844128341e-18,
                3.62315158543e-18,
                5.21278510042e-18,
                5.03646700336e-18,
                9.10175613877e-18,
                1.30099893185e-17,
                8.45158142396e-18,
                1.37215507609e-17,
                1.49109711345e-17,
                1.14273967648e-17,
                1.95964099828e-17,
                1.6607904037e-17,
                1.67051705509e-17,
                1.61926792218e-17,
                1.12983077856e-17,
                1.41554739938e-17,
                1.23504443017e-17,
                9.64765646557e-18,
                8.00218743205e-18,
                5.44840253482e-18,
                3.1229562962e-18,
                1.30149155926e-18,
                4.0763698401e-19,
                3.74403561797e-20
            ],
            "var": [
                0.528611779213,
                24.0729961395,
                98.5924377441,
                83.9521255493,
                48.4563560486,
                91.2806091309,
                120.857635498,
                1315.76599121,
                4855.76367188,
                14287.2441406,
                3134.18603516,
                5299.46533203,
                18958.1503906,
                11256.3125,
                5340.17626953,
                3174.39038086,
                1644.13720703,
                3202.45263672,
                4190.60205078,
                2193.38134766,
                3224.25073242,
                2195.43408203,
                408.167663574,
                115.831581116,
                129.508514404,
                94.2484359741,
                77.2895736694,
                101.513336182,
                51.1841850281,
                20.8375892639,
                20.421880722,
                9.66453838348,
                11.6861038208,
                3.73127770424,
                0.0169800296426,
                1.19264559544e-05,
                5.71443408148e-08,
                1.18281517913e-09,
                3.7274086595e-10,
                1.35096134279e-09
            ]
        },
        "erbbands_crest": {
            "dmean": 2.43949866295,
            "dmean2": 3.94960308075,
            "dvar": 5.0955324173,
            "dvar2": 12.6051979065,
            "max": 31.428396225,
            "mean": 10.1045122147,
            "median": 8.61695671082,
            "min": 2.42244696617,
            "var": 27.739774704
        },
        "erbbands_flatness_db": {
            "dmean": 0.0146355330944,
            "dmean2": 0.0219046715647,
            "dvar": 0.000174947534106,
            "dvar2": 0.000358272227459,
            "max": 0.436771929264,
            "mean": 0.205582976341,
            "median": 0.197836980224,
            "min": 0.076328381896,
            "var": 0.00323124788702
        },
        "erbbands_kurtosis": {
            "dmean": 1.0710568428,
            "dmean2": 1.68960928917,
            "dvar": 2.39332532883,
            "dvar2": 5.59711408615,
            "max": 38.3895301819,
            "mean": 1.44502973557,
            "median": 0.307896614075,
            "min": -1.78806829453,
            "var": 9.6672744751
        },
        "erbbands_skewness": {
            "dmean": 0.341646373272,
            "dmean2": 0.536559462547,
            "dvar": 0.0960132628679,
            "dvar2": 0.225941613317,
            "max": 5.66896820068,
            "mean": 0.619845032692,
            "median": 0.52660626173,
            "min": -2.40417408943,
            "var": 0.691613018513
        },
        "erbbands_spread": {
            "dmean": 5.85593032837,
            "dmean2": 9.00564098358,
            "dvar": 52.945274353,
            "dvar2": 114.441864014,
            "max": 143.471008301,
            "mean": 29.7891216278,
            "median": 27.3153648376,
            "min": 2.49103713036,
            "var": 295.072570801
        },
        "gfcc": {
            "cov": [
                [
                    11579.7382812,
                    -1646.17236328,
                    -403.221313477,
                    1844.59643555,
                    68.2647399902,
                    1221.58813477,
                    -314.81918335,
                    730.967773438,
                    22.081867218,
                    148.394561768,
                    -92.3525543213,
                    -156.221618652,
                    126.717002869
                ],
                [
                    -1646.17236328,
                    1319.65466309,
                    250.998886108,
                    -524.127319336,
                    309.970977783,
                    -361.452728271,
                    178.644790649,
                    -306.227386475,
                    31.3184185028,
                    -129.663589478,
                    46.4668121338,
                    3.89426755905,
                    -73.232131958
                ],
                [
                    -403.221313477,
                    250.998886108,
                    747.143005371,
                    80.6122207642,
                    -13.2006826401,
                    -1.94973421097,
                    -145.26512146,
                    -97.7189407349,
                    -134.482421875,
                    -8.38365459442,
                    -54.8496627808,
                    -16.4810009003,
                    -36.518409729
                ],
                [
                    1844.59643555,
                    -524.127319336,
                    80.6122207642,
                    664.808166504,
                    23.9851093292,
                    213.319015503,
                    -144.609893799,
                    153.433181763,
                    -5.19051456451,
                    63.1544494629,
                    5.87147712708,
                    -16.4678039551,
                    41.4940452576
                ],
                [
                    68.2647399902,
                    309.970977783,
                    -13.2006826401,
                    23.9851093292,
                    412.888641357,
                    51.6988754272,
                    107.828674316,
                    44.4562492371,
                    74.9527435303,
                    8.12215995789,
                    71.0183334351,
                    25.7836799622,
                    19.5323925018
                ],
                [
                    1221.58813477,
                    -361.452728271,
                    -1.94973421097,
                    213.319015503,
                    51.6988754272,
                    368.214782715,
                    0.276516526937,
                    148.899353027,
                    -10.054017067,
                    31.8033599854,
                    1.93362498283,
                    0.230721130967,
                    31.966091156
                ],
                [
                    -314.81918335,
                    178.644790649,
                    -145.26512146,
                    -144.609893799,
                    107.828674316,
                    0.276516526937,
                    234.387466431,
                    25.994020462,
                    68.8309249878,
                    -0.643554449081,
                    62.4377098083,
                    21.243938446,
                    6.57301998138
                ],
                [
                    730.967773438,
                    -306.227386475,
                    -97.7189407349,
                    153.433181763,
                    44.4562492371,
                    148.899353027,
                    25.994020462,
                    238.335876465,
                    56.3456878662,
                    49.4390487671,
                    28.3536834717,
                    5.60545730591,
                    47.7224464417
                ],
                [
                    22.081867218,
                    31.3184185028,
                    -134.482421875,
                    -5.19051456451,
                    74.9527435303,
                    -10.054017067,
                    68.8309249878,
                    56.3456878662,
                    155.273956299,
                    39.5480918884,
                    57.9019775391,
                    21.7385559082,
                    11.7000656128
                ],
                [
                    148.394561768,
                    -129.663589478,
                    -8.38365459442,
                    63.1544494629,
                    8.12215995789,
                    31.8033599854,
                    -0.643554449081,
                    49.4390487671,
                    39.5480918884,
                    128.966705322,
                    55.3518600464,
                    12.1369142532,
                    12.6078395844
                ],
                [
                    -92.3525543213,
                    46.4668121338,
                    -54.8496627808,
                    5.87147712708,
                    71.0183334351,
                    1.93362498283,
                    62.4377098083,
                    28.3536834717,
                    57.9019775391,
                    55.3518600464,
                    139.703689575,
                    47.9995384216,
                    5.44829416275
                ],
                [
                    -156.221618652,
                    3.89426755905,
                    -16.4810009003,
                    -16.4678039551,
                    25.7836799622,
                    0.230721130967,
                    21.243938446,
                    5.60545730591,
                    21.7385559082,
                    12.1369142532,
                    47.9995384216,
                    77.5719299316,
                    24.2697372437
                ],
                [
                    126.717002869,
                    -73.232131958,
                    -36.518409729,
                    41.4940452576,
                    19.5323925018,
                    31.966091156,
                    6.57301998138,
                    47.7224464417,
                    11.7000656128,
                    12.6078395844,
                    5.44829416275,
                    24.2697372437,
                    76.9650497437
                ]
            ],
            "icov": [
                [
                    0.000354413205059,
                    -0.00101943418849,
                    0.000769572041463,
                    -0.00118643732276,
                    0.000749987200834,
                    -0.00121913605835,
                    0.00047122273827,
                    -0.000831009354442,
                    0.000345307082171,
                    -0.000633011804894,
                    0.00066223408794,
                    -0.000136200978886,
                    0.000289596850052
                ],
                [
                    -0.00101943418849,
                    0.00825620256364,
                    -0.00463033886626,
                    0.00574718322605,
                    -0.00608615530655,
                    0.00612353207543,
                    -0.00307783135213,
                    0.0060728318058,
                    -0.00297481752932,
                    0.00549752265215,
                    -0.00434740027413,
                    0.00329212285578,
                    -0.00144136650488
                ],
                [
                    0.000769572041463,
                    -0.00463033886626,
                    0.00460574170575,
                    -0.00378089747392,
                    0.00294119864702,
                    -0.00385655509308,
                    0.00256335758604,
                    -0.00298217823729,
                    0.00297268060967,
                    -0.00357022951357,
                    0.00285399379209,
                    -0.00203869049437,
                    0.00161022751126
                ],
                [
                    -0.00118643732276,
                    0.00574718322605,
                    -0.00378089747392,
                    0.00759228738025,
                    -0.00451689818874,
                    0.00422725221142,
                    -0.000375657633413,
                    0.00345422863029,
                    -0.00223061046563,
                    0.00347925839014,
                    -0.00410349154845,
                    0.00271201063879,
                    -0.00198005652055
                ],
                [
                    0.000749987200834,
                    -0.00608615530655,
                    0.00294119864702,
                    -0.00451689818874,
                    0.00770229287446,
                    -0.00491023575887,
                    0.000973775633611,
                    -0.00431474205106,
                    0.000932988710701,
                    -0.00320617016405,
                    0.00207870523445,
                    -0.00219266978092,
                    0.000409500353271
                ],
                [
                    -0.00121913605835,
                    0.00612353207543,
                    -0.00385655509308,
                    0.00422725221142,
                    -0.00491023575887,
                    0.0098168188706,
                    -0.00325795332901,
                    0.00234872219153,
                    -0.000654928619042,
                    0.00355868088081,
                    -0.00272833299823,
                    0.00125984533224,
                    -0.00097188615473
                ],
                [
                    0.00047122273827,
                    -0.00307783135213,
                    0.00256335758604,
                    -0.000375657633413,
                    0.000973775633611,
                    -0.00325795332901,
                    0.0087843965739,
                    -0.00290141487494,
                    -0.00016032718122,
                    -0.000942192797083,
                    -0.000913742638659,
                    -0.000243132133619,
                    0.000189301848877
                ],
                [
                    -0.000831009354442,
                    0.0060728318058,
                    -0.00298217823729,
                    0.00345422863029,
                    -0.00431474205106,
                    0.00234872219153,
                    -0.00290141487494,
                    0.0122722014785,
                    -0.00417316704988,
                    0.00296781561337,
                    -0.00343074905686,
                    0.00356925604865,
                    -0.00410732021555
                ],
                [
                    0.000345307082171,
                    -0.00297481752932,
                    0.00297268060967,
                    -0.00223061046563,
                    0.000932988710701,
                    -0.000654928619042,
                    -0.00016032718122,
                    -0.00417316704988,
                    0.0116727817804,
                    -0.00410163635388,
                    0.000462939584395,
                    -0.00232932856306,
                    0.00144969858229
                ],
                [
                    -0.000633011804894,
                    0.00549752265215,
                    -0.00357022951357,
                    0.00347925839014,
                    -0.00320617016405,
                    0.00355868088081,
                    -0.000942192797083,
                    0.00296781561337,
                    -0.00410163635388,
                    0.0146921575069,
                    -0.00775772798806,
                    0.00385832064785,
                    -0.00217152154073
                ],
                [
                    0.00066223408794,
                    -0.00434740027413,
                    0.00285399379209,
                    -0.00410349154845,
                    0.00207870523445,
                    -0.00272833299823,
                    -0.000913742638659,
                    -0.00343074905686,
                    0.000462939584395,
                    -0.00775772798806,
                    0.0162957273424,
                    -0.0091768540442,
                    0.00409117667004
                ],
                [
                    -0.000136200978886,
                    0.00329212285578,
                    -0.00203869049437,
                    0.00271201063879,
                    -0.00219266978092,
                    0.00125984533224,
                    -0.000243132133619,
                    0.00356925604865,
                    -0.00232932856306,
                    0.00385832064785,
                    -0.0091768540442,
                    0.0212179683149,
                    -0.00755098229274
                ],
                [
                    0.000289596850052,
                    -0.00144136650488,
                    0.00161022751126,
                    -0.00198005652055,
                    0.000409500353271,
                    -0.00097188615473,
                    0.000189301848877,
                    -0.00410732021555,
                    0.00144969858229,
                    -0.00217152154073,
                    0.00409117667004,
                    -0.00755098229274,
                    0.0180333200842
                ]
            ],
            "mean": [
                -41.0677223206,
                145.97492981,
                -140.886657715,
                41.9929428101,
                -69.3282775879,
                22.2072620392,
                -29.2211055756,
                1.62323451042,
                0.359374701977,
                -12.8539152145,
                4.88506889343,
                -15.2579460144,
                9.05726528168
            ]
        },
        "hfc": {
            "dmean": 4.0617685318,
            "dmean2": 6.07570838928,
            "dvar": 36.2686233521,
            "dvar2": 82.2716522217,
            "max": 171.860046387,
            "mean": 18.9491500854,
            "median": 15.5986394882,
            "min": 1.1788506928e-16,
            "var": 274.110351562
        },
        "melbands": {
            "dmean": [
                0.00153363985009,
                0.00169596157502,
                0.000597503443714,
                0.000242258451181,
                0.000163228964084,
                0.000203930787393,
                0.000209747129702,
                0.000227574550081,
                9.29773523239e-05,
                0.000118566873425,
                0.000149622152094,
                0.000105618710222,
                6.20286664343e-05,
                6.01567007834e-05,
                2.80178210232e-05,
                3.24166758219e-05,
                3.1315797969e-05,
                3.28656169586e-05,
                2.66593287961e-05,
                1.51692893269e-05,
                1.85295266419e-05,
                1.30820799313e-05,
                7.58339228923e-06,
                5.06677088197e-06,
                2.93327275358e-06,
                3.23289600601e-06,
                2.82893211079e-06,
