{
    "lowlevel": {
        "average_loudness": 0.844308316708,
        "barkbands": {
            "dmean": [
                0.00059536768822,
                0.0109475236386,
                0.00535180605948,
                0.00255255657248,
                0.0015273350291,
                0.00110316311475,
                0.00144613604061,
                0.00103522266727,
                0.00104941579048,
                0.000564644578844,
                0.000409523025155,
                0.000527437252458,
                0.000385216641007,
                0.00030821445398,
                0.00033736351179,
                0.000295396108413,
                0.000266498274868,
                0.000266484246822,
                0.000205847871257,
                0.000182797230082,
                0.000205832096981,
                0.000244514318183,
                0.000309858034598,
                0.000416134804254,
                0.000304758228594,
                5.71159507672e-05,
                9.57146184533e-09
            ],
            "dmean2": [
                0.000899163191207,
                0.0166525803506,
                0.0102530522272,
                0.00478480337188,
                0.0027128465008,
                0.00175556808244,
                0.00227682571858,
                0.00161461438984,
                0.00163549452554,
                0.000894621072803,
                0.00065186113352,
                0.000816568906885,
                0.000631034723483,
                0.000478533649584,
                0.000523376453202,
                0.000447883678135,
                0.000412074383348,
                0.000390330591472,
                0.000301326828776,
                0.000276434759144,
                0.000292841170449,
                0.000368872599211,
                0.000468957965495,
                0.000620686972979,
                0.000421678443672,
                8.70625081006e-05,
                1.76391061757e-08
            ],
            "dvar": [
                9.69347070168e-07,
                0.000651770387776,
                0.000271442666417,
                7.88552351878e-05,
                1.43092956932e-05,
                4.26783162766e-06,
                1.08959338831e-05,
                9.04323223949e-06,
                7.62886111261e-06,
                2.13836278817e-06,
                1.07550454231e-06,
                1.31651722768e-06,
                1.09376253477e-06,
                4.5120265213e-07,
                5.18776118952e-07,
                2.87817869093e-07,
                1.82278299121e-07,
                2.37651633483e-07,
                1.69252032833e-07,
                1.29892072209e-07,
                2.11621511426e-07,
                3.91834021229e-07,
                5.75967703753e-07,
                9.8844520835e-07,
                4.94471976253e-07,
                1.83371504647e-08,
                1.29278759329e-14
            ],
            "dvar2": [
                2.16428975364e-06,
                0.00138445233461,
                0.000824568036478,
                0.000229244018556,
                4.08176456403e-05,
                9.23953302845e-06,
                2.41942925641e-05,
                2.04541483981e-05,
                1.74669512489e-05,
                4.68926373287e-06,
                2.25601002057e-06,
                2.96966527458e-06,
                2.84014731733e-06,
                9.9501880868e-07,
                1.20890933886e-06,
                5.95577148488e-07,
                3.90318689369e-07,
                4.72575948152e-07,
                3.43375518241e-07,
                2.55277171846e-07,
                3.91744038097e-07,
                7.29333237359e-07,
                1.05619926671e-06,
                1.85958379006e-06,
                8.04179535407e-07,
                3.89622485386e-08,
                3.75270696679e-14
            ],
            "max": [
                0.0141952009872,
                0.231469154358,
                0.118064209819,
                0.0988585352898,
                0.0314483605325,
                0.0380337312818,
                0.0641664639115,
                0.071309030056,
                0.0662178248167,
                0.0329567082226,
                0.0250269453973,
                0.0211742538959,
                0.0196210872382,
                0.0146248936653,
                0.0261822529137,
                0.0158885940909,
                0.00914315786213,
                0.00901850592345,
                0.0071661984548,
                0.00481328135356,
                0.00817898567766,
                0.00896028336138,
                0.0138008920476,
                0.0161050409079,
                0.0159864537418,
                0.002925950801,
                5.60293574381e-06
            ],
            "mean": [
                0.00151812448166,
                0.0193399768323,
                0.0037519489415,
                0.00189566065092,
                0.00155277189333,
                0.00162376428489,
                0.00182492821477,
                0.00126331264619,
                0.00140838534571,
                0.000764518044889,
                0.000539874075912,
                0.000754467677325,
                0.000448747858172,
                0.000444818782853,
                0.000479247886688,
                0.000456324982224,
                0.000441575830337,
                0.000454565219115,
                0.000340256345225,
                0.000311498326482,
                0.000332458555931,
                0.000376656709705,
                0.000451129599242,
                0.000636211130768,
                0.000459947768832,
                6.55065960018e-05,
                6.23128704191e-09
            ],
            "median": [
                0.000364020030247,
                0.00883532688022,
                0.000431378546637,
                0.000473524909467,
                0.000636899552774,
                0.000740382412914,
                0.000497249828186,
                0.000273757264949,
                0.00041861878708,
                0.000249487144174,
                0.000144296122016,
                0.000308839924401,
                0.000139451978612,
                0.000186408971786,
                0.00019763657474,
                0.000177422887646,
                0.000222669521463,
                0.000177926092874,
                0.000142982462421,
                0.000138859410072,
                0.000130847925902,
                0.00012328774028,
                0.000125053324155,
                0.000163592339959,
                0.000130758184241,
                1.28591937028e-05,
                3.91441296044e-10
            ],
            "min": [
                1.19912004911e-24,
                3.96981313234e-24,
                3.7365643176e-24,
                1.56803183751e-24,
                2.10517409097e-23,
                9.974916588e-24,
                1.04294834851e-23,
                1.60434207946e-23,
                3.97829212489e-23,
                2.92860382769e-23,
                1.03575093939e-23,
                4.34527842215e-23,
                4.47882500034e-23,
                4.16475991022e-23,
                4.66416376795e-23,
                8.15440973888e-23,
                9.53682852185e-23,
                1.46794329578e-22,
                2.11544423954e-22,
                1.57636863e-22,
                2.99008928747e-22,
                3.74517609122e-22,
                4.49814900018e-22,
                6.53762681807e-22,
                9.51277495378e-22,
                1.34442779713e-21,
                2.05892948698e-21
            ],
            "var": [
                3.80082701668e-06,
                0.00100027327426,
                0.000165658289916,
                4.38279930677e-05,
                1.00572206065e-05,
                7.85979045759e-06,
                1.58292805281e-05,
                1.21343855426e-05,
                1.06755478555e-05,
                3.79896232516e-06,
                2.06168715522e-06,
                2.05628521144e-06,
                1.15311854643e-06,
                7.68825600517e-07,
                7.35937476293e-07,
                6.3955189944e-07,
                3.85835278394e-07,
                5.61168519653e-07,
                3.18571409252e-07,
                2.5803174708e-07,
                4.16604422071e-07,
                6.99890165379e-07,
                1.01090483895e-06,
                1.96364317162e-06,
                1.1035145917e-06,
                2.56244003793e-08,
                7.22631674687e-15
            ]
        },
        "barkbands_crest": {
            "dmean": 3.16231179237,
            "dmean2": 4.76643514633,
            "dvar": 9.41576385498,
            "dvar2": 21.4494991302,
            "max": 26.146944046,
            "mean": 11.9009218216,
            "median": 11.3708629608,
            "min": 1.83152806759,
            "var": 31.6958942413
        },
        "barkbands_flatness_db": {
            "dmean": 0.0256043486297,
            "dmean2": 0.0373660624027,
            "dvar": 0.0006687126006,
            "dvar2": 0.00134740024805,
            "max": 0.432858794928,
            "mean": 0.145349055529,
            "median": 0.138243213296,
            "min": 0.0196972116828,
            "var": 0.00272925989702
        },
        "barkbands_kurtosis": {
            "dmean": 5.81671857834,
            "dmean2": 8.860496521,
            "dvar": 190.364532471,
            "dvar2": 419.999053955,
            "max": 429.426757812,
            "mean": 6.86740159988,
            "median": 1.40433597565,
            "min": -1.96572899818,
            "var": 290.064666748
        },
        "barkbands_skewness": {
            "dmean": 0.833746731281,
            "dmean2": 1.18940067291,
            "dvar": 0.994450509548,
            "dvar2": 1.90469181538,
            "max": 15.7860307693,
            "mean": 1.74156594276,
            "median": 1.3524326086,
            "min": -7.7286400795,
            "var": 3.4723200798
        },
        "barkbands_spread": {
            "dmean": 9.44309234619,
            "dmean2": 14.0718917847,
            "dvar": 126.672607422,
            "dvar2": 247.722946167,
            "max": 123.17729187,
            "mean": 29.5545520782,
            "median": 26.4253196716,
            "min": 0.283173918724,
            "var": 354.800445557
        },
        "dissonance": {
            "dmean": 0.0192319769412,
            "dmean2": 0.0312112253159,
            "dvar": 0.000451990985312,
            "dvar2": 0.00105724774767,
            "max": 0.500000059605,
            "mean": 0.464991390705,
            "median": 0.474391520023,
            "min": 0.199527472258,
            "var": 0.00107843696605
        },
        "dynamic_complexity": 3.26728892326,
        "erbbands": {
            "dmean": [
                0.29077476263,
                2.56998372078,
                5.52111959457,
                7.55253458023,
                6.91803693771,
                4.35705757141,
                5.00434350967,
                10.8457651138,
                20.2705440521,
                18.0638122559,
                24.4947071075,
                23.1791286469,
                18.6647777557,
                16.9022502899,
                14.734000206,
                18.3327064514,
                16.7404441833,
                14.7290592194,
                15.2080221176,
                15.4354724884,
                15.9643650055,
                15.1352682114,
                14.1030654907,
                11.0564899445,
                9.98461723328,
                8.26358032227,
                8.20687198639,
                8.72039699554,
                8.87126255035,
                8.12922668457,
                8.72779178619,
                8.64931774139,
                7.27479791641,
                4.01790046692,
                1.79935872555,
                0.611015915871,
                0.0214805919677,
                0.000650086905807,
                5.85687776038e-05,
                2.75450729532e-05
            ],
            "dmean2": [
                0.461218386889,
                3.90445232391,
                10.0077219009,
                14.4321365356,
                12.5637340546,
                7.78943443298,
                8.21560001373,
                17.4266815186,
                31.8250865936,
                28.2622737885,
                37.9874458313,
                35.8020858765,
                28.6363391876,
                27.2502498627,
                22.2553386688,
                27.8546848297,
                26.594165802,
                21.8489074707,
                23.1684494019,
                23.0900688171,
                24.257692337,
                23.107881546,
                20.768321991,
                15.8598651886,
                14.5156869888,
                12.0943870544,
                11.5632448196,
                12.7429361343,
                13.6898927689,
                12.062789917,
                13.1027641296,
                12.9373903275,
                10.8942651749,
                5.72815179825,
                2.46999287605,
                0.892267882824,
                0.0321499966085,
                0.000938948709518,
                8.24101662147e-05,
                4.05885657528e-05
            ],
            "dvar": [
                0.317520827055,
                43.2893218994,
                248.257980347,
                745.957702637,
                424.266296387,
                103.422943115,
                92.7926330566,
                461.631072998,
                2072.96630859,
                2890.75463867,
                4123.12109375,
                4466.01464844,
                2115.67919922,
                1724.36425781,
                1138.34814453,
                2108.81030273,
                2112.83007812,
                983.819274902,
                963.881408691,
                1204.90380859,
                775.398742676,
                533.87298584,
                607.15246582,
                440.951965332,
                447.640075684,
                293.045715332,
                334.507110596,
                439.09753418,
                534.699462891,
                410.366333008,
                474.594726562,
                423.2940979,
                326.284973145,
                90.9482498169,
                18.4169483185,
                1.92703258991,
                0.00265376735479,
                2.22634071179e-06,
                1.50023673484e-08,
                1.82843384877e-09
            ],
            "dvar2": [
                0.814209580421,
                84.092414856,
                706.922241211,
                2173.31347656,
                1213.96569824,
                300.095062256,
                241.93182373,
                993.312805176,
                4442.90966797,
                6804.00244141,
                8997.36425781,
                10004.4804688,
                4371.05761719,
                4129.51855469,
                2325.37182617,
                4616.68164062,
                5338.65429688,
                2103.36401367,
                2152.59350586,
                2710.37597656,
                1571.57775879,
                1146.72631836,
                1218.74377441,
                856.658752441,
                902.882324219,
                557.947265625,
                626.243041992,
                846.456359863,
                1101.69177246,
                704.932800293,
                893.600646973,
                813.362609863,
                639.030395508,
                159.720123291,
                29.5639629364,
                3.707467556,
                0.00541443517432,
                4.14372789237e-06,
                2.50428993098e-08,
                3.47743811524e-09
            ],
            "max": [
                5.81218385696,
                56.5563545227,
                115.883705139,
                259.335235596,
                187.111175537,
                119.861404419,
                142.572006226,
                470.834350586,
                1045.8079834,
                1597.13220215,
                1250.66394043,
                2031.93017578,
                1076.78344727,
                1285.61169434,
                974.963623047,
                1016.0435791,
                1071.0748291,
                811.045349121,
                868.053466797,
                1552.11499023,
                952.517822266,
                407.566223145,
                455.073516846,
                397.03704834,
                386.007507324,
                250.64944458,
                306.350219727,
                459.168670654,
                364.027954102,
                332.37411499,
                385.406921387,
                340.433105469,
                372.554748535,
                241.673843384,
                76.5887145996,
                27.424036026,
                1.07572257519,
                0.0299755781889,
                0.00248242844827,
                0.000541755347513
            ],
            "mean": [
                0.742548763752,
                3.48084545135,
                5.12067556381,
                5.76943206787,
                5.723757267,
                4.63613271713,
                6.60741567612,
                15.6103181839,
                26.6829662323,
                23.0790481567,
                31.9470272064,
                31.0851154327,
                28.5504970551,
                23.4697246552,
                23.6110095978,
                26.7081756592,
                21.0763549805,
                22.2374343872,
                23.2278556824,
                24.1245441437,
                26.236574173,
                26.793012619,
                25.5671596527,
                19.8480262756,
                16.7710666656,
                14.0540943146,
                12.9486064911,
                13.8217744827,
                13.4044752121,
                12.4272327423,
                12.7262058258,
                12.7808084488,
                10.8821783066,
                6.06299781799,
                2.6889333725,
                0.759222447872,
                0.0253839120269,
                0.00084892072482,
                9.85887891147e-05,
                6.39648569631e-05
            ],
            "median": [
                0.337253302336,
                1.21269214153,
                0.49034717679,
                1.52081942558,
                1.8033105135,
                1.93517875671,
                2.3838570118,
                7.38904380798,
                8.37833595276,
                7.34299707413,
                7.92170810699,
                8.35762405396,
                11.3191337585,
                8.51730632782,
                9.51659107208,
                10.1999998093,
                7.02841854095,
                9.61744403839,
                10.5569829941,
                11.0541534424,
                11.786438942,
                14.2240877151,
                11.1362762451,
                7.99281406403,
                7.94814872742,
                5.82571172714,
                5.1952457428,
                4.90356969833,
                4.48775053024,
                3.99907636642,
                3.43388414383,
                3.30606794357,
                2.79068899155,
                1.72472429276,
                0.746489405632,
                0.170541211963,
                0.00509506650269,
                0.000208552912227,
                4.53039829154e-05,
                4.41682459495e-05
            ],
            "min": [
                4.60394370416e-23,
                9.97980484348e-22,
                8.23059249774e-21,
                4.61129401978e-21,
                1.89604191279e-20,
                8.43037471025e-20,
                6.80748512251e-20,
                5.98156272922e-20,
                1.75591186246e-19,
                2.822640103e-19,
                5.61031941742e-19,
                7.2754164129e-19,
                9.75132618456e-19,
                1.02901836888e-18,
                8.62891602259e-19,
                1.79642970211e-18,
                2.52509206973e-18,
                2.70957795495e-18,
                3.76483108074e-18,
                3.38755772567e-18,
                4.25732076898e-18,
                5.19910642822e-18,
                6.95154232265e-18,
                6.80208815676e-18,
                1.19851414908e-17,
                1.00845980805e-17,
                1.12573408386e-17,
                1.137805875e-17,
                1.38084857889e-17,
                1.39028282193e-17,
                1.24720051101e-17,
                1.2776432391e-17,
                9.797804636e-18,
                9.94289790571e-18,
                6.89414880944e-18,
                4.50707141133e-18,
                2.29176116934e-18,
                9.69253845843e-19,
                2.85199286553e-19,
                2.91096102044e-20
            ],
            "var": [
                0.8261474967,
                59.2740135193,
                219.074523926,
                416.998382568,
                258.436004639,
                78.7992401123,
                122.59942627,
                812.011352539,
                3300.64453125,
                3395.80126953,
                6133.52539062,
                6338.72265625,
                4228.32910156,
                2596.70092773,
                2324.71289062,
                3398.88598633,
                2312.55322266,
                1753.80419922,
                1634.8182373,
                1861.29882812,
                1722.69140625,
                1222.24780273,
                1484.65454102,
                1055.35314941,
                767.883056641,
                586.342773438,
                613.436767578,
                829.482727051,
                883.840393066,
                746.88873291,
                828.075561523,
                804.002197266,
                613.692749023,
                195.718811035,
                40.0464630127,
                3.17500901222,
                0.00381377455778,
                3.78489835384e-06,
                3.05282981117e-08,
                4.1853613908e-09
            ]
        },
        "erbbands_crest": {
            "dmean": 2.70307087898,
            "dmean2": 4.33497571945,
            "dvar": 7.54223060608,
            "dvar2": 17.0650138855,
            "max": 31.4044570923,
            "mean": 8.02501869202,
            "median": 6.92229700089,
            "min": 2.17671322823,
            "var": 17.5516643524
        },
        "erbbands_flatness_db": {
            "dmean": 0.0188731700182,
            "dmean2": 0.0270835570991,
            "dvar": 0.00034285170841,
            "dvar2": 0.000637315737549,
            "max": 0.385333061218,
            "mean": 0.14311927557,
            "median": 0.136506006122,
            "min": 0.0619792118669,
            "var": 0.00172610441223
        },
        "erbbands_kurtosis": {
            "dmean": 1.14401936531,
            "dmean2": 1.78435921669,
            "dvar": 5.15783786774,
            "dvar2": 11.020406723,
            "max": 73.5125961304,
            "mean": 0.565562725067,
            "median": -0.230527162552,
            "min": -1.86502385139,
            "var": 8.31598758698
        },
        "erbbands_skewness": {
            "dmean": 0.466148346663,
            "dmean2": 0.68669128418,
            "dvar": 0.261117517948,
            "dvar2": 0.50964140892,
            "max": 7.73528432846,
            "mean": 0.183912113309,
            "median": 0.113134779036,
            "min": -5.51519966125,
            "var": 0.86747688055
        },
        "erbbands_spread": {
            "dmean": 11.8668060303,
            "dmean2": 18.2093467712,
            "dvar": 164.369049072,
            "dvar2": 369.602905273,
            "max": 170.696014404,
            "mean": 46.2200050354,
            "median": 43.1421852112,
            "min": 3.34305548668,
            "var": 417.348754883
        },
        "gfcc": {
            "cov": [
                [
                    10787.4960938,
                    -148.520339966,
                    228.848999023,
                    415.016021729,
                    -449.890655518,
                    532.249816895,
                    -299.062072754,
                    332.304718018,
                    -218.024215698,
                    167.695205688,
                    77.1204910278,
                    210.30140686,
                    53.718460083
                ],
                [
                    -148.520339966,
                    1367.29223633,
                    82.895072937,
                    95.5799636841,
                    316.473815918,
                    -34.3467979431,
                    268.72467041,
                    -1.48649322987,
                    212.317581177,
                    -19.6855392456,
                    162.287277222,
                    -61.4986228943,
                    102.539093018
                ],
                [
                    228.848999023,
                    82.895072937,
                    1019.42736816,
                    280.0027771,
                    242.670776367,
                    301.656799316,
                    129.706268311,
                    204.121688843,
                    110.914916992,
                    124.264892578,
                    58.9655647278,
                    95.3350296021,
                    12.9963169098
                ],
                [
                    415.016021729,
                    95.5799636841,
                    280.0027771,
                    473.139129639,
                    224.356002808,
                    117.976104736,
                    117.5129776,
                    90.5784378052,
                    121.710090637,
                    24.8538188934,
                    92.6102600098,
                    32.9090232849,
                    85.0883712769
                ],
                [
                    -449.890655518,
                    316.473815918,
                    242.670776367,
                    224.356002808,
                    426.162353516,
                    165.67616272,
                    194.656234741,
                    91.6647338867,
                    128.495132446,
                    70.9086914062,
                    72.8712768555,
                    36.5520629883,
                    60.04504776
                ],
                [
                    532.249816895,
                    -34.3467979431,
                    301.656799316,
                    117.976104736,
                    165.67616272,
                    367.68460083,
                    174.377624512,
                    119.415245056,
                    80.537109375,
                    77.6354522705,
                    54.1296272278,
                    55.4310264587,
                    37.8321151733
                ],
                [
                    -299.062072754,
                    268.72467041,
                    129.706268311,
                    117.5129776,
                    194.656234741,
                    174.377624512,
                    319.710113525,
                    104.938423157,
                    141.285217285,
                    42.1834983826,
                    86.226600647,
                    32.8683586121,
                    58.9379043579
                ],
                [
                    332.304718018,
                    -1.48649322987,
                    204.121688843,
                    90.5784378052,
                    91.6647338867,
                    119.415245056,
                    104.938423157,
                    207.465499878,
                    116.595588684,
                    69.4983673096,
                    38.876083374,
                    36.7490730286,
                    20.1049385071
                ],
                [
                    -218.024215698,
                    212.317581177,
                    110.914916992,
                    121.710090637,
                    128.495132446,
                    80.537109375,
                    141.285217285,
                    116.595588684,
                    248.560180664,
                    61.8091087341,
                    89.2378082275,
                    -5.65940618515,
                    59.6870689392
                ],
                [
                    167.695205688,
                    -19.6855392456,
                    124.264892578,
                    24.8538188934,
                    70.9086914062,
                    77.6354522705,
                    42.1834983826,
                    69.4983673096,
                    61.8091087341,
                    136.364044189,
                    50.3387870789,
                    49.6249771118,
                    9.52351379395
                ],
                [
                    77.1204910278,
                    162.287277222,
                    58.9655647278,
                    92.6102600098,
                    72.8712768555,
                    54.1296272278,
                    86.226600647,
                    38.876083374,
                    89.2378082275,
                    50.3387870789,
                    155.006729126,
                    46.6945991516,
                    60.0729598999
                ],
                [
                    210.30140686,
                    -61.4986228943,
                    95.3350296021,
                    32.9090232849,
                    36.5520629883,
                    55.4310264587,
                    32.8683586121,
                    36.7490730286,
                    -5.65940618515,
                    49.6249771118,
                    46.6945991516,
                    131.562164307,
                    31.7025203705
                ],
                [
                    53.718460083,
                    102.539093018,
                    12.9963169098,
                    85.0883712769,
                    60.04504776,
                    37.8321151733,
                    58.9379043579,
                    20.1049385071,
                    59.6870689392,
                    9.52351379395,
                    60.0729598999,
                    31.7025203705,
                    106.683258057
                ]
            ],
            "icov": [
                [
                    0.000292168202577,
                    -0.000568157061934,
                    0.000392813934013,
                    -0.000829599797726,
                    0.00102716777474,
                    -0.00113013770897,
                    0.000890093215276,
                    -0.000955484865699,
                    0.000759531743824,
                    -0.000633540563285,
                    0.000309591472615,
                    -0.000439592375187,
                    0.00011167601042
                ],
                [
                    -0.000568157061934,
                    0.00266487640329,
                    -0.00121345196385,
                    0.00237044016831,
                    -0.00314899045043,
                    0.00330377114005,
                    -0.002749013016,
                    0.00249966979027,
                    -0.00197749841027,
                    0.00207355199382,
                    -0.00201394571923,
                    0.0019766127225,
                    -0.000901719147805
                ],
                [
                    0.000392813934013,
                    -0.00121345196385,
                    0.00237067090347,
                    -0.00205971184187,
                    0.00142132211477,
                    -0.00276657915674,
                    0.00191691983491,
                    -0.00226058647968,
                    0.00113065040205,
                    -0.00145890912972,
                    0.000998187810183,
                    -0.00153396942187,
                    0.00126205047127
                ],
                [
                    -0.000829599797726,
                    0.00237044016831,
                    -0.00205971184187,
                    0.00639222143218,
                    -0.00484302919358,
                    0.00380209228024,
                    -0.00256136339158,
                    0.00254845037125,
                    -0.00277702626772,
                    0.00358898122795,
                    -0.00266897794791,
                    0.00201788940467,
                    -0.00225916691124
                ],
                [
                    0.00102716777474,
                    -0.00314899045043,
                    0.00142132211477,
                    -0.00484302919358,
                    0.00878994446248,
                    -0.00510825403035,
                    0.0020689542871,
                    -0.00317002134398,
                    0.0026345080696,
                    -0.0042530996725,
                    0.00276989582926,
                    -0.00224726647139,
                    0.00053141877288
                ],
                [
                    -0.00113013770897,
                    0.00330377114005,
                    -0.00276657915674,
                    0.00380209228024,
                    -0.00510825403035,
                    0.0101050063968,
                    -0.00619637686759,
                    0.00328094605356,
                    -0.00239650299773,
                    0.00185809051618,
                    -0.0019427476218,
                    0.00248716305941,
                    -0.00167545641307
                ],
                [
                    0.000890093215276,
                    -0.002749013016,
                    0.00191691983491,
                    -0.00256136339158,
                    0.0020689542871,
                    -0.00619637686759,
                    0.00978737324476,
                    -0.00437967060134,
                    0.000767084187828,
                    -0.000697403447703,
                    0.000415903137764,
                    -0.00264799641445,
                    0.000640343059786
                ],
                [
                    -0.000955484865699,
                    0.00249966979027,
                    -0.00226058647968,
                    0.00254845037125,
                    -0.00317002134398,
                    0.00328094605356,
                    -0.00437967060134,
                    0.012408982031,
                    -0.00622429279611,
                    0.000650134403259,
                    3.06585425278e-05,
                    0.00021035586542,
                    0.000367653759895
                ],
                [
                    0.000759531743824,
                    -0.00197749841027,
                    0.00113065040205,
                    -0.00277702626772,
                    0.0026345080696,
                    -0.00239650299773,
                    0.000767084187828,
                    -0.00622429279611,
                    0.0112870996818,
                    -0.00422776537016,
                    -0.00141595688183,
                    0.00268057105131,
                    -0.00222507398576
                ],
                [
                    -0.000633540563285,
                    0.00207355199382,
                    -0.00145890912972,
                    0.00358898122795,
                    -0.0042530996725,
                    0.00185809051618,
                    -0.000697403447703,
                    0.000650134403259,
                    -0.00422776537016,
                    0.0141303222626,
                    -0.00406718254089,
                    -0.00192198087461,
                    0.0016041797353
                ],
                [
                    0.000309591472615,
                    -0.00201394571923,
                    0.000998187810183,
                    -0.00266897794791,
                    0.00276989582926,
                    -0.0019427476218,
                    0.000415903137764,
                    3.06585425278e-05,
                    -0.00141595688183,
                    -0.00406718254089,
                    0.0130230886862,
                    -0.00415977369994,
                    -0.00226049963385
                ],
                [
                    -0.000439592375187,
                    0.0019766127225,
                    -0.00153396942187,
                    0.00201788940467,
                    -0.00224726647139,
                    0.00248716305941,
                    -0.00264799641445,
                    0.00021035586542,
                    0.00268057105131,
                    -0.00192198087461,
                    -0.00415977369994,
                    0.0133542791009,
                    -0.00424915691838
                ],
                [
                    0.00011167601042,
                    -0.000901719147805,
                    0.00126205047127,
                    -0.00225916691124,
                    0.00053141877288,
                    -0.00167545641307,
                    0.000640343059786,
                    0.000367653759895,
                    -0.00222507398576,
                    0.0016041797353,
                    -0.00226049963385,
                    -0.00424915691838,
                    0.0153413824737
                ]
            ],
            "mean": [
                7.90487718582,
                68.4210739136,
                -122.405418396,
                44.4676170349,
                -74.2659683228,
                29.5608081818,
                -47.2600517273,
                21.5761489868,
                -20.5583400726,
                3.65183758736,
                -10.226899147,
                -3.09272933006,
                -2.50649952888
            ]
        },
        "hfc": {
            "dmean": 14.7274255753,
            "dmean2": 20.7771930695,
            "dvar": 784.555053711,
            "dvar2": 1194.19946289,
            "max": 404.627960205,
            "mean": 33.5449371338,
            "median": 22.3014755249,
            "min": 1.11911607648e-16,
            "var": 1801.41723633
        },
        "melbands": {
            "dmean": [
                0.00281706661917,
                0.00261235143989,
                0.00130106613506,
                0.000385150400689,
                0.000171778650838,
                0.000245953327976,
                0.000303473818349,
                0.000200539448997,
                0.000204606374609,
                0.00014624009782,
                9.52755435719e-05,
                7.17456205166e-05,
                4.98339322803e-05,
                6.32853552816e-05,
                3.70100460714e-05,
                4.29607971455e-05,
                2.68873409368e-05,
                2.55852555711e-05,
                2.91305386781e-05,
                1.91834751604e-05,
                1.97805184143e-05,
                1.67583075381e-05,
                1.43004208439e-05,
                1.30008156702e-05,
                9.23432708078e-06,
                7.7081258496e-06,
                7.12204837328e-06,
                5.74638806938e-06,
                5.4076995184e-06,
                5.15136616741e-06,
