{
    "lowlevel": {
        "average_loudness": 0.879657864571,
        "barkbands": {
            "dmean": [
                0.000963371654507,
                0.00645423913375,
                0.00276256119832,
                0.00133900134824,
                0.0016630680766,
                0.0014931531623,
                0.000787762808613,
                0.000673452857882,
                0.00104485091288,
                0.000687729916535,
                0.000441621377831,
                0.000392514630221,
                0.000567659037188,
                0.000339281192282,
                0.000410261156503,
                0.000222074493649,
                0.000179154463694,
                0.000247814226896,
                0.000233368729823,
                0.000159898612765,
                0.000109524400614,
                0.000135094946017,
                0.000129405991174,
                0.000113901405712,
                6.69542423566e-05,
                2.3429045541e-05,
                2.35381048697e-06
            ],
            "dmean2": [
                0.00138337211683,
                0.0101513154805,
                0.00482525816187,
                0.00252078543417,
                0.00284241256304,
                0.00251094833948,
                0.00128358264919,
                0.00103108852636,
                0.00159281736705,
                0.000982430879958,
                0.000661944330204,
                0.000635868054815,
                0.000845091359224,
                0.000525027280673,
                0.00064372306224,
                0.000361996586435,
                0.000271132070338,
                0.000386347062886,
                0.000352087925421,
                0.000246216834057,
                0.00017632516392,
                0.000213650753722,
                0.000200613314519,
                0.000180277813342,
                0.000106006475107,
                3.69316912838e-05,
                3.79221205549e-06
            ],
            "dvar": [
                4.15290787714e-06,
                0.00016160751693,
                0.000104680359073,
                3.00097726722e-05,
                1.38692430482e-05,
                7.11974507794e-06,
                2.99798648484e-06,
                1.91539220395e-06,
                5.48341677131e-06,
                3.09643291985e-06,
                1.03486388525e-06,
                9.86266172731e-07,
                1.76992932666e-06,
                6.08253401424e-07,
                8.02837178071e-07,
                1.85993087598e-07,
                8.92365576988e-08,
                1.6514825063e-07,
                1.42447561302e-07,
                6.75806859363e-08,
                4.19949763852e-08,
                4.72289833908e-08,
                6.77847680208e-08,
                3.78533542289e-08,
                1.7587744594e-08,
                2.76378275821e-09,
                1.89669599471e-11
            ],
            "dvar2": [
                8.57878876559e-06,
                0.00034576386679,
                0.000278817926301,
                8.67782364367e-05,
                3.91573776142e-05,
                2.03936979233e-05,
                7.34429841032e-06,
                4.15090153183e-06,
                1.18060443128e-05,
                5.94710263613e-06,
                2.1073399239e-06,
                2.05632318284e-06,
                3.36776065524e-06,
                1.39326368753e-06,
                1.90680759715e-06,
                4.52485124924e-07,
                1.99710626703e-07,
                3.74195707309e-07,
                2.90576764428e-07,
                1.48868124938e-07,
                1.03907460414e-07,
                1.06919387122e-07,
                1.61290159895e-07,
                9.35964692417e-08,
                4.23330916988e-08,
                6.95152735375e-09,
                4.53046940241e-11
            ],
            "max": [
                0.0221298076212,
                0.11660746485,
                0.104875653982,
                0.0509547516704,
                0.0436037965119,
                0.0386046767235,
                0.032389126718,
                0.0343388393521,
                0.0510177947581,
                0.0563272088766,
                0.0233350750059,
                0.0299937967211,
                0.0341528877616,
                0.0195364076644,
                0.0176343861967,
                0.00690531590953,
                0.0056601120159,
                0.00728240935132,
                0.00712607055902,
                0.00424776086584,
                0.00276987627149,
                0.00252586323768,
                0.00282188877463,
                0.002139526885,
                0.00212817988358,
                0.000696626142599,
                0.00011736209126
            ],
            "mean": [
                0.00186597672291,
                0.013066499494,
                0.00234501389787,
                0.000960950390436,
                0.00281496602111,
                0.00265509984456,
                0.00122226704843,
                0.00122258916963,
                0.0024076551199,
                0.0016611085739,
                0.000824312097393,
                0.000561076623853,
                0.00113467033952,
                0.0005005459534,
                0.000700257427525,
                0.000341200939147,
                0.000310415460262,
                0.000502378912643,
                0.000497954431921,
                0.000334387179464,
                0.000208202560316,
                0.000265266891802,
                0.00025069937692,
                0.000221865600906,
                0.000137225724757,
                5.05611533299e-05,
                5.31060550202e-06
            ],
            "median": [
                6.88896834617e-05,
                0.00303577352315,
                0.000576782564167,
                0.000164662400493,
                0.00172342581209,
                0.00129401218146,
                0.000428728759289,
                0.000404676480684,
                0.000435896858107,
                0.00028043743805,
                0.000263734458713,
                0.000188477395568,
                0.000315024517477,
                0.000163989505381,
                0.000196751265321,
                0.000136369271786,
                0.000139168871101,
                0.000265218433924,
                0.000259077496594,
                0.000175824592588,
                0.000119536023703,
                0.000157877599122,
                0.000135165842948,
                0.000124970858451,
                8.65719048306e-05,
                3.34391334036e-05,
                2.73918976745e-06
            ],
            "min": [
                4.71228743861e-23,
                3.50620462705e-23,
                8.76952686963e-23,
                8.6021160705e-23,
                3.03180292685e-23,
                5.68544297514e-23,
                5.50493140519e-23,
                7.71666514278e-23,
                5.92015244473e-23,
                1.06602081027e-22,
                1.09872572123e-22,
                7.52287672824e-23,
                1.39232094371e-22,
                9.65005719857e-23,
                2.04685221585e-22,
                1.41649214671e-22,
                1.44961370244e-22,
                2.68685847613e-22,
                2.98898261029e-22,
                2.97766946138e-22,
                4.02952195114e-22,
                3.53550367837e-22,
                6.96684994936e-22,
                1.04189951376e-21,
                1.30961865967e-21,
                1.9931098613e-21,
                1.90261517138e-21
            ],
            "var": [
                1.20312142826e-05,
                0.000441104813945,
                7.13737608748e-05,
                1.66568606801e-05,
                1.49637508002e-05,
                1.3470950762e-05,
                4.91585615237e-06,
                6.02273030381e-06,
                2.69684842351e-05,
                1.94425065274e-05,
                3.29972726831e-06,
                1.95899292521e-06,
                8.96830079e-06,
                1.09771065127e-06,
                1.860496468e-06,
                3.2511437098e-07,
                2.13071544408e-07,
                4.74677790407e-07,
                4.24713363145e-07,
                1.93203234744e-07,
                7.17547479212e-08,
                9.32050667757e-08,
                1.05627542268e-07,
                7.32591374231e-08,
                2.85641750253e-08,
                4.16737888642e-09,
                6.33712041176e-11
            ]
        },
        "barkbands_crest": {
            "dmean": 2.58228945732,
            "dmean2": 3.93214464188,
            "dvar": 5.51676988602,
            "dvar2": 12.5167331696,
            "max": 26.1838283539,
            "mean": 11.3998661041,
            "median": 10.4758319855,
            "min": 1.89111423492,
            "var": 26.2986431122
        },
        "barkbands_flatness_db": {
            "dmean": 0.0205991584808,
            "dmean2": 0.0304225403816,
            "dvar": 0.000523430702742,
            "dvar2": 0.0010358436266,
            "max": 0.459911465645,
            "mean": 0.12963180244,
            "median": 0.117522619665,
            "min": 0.0196036342531,
            "var": 0.00459929322824
        },
        "barkbands_kurtosis": {
            "dmean": 2.99880313873,
            "dmean2": 4.57863903046,
            "dvar": 48.2710380554,
            "dvar2": 106.325904846,
            "max": 235.380340576,
            "mean": 5.05419445038,
            "median": 1.74787640572,
            "min": -1.77829504013,
            "var": 130.108901978
        },
        "barkbands_skewness": {
            "dmean": 0.492472469807,
            "dmean2": 0.739080071449,
            "dvar": 0.358631521463,
            "dvar2": 0.737029910088,
            "max": 13.4010477066,
            "mean": 1.6404517889,
            "median": 1.36040186882,
            "min": -2.03418326378,
            "var": 1.83411252499
        },
        "barkbands_spread": {
            "dmean": 5.45669126511,
            "dmean2": 8.26856040955,
            "dvar": 46.052936554,
            "dvar2": 96.0283660889,
            "max": 87.4362869263,
            "mean": 24.122718811,
            "median": 22.6755962372,
            "min": 0.410282313824,
            "var": 177.12890625
        },
        "dissonance": {
            "dmean": 0.0189222227782,
            "dmean2": 0.0315552465618,
            "dvar": 0.000329062022502,
            "dvar2": 0.000899601378478,
            "max": 0.500000059605,
            "mean": 0.459927737713,
            "median": 0.465569674969,
            "min": 0.278027027845,
            "var": 0.000748907681555
        },
        "dynamic_complexity": 3.01191878319,
        "erbbands": {
            "dmean": [
                0.275001734495,
                1.34281110764,
                2.7525844574,
                4.21558094025,
                3.70468425751,
                6.20481777191,
                9.08709716797,
                14.4169559479,
                11.1746034622,
                13.472650528,
                12.1942424774,
                28.4215011597,
                23.4332714081,
                14.3149614334,
                17.2931480408,
                17.2115688324,
                26.0076503754,
                16.1722812653,
                21.0069160461,
                15.2109041214,
                10.6476373672,
                8.80601501465,
                11.1638402939,
                13.0765533447,
                10.5783815384,
                7.53290653229,
                5.15309619904,
                4.03050041199,
                4.38019275665,
                5.03703594208,
                3.43898868561,
                2.49980115891,
                1.90243566036,
                0.958678245544,
                0.406351774931,
                0.144340068102,
                0.0377715937793,
                0.00476652896032,
                0.000399271928472,
                2.71021817753e-05
            ],
            "dmean2": [
                0.417190700769,
                2.03174591064,
                4.42640066147,
                7.65633869171,
                6.81785774231,
                10.4377727509,
                14.9353313446,
                24.4020442963,
                18.1275939941,
                21.1318302155,
                18.7392616272,
                42.7983551025,
                33.7821464539,
                20.5338153839,
                25.6274700165,
                27.1453418732,
                37.9530525208,
                25.0919055939,
                31.7689113617,
                24.6597061157,
                17.0225906372,
                13.2135725021,
                17.2434196472,
                20.0255889893,
                15.8090391159,
                11.7088356018,
                8.0502576828,
                6.47486448288,
                7.00540304184,
                7.99114465714,
                5.34187698364,
                3.88598704338,
                3.08212995529,
                1.55366337299,
                0.631087183952,
                0.232097730041,
                0.059460517019,
                0.00751529540867,
                0.000643275096081,
                4.32332017226e-05
            ],
            "dvar": [
                0.264402419329,
                8.78489494324,
                83.6981811523,
                273.525238037,
                179.141525269,
                166.95135498,
                251.276641846,
                729.829162598,
                612.839599609,
                758.120422363,
                679.765258789,
                4339.34423828,
                3607.67236328,
                1611.36828613,
                1411.91650391,
                1561.92590332,
                3742.31079102,
                1192.29125977,
                2487.10131836,
                1019.91430664,
                413.275054932,
                217.909362793,
                346.996643066,
                478.680877686,
                305.144927979,
                172.690994263,
                79.258895874,
                63.4331665039,
                53.2708435059,
                78.9468002319,
                49.3501625061,
                18.8148021698,
                10.6794605255,
                3.43774414063,
                0.699334263802,
                0.11260342598,
                0.00620625028387,
                9.03501349967e-05,
                6.00652526828e-07,
                2.25220753158e-09
            ],
            "dvar2": [
                0.599006414413,
                17.3561172485,
                203.12310791,
                763.57409668,
                516.824035645,
                465.139770508,
                660.593261719,
                2103.49511719,
                1557.24084473,
                1746.56408691,
                1468.32849121,
                9128.28027344,
                6818.03808594,
                3210.89526367,
                2620.03662109,
                3045.93969727,
                6745.18212891,
                2702.53930664,
                5484.16845703,
                2497.46435547,
                1000.7098999,
                470.337249756,
                773.753051758,
                1061.72546387,
                639.216247559,
                386.918792725,
                186.810012817,
                156.643569946,
                122.245925903,
                190.779541016,
                115.945213318,
                42.7364578247,
                27.2820568085,
                8.50198459625,
                1.68388617039,
                0.290949314833,
                0.0152508625761,
                0.000218974542804,
                1.43274030506e-06,
                5.42521583213e-09
            ],
            "max": [
                5.76921224594,
                28.5461158752,
                86.8715744019,
                160.812240601,
                133.14994812,
                158.667633057,
                274.107086182,
                417.178405762,
                434.349578857,
                554.173461914,
                945.929626465,
                1505.17736816,
                2166.13769531,
                1145.97424316,
                1289.8704834,
                1523.00280762,
                1744.46606445,
                725.963317871,
                1005.34844971,
                730.82232666,
                455.096099854,
                239.727905273,
                474.817230225,
                434.553375244,
                392.082122803,
                294.107849121,
                166.035186768,
                113.311904907,
                92.1373901367,
                95.2033538818,
                73.4938201904,
                45.2957229614,
                39.6175231934,
                28.3721294403,
                13.9497566223,
                4.82284402847,
                1.22900998592,
                0.140727594495,
                0.0212624892592,
                0.00129149050917
            ],
            "mean": [
                0.594306647778,
                2.05327534676,
                2.73081898689,
                3.45064401627,
                3.63156104088,
                10.8343238831,
                17.0603847504,
                25.0437164307,
                19.509021759,
                23.5563659668,
                23.9503498077,
                67.5275039673,
                62.009563446,
                29.191324234,
                36.1444702148,
                30.3770904541,
                54.691822052,
                28.0000591278,
                38.7331542969,
                25.8535881042,
                18.6672344208,
                16.2565765381,
                24.0386486053,
                28.7689876556,
                22.4611110687,
                16.1497516632,
                10.8782024384,
                7.89569425583,
                8.62809181213,
                9.78465461731,
                6.54730129242,
                5.14073562622,
                3.40359330177,
                1.86987519264,
                0.832389116287,
                0.290059417486,
                0.0828639268875,
                0.0111407665536,
                0.00086906470824,
                9.46041909629e-05
            ],
            "median": [
                0.0913873165846,
                0.686342954636,
                0.853605151176,
                0.849926590919,
                1.26110386848,
                6.33718204498,
                9.53886795044,
                11.3978157043,
                8.29228210449,
                8.67784690857,
                10.017914772,
                13.3625183105,
                13.733921051,
                9.79928398132,
                13.3482551575,
                11.0976371765,
                16.2776222229,
                13.1102437973,
                12.1237030029,
                10.4927225113,
                8.42330741882,
                7.8261961937,
                13.697681427,
                16.2898464203,
                12.0683174133,
                9.11270904541,
                5.88850879669,
                4.42518424988,
                5.11141109467,
                5.59729385376,
                3.4736828804,
                2.90814900398,
                1.8708281517,
                1.15215492249,
                0.517968952656,
                0.192922115326,
                0.0527054667473,
                0.00774358538911,
                0.000461498391815,
                6.41980223008e-05
            ],
            "min": [
                1.18252859876e-21,
                8.75562681231e-21,
                7.58001236103e-20,
                2.26236973611e-19,
                2.13552818077e-19,
                5.85217358684e-20,
                3.20385223366e-19,
                3.89171391757e-19,
                5.00548391954e-19,
                2.04759130779e-18,
                1.06207426392e-18,
                1.44110672196e-18,
                3.07538017608e-18,
                2.3266247642e-18,
                5.09812545981e-18,
                3.39704817564e-18,
                5.55643108205e-18,
                6.15174386992e-18,
                7.56520114933e-18,
                9.82544570335e-18,
                9.20562107239e-18,
                7.66419150759e-18,
                1.63678860017e-17,
                1.25890544755e-17,
                1.5514104915e-17,
                1.22113530545e-17,
                1.61477169924e-17,
                1.48027659842e-17,
                1.1948741408e-17,
                1.8453410158e-17,
                1.82572343496e-17,
                2.0218736008e-17,
                1.82841111021e-17,
                1.51438472923e-17,
                9.53044249123e-18,
                7.55380260049e-18,
                3.43499591342e-18,
                1.39575271917e-18,
                2.67873368238e-19,
                2.68720866474e-20
            ],
            "var": [
                1.00161898136,
                15.2963247299,
                72.7574005127,
                166.702911377,
                104.545631409,
                220.255340576,
                494.848266602,
                1404.44226074,
                975.451477051,
                1899.61083984,
                2172.35717773,
                21149.9863281,
                27975.0898438,
                4431.31982422,
                6871.890625,
                4464.5,
                21378.3710938,
                2302.59057617,
                6515.27685547,
                2171.7434082,
                805.643493652,
                520.828613281,
                1056.80529785,
                1403.04675293,
                819.702697754,
                463.844207764,
                187.672851563,
                105.247543335,
                102.64516449,
                137.063293457,
                75.3538894653,
                39.3456802368,
                18.337020874,
                5.41279268265,
                1.11029744148,
                0.144700989127,
                0.0109281716868,
                0.000184780437849,
                1.72773297891e-06,
                1.10004734211e-08
            ]
        },
        "erbbands_crest": {
            "dmean": 2.51696705818,
            "dmean2": 3.94741368294,
            "dvar": 5.79509687424,
            "dvar2": 13.351691246,
            "max": 31.2246837616,
            "mean": 9.82317733765,
            "median": 8.34293937683,
            "min": 2.11898374557,
            "var": 28.073759079
        },
        "erbbands_flatness_db": {
            "dmean": 0.0140246832743,
            "dmean2": 0.0203676987439,
            "dvar": 0.000208200450288,
            "dvar2": 0.000422348995926,
            "max": 0.375132113695,
            "mean": 0.142677277327,
            "median": 0.136191606522,
            "min": 0.0551188662648,
            "var": 0.0024858226534
        },
        "erbbands_kurtosis": {
            "dmean": 0.691720068455,
            "dmean2": 1.05347979069,
            "dvar": 0.845678985119,
            "dvar2": 1.87212955952,
            "max": 17.6201934814,
            "mean": 0.223037004471,
            "median": -0.257990002632,
            "min": -1.766294837,
            "var": 2.68437814713
        },
        "erbbands_skewness": {
            "dmean": 0.304272085428,
            "dmean2": 0.462026387453,
            "dvar": 0.0840560793877,
            "dvar2": 0.182447597384,
            "max": 3.78017020226,
            "mean": 0.493288218975,
            "median": 0.460747420788,
            "min": -2.37226748466,
            "var": 0.382892340422
        },
        "erbbands_spread": {
            "dmean": 7.37004899979,
            "dmean2": 10.9594459534,
            "dvar": 64.2170028687,
            "dvar2": 139.788711548,
            "max": 159.09286499,
            "mean": 41.4748535156,
            "median": 40.3545684814,
            "min": 4.82646131516,
            "var": 312.326629639
        },
        "gfcc": {
            "cov": [
                [
                    6944.81445313,
                    -2751.59521484,
                    -160.610244751,
                    371.05557251,
                    -613.065856934,
                    602.101135254,
                    -139.452987671,
                    378.425689697,
                    -281.66809082,
                    213.6615448,
                    -333.962005615,
                    100.894989014,
                    -258.170196533
                ],
                [
                    -2751.59521484,
                    2435.12426758,
                    205.233398438,
                    -45.9085235596,
                    494.730529785,
                    -273.711029053,
                    210.012130737,
                    -141.038101196,
                    185.175811768,
                    -132.664382935,
                    205.665649414,
                    -124.855026245,
                    123.5366745
                ],
                [
                    -160.610244751,
                    205.233398438,
                    573.467529297,
                    163.162597656,
                    137.786407471,
                    108.261474609,
                    -0.202381387353,
                    50.6303901672,
                    45.5361251831,
                    41.1763153076,
                    45.2988586426,
                    45.9015655518,
                    0.135298594832
                ],
                [
                    371.05557251,
                    -45.9085235596,
                    163.162597656,
                    345.159667969,
                    42.1791915894,
                    75.4970703125,
                    -33.8626213074,
                    57.7706604004,
                    19.6297855377,
                    -4.66368722916,
                    9.89560699463,
                    15.4985580444,
                    1.91726255417
                ],
                [
                    -613.065856934,
                    494.730529785,
                    137.786407471,
                    42.1791915894,
                    294.322479248,
                    -1.77705156803,
                    77.5742263794,
                    0.0138465370983,
                    94.5486755371,
                    -6.61602401733,
                    48.1356163025,
                    -6.01160764694,
                    44.5707092285
                ],
                [
                    602.101135254,
                    -273.711029053,
                    108.261474609,
                    75.4970703125,
                    -1.77705156803,
                    249.801971436,
                    60.8339195251,
                    60.7045478821,
                    -8.33945846558,
                    55.0926361084,
                    -5.68105506897,
                    27.0312213898,
                    -15.7662420273
                ],
                [
                    -139.452987671,
                    210.012130737,
                    -0.202381387353,
                    -33.8626213074,
                    77.5742263794,
                    60.8339195251,
                    206.250335693,
                    35.1602973938,
                    41.4589576721,
                    27.0985202789,
                    40.3152313232,
                    6.92210006714,
                    18.1004962921
                ],
                [
                    378.425689697,
                    -141.038101196,
                    50.6303901672,
                    57.7706604004,
                    0.0138465370983,
                    60.7045478821,
                    35.1602973938,
                    151.619186401,
                    33.2987709045,
                    39.4336357117,
                    -0.66755181551,
                    24.0837249756,
                    -6.43077087402
                ],
                [
                    -281.66809082,
                    185.175811768,
                    45.5361251831,
                    19.6297855377,
                    94.5486755371,
                    -8.33945846558,
                    41.4589576721,
                    33.2987709045,
                    138.073150635,
                    33.382396698,
                    20.67004776,
                    0.93301320076,
                    40.6806602478
                ],
                [
                    213.6615448,
                    -132.664382935,
                    41.1763153076,
                    -4.66368722916,
                    -6.61602401733,
                    55.0926361084,
                    27.0985202789,
                    39.4336357117,
                    33.382396698,
                    114.24445343,
                    30.4351596832,
                    31.0472126007,
                    -5.71414804459
                ],
                [
                    -333.962005615,
                    205.665649414,
                    45.2988586426,
                    9.89560699463,
                    48.1356163025,
                    -5.68105506897,
                    40.3152313232,
                    -0.66755181551,
                    20.67004776,
                    30.4351596832,
                    140.565887451,
                    42.5862426758,
                    14.484875679
                ],
                [
                    100.894989014,
                    -124.855026245,
                    45.9015655518,
                    15.4985580444,
                    -6.01160764694,
                    27.0312213898,
                    6.92210006714,
                    24.0837249756,
                    0.93301320076,
                    31.0472126007,
                    42.5862426758,
                    100.188819885,
                    18.4775733948
                ],
                [
                    -258.170196533,
                    123.5366745,
                    0.135298594832,
                    1.91726255417,
                    44.5707092285,
                    -15.7662420273,
                    18.1004962921,
                    -6.43077087402,
                    40.6806602478,
                    -5.71414804459,
                    14.484875679,
                    18.4775733948,
                    87.7137527466
                ]
            ],
            "icov": [
                [
                    0.000400341494242,
                    0.000162039403222,
                    0.000217225329834,
                    -0.000389559223549,
                    0.00018266052939,
                    -0.000458951137261,
                    1.32959476105e-05,
                    -0.000513689476065,
                    0.000439906463725,
                    -0.000471694860607,
                    0.000634161347989,
                    -0.000192440842511,
                    0.000443643948529
                ],
                [
                    0.000162039403222,
                    0.00140266027302,
                    -0.000526948366314,
                    -3.70924644812e-05,
                    -0.000995957641862,
                    0.00105775566772,
                    -0.0011404028628,
                    0.000400795455789,
                    -0.000271089753369,
                    0.00101723929401,
                    -0.00148011697456,
                    0.00187699799426,
                    -0.000495013257023
                ],
                [
                    0.000217225329834,
                    -0.000526948366314,
                    0.00297118886374,
                    -0.000990104512312,
                    -0.000751554674935,
                    -0.00167691009119,
                    0.0013036011951,
                    -0.000697719398886,
                    0.000335070013534,
                    -0.00120891886763,
                    0.00085052207578,
                    -0.00180325028487,
                    0.00116415123921
                ],
                [
                    -0.000389559223549,
                    -3.70924644812e-05,
                    -0.000990104512312,
                    0.00438110856339,
                    -0.000556904065888,
                    -0.000725143996533,
                    0.00131712097209,
                    -0.000844024587423,
                    -0.000974868133198,
                    0.00201786775142,
                    -0.0014657228021,
                    0.000523543159943,
                    -0.000654285715427
                ],
                [
                    0.00018266052939,
                    -0.000995957641862,
                    -0.000751554674935,
                    -0.000556904065888,
                    0.00693221203983,
                    -0.000969987013377,
                    -0.000905529770534,
                    0.000217463006265,
                    -0.00270373281091,
                    0.000577852595598,
                    0.00050685176393,
                    -0.000639547011815,
                    -0.000197760193259
                ],
                [
                    -0.000458951137261,
                    0.00105775566772,
                    -0.00167691009119,
                    -0.000725143996533,
                    -0.000969987013377,
                    0.0080294162035,
                    -0.00348151056096,
                    0.000372042617528,
                    0.0010115824407,
                    -0.00110887724441,
                    -0.000616109115072,
                    0.00134256458841,
                    -0.000862770481035
                ],
                [
                    1.32959476105e-05,
                    -0.0011404028628,
                    0.0013036011951,
                    0.00131712097209,
                    -0.000905529770534,
                    -0.00348151056096,
                    0.00827951543033,
                    -0.00211473065428,
                    -0.000310116854962,
                    -0.000903742678929,
                    -0.000506557233166,
                    -0.000905784836505,
                    -5.53459503863e-05
                ],
                [
                    -0.000513689476065,
                    0.000400795455789,
                    -0.000697719398886,
                    -0.000844024587423,
                    0.000217463006265,
                    0.000372042617528,
                    -0.00211473065428,
                    0.0100992852822,
                    -0.00331583549269,
                    -0.000204797630431,
                    -0.000217614084249,
                    -0.000866154965479,
                    0.000819189066533
                ],
                [
                    0.000439906463725,
                    -0.000271089753369,
                    0.000335070013534,
                    -0.000974868133198,
                    -0.00270373281091,
                    0.0010115824407,
                    -0.000310116854962,
                    -0.00331583549269,
                    0.0137033136562,
                    -0.00574940955266,
                    0.00171145971399,
                    0.00130340782925,
                    -0.00421321485192
                ],
                [
                    -0.000471694860607,
                    0.00101723929401,
                    -0.00120891886763,
                    0.00201786775142,
                    0.000577852595598,
                    -0.00110887724441,
                    -0.000903742678929,
                    -0.000204797630431,
                    -0.00574940955266,
                    0.0153514156118,
                    -0.00482147093862,
                    -0.000478613364976,
                    0.00137887138408
                ],
                [
                    0.000634161347989,
                    -0.00148011697456,
                    0.00085052207578,
                    -0.0014657228021,
                    0.00050685176393,
                    -0.000616109115072,
                    -0.000506557233166,
                    -0.000217614084249,
                    0.00171145971399,
                    -0.00482147093862,
                    0.0132388351485,
                    -0.00685274880379,
                    0.00185165728908
                ],
                [
                    -0.000192440842511,
                    0.00187699799426,
                    -0.00180325028487,
                    0.000523543159943,
                    -0.000639547011815,
                    0.00134256458841,
                    -0.000905784836505,
                    -0.000866154965479,
                    0.00130340782925,
                    -0.000478613364976,
                    -0.00685274880379,
                    0.0172224752605,
                    -0.00566102424636
                ],
                [
                    0.000443643948529,
                    -0.000495013257023,
                    0.00116415123921,
                    -0.000654285715427,
                    -0.000197760193259,
                    -0.000862770481035,
                    -5.53459503863e-05,
                    0.000819189066533,
                    -0.00421321485192,
                    0.00137887138408,
                    0.00185165728908,
                    -0.00566102424636,
                    0.0163637138903
                ]
            ],
            "mean": [
                20.7440891266,
                79.2485275269,
                -110.384429932,
                30.531703949,
                -60.3277816772,
                17.5552387238,
                -35.2097740173,
                14.0524845123,
                -19.9961490631,
                8.14078617096,
                -5.3006811142,
                6.39587068558,
                -7.0909705162
            ]
        },
        "hfc": {
            "dmean": 7.08899641037,
            "dmean2": 10.3146734238,
            "dvar": 106.704933167,
            "dvar2": 238.66355896,
            "max": 109.559494019,
            "mean": 26.5497913361,
            "median": 23.4683685303,
            "min": 1.15897704993e-16,
            "var": 403.091186523
        },
        "melbands": {
            "dmean": [
                0.00201110239141,
                0.00130980892573,
                0.000690407701768,
                0.000329121307004,
                0.000324936379911,
                0.000306334753986,
                0.0001681130816,
                0.000150360472617,
                0.00010383992776,
                0.000181252296898,
                0.000116723203973,
                5.88737675571e-05,
                5.61481829209e-05,
                4.79229493067e-05,
                5.41645276826e-05,
                5.10824065714e-05,
                3.29860704369e-05,
                3.60834128514e-05,
                2.39502696786e-05,
                1.95785705728e-05,
                1.29275531435e-05,
                1.01176665339e-05,
                1.03032525658e-05,
                1.22319070215e-05,
                1.17028885143e-05,
                8.87231453817e-06,
