{
    "lowlevel": {
        "average_loudness": 0.807462632656,
        "barkbands": {
            "dmean": [
                0.00113878073171,
                0.0150714619085,
                0.00232350453734,
                0.00229890039191,
                0.000956101866905,
                0.00033907830948,
                0.00044339458691,
                0.000419369287556,
                0.000478514994029,
                0.00057727645617,
                0.000487706216518,
                0.000538646476343,
                0.000404587859521,
                0.000190571110579,
                0.000214675921598,
                0.00021343572007,
                0.000296816841001,
                0.000268371630227,
                0.000277574115898,
                0.000226859367103,
                0.000300688989228,
                0.000317678786814,
                0.000309420924168,
                0.000285455229459,
                0.000317902653478,
                0.000282836233964,
                0.000125770136947
            ],
            "dmean2": [
                0.00161535781808,
                0.022075753659,
                0.00402362039313,
                0.00394990853965,
                0.00170640915167,
                0.00056608451996,
                0.000743880111258,
                0.000663326645736,
                0.000753109925427,
                0.000892408483196,
                0.000757031841204,
                0.000818584812805,
                0.000655449053738,
                0.000297965918435,
                0.000344804313499,
                0.000338125188136,
                0.000479020643979,
                0.000420543685323,
                0.00042797261267,
                0.000340715487255,
                0.000463038973976,
                0.000508484255988,
                0.00048374949256,
                0.0004541662056,
                0.000505194126163,
                0.00047416050802,
                0.000227819939028
            ],
            "dvar": [
                6.01007559453e-06,
                0.000742566480767,
                4.29443753092e-05,
                4.59744260297e-05,
                9.13138683245e-06,
                5.82250663683e-07,
                1.24769553622e-06,
                1.2108324654e-06,
                1.46368881815e-06,
                2.15433396988e-06,
                2.15457157537e-06,
                2.37193512476e-06,
                1.97688018488e-06,
                2.75404289596e-07,
                4.12352619605e-07,
                2.73519788152e-07,
                6.79009417581e-07,
                3.91306400616e-07,
                4.81502695493e-07,
                2.53089780244e-07,
                5.86331850627e-07,
                3.73181450186e-07,
                2.68859338348e-07,
                2.7144477599e-07,
                3.69136188283e-07,
                4.61798066453e-07,
                3.30692643047e-07
            ],
            "dvar2": [
                1.26810709844e-05,
                0.00169269333128,
                0.000114076166938,
                0.000118239469884,
                2.58789477812e-05,
                1.49538880123e-06,
                3.35132403961e-06,
                2.91341029879e-06,
                3.30742545884e-06,
                4.7256585276e-06,
                4.78820993521e-06,
                5.3024882618e-06,
                4.45753403255e-06,
                6.1466630541e-07,
                1.02417891412e-06,
                6.15123497028e-07,
                1.76513140104e-06,
                9.1567835625e-07,
                1.10619328098e-06,
                5.01742249526e-07,
                1.37721394822e-06,
                8.89607690624e-07,
                5.92303024405e-07,
                5.96189181579e-07,
                8.86462828475e-07,
                1.24125165257e-06,
                9.55865857577e-07
            ],
            "max": [
                0.0551320873201,
                0.316034585238,
                0.060650870204,
                0.0753331258893,
                0.0776806622744,
                0.0137057937682,
                0.0147059047595,
                0.0237245969474,
                0.0315101519227,
                0.0428889244795,
                0.0420446060598,
                0.0347791574895,
                0.0415061227977,
                0.0126995351166,
                0.013694152236,
                0.0144545780495,
                0.0223813410848,
                0.0120354425162,
                0.0116581153125,
                0.00609218655154,
                0.00805626623333,
                0.00631350604817,
                0.00376928574406,
                0.00647375080734,
                0.0132049405947,
                0.0107286740094,
                0.0107088387012
            ],
            "mean": [
                0.00352685037069,
                0.0558957010508,
                0.00214824825525,
                0.00217565125786,
                0.000965150131378,
                0.00040449007065,
                0.000549029326066,
                0.000589327944908,
                0.00069345801603,
                0.000913323019631,
                0.000788596400525,
                0.000799256202299,
                0.000704427598976,
                0.000262142537395,
                0.00029396492755,
                0.000289600371616,
                0.000384920160286,
                0.000366956664948,
                0.000417417992139,
                0.000352218194166,
                0.000347557623172,
                0.000336459925165,
                0.00030778234941,
                0.000324683380313,
                0.00033836561488,
                0.000247342628427,
                8.86610869202e-05
            ],
            "median": [
                0.00168269127607,
                0.0527614802122,
                0.000187318364624,
                0.000109159955173,
                0.000121002398373,
                9.64061327977e-05,
                9.71800400293e-05,
                6.557864981e-05,
                9.79354808806e-05,
                0.000208699770155,
                9.28404479055e-05,
                8.45153335831e-05,
                6.52162489132e-05,
                3.43192841683e-05,
                3.98662559746e-05,
                5.52885212528e-05,
                0.000100124976598,
                8.0702091509e-05,
                0.000113439396955,
                0.000104109436506,
                8.18222615635e-05,
                7.17457078281e-05,
                6.92682297085e-05,
                7.98009787104e-05,
                8.74371253303e-05,
                4.52353124274e-05,
                5.7421029851e-06
            ],
            "min": [
                1.17083810376e-24,
                3.24303124162e-24,
                1.54124172674e-24,
                1.51889102932e-24,
                2.00236910671e-23,
                6.31905195214e-24,
                2.3561255755e-23,
                1.35298827586e-23,
                2.75531317492e-23,
                2.57002899649e-23,
                1.23915738273e-23,
                2.86887885301e-23,
                4.42273162573e-23,
                4.07429081726e-23,
                6.96770040452e-23,
                4.19172727804e-23,
                1.15841611224e-22,
                1.19953343589e-22,
                1.5710830095e-22,
                2.28513945363e-22,
                3.01451974173e-22,
                3.89891384827e-22,
                4.48285039977e-22,
                6.14749635159e-22,
                1.1099313831e-21,
                1.4463818466e-21,
                2.01121493852e-21
            ],
            "var": [
                2.54756705544e-05,
                0.00195339112543,
                3.21497573168e-05,
                4.14403366449e-05,
                6.80691528032e-06,
                6.48867398922e-07,
                1.41457132941e-06,
                1.93528217096e-06,
                3.51352059624e-06,
                5.54905318495e-06,
                5.84949520999e-06,
                5.30150055056e-06,
                6.45573254587e-06,
                5.00749194998e-07,
                6.04234912771e-07,
                4.36449681729e-07,
                7.06166815689e-07,
                5.50866218418e-07,
                6.75857904753e-07,
                4.49648609901e-07,
                6.59397130676e-07,
                4.30448665156e-07,
                3.16743580697e-07,
                3.17009238415e-07,
                4.87764339141e-07,
                3.36444088589e-07,
                1.85540812936e-07
            ]
        },
        "barkbands_crest": {
            "dmean": 2.7782523632,
            "dmean2": 4.17732381821,
            "dvar": 10.9966630936,
            "dvar2": 23.1159515381,
            "max": 26.5500431061,
            "mean": 19.2236690521,
            "median": 20.8165969849,
            "min": 2.77057313919,
            "var": 30.2434177399
        },
        "barkbands_flatness_db": {
            "dmean": 0.0469871126115,
            "dmean2": 0.0654470324516,
            "dvar": 0.00242667063139,
            "dvar2": 0.00486636906862,
            "max": 0.675226867199,
            "mean": 0.225801631808,
            "median": 0.217244848609,
            "min": 0.0168129596859,
            "var": 0.00858973152936
        },
        "barkbands_kurtosis": {
            "dmean": 37.4972229004,
            "dmean2": 59.2688789368,
            "dvar": 16498.7714844,
            "dvar2": 35858.8085938,
            "max": 3594.0012207,
            "mean": 47.1566047668,
            "median": 9.47440242767,
            "min": -1.91825985909,
            "var": 21259.6425781
        },
        "barkbands_skewness": {
            "dmean": 1.84248304367,
            "dmean2": 2.75940394402,
            "dvar": 8.5024805069,
            "dvar2": 18.3185501099,
            "max": 43.2785987854,
            "mean": 4.27894878387,
            "median": 3.06588625908,
            "min": -4.38888645172,
            "var": 19.611907959
        },
        "barkbands_spread": {
            "dmean": 10.5816478729,
            "dmean2": 16.0949687958,
            "dvar": 174.373794556,
            "dvar2": 362.378051758,
            "max": 124.678855896,
            "mean": 20.0183753967,
            "median": 14.8491630554,
            "min": 0.0396046862006,
            "var": 333.83392334
        },
        "dissonance": {
            "dmean": 0.0259823482484,
            "dmean2": 0.0432020314038,
            "dvar": 0.000825075432658,
            "dvar2": 0.00219374406151,
            "max": 0.499993741512,
            "mean": 0.456240832806,
            "median": 0.469310253859,
            "min": 0.185830906034,
            "var": 0.00171121873427
        },
        "dynamic_complexity": 3.2470498085,
        "erbbands": {
            "dmean": [
                0.657747030258,
                2.79286837578,
                2.82903981209,
                5.73511648178,
                5.36488771439,
                2.52685976028,
                2.25008559227,
                3.15191292763,
                5.59129142761,
                7.62285375595,
                8.58874511719,
                11.4891681671,
                11.8756084442,
                18.0050830841,
                24.87018013,
                23.0262031555,
                19.2277641296,
                10.2622795105,
                10.2340421677,
                10.821100235,
                12.1216115952,
                14.1895170212,
                14.2811794281,
                15.7193899155,
                11.3640270233,
                10.1495552063,
                12.951215744,
                12.4699268341,
                10.4361820221,
                10.5111379623,
                7.91205739975,
                6.0017375946,
                4.80410051346,
                3.2790043354,
                2.41471529007,
                1.3011623621,
                0.525914132595,
                0.136672019958,
                0.0200247261673,
                0.00126181240194
            ],
            "dmean2": [
                0.942952632904,
                4.17674255371,
                4.62370300293,
                9.73117351532,
                9.43963718414,
                4.38603687286,
                3.67418599129,
                5.41175842285,
                9.1525144577,
                12.57072258,
                13.6022729874,
                17.744720459,
                18.62566185,
                27.1407337189,
                37.6672554016,
                33.9832382202,
                30.5362262726,
                16.0881671906,
                15.9021854401,
                17.0548553467,
                19.2505378723,
                22.3779678345,
                22.6652946472,
                24.0083503723,
                17.3639850616,
                15.0393819809,
                20.0409107208,
                19.5370979309,
                16.2888736725,
                16.7706565857,
                12.3776912689,
                9.40199565887,
                7.68500852585,
                5.14004659653,
                3.82412624359,
                2.14975619316,
                0.895886063576,
                0.240547820926,
                0.0364972092211,
                0.00231273518875
            ],
            "dvar": [
                1.41184973717,
                29.3553791046,
                53.0208587646,
                260.515441895,
                309.46496582,
                54.4745292664,
                27.1556186676,
                60.597782135,
                188.465652466,
                343.358551025,
                511.614593506,
                895.302978516,
                928.771606445,
                2600.65258789,
                5224.81591797,
                3862.7734375,
                4356.61035156,
                759.394104004,
                882.550964355,
                848.305175781,
                1086.62805176,
                1471.13891602,
                1197.43066406,
                1479.82250977,
                714.823669434,
                414.55770874,
                1363.68762207,
                821.885253906,
                409.221008301,
                338.047729492,
                173.870346069,
                108.233215332,
                88.0255279541,
                34.4392662048,
                27.6807861328,
                7.59513950348,
                1.93633079529,
                0.168484970927,
                0.00977535173297,
                4.73751024401e-05
            ],
            "dvar2": [
                2.85701417923,
                71.6766662598,
                134.411361694,
                670.701599121,
                863.312744141,
                150.735321045,
                66.3087539673,
                161.034759521,
                489.795928955,
                852.803955078,
                1264.2434082,
                1977.3157959,
                2173.10522461,
                5629.88476562,
                11284.4648438,
                7842.05126953,
                9741.53710938,
                1699.41101074,
                1934.55639648,
                2112.76220703,
                2555.38378906,
                3714.703125,
                2988.76904297,
                3347.74682617,
                1484.54736328,
                788.886169434,
                3310.58569336,
                1851.31384277,
                944.085693359,
                779.610900879,
                385.399932861,
                228.680007935,
                206.558044434,
                81.5455169678,
                67.1430892944,
                19.4608459473,
                5.25680398941,
                0.474464654922,
                0.0283366963267,
                0.000137391019962
            ],
            "max": [
                16.6615829468,
                82.3079605103,
                93.4312133789,
                148.04196167,
                389.755523682,
                153.971130371,
                123.866317749,
                135.727645874,
                212.937011719,
                338.208221436,
                542.359191895,
                821.325134277,
                698.96887207,
                1603.94946289,
                2016.40344238,
                1362.40673828,
                2000.7097168,
                896.113220215,
                646.296264648,
                490.042022705,
                980.328369141,
                998.612854004,
                871.275878906,
                637.925720215,
                429.979919434,
                307.190246582,
                419.749664307,
                289.386993408,
                227.493240356,
                147.733779907,
                98.6560974121,
                103.170074463,
                136.078643799,
                107.110992432,
                157.965759277,
                30.9298324585,
                24.8256244659,
                6.16132640839,
                1.85788416862,
                0.12901198864
            ],
            "mean": [
                2.39722514153,
                9.27361488342,
                4.38875055313,
                5.68756961823,
                4.65732479095,
                2.95895338058,
                3.18662691116,
                3.5060172081,
                7.6462430954,
                9.51266098022,
                13.2959489822,
                17.7023239136,
                17.6227912903,
                29.4925193787,
                40.8657836914,
                40.052772522,
                35.0676612854,
                15.8126506805,
                15.276468277,
                15.1204423904,
                16.5233058929,
                19.1710948944,
                20.4790229797,
                23.3513622284,
                18.4215736389,
                16.8696289062,
                15.8483028412,
                13.4472513199,
                11.5227546692,
                10.7878437042,
                8.07800579071,
                6.7247376442,
                5.34834384918,
                3.58174705505,
                2.46498250961,
                1.20492136478,
                0.455948203802,
                0.101754955947,
                0.0140110366046,
                0.000949658278842
            ],
            "median": [
                2.21223950386,
                8.59857463837,
                1.48392486572,
                0.547793984413,
                0.317420601845,
                0.402040928602,
                0.681691527367,
                0.861442267895,
                1.36845672131,
                1.89014029503,
                1.87039148808,
                2.69509315491,
                4.53766393661,
                6.92543458939,
                6.2556180954,
                5.43625974655,
                4.57337331772,
                2.82449674606,
                2.67267894745,
                3.19264268875,
                3.73043513298,
                5.20004987717,
                5.2941660881,
                6.241771698,
                5.58532619476,
                5.49626588821,
                3.61224365234,
                2.70126771927,
                2.57747864723,
                2.53511977196,
                1.85130345821,
                1.68557417393,
                1.29538226128,
                1.05830347538,
                0.54394865036,
                0.253626585007,
                0.0787224024534,
                0.0101784458384,
                0.000985414721072,
                0.00014342648501
            ],
            "min": [
                1.20201437188e-22,
                8.48098729892e-22,
                1.90663778139e-21,
                5.54579323887e-21,
                2.94827623647e-20,
                4.85250029029e-20,
                1.07433604035e-19,
                5.18883935906e-20,
                1.22149761056e-19,
                2.84454229466e-19,
                4.51598376544e-19,
                5.08980464323e-19,
                7.04947874942e-19,
                1.20690262903e-18,
                6.8684869785e-19,
                1.64163567177e-18,
                2.31315143959e-18,
                2.20426014298e-18,
                2.77293833551e-18,
                3.7793265938e-18,
                2.7882130527e-18,
                6.3994451723e-18,
                5.54142643933e-18,
                7.95747418404e-18,
                8.50834503913e-18,
                1.00247209575e-17,
                1.20796849261e-17,
                1.41415393092e-17,
                1.45095470007e-17,
                1.32398710825e-17,
                1.27351717948e-17,
                1.29136418023e-17,
                9.21262481064e-18,
                1.01472553576e-17,
                8.32124671074e-18,
                5.36977984478e-18,
                2.47977125756e-18,
                1.00702239562e-18,
                2.8151567034e-19,
                2.97291814079e-20
            ],
            "var": [
                4.60252141953,
                65.8999710083,
                54.4959068298,
                233.787780762,
                208.984985352,
                56.1668701172,
                48.4601135254,
                56.4717216492,
                262.682495117,
                427.710083008,
                1003.23919678,
                2398.69873047,
                1628.08691406,
                6795.7890625,
                14214.7841797,
                11604.7246094,
                14571.5996094,
                1592.78942871,
                1649.58410645,
                1181.32543945,
                1463.23095703,
                1671.72790527,
                1602.14794922,
                2172.60571289,
                1250.86499023,
                858.29699707,
                1460.69299316,
                960.843078613,
                502.839538574,
                381.825836182,
                213.677612305,
                138.692062378,
                92.0220947266,
                41.2645874023,
                35.3847579956,
                7.01484060287,
                1.33649349213,
                0.103172659874,
                0.00542104383931,
                2.63564234046e-05
            ]
        },
        "erbbands_crest": {
            "dmean": 3.69479250908,
            "dmean2": 5.82171630859,
            "dvar": 13.6527223587,
            "dvar2": 29.2552700043,
            "max": 34.0962562561,
            "mean": 11.6592130661,
            "median": 9.79567050934,
            "min": 2.35920095444,
            "var": 44.8982810974
        },
        "erbbands_flatness_db": {
            "dmean": 0.0281442515552,
            "dmean2": 0.0416010692716,
            "dvar": 0.00093722663587,
            "dvar2": 0.00187420158181,
            "max": 0.579932868481,
            "mean": 0.148621767759,
            "median": 0.13127605617,
            "min": 0.0355816669762,
            "var": 0.00508143752813
        },
        "erbbands_kurtosis": {
            "dmean": 2.15831303596,
            "dmean2": 3.47114729881,
            "dvar": 18.4594497681,
            "dvar2": 45.4872131348,
            "max": 96.9832839966,
            "mean": 1.84197378159,
            "median": 0.470504760742,
            "min": -1.93310558796,
            "var": 24.7318592072
        },
        "erbbands_skewness": {
            "dmean": 0.610735714436,
            "dmean2": 0.92770242691,
            "dvar": 0.516214609146,
            "dvar2": 1.15584123135,
            "max": 7.54504156113,
            "mean": 0.189347267151,
            "median": 0.0893040969968,
            "min": -5.28103780746,
            "var": 1.42076385021
        },
        "erbbands_spread": {
            "dmean": 16.6826705933,
            "dmean2": 26.2587337494,
            "dvar": 396.661315918,
            "dvar2": 970.432434082,
            "max": 226.025192261,
            "mean": 51.1931915283,
            "median": 44.8195915222,
            "min": 0.756921947002,
            "var": 1063.95849609
        },
        "gfcc": {
            "cov": [
                [
                    16511.6640625,
                    307.404632568,
                    1507.14257812,
                    1609.76293945,
                    827.465270996,
                    298.02432251,
                    -371.264556885,
                    237.509567261,
                    491.153259277,
                    706.705871582,
                    -327.590606689,
                    -77.5874633789,
                    -213.118179321
                ],
                [
                    307.404632568,
                    2543.28051758,
                    381.945831299,
                    237.85067749,
                    337.970092773,
                    -117.182273865,
                    -180.144821167,
                    -7.31456947327,
                    229.993377686,
                    23.9476566315,
                    78.6825485229,
                    -248.477966309,
                    60.3181114197
                ],
                [
                    1507.14257812,
                    381.945831299,
                    1968.2479248,
                    619.208129883,
                    278.932556152,
                    80.9227371216,
                    -192.977981567,
                    73.4746551514,
                    216.143203735,
                    207.305038452,
                    -128.052642822,
                    -30.3892326355,
                    32.6080474854
                ],
                [
                    1609.76293945,
                    237.85067749,
                    619.208129883,
                    1088.26782227,
                    538.913208008,
                    149.937957764,
                    56.7865638733,
                    67.3031692505,
                    206.839935303,
                    118.829307556,
                    -33.9386940002,
                    -14.3164386749,
                    30.9845714569
                ],
                [
                    827.465270996,
                    337.970092773,
                    278.932556152,
                    538.913208008,
                    887.480285645,
                    353.827209473,
                    181.301589966,
                    95.4627456665,
                    131.741836548,
                    106.112304688,
                    35.9470596313,
                    -15.9014568329,
                    29.6189975739
                ],
                [
                    298.02432251,
                    -117.182273865,
                    80.9227371216,
                    149.937957764,
                    353.827209473,
                    565.380004883,
                    286.194549561,
                    125.765106201,
                    20.3526000977,
                    101.759986877,
                    76.8854064941,
                    46.8813667297,
                    6.18400096893
                ],
                [
                    -371.264556885,
                    -180.144821167,
                    -192.977981567,
                    56.7865638733,
                    181.301589966,
                    286.194549561,
                    419.764221191,
                    100.790534973,
                    -3.28407502174,
                    6.93159627914,
                    72.2240524292,
                    49.915977478,
                    18.2097053528
                ],
                [
                    237.509567261,
                    -7.31456947327,
                    73.4746551514,
                    67.3031692505,
                    95.4627456665,
                    125.765106201,
                    100.790534973,
                    308.282775879,
                    127.591049194,
                    86.8180923462,
                    30.9820384979,
                    60.0024833679,
                    45.8588447571
                ],
                [
                    491.153259277,
                    229.993377686,
                    216.143203735,
                    206.839935303,
                    131.741836548,
                    20.3526000977,
                    -3.28407502174,
                    127.591049194,
                    289.72277832,
                    138.023101807,
                    15.0550203323,
                    -11.1630659103,
                    49.5541915894
                ],
                [
                    706.705871582,
                    23.9476566315,
                    207.305038452,
                    118.829307556,
                    106.112304688,
                    101.759986877,
                    6.93159627914,
                    86.8180923462,
                    138.023101807,
                    285.274169922,
                    94.9251098633,
                    16.9654998779,
                    -1.89930963516
                ],
                [
                    -327.590606689,
                    78.6825485229,
                    -128.052642822,
                    -33.9386940002,
                    35.9470596313,
                    76.8854064941,
                    72.2240524292,
                    30.9820384979,
                    15.0550203323,
                    94.9251098633,
                    202.06741333,
                    44.4816970825,
                    12.3782958984
                ],
                [
                    -77.5874633789,
                    -248.477966309,
                    -30.3892326355,
                    -14.3164386749,
                    -15.9014568329,
                    46.8813667297,
                    49.915977478,
                    60.0024833679,
                    -11.1630659103,
                    16.9654998779,
                    44.4816970825,
                    155.888122559,
                    47.210269928
                ],
                [
                    -213.118179321,
                    60.3181114197,
                    32.6080474854,
                    30.9845714569,
                    29.6189975739,
                    6.18400096893,
                    18.2097053528,
                    45.8588447571,
                    49.5541915894,
                    -1.89930963516,
                    12.3782958984,
                    47.210269928,
                    131.441253662
                ]
            ],
            "icov": [
                [
                    9.14741394809e-05,
                    -2.01229795493e-05,
                    2.11676597246e-05,
                    -0.000110262793896,
                    -4.50679499409e-06,
                    -5.42332636542e-05,
                    0.00010566363926,
                    -3.27774432662e-05,
                    2.03891377168e-05,
                    -0.00025882339105,
                    0.000270778633421,
                    -9.92715504253e-05,
                    0.000177384150447
                ],
                [
                    -2.01229795493e-05,
                    0.000652549380902,
                    -0.000120858960145,
                    7.92480859673e-05,
                    -0.000277006678516,
                    0.000154564389959,
                    0.00024881598074,
                    -8.44390960992e-05,
                    -0.000366829917766,
                    0.000515042454936,
                    -0.000886615831405,
                    0.00120635260828,
                    -0.000474695872981
                ],
                [
                    2.11676597246e-05,
                    -0.000120858960145,
                    0.00080563116353,
                    -0.000388907588786,
                    7.86111995694e-05,
                    -0.00030314605101,
                    0.000468648184324,
                    -2.43650083576e-05,
                    1.55000070663e-05,
                    -0.000661407073494,
                    0.000831958837807,
                    -0.00024065222533,
                    -8.55921098264e-05
                ],
                [
                    -0.000110262793896,
                    7.92480859673e-05,
                    -0.000388907588786,
                    0.00179426383693,
                    -0.000903391977772,
                    0.000325286673615,
                    -0.000371451780666,
                    0.000313279655529,
                    -0.000771540042479,
                    0.000352608680259,
                    -0.000121802477224,
                    -6.58202843624e-05,
                    -8.01182904979e-05
                ],
                [
                    -4.50679499409e-06,
                    -0.000277006678516,
                    7.86111995694e-05,
                    -0.000903391977772,
                    0.00229537277482,
                    -0.00118664558977,
                    -0.000194206295419,
                    6.94395566825e-05,
                    -0.000107947940705,
                    -9.47474909481e-05,
                    0.000134814996272,
                    0.000129204272525,
                    -0.0001652429346
                ],
                [
                    -5.42332636542e-05,
                    0.000154564389959,
                    -0.00030314605101,
                    0.000325286673615,
                    -0.00118664558977,
                    0.00386790698394,
                    -0.00205906410702,
                    -0.000603317283094,
                    0.000837078783661,
                    -0.000758775393479,
                    -0.000437209440861,
                    2.65676389972e-05,
                    0.000125921113067
                ],
                [
                    0.00010566363926,
                    0.00024881598074,
                    0.000468648184324,
                    -0.000371451780666,
                    -0.000194206295419,
                    -0.00205906410702,
                    0.00464695086703,
                    -0.000818612752482,
                    -0.0001357584988,
                    0.000796044885647,
                    -0.000786107324529,
                    8.61743610585e-05,
                    -8.3333994553e-05
                ],
                [
                    -3.27774432662e-05,
                    -8.44390960992e-05,
                    -2.43650083576e-05,
                    0.000313279655529,
                    6.94395566825e-05,
                    -0.000603317283094,
                    -0.000818612752482,
                    0.00503890635446,
                    -0.00217080395669,
                    -0.000359499332262,
                    0.000495486019645,
                    -0.00178013334516,
                    -0.000308162037982
                ],
                [
                    2.03891377168e-05,
                    -0.000366829917766,
                    1.55000070663e-05,
                    -0.000771540042479,
                    -0.000107947940705,
                    0.000837078783661,
                    -0.0001357584988,
                    -0.00217080395669,
                    0.00701333303005,
                    -0.00309232668951,
                    0.000937206612434,
                    0.00116784800775,
                    -0.0020559229888
                ],
                [
                    -0.00025882339105,
                    0.000515042454936,
                    -0.000661407073494,
                    0.000352608680259,
                    -9.47474909481e-05,
                    -0.000758775393479,
                    0.000796044885647,
                    -0.000359499332262,
                    -0.00309232668951,
                    0.00780910532922,
                    -0.00453958427534,
                    0.000625192769803,
                    0.000978771364316
                ],
                [
                    0.000270778633421,
                    -0.000886615831405,
                    0.000831958837807,
                    -0.000121802477224,
                    0.000134814996272,
                    -0.000437209440861,
                    -0.000786107324529,
                    0.000495486019645,
                    0.000937206612434,
                    -0.00453958427534,
                    0.00931673683226,
                    -0.00314844097011,
                    0.00042896810919
                ],
                [
                    -9.92715504253e-05,
                    0.00120635260828,
                    -0.00024065222533,
                    -6.58202843624e-05,
                    0.000129204272525,
                    2.65676389972e-05,
                    8.61743610585e-05,
                    -0.00178013334516,
                    0.00116784800775,
                    0.000625192769803,
                    -0.00314844097011,
                    0.0110760629177,
                    -0.00417354749516
                ],
                [
                    0.000177384150447,
                    -0.000474695872981,
                    -8.55921098264e-05,
                    -8.01182904979e-05,
                    -0.0001652429346,
                    0.000125921113067,
                    -8.3333994553e-05,
                    -0.000308162037982,
                    -0.0020559229888,
                    0.000978771364316,
                    0.00042896810919,
                    -0.00417354749516,
                    0.010551771149
                ]
            ],
            "mean": [
                -18.8596611023,
                41.4613609314,
                -85.5281066895,
                36.3267478943,
                -38.0395202637,
                37.1468505859,
                -10.2079801559,
                30.1266403198,
                -16.4091262817,
                8.93525409698,
                -4.33040857315,
                9.50761318207,
                -7.62333631516
            ]
        },
        "hfc": {
            "dmean": 20.8755226135,
            "dmean2": 31.7341041565,
            "dvar": 1256.41394043,
            "dvar2": 2957.48388672,
            "max": 343.532348633,
            "mean": 32.2926521301,
            "median": 19.024515152,
            "min": 1.06827371791e-16,
            "var": 1596.81994629
        },
        "melbands": {
            "dmean": [
                0.00482123112306,
                0.00201193941757,
                0.000968551728874,
                0.000269059324637,
                8.03652001196e-05,
                6.82479512761e-05,
                8.7750289822e-05,
                8.62223823788e-05,
                7.29479143047e-05,
                7.09777450538e-05,
                6.11537616351e-05,
                7.72292187321e-05,
                7.1523070801e-05,
                7.24023921066e-05,
                5.56498125661e-05,
                3.1074956496e-05,
                1.9529776182e-05,
                1.62981777976e-05,
                1.43057450259e-05,
                1.6622718249e-05,
                1.4684503185e-05,
                1.55643047037e-05,
                1.43747147376e-05,
                1.3836333892e-05,
                1.35206892082e-05,
                1.0420983017e-05,
                6.85238273945e-06,
                7.0490887083e-06,
