{
    "lowlevel": {
        "average_loudness": 0.938231348991,
        "barkbands": {
            "dmean": [
                0.000148757229908,
                0.00283041619696,
                0.00199750997126,
                0.00132276955992,
                0.00143256003503,
                0.000762603711337,
                0.000999753479846,
                0.000562881468795,
                0.000800108187832,
                0.000499858753756,
                0.000702547025867,
                0.000834659615066,
                0.000698089133948,
                0.000821116787847,
                0.000591845833696,
                0.00042820427916,
                0.00030588550726,
                0.000198212117539,
                0.000166554702446,
                5.22306108905e-05,
                5.5176729802e-05,
                7.69885809859e-05,
                3.40375518135e-05,
                4.05133141612e-05,
                2.69543706963e-05,
                1.26810864458e-05,
                4.63875767309e-06
            ],
            "dmean2": [
                0.00024604954524,
                0.00468569854274,
                0.00355238630436,
                0.00228137546219,
                0.00240629981272,
                0.00114021659829,
                0.00150659878273,
                0.000858871557284,
                0.00114890013356,
                0.00073531374801,
                0.00104245741386,
                0.00126199179795,
                0.00108291592915,
                0.00126843887847,
                0.000913278548978,
                0.000663595157675,
                0.000482683361042,
                0.000301886175293,
                0.000256906350842,
                8.63655295689e-05,
                8.51521253935e-05,
                0.000112710826215,
                4.97048458783e-05,
                5.91785028519e-05,
                3.88818734791e-05,
                1.80542629096e-05,
                6.82574636812e-06
            ],
            "dvar": [
                1.4769416623e-07,
                2.6138526664e-05,
                2.55040431512e-05,
                7.53703488954e-06,
                7.82070310379e-06,
                1.40501970236e-06,
                2.56971634371e-06,
                1.3014380329e-06,
                1.3335187532e-06,
                9.65917593021e-07,
                1.7786932176e-06,
                1.65200742686e-06,
                1.32816091991e-06,
                1.75698914973e-06,
                1.1048655324e-06,
                5.95756830535e-07,
                2.61008949565e-07,
                1.64286532822e-07,
                1.91787677295e-07,
                9.28870047545e-09,
                1.51749315336e-08,
                3.92002128535e-08,
                7.97312171841e-09,
                3.91282064527e-08,
                1.34128050888e-08,
                1.64883673381e-09,
                4.99758678885e-10
            ],
            "dvar2": [
                3.48365517766e-07,
                7.05635393388e-05,
                7.31697000447e-05,
                2.06204476854e-05,
                2.202176438e-05,
                3.18694196721e-06,
                5.87174372413e-06,
                3.01383943224e-06,
                2.96704115499e-06,
                1.99367582354e-06,
                4.10193433709e-06,
                3.76230627808e-06,
                3.27401471623e-06,
                4.13771613239e-06,
                2.48605579145e-06,
                1.39078758821e-06,
                6.24243682523e-07,
                3.70556989537e-07,
                3.87394578638e-07,
                2.43386821808e-08,
                3.38675043565e-08,
                8.13061831195e-08,
                1.64138072023e-08,
                7.65626850807e-08,
                2.74140479206e-08,
                3.41243344693e-09,
                1.14060449974e-09
            ],
            "max": [
                0.00734606524929,
                0.0661504343152,
                0.0675861760974,
                0.0434361509979,
                0.0403139963746,
                0.0195526443422,
                0.029742769897,
                0.0266317520291,
                0.0260884333402,
                0.0288463886827,
                0.0264532957226,
                0.0257040355355,
                0.029594771564,
                0.0227794144303,
                0.0219715721905,
                0.0167654845864,
                0.0103227738291,
                0.0115847317502,
                0.0184119474143,
                0.00172319123521,
                0.00438010785729,
                0.00711197825149,
                0.00248500239104,
                0.0113536296412,
                0.00650318386033,
                0.00132133858278,
                0.00044441971113
            ],
            "mean": [
                0.000243196176598,
                0.00890085566789,
                0.00331488833763,
                0.00196261145175,
                0.00275978143327,
                0.00198245164938,
                0.00246403599158,
                0.00123639509548,
                0.00203415961005,
                0.00105684634764,
                0.00137793750037,
                0.00171410210896,
                0.00144926493522,
                0.00165910145734,
                0.00125792669132,
                0.000972483539954,
                0.000712863169611,
                0.000442773511168,
                0.000370072026271,
                0.00013620480604,
                0.000137098206324,
                0.000182723350008,
                7.83262657933e-05,
                8.76397534739e-05,
                5.30923498445e-05,
                1.76113353518e-05,
                4.98956433148e-06
            ],
            "median": [
                6.99033116689e-05,
                0.00819154642522,
                0.0019514602609,
                0.00109449564479,
                0.00183640408795,
                0.00125344353728,
                0.00135609786958,
                0.000603810884058,
                0.00138152611908,
                0.000432111730333,
                0.000642001628876,
                0.00100401206873,
                0.000805730291177,
                0.000886292080395,
                0.00068005756475,
                0.000502785260323,
                0.00037453888217,
                0.000206830300158,
                0.000169682229171,
                8.26041869004e-05,
                7.15193309588e-05,
                5.96352765569e-05,
                2.94029596262e-05,
                2.74044159596e-05,
                1.76681023731e-05,
                4.84605425299e-06,
                3.7217728277e-07
            ],
            "min": [
                2.20615626419e-25,
                2.33537892813e-24,
                1.68465703374e-24,
                1.03826835231e-24,
                5.3387419994e-24,
                9.80025173953e-24,
                8.68770858312e-24,
                4.8908200721e-24,
                1.74271411981e-23,
                2.27702144383e-23,
                2.19758725275e-23,
                1.99113667405e-23,
                3.15199030339e-23,
                3.43929565388e-23,
                5.01315488578e-23,
                5.35289329629e-23,
                7.54863650779e-23,
                1.05422184927e-22,
                1.56880982791e-22,
                1.55203826642e-22,
                2.46290805955e-22,
                3.31948175565e-22,
                3.83055658959e-22,
                5.81958921384e-22,
                8.35741154392e-22,
                1.26315316201e-21,
                1.90945132639e-21
            ],
            "var": [
                2.10507181464e-07,
                4.84912743559e-05,
                2.28519038501e-05,
                8.0532836364e-06,
                1.05608232843e-05,
                5.37254982191e-06,
                1.00491588455e-05,
                3.4993272493e-06,
                5.2510686146e-06,
                3.23213794218e-06,
                4.53917391496e-06,
                4.79543496112e-06,
                3.59710679732e-06,
                4.72481633551e-06,
                3.44378690897e-06,
                1.86398415281e-06,
                1.04513344468e-06,
                6.30342753993e-07,
                6.18064689206e-07,
                2.87623453943e-08,
                4.61882159186e-08,
                1.20155917216e-07,
                2.21759393071e-08,
                1.06413608592e-07,
                3.13014894004e-08,
                2.49633802518e-09,
                5.78110781468e-10
            ]
        },
        "barkbands_crest": {
            "dmean": 1.56830954552,
            "dmean2": 2.52109646797,
            "dvar": 2.63086032867,
            "dvar2": 6.71015977859,
            "max": 26.4011497498,
            "mean": 8.64973831177,
            "median": 7.71797323227,
            "min": 2.6461660862,
            "var": 14.7209129333
        },
        "barkbands_flatness_db": {
            "dmean": 0.0127680627629,
            "dmean2": 0.0187189541757,
            "dvar": 0.000180302653462,
            "dvar2": 0.000371663831174,
            "max": 0.409049600363,
            "mean": 0.135576188564,
            "median": 0.121984608471,
            "min": 0.0358399115503,
            "var": 0.00349575607106
        },
        "barkbands_kurtosis": {
            "dmean": 1.64651954174,
            "dmean2": 2.62174415588,
            "dvar": 52.8585205078,
            "dvar2": 145.528594971,
            "max": 819.038818359,
            "mean": 5.22210836411,
            "median": -0.17534917593,
            "min": -1.93871963024,
            "var": 1623.45300293
        },
        "barkbands_skewness": {
            "dmean": 0.347883015871,
            "dmean2": 0.537710309029,
            "dvar": 0.18372541666,
            "dvar2": 0.474503576756,
            "max": 24.4973678589,
            "mean": 1.03607082367,
            "median": 0.708476185799,
            "min": -2.25956964493,
            "var": 3.48272013664
        },
        "barkbands_spread": {
            "dmean": 3.39757084846,
            "dmean2": 5.16966295242,
            "dvar": 24.2078475952,
            "dvar2": 55.6681938171,
            "max": 150.597686768,
            "mean": 23.9919376373,
            "median": 23.1655540466,
            "min": 0.368442624807,
            "var": 178.651092529
        },
        "dissonance": {
            "dmean": 0.0165258999914,
            "dmean2": 0.0278411637992,
            "dvar": 0.000321017956594,
            "dvar2": 0.000878487306181,
            "max": 0.500000119209,
            "mean": 0.462618082762,
            "median": 0.471133232117,
            "min": 0.0912226885557,
            "var": 0.00107199244667
        },
        "dynamic_complexity": 3.4363462925,
        "erbbands": {
            "dmean": [
                0.0814444795251,
                0.676986157894,
                2.05538678169,
                3.33568739891,
                4.9733581543,
                5.19971752167,
                4.48856782913,
                6.74265432358,
                11.2357683182,
                17.376077652,
                12.4245510101,
                17.0589828491,
                15.3319692612,
                15.9229192734,
                26.2751216888,
                26.7688961029,
                32.7523460388,
                34.7658996582,
                33.9042816162,
                26.096830368,
                22.7812042236,
                17.6514339447,
                9.6481294632,
                10.2542695999,
                4.18554067612,
                2.27176952362,
                1.96058011055,
                2.63070249557,
                2.9623374939,
                1.65591228008,
                0.84889113903,
                0.893081963062,
                0.702498614788,
                0.396286338568,
                0.13910728693,
                0.0828236490488,
                0.0158264432102,
                0.00482163159177,
                0.000868256553076,
                3.09320275846e-05
            ],
            "dmean2": [
                0.132909476757,
                1.14196574688,
                3.66596722603,
                5.82312631607,
                8.57514381409,
                8.58083152771,
                7.10812711716,
                9.89009284973,
                17.5570220947,
                24.7262763977,
                18.6588611603,
                24.6406612396,
                22.0578918457,
                23.5986022949,
                39.1748695374,
                40.8523864746,
                50.4373855591,
                53.5559883118,
                52.0650177002,
                40.3193321228,
                35.3653182983,
                27.4942417145,
                14.6013307571,
                15.240732193,
                6.64735269547,
                3.72790646553,
                3.17732954025,
                3.90095567703,
                4.38527059555,
                2.48894643784,
                1.23275244236,
                1.31206738949,
                1.01731967926,
                0.572852730751,
                0.201374307275,
                0.119711369276,
                0.0223309453577,
                0.00713086314499,
                0.00127537932713,
                4.74602056784e-05
            ],
            "dvar": [
                0.0257214400917,
                1.56306016445,
                25.4011478424,
                52.7905654907,
                124.692832947,
                90.7923431396,
                61.1229400635,
                128.447723389,
                450.765472412,
                900.81842041,
                587.445861816,
                754.527893066,
                642.036315918,
                576.256286621,
                2424.2253418,
                1785.33068848,
                2809.65258789,
                3750.06079102,
                3238.77734375,
                2233.56396484,
                1694.43945313,
                907.25592041,
                313.575958252,
                703.820251465,
                66.8703460693,
                19.0753040314,
                15.9201478958,
                41.6673774719,
                54.6293678284,
                24.8733482361,
                4.85872268677,
                10.7495355606,
                18.4994487762,
                3.54309153557,
                0.251849532127,
                0.0859961137176,
                0.00204319297336,
                0.00038434882299,
                1.7846143237e-05,
                1.49848133901e-08
            ],
            "dvar2": [
                0.0655504018068,
                4.40097570419,
                73.3924331665,
                147.578598022,
                357.662994385,
                242.895355225,
                154.450897217,
                269.584442139,
                1050.47180176,
                1852.75744629,
                1355.39050293,
                1677.90063477,
                1349.23730469,
                1297.13671875,
                5714.21826172,
                4225.06005859,
                7006.42529297,
                9189.31542969,
                7063.61914063,
                5228.24023438,
                4027.57104492,
                2087.50976563,
                682.126403809,
                1357.92456055,
                143.444351196,
                48.9380912781,
                40.2776298523,
                83.9098815918,
                113.727729797,
                51.7372894287,
                9.90167236328,
                24.6419849396,
                34.5691223145,
                7.0166721344,
                0.471467286348,
                0.179127156734,
                0.00420605577528,
                0.000865602574777,
                4.09432977904e-05,
                3.55810918506e-08
            ],
            "max": [
                2.21819734573,
                15.7550439835,
                65.9759750366,
                82.0811538696,
                165.428482056,
                160.782531738,
                127.763404846,
                238.807312012,
                522.847045898,
                643.891113281,
                676.789489746,
                722.39831543,
                692.29083252,
                482.073272705,
                1042.2286377,
                823.978088379,
                1456.95666504,
                1163.06884766,
                1192.42077637,
                1202.74108887,
                820.057495117,
                709.184997559,
                615.329162598,
                1119.71154785,
                387.830780029,
                84.763999939,
                120.573310852,
                311.294708252,
                244.710220337,
                152.045547485,
                66.3295822144,
                169.364776611,
                290.562866211,
                107.403015137,
                24.9368629456,
                10.5079717636,
                1.35056090355,
                0.485859721899,
                0.0851265192032,
                0.00248105148785
            ],
            "mean": [
                0.252002686262,
                1.99416172504,
                3.97715830803,
                5.28443145752,
                7.78665924072,
                10.3226633072,
                10.310792923,
                18.6626033783,
                24.80260849,
                44.8459129333,
                30.6824893951,
                42.7480697632,
                37.0254096985,
                38.6638870239,
                59.5079154968,
                60.615737915,
                72.8500061035,
                77.0737686157,
                74.4974441528,
                59.8769416809,
                55.0874099731,
                44.1260757446,
                25.1637897491,
                24.8245391846,
                11.1167030334,
                6.22184705734,
                5.07249164581,
                6.40797138214,
                7.10289430618,
                3.72858190536,
                2.01909732819,
                1.92321074009,
                1.39835584164,
                0.791689932346,
                0.261190026999,
                0.115776114166,
                0.0228112954646,
                0.00546605000272,
                0.00095744302962,
                7.02516190358e-05
            ],
            "median": [
                0.188476711512,
                1.79769873619,
                2.86553621292,
                3.4488825798,
                4.78842258453,
                6.37409210205,
                6.82778644562,
                11.5922775269,
                12.8180236816,
                23.3534812927,
                17.5834350586,
                27.6398925781,
                22.2476387024,
                24.6918563843,
                34.3763504028,
                39.5672645569,
                45.6756744385,
                42.3502235413,
                44.0938720703,
                34.8278503418,
                28.6096763611,
                23.1466941833,
                13.8914680481,
                10.3772239685,
                7.16692256927,
                3.75755310059,
                3.213514328,
                2.76249504089,
                2.31311798096,
                1.25599098206,
                0.768834531307,
                0.657172262669,
                0.387192100286,
                0.245059892535,
                0.0887279957533,
                0.0332838371396,
                0.00639534415677,
                0.000710555701517,
                0.000100871846371,
                5.16950749443e-05
            ],
            "min": [
                4.00329144252e-23,
                4.95696009521e-22,
                2.40166498833e-21,
                5.25418258848e-21,
                1.9614610748e-20,
                2.02367782001e-20,
                4.73440345575e-20,
                9.91660242857e-20,
                1.25851329673e-19,
                1.68249040656e-19,
                2.4726227627e-19,
                5.63214250993e-19,
                4.67859248122e-19,
                7.21181397861e-19,
                8.30893722925e-19,
                1.084956768e-18,
                1.51648179752e-18,
                1.72730821538e-18,
                2.16719707487e-18,
                3.448658042e-18,
                4.4026692239e-18,
                5.44678829186e-18,
                6.7281762603e-18,
                7.61976446407e-18,
                6.22430373966e-18,
                7.12647199705e-18,
                9.43854107081e-18,
                1.1829275848e-17,
                1.22459804893e-17,
                1.0822498608e-17,
                1.03862179104e-17,
                1.00578404421e-17,
                1.02409170183e-17,
                8.40634457062e-18,
                5.70820879829e-18,
                4.12905938397e-18,
                2.29203413894e-18,
                1.04214758636e-18,
                2.58450333495e-19,
                2.54334903152e-20
            ],
            "var": [
                0.0597518011928,
                2.44591617584,
                21.9794216156,
                48.4774284363,
                119.066978455,
                176.177078247,
                130.456039429,
                547.750549316,
                1495.42407227,
                3834.5480957,
                1704.90673828,
                2781.88208008,
                2151.69458008,
                1940.96582031,
                6357.11621094,
                4775.78417969,
                7628.5078125,
                11206.2607422,
                9779.76660156,
                7157.99511719,
                6103.03466797,
                4052.56738281,
                1424.10375977,
                2728.07006836,
                227.300354004,
                59.1605987549,
                43.5947227478,
                141.026794434,
                176.888809204,
                64.1702651978,
                13.6092605591,
                22.5557022095,
                50.0932846069,
                9.13358592987,
                0.542601048946,
                0.125368773937,
                0.00338513264433,
                0.000466187193524,
                2.0482326363e-05,
                1.67361502434e-08
            ]
        },
        "erbbands_crest": {
            "dmean": 2.04936313629,
            "dmean2": 3.22649407387,
            "dvar": 3.943754673,
            "dvar2": 9.76508235931,
            "max": 28.7998313904,
            "mean": 8.95149803162,
            "median": 7.8536067009,
            "min": 2.15115475655,
            "var": 17.7965431213
        },
        "erbbands_flatness_db": {
            "dmean": 0.0138927940279,
            "dmean2": 0.0191978607327,
            "dvar": 0.000200037480681,
            "dvar2": 0.000355123280315,
            "max": 0.438855737448,
            "mean": 0.17235840857,
            "median": 0.165686160326,
            "min": 0.0266346931458,
            "var": 0.00304728839546
        },
        "erbbands_kurtosis": {
            "dmean": 0.793306231499,
            "dmean2": 1.14022684097,
            "dvar": 3.05520391464,
            "dvar2": 4.19436883926,
            "max": 216.184921265,
            "mean": 1.84599256516,
            "median": 0.325223863125,
            "min": -1.74212479591,
            "var": 136.297027588
        },
        "erbbands_skewness": {
            "dmean": 0.248445555568,
            "dmean2": 0.363503366709,
            "dvar": 0.0487279035151,
            "dvar2": 0.103081569076,
            "max": 12.2104263306,
            "mean": 0.0675751939416,
            "median": -0.0749528855085,
            "min": -2.58058738708,
            "var": 1.32472956181
        },
        "erbbands_spread": {
            "dmean": 4.84873771667,
            "dmean2": 7.33248615265,
            "dvar": 36.8389015198,
            "dvar2": 80.2082977295,
            "max": 142.617294312,
            "mean": 27.5295772552,
            "median": 24.9118804932,
            "min": 1.60059285164,
            "var": 196.446090698
        },
        "gfcc": {
            "cov": [
                [
                    29863.5019531,
                    1107.80163574,
                    -3131.55371094,
                    1495.35388184,
                    -921.63104248,
                    1526.06542969,
                    -231.599472046,
                    1001.33288574,
                    226.37713623,
                    368.338989258,
                    -234.51802063,
                    114.660636902,
                    -110.815139771
                ],
                [
                    1107.80163574,
                    1373.51904297,
                    -562.512390137,
                    -220.522079468,
                    166.430236816,
                    -105.013374329,
                    31.8208007813,
                    -76.462928772,
                    2.84837937355,
                    -37.7201957703,
                    87.808265686,
                    -47.6544342041,
                    39.2063522339
                ],
                [
                    -3131.55371094,
                    -562.512390137,
                    1430.58911133,
                    156.14100647,
                    -55.4212989807,
                    -21.3854618073,
                    -37.8670501709,
                    -49.8640785217,
                    -75.0906906128,
                    -11.5550699234,
                    -2.78934812546,
                    54.1855659485,
                    -36.9533462524
                ],
                [
                    1495.35388184,
                    -220.522079468,
                    156.14100647,
                    469.410491943,
                    -100.036643982,
                    165.784393311,
                    -28.9473209381,
                    100.353317261,
                    57.3556060791,
                    -1.72035217285,
                    -11.9983205795,
                    23.6339035034,
                    8.83268737793
                ],
                [
                    -921.63104248,
                    166.430236816,
                    -55.4212989807,
                    -100.036643982,
                    233.148284912,
                    -70.294380188,
                    27.7783756256,
                    -42.4144554138,
                    4.78756332397,
                    -10.013384819,
                    7.87037849426,
                    -15.6002397537,
                    4.93665266037
                ],
                [
                    1526.06542969,
                    -105.013374329,
                    -21.3854618073,
                    165.784393311,
                    -70.294380188,
                    253.244781494,
                    36.9714889526,
                    90.0245666504,
                    21.9867515564,
                    48.2380867004,
                    -0.456408441067,
                    5.71819782257,
                    0.51927614212
                ],
                [
                    -231.599472046,
                    31.8208007813,
                    -37.8670501709,
                    -28.9473209381,
                    27.7783756256,
                    36.9714889526,
                    152.777069092,
                    14.0597887039,
                    -5.26688146591,
                    6.24946832657,
                    10.423822403,
                    -7.54697656631,
                    -1.78437626362
                ],
                [
                    1001.33288574,
                    -76.462928772,
                    -49.8640785217,
                    100.353317261,
                    -42.4144554138,
                    90.0245666504,
                    14.0597887039,
                    157.470092773,
                    45.7040863037,
                    16.222448349,
                    3.3859462738,
                    21.895778656,
                    -1.62837600708
                ],
                [
                    226.37713623,
                    2.84837937355,
                    -75.0906906128,
                    57.3556060791,
                    4.78756332397,
                    21.9867515564,
                    -5.26688146591,
                    45.7040863037,
                    103.830215454,
                    17.8001117706,
                    8.58257007599,
                    1.3832911253,
                    17.2069301605
                ],
                [
                    368.338989258,
                    -37.7201957703,
                    -11.5550699234,
                    -1.72035217285,
                    -10.013384819,
                    48.2380867004,
                    6.24946832657,
                    16.222448349,
                    17.8001117706,
                    82.7369384766,
                    10.6447305679,
                    -8.17342090607,
                    -8.08366107941
                ],
                [
                    -234.51802063,
                    87.808265686,
                    -2.78934812546,
                    -11.9983205795,
                    7.87037849426,
                    -0.456408441067,
                    10.423822403,
                    3.3859462738,
                    8.58257007599,
                    10.6447305679,
                    77.1108474731,
                    9.43633937836,
                    6.51218652725
                ],
                [
                    114.660636902,
                    -47.6544342041,
                    54.1855659485,
                    23.6339035034,
                    -15.6002397537,
                    5.71819782257,
                    -7.54697656631,
                    21.895778656,
                    1.3832911253,
                    -8.17342090607,
                    9.43633937836,
                    78.4573669434,
                    14.3226032257
                ],
                [
                    -110.815139771,
                    39.2063522339,
                    -36.9533462524,
                    8.83268737793,
                    4.93665266037,
                    0.51927614212,
                    -1.78437626362,
                    -1.62837600708,
                    17.2069301605,
                    -8.08366107941,
                    6.51218652725,
                    14.3226032257,
                    72.4561309814
                ]
            ],
            "icov": [
                [
                    0.000192990512005,
                    -0.000313497643219,
                    0.000408982654335,
                    -0.000472557527246,
                    0.000430995511124,
                    -0.000602508254815,
                    0.000448843406048,
                    -0.000525312323589,
                    0.000470579514513,
                    -0.000698550837114,
                    0.000868381757755,
                    -0.000579461047892,
                    0.000551996636204
                ],
                [
                    -0.000313497643219,
                    0.00162611820269,
                    -0.000267747935141,
                    0.000934092618991,
                    -0.00117510405835,
                    0.000986943370663,
                    -0.000685868610162,
                    0.00114581128582,
                    -0.000655363022815,
                    0.0017421618104,
                    -0.00273823575117,
                    0.00140110799111,
                    -0.00120879220776
                ],
                [
                    0.000408982654335,
                    -0.000267747935141,
                    0.00185039243661,
                    -0.00145280885044,
                    0.000807444157545,
                    -0.000972683425061,
                    0.000970930675976,
                    -0.000634493422695,
                    0.00168580689933,
                    -0.00155313080177,
                    0.00130869098939,
                    -0.00172184070107,
                    0.00150192785077
                ],
                [
                    -0.000472557527246,
                    0.000934092618991,
                    -0.00145280885044,
                    0.00493174837902,
                    -0.000494768377393,
                    -0.000915798766073,
                    -0.000143236276926,
                    0.000579455518164,
                    -0.00306096347049,
                    0.00371731910855,
                    -0.00197893683799,
                    0.00152202881873,
                    -0.00150190840941
                ],
                [
                    0.000430995511124,
                    -0.00117510405835,
                    0.000807444157545,
                    -0.000494768377393,
                    0.00639525195584,
                    -0.000411972549045,
                    -0.000147654049215,
                    -0.000467805948574,
                    -0.000177045731107,
                    -0.00146263104398,
                    0.00222606561147,
                    -0.000968552369159,
                    0.0011904645944
                ],
                [
                    -0.000602508254815,
                    0.000986943370663,
                    -0.000972683425061,
                    -0.000915798766073,
                    -0.000411972549045,
                    0.00945762731135,
                    -0.00336040556431,
                    -0.000739049457479,
                    0.000164935656358,
                    -0.0019560221117,
                    -0.00234404951334,
                    0.00205877120607,
                    -0.00243271887302
                ],
                [
                    0.000448843406048,
                    -0.000685868610162,
                    0.000970930675976,
                    -0.000143236276926,
                    -0.000147654049215,
                    -0.00336040556431,
                    0.00862589851022,
                    -0.00201484607533,
                    0.0017376136966,
                    -0.000923482875805,
                    0.000972170731984,
                    -0.000570006435737,
                    0.00128114852123
                ],
                [
                    -0.000525312323589,
                    0.00114581128582,
                    -0.000634493422695,
                    0.000579455518164,
                    -0.000467805948574,
                    -0.000739049457479,
                    -0.00201484607533,
                    0.0115483431146,
                    -0.00489345053211,
                    0.00236620241776,
                    -0.00269739120267,
                    -0.00112999230623,
                    0.000321321451338
                ],
                [
                    0.000470579514513,
                    -0.000655363022815,
                    0.00168580689933,
                    -0.00306096347049,
                    -0.000177045731107,
                    0.000164935656358,
                    0.0017376136966,
                    -0.00489345053211,
                    0.0148432767019,
                    -0.00505674304441,
                    0.00101402669679,
                    -0.000415678572608,
                    -0.00184717494994
                ],
                [
                    -0.000698550837114,
                    0.0017421618104,
                    -0.00155313080177,
                    0.00371731910855,
                    -0.00146263104398,
                    -0.0019560221117,
                    -0.000923482875805,
                    0.00236620241776,
                    -0.00505674304441,
                    0.0186458639801,
                    -0.00590876210481,
                    0.00388933904469,
                    -6.88458094373e-05
                ],
                [
                    0.000868381757755,
                    -0.00273823575117,
                    0.00130869098939,
                    -0.00197893683799,
                    0.00222606561147,
                    -0.00234404951334,
                    0.000972170731984,
                    -0.00269739120267,
                    0.00101402669679,
                    -0.00590876210481,
                    0.0193774476647,
                    -0.00509330118075,
                    0.0019120980287
                ],
                [
                    -0.000579461047892,
                    0.00140110799111,
                    -0.00172184070107,
                    0.00152202881873,
                    -0.000968552369159,
                    0.00205877120607,
                    -0.000570006435737,
                    -0.00112999230623,
                    -0.000415678572608,
                    0.00388933904469,
                    -0.00509330118075,
                    0.0170437637717,
                    -0.00507495319471
                ],
                [
                    0.000551996636204,
                    -0.00120879220776,
                    0.00150192785077,
                    -0.00150190840941,
                    0.0011904645944,
                    -0.00243271887302,
                    0.00128114852123,
                    0.000321321451338,
                    -0.00184717494994,
                    -6.88458094373e-05,
                    0.0019120980287,
                    -0.00507495319471,
                    0.0174862630665
                ]
            ],
            "mean": [
                -5.88983297348,
                112.770233154,
                -123.709526062,
                22.0404872894,
                -44.017578125,
                19.888835907,
                -34.7590446472,
                6.82308578491,
                -15.5991535187,
                3.41038918495,
                -11.9151201248,
                0.318670868874,
                -9.834441185
            ]
        },
        "hfc": {
            "dmean": 4.60973930359,
            "dmean2": 6.88742542267,
            "dvar": 33.7147941589,
            "dvar2": 72.7192306519,
            "max": 143.656494141,
            "mean": 27.8147010803,
            "median": 27.2616710663,
            "min": 1.09006211847e-16,
            "var": 305.472259521
        },
        "melbands": {
            "dmean": [
                0.000741118390579,
                0.000977891031653,
                0.000622143095825,
                0.000351036316715,
                0.000165185818332,
                0.000152105465531,
                0.000172709682374,
                0.000175228124135,
                0.000114378883154,
                0.000102979487565,
                8.15441890154e-05,
                6.71805682941e-05,
                0.000103445658169,
                7.77758250479e-05,
                9.83488134807e-05,
                6.85465784045e-05,
                6.59716388327e-05,
                6.58370627207e-05,
                4.11802357121e-05,
                3.08111521008e-05,
                2.87486491288e-05,
                2.18160912482e-05,
                1.24039443108e-05,
                9.60693159868e-06,
                9.50409230427e-06,
                5.25264704265e-06,
