{
    "lowlevel": {
        "average_loudness": 0.84877872467,
        "barkbands": {
            "dmean": [
                0.000621910498012,
                0.00773037737235,
                0.0020853432361,
                0.00092202029191,
                0.00087776890723,
                0.000831883284263,
                0.00110778037924,
                0.00127372692805,
                0.00140005769208,
                0.000985506689176,
                0.000843817717396,
                0.000832583697047,
                0.000685652776156,
                0.000475533131976,
                0.000321773404721,
                0.000299654406263,
                0.000316056073643,
                0.000257664447417,
                0.000184959964827,
                0.000224483665079,
                0.00017888804723,
                0.000150840351125,
                0.000100274679426,
                8.21952708066e-05,
                5.06355208927e-05,
                2.01409784495e-05,
                2.01689658752e-06
            ],
            "dmean2": [
                0.000799728790298,
                0.0120517751202,
                0.00354123697616,
                0.00171016424429,
                0.00150194123853,
                0.00144663127139,
                0.00187000690494,
                0.00211355113424,
                0.00213485839777,
                0.00146221905015,
                0.00127044261899,
                0.00133612193167,
                0.0010474253213,
                0.000734844361432,
                0.000506365380716,
                0.000456740555819,
                0.0004762786848,
                0.000385144288884,
                0.000282119668555,
                0.000357360200724,
                0.000277403916698,
                0.00022285504383,
                0.000147944607306,
                0.000129249398015,
                8.05929448688e-05,
                3.29658541887e-05,
                3.40630890605e-06
            ],
            "dvar": [
                3.3917226574e-06,
                0.000601054402068,
                5.01532413182e-05,
                1.36004500746e-05,
                5.42596762898e-06,
                6.41977203486e-06,
                7.9847222878e-06,
                1.37447459565e-05,
                1.46381262311e-05,
                6.56937436361e-06,
                4.81451979795e-06,
                5.37784990229e-06,
                3.00385340779e-06,
                1.34876006541e-06,
                5.84588235597e-07,
                4.61812959429e-07,
                3.68739307532e-07,
                2.72107598676e-07,
                1.65046472489e-07,
                1.93752569544e-07,
                1.5454972413e-07,
                1.17269863154e-07,
                4.5515044178e-08,
                2.9055131634e-08,
                1.45262335494e-08,
                4.29108171218e-09,
                4.0359330461e-11
            ],
            "dvar2": [
                5.88831289861e-06,
                0.00140930945054,
                0.000136557602673,
                3.94527123717e-05,
                1.51081503645e-05,
                1.69120157807e-05,
                1.97545523406e-05,
                3.533900599e-05,
                3.27723937517e-05,
                1.33320127134e-05,
                1.01661726148e-05,
                1.25971018861e-05,
                6.62141974317e-06,
                3.00556212096e-06,
                1.36139124152e-06,
                1.08185781755e-06,
                8.48942704579e-07,
                5.97575933625e-07,
                3.74449626861e-07,
                4.44874217465e-07,
                3.55099700755e-07,
                2.55375425695e-07,
                9.50558600721e-08,
                7.00302393852e-08,
                3.45735138296e-08,
                1.10044737767e-08,
                1.08468838078e-10
            ],
            "max": [
                0.0244380589575,
                0.251972019672,
                0.0876593962312,
                0.0452389232814,
                0.0296609159559,
                0.0714332908392,
                0.0412610918283,
                0.0483314804733,
                0.0739234313369,
                0.0744157880545,
                0.0424535274506,
                0.0467083640397,
                0.0315034948289,
                0.0303583852947,
                0.0210728440434,
                0.023286819458,
                0.0149834342301,
                0.00910049211234,
                0.00561030581594,
                0.00664524361491,
                0.00598922604695,
                0.00389801640995,
                0.00301444646902,
                0.00214889785275,
                0.00154113548342,
                0.00236818473786,
                0.000112283203634
            ],
            "mean": [
                0.00097715028096,
                0.0120779452845,
                0.00410132482648,
                0.000946287880652,
                0.00111175677739,
                0.00081155996304,
                0.00122961855959,
                0.00131297903135,
                0.0017753407592,
                0.0014947608579,
                0.00111175584607,
                0.000959482102189,
                0.000872432137839,
                0.00064630334964,
                0.000427327729994,
                0.000431579304859,
                0.000523653172422,
                0.000410259730415,
                0.000285785645247,
                0.000276623992249,
                0.000221579757635,
                0.000201366245165,
                0.000132191024022,
                0.00011480460671,
                7.07548242644e-05,
                2.48857031693e-05,
                2.15038721763e-06
            ],
            "median": [
                2.08883775485e-05,
                0.000957816897426,
                0.000756920839194,
                0.00022161086963,
                0.000401326164138,
                0.000106789979327,
                0.000167294594576,
                0.000134065121529,
                0.00026428909041,
                0.00022648909362,
                0.000222192786168,
                0.000124354919535,
                0.000123116566101,
                0.000145108846482,
                9.66194420471e-05,
                0.000107090927486,
                0.000135487163789,
                0.000135319438414,
                0.000104319646198,
                7.03171826899e-05,
                5.99299200985e-05,
                4.85543641844e-05,
                3.27369198203e-05,
                3.54204348696e-05,
                1.51793519763e-05,
                4.59640523331e-06,
                3.19306025176e-07
            ],
            "min": [
                6.8681086085e-24,
                8.58539332371e-24,
                1.97861776703e-24,
                1.08403001565e-23,
                3.59461416196e-23,
                4.88386815648e-23,
                2.6100734693e-23,
                3.24482061481e-23,
                4.78239918705e-23,
                3.83271320909e-23,
                5.24263136767e-23,
                1.01757364353e-22,
                8.06615450516e-23,
                7.80187600449e-23,
                2.74455134512e-22,
                1.40258598046e-22,
                1.91349143018e-22,
                2.00995839038e-22,
                1.47898671737e-22,
                3.06624655035e-22,
                5.07917471805e-22,
                4.67353865405e-22,
                5.26377422832e-22,
                7.06186212383e-22,
                9.01845779739e-22,
                1.50389311349e-21,
                2.13002299491e-21
            ],
            "var": [
                6.94406890034e-06,
                0.000987928360701,
                4.99826091982e-05,
                8.26336599857e-06,
                4.83990743305e-06,
                5.99389431954e-06,
                9.19915783015e-06,
                1.41528453241e-05,
                2.16203334276e-05,
                1.64184802998e-05,
                8.39028416522e-06,
                7.79726087785e-06,
                5.11744292453e-06,
                2.14924011743e-06,
                8.34938703065e-07,
                8.00567590886e-07,
                8.9262931624e-07,
                5.66281585179e-07,
                2.87334387394e-07,
                2.74253551424e-07,
                2.11910176517e-07,
                1.70235608721e-07,
                6.9587407836e-08,
                3.86807066377e-08,
                2.42285143059e-08,
                4.76339634403e-09,
                3.54423157489e-11
            ]
        },
        "barkbands_crest": {
            "dmean": 3.03130292892,
            "dmean2": 4.6822681427,
            "dvar": 8.52220916748,
            "dvar2": 19.3043746948,
            "max": 26.467042923,
            "mean": 11.4671554565,
            "median": 10.2727947235,
            "min": 2.38191008568,
            "var": 27.0479660034
        },
        "barkbands_flatness_db": {
            "dmean": 0.0312811732292,
            "dmean2": 0.0449542440474,
            "dvar": 0.00114875333384,
            "dvar2": 0.00212767859921,
            "max": 0.64035063982,
            "mean": 0.168502345681,
            "median": 0.152336612344,
            "min": 0.0253319423646,
            "var": 0.00597782153636
        },
        "barkbands_kurtosis": {
            "dmean": 8.38490009308,
            "dmean2": 13.1591157913,
            "dvar": 1459.94677734,
            "dvar2": 3690.89086914,
            "max": 1094.2142334,
            "mean": 9.57630348206,
            "median": 1.32409882545,
            "min": -1.93614602089,
            "var": 1638.4609375
        },
        "barkbands_skewness": {
            "dmean": 0.841334700584,
            "dmean2": 1.23735022545,
            "dvar": 1.5696130991,
            "dvar2": 3.42131114006,
            "max": 27.6460819244,
            "mean": 1.668820858,
            "median": 1.18101418018,
            "min": -4.69374036789,
            "var": 4.64346837997
        },
        "barkbands_spread": {
            "dmean": 7.32703256607,
            "dmean2": 11.1673927307,
            "dvar": 88.3213806152,
            "dvar2": 183.738128662,
            "max": 159.786132812,
            "mean": 22.6325702667,
            "median": 19.4051494598,
            "min": 0.1024755463,
            "var": 293.639953613
        },
        "dissonance": {
            "dmean": 0.0266393981874,
            "dmean2": 0.0438257493079,
            "dvar": 0.000793776649516,
            "dvar2": 0.0020171366632,
            "max": 0.5,
            "mean": 0.453237265348,
            "median": 0.465745538473,
            "min": 0.106930881739,
            "var": 0.00171582913026
        },
        "dynamic_complexity": 4.40993499756,
        "erbbands": {
            "dmean": [
                0.327277928591,
                1.4841157198,
                2.10692977905,
                3.07926821709,
                2.39294219017,
                3.3736269474,
                4.54568195343,
                7.86505317688,
                10.9816856384,
                26.9363307953,
                22.410282135,
                32.9770431519,
                34.6376953125,
                24.6753730774,
                36.6642074585,
                32.9299201965,
                31.0300273895,
                21.7695846558,
                18.4275436401,
                15.6787443161,
                14.3851099014,
                16.5849952698,
                14.1030683517,
                10.9073286057,
                8.92018413544,
                10.1880273819,
                9.59340667725,
                5.3380241394,
                5.29201555252,
                4.60018825531,
                2.79290294647,
                1.99525475502,
                1.21361327171,
                0.657204866409,
                0.332267105579,
                0.121345184743,
                0.033399745822,
                0.00458960002288,
                0.000309887313051,
                2.70707496384e-05
            ],
            "dmean2": [
                0.461856424809,
                2.35548639297,
                3.42392373085,
                5.61400556564,
                4.34849119186,
                5.68935394287,
                7.77175664902,
                13.6607522964,
                18.5423316956,
                44.5230178833,
                37.0291519165,
                50.2734985352,
                49.8262214661,
                37.0854187012,
                55.2403411865,
                51.4256477356,
                47.0760955811,
                33.2759780884,
                28.2031345367,
                24.0103340149,
                21.2993907928,
                24.7919750214,
                20.733297348,
                16.2960643768,
                13.4121694565,
                16.1412410736,
                15.2221603394,
                8.07832241058,
                7.92184114456,
                6.86820983887,
                4.1127820015,
                3.10763525963,
                1.88498795033,
                1.05339086056,
                0.523779153824,
                0.194315299392,
                0.0557423345745,
                0.00762666016817,
                0.000513270148076,
                4.37219459855e-05
            ],
            "dvar": [
                1.11241006851,
                22.4687194824,
                45.0988082886,
                149.685974121,
                63.0264472961,
                72.7560806274,
                169.574783325,
                632.663513184,
                854.112609863,
                4653.23193359,
                4221.62597656,
                8578.38671875,
                7690.95166016,
                5134.52978516,
                10055.984375,
                7842.85351562,
                6212.07128906,
                3266.12451172,
                1748.81164551,
                1004.52587891,
                938.169921875,
                1063.29699707,
                731.312438965,
                591.948608398,
                365.898895264,
                415.282104492,
                450.700408936,
                128.848678589,
                141.140151978,
                106.647865295,
                41.3842430115,
                17.9200839996,
                6.3629155159,
                2.4268579483,
                0.680076420307,
                0.13866981864,
                0.0148329846561,
                0.000182927004062,
                9.03383863715e-07,
                4.05685796068e-09
            ],
            "dvar2": [
                2.30302166939,
                56.3927764893,
                121.130737305,
                425.782867432,
                184.136856079,
                195.967041016,
                460.51651001,
                1642.40710449,
                2185.70874023,
                11752.0976562,
                10641.1416016,
                19486.9921875,
                15071.6132812,
                10949.6601562,
                21290.3632812,
                18176.7382812,
                13742.2910156,
                7159.20654297,
                3824.2265625,
                2415.72729492,
                2097.25219727,
                2428.68408203,
                1512.12988281,
                1367.13793945,
                780.859191895,
                962.268920898,
                1080.92626953,
                278.061859131,
                297.499572754,
                236.388015747,
                90.2306365967,
                41.8224449158,
                15.0973520279,
                5.90709638596,
                1.59652090073,
                0.344930171967,
                0.0398929007351,
                0.000473507738207,
                2.39670339397e-06,
                1.11768425626e-08
            ],
            "max": [
                12.3239803314,
                48.3184738159,
                77.416885376,
                155.396377563,
                115.552383423,
                118.379295349,
                196.766448975,
                738.352172852,
                561.483764648,
                931.340209961,
                1026.66174316,
                1726.5723877,
                1749.42028809,
                3586.23217773,
                2066.07275391,
                2005.22595215,
                1550.5645752,
                1573.91503906,
                1271.96850586,
                792.381225586,
                620.919799805,
                697.503479004,
                573.209716797,
                499.569213867,
                262.428497314,
                282.705047607,
                371.621124268,
                144.202407837,
                133.286315918,
                143.655929565,
                81.4474487305,
                54.0339622498,
                35.1054649353,
                24.7932624817,
                12.1032772064,
                9.84434604645,
                5.30302429199,
                0.26489970088,
                0.0168031007051,
                0.00114894786384
            ],
            "mean": [
                0.491137564182,
                2.17046070099,
                4.60440444946,
                4.23202562332,
                2.57212805748,
                4.33339595795,
                4.81264781952,
                7.62186193466,
                12.0272531509,
                30.5946807861,
                24.215341568,
                43.0245475769,
                52.2543525696,
                36.231048584,
                49.2339324951,
                42.0691108704,
                41.3348388672,
                31.1034832001,
                27.3713340759,
                23.8997859955,
                22.8429431915,
                28.3429317474,
                24.4204921722,
                17.8971996307,
                13.335600853,
                12.7601804733,
                11.616856575,
                6.91833591461,
                7.16316890717,
                5.98413610458,
                3.53973865509,
                2.70268797874,
                1.68826532364,
                0.879339694977,
                0.455943524837,
                0.15731446445,
                0.0376065969467,
                0.00532996281981,
                0.000368712673662,
                5.33670063305e-05
            ],
            "median": [
                0.0196666382253,
                0.242436811328,
                1.01276135445,
                1.18810391426,
                1.14158368111,
                1.39841163158,
                0.955804824829,
                1.11593008041,
                2.29551434517,
                4.69278097153,
                3.99199390411,
                7.55771541595,
                9.77410697937,
                8.69925498962,
                9.7858543396,
                6.70168876648,
                6.96780109406,
                7.92506170273,
                7.71409320831,
                6.63734722137,
                6.87497329712,
                8.40677070618,
                8.72435379028,
                6.38993883133,
                4.70705413818,
                3.40207242966,
                2.92538404465,
                2.10527992249,
                1.90051627159,
                1.29684555531,
                0.888602137566,
                0.763268470764,
                0.5087428689,
                0.200901061296,
                0.0878666192293,
                0.0302214883268,
                0.0062762144953,
                0.000875629601069,
                8.2886981545e-05,
                3.6614772398e-05
            ],
            "min": [
                5.34685276746e-22,
                8.50914395343e-22,
                2.85675528521e-21,
                1.49022177283e-20,
                6.36024019753e-20,
                1.1308245275e-19,
                2.12221483806e-19,
                3.0653532478e-19,
                5.04382787684e-19,
                3.75716446063e-19,
                7.95048161273e-19,
                9.28292378897e-19,
                1.05289648823e-18,
                1.72425167961e-18,
                2.14883097693e-18,
                3.64546188732e-18,
                3.78835196146e-18,
                3.5111806954e-18,
                1.24622228722e-17,
                7.88511986868e-18,
                9.80019849669e-18,
                1.10249791871e-17,
                9.09998514508e-18,
                8.86790225344e-18,
                9.61991200064e-18,
                1.45145382085e-17,
                2.31367777461e-17,
                1.71569269706e-17,
                1.81793701842e-17,
                1.58412300319e-17,
                1.64598320899e-17,
                1.53294881285e-17,
                1.19530096599e-17,
                9.74451600658e-18,
                6.89032971655e-18,
                5.72723519315e-18,
                2.54599016752e-18,
                1.18339436282e-18,
                3.09318425649e-19,
                3.24974318007e-20
            ],
            "var": [
                1.92476141453,
                31.791437149,
                59.3060836792,
                103.09551239,
                40.900188446,
                75.4469146729,
                151.835891724,
                595.264099121,
                871.441833496,
                5192.67822266,
                4636.67871094,
                12605.53125,
                17421.6425781,
                9815.42480469,
                17714.4921875,
                11771.6865234,
                10437.53125,
                5288.94970703,
                3126.04150391,
                1769.5994873,
                1867.42553711,
                2577.01513672,
                1752.17004395,
                1108.38183594,
                608.749023438,
                581.095214844,
                598.789672852,
                184.392486572,
                210.580673218,
                153.001449585,
                56.4910697937,
                24.6472454071,
                8.94333457947,
                3.56594800949,
                1.19068086147,
                0.182913631201,
                0.0130183380097,
                0.000189813610632,
                8.52030950682e-07,
                4.35400648868e-09
            ]
        },
        "erbbands_crest": {
            "dmean": 3.38227009773,
            "dmean2": 5.42058944702,
            "dvar": 9.97995376587,
            "dvar2": 23.1715106964,
            "max": 32.9419631958,
            "mean": 10.4997024536,
            "median": 9.2687702179,
            "min": 2.22338914871,
            "var": 26.0234489441
        },
        "erbbands_flatness_db": {
            "dmean": 0.0243944898248,
            "dmean2": 0.0347276926041,
            "dvar": 0.000570783449803,
            "dvar2": 0.00109505932778,
            "max": 0.541324675083,
            "mean": 0.186013102531,
            "median": 0.177021443844,
            "min": 0.0240020975471,
            "var": 0.00396688608453
        },
        "erbbands_kurtosis": {
            "dmean": 1.51036262512,
            "dmean2": 2.31859970093,
            "dvar": 7.69959640503,
            "dvar2": 16.039056778,
            "max": 105.657752991,
            "mean": 1.34481871128,
            "median": 0.247120261192,
            "min": -1.93447864056,
            "var": 17.8268718719
        },
        "erbbands_skewness": {
            "dmean": 0.494649618864,
            "dmean2": 0.748679280281,
            "dvar": 0.258957773447,
            "dvar2": 0.536710143089,
            "max": 8.57823944092,
            "mean": 0.284828364849,
            "median": 0.168033003807,
            "min": -3.21964669228,
            "var": 0.998540520668
        },
        "erbbands_spread": {
            "dmean": 11.3111171722,
            "dmean2": 17.1451072693,
            "dvar": 212.009765625,
            "dvar2": 470.894927979,
            "max": 211.226974487,
            "mean": 35.9229507446,
            "median": 30.906375885,
            "min": 0.926846623421,
            "var": 558.268859863
        },
        "gfcc": {
            "cov": [
                [
                    18954.1757812,
                    -1483.15759277,
                    -104.081794739,
                    1303.25561523,
                    -666.950866699,
                    912.51739502,
                    -680.280883789,
                    624.481323242,
                    -310.39730835,
                    260.297485352,
                    -165.674118042,
                    280.283111572,
                    -350.140777588
                ],
                [
                    -1483.15759277,
                    2446.68652344,
                    441.104248047,
                    189.732589722,
                    778.67755127,
                    77.4730606079,
                    641.593933105,
                    10.0999002457,
                    322.842041016,
                    -40.9511871338,
                    162.833694458,
                    -114.821716309,
                    67.3053894043
                ],
                [
                    -104.081794739,
                    441.104248047,
                    2003.22155762,
                    700.002502441,
                    618.600646973,
                    438.089355469,
                    248.89050293,
                    282.590515137,
                    32.408367157,
                    156.193695068,
                    -4.84677362442,
                    17.3581409454,
                    66.793296814
                ],
                [
                    1303.25561523,
                    189.732589722,
                    700.002502441,
                    1247.70153809,
                    463.833374023,
                    325.996368408,
                    206.443496704,
                    58.0623550415,
                    92.2047119141,
                    37.6270980835,
                    14.8845920563,
                    -30.2281932831,
                    54.8300514221
                ],
                [
                    -666.950866699,
                    778.67755127,
                    618.600646973,
                    463.833374023,
                    1002.12091064,
                    265.641326904,
                    439.147247314,
                    207.773986816,
                    94.4982223511,
                    99.7057876587,
                    5.4392118454,
                    -35.1704826355,
                    139.35824585
                ],
                [
                    912.51739502,
                    77.4730606079,
                    438.089355469,
                    325.996368408,
                    265.641326904,
                    540.593688965,
                    229.856704712,
                    141.107254028,
                    77.9698867798,
                    5.3169260025,
                    14.913860321,
                    11.2958965302,
                    -58.8647880554
                ],
                [
                    -680.280883789,
                    641.593933105,
                    248.89050293,
                    206.443496704,
                    439.147247314,
                    229.856704712,
                    617.807495117,
                    142.896240234,
                    94.062538147,
                    48.5989990234,
                    63.0260467529,
                    -35.3657073975,
                    60.6854438782
                ],
                [
                    624.481323242,
                    10.0999002457,
                    282.590515137,
                    58.0623550415,
                    207.773986816,
                    141.107254028,
                    142.896240234,
                    321.856994629,
                    27.5005092621,
                    76.5230407715,
                    -11.4621419907,
                    13.0380020142,
                    41.2196502686
                ],
                [
                    -310.39730835,
                    322.842041016,
                    32.408367157,
                    92.2047119141,
                    94.4982223511,
                    77.9698867798,
                    94.062538147,
                    27.5005092621,
                    313.513000488,
                    0.989584386349,
                    46.2427444458,
                    4.49405908585,
                    -35.5990104675
                ],
                [
                    260.297485352,
                    -40.9511871338,
                    156.193695068,
                    37.6270980835,
                    99.7057876587,
                    5.3169260025,
                    48.5989990234,
                    76.5230407715,
                    0.989584386349,
                    205.591140747,
                    30.1794834137,
                    -0.559960603714,
                    44.6796875
                ],
                [
                    -165.674118042,
                    162.833694458,
                    -4.84677362442,
                    14.8845920563,
                    5.4392118454,
                    14.913860321,
                    63.0260467529,
                    -11.4621419907,
                    46.2427444458,
                    30.1794834137,
                    155.973068237,
                    26.3386917114,
                    2.77370548248
                ],
                [
                    280.283111572,
                    -114.821716309,
                    17.3581409454,
                    -30.2281932831,
                    -35.1704826355,
                    11.2958965302,
                    -35.3657073975,
                    13.0380020142,
                    4.49405908585,
                    -0.559960603714,
                    26.3386917114,
                    142.216278076,
                    14.7884931564
                ],
                [
                    -350.140777588,
                    67.3053894043,
                    66.793296814,
                    54.8300514221,
                    139.35824585,
                    -58.8647880554,
                    60.6854438782,
                    41.2196502686,
                    -35.5990104675,
                    44.6796875,
                    2.77370548248,
                    14.7884931564,
                    188.218429565
                ]
            ],
            "icov": [
                [
                    0.000133203357109,
                    -0.000165128454682,
                    0.000187689962331,
                    -0.00028674249188,
                    0.000246886076638,
                    -0.000331392657245,
                    0.00030702361255,
                    -0.000454762688605,
                    0.000316369958455,
                    -0.000392163346987,
                    0.000250816199696,
                    -0.000354631716618,
                    0.000215031730477
                ],
                [
                    -0.000165128454682,
                    0.00119990191888,
                    -0.000485653639771,
                    0.00059665099252,
                    -0.000959978846367,
                    0.000934204261284,
                    -0.0010658656247,
                    0.00102561118547,
                    -0.00111016444862,
                    0.00123557599727,
                    -0.00113886315376,
                    0.00107993569691,
                    -0.000187079538591
                ],
                [
                    0.000187689962331,
                    -0.000485653639771,
                    0.00113601330668,
                    -0.000744899036363,
                    0.000252976460615,
                    -0.000948155182414,
                    0.000753962493036,
                    -0.00108362396713,
                    0.00077395234257,
                    -0.00109894154593,
                    0.000624929671176,
                    -0.000810920086224,
                    0.00030882077408
                ],
                [
                    -0.00028674249188,
                    0.00059665099252,
                    -0.000744899036363,
                    0.00189000845421,
                    -0.000997752300464,
                    0.000300044455798,
                    -0.000712023407687,
                    0.00154400558677,
                    -0.00107162527274,
                    0.00108420941979,
                    -0.000807751028333,
                    0.00122677453328,
                    -0.000853543111589
                ],
                [
                    0.000246886076638,
                    -0.000959978846367,
                    0.000252976460615,
                    -0.000997752300464,
                    0.00293528568,
                    -0.00116875080857,
                    6.48050336167e-05,
                    -0.00144695222843,
                    0.000733953900635,
                    -0.00144521240145,
                    0.00144743022975,
                    -0.000759241345804,
                    -0.000719191564713
                ],
                [
                    -0.000331392657245,
                    0.000934204261284,
                    -0.000948155182414,
                    0.000300044455798,
                    -0.00116875080857,
                    0.00447074137628,
                    -0.00196176138707,
                    0.000477773690363,
                    -0.00119095551781,
                    0.00186773249879,
                    -0.00106317538302,
                    0.000507700955495,
                    0.00139711692464
                ],
                [
                    0.00030702361255,
                    -0.0010658656247,
                    0.000753962493036,
                    -0.000712023407687,
                    6.48050336167e-05,
                    -0.00196176138707,
                    0.00405782042071,
                    -0.00182099640369,
                    0.000937194679864,
                    -0.00127066136338,
                    -2.38239972532e-05,
                    -0.000373636750737,
                    -0.000170288301888
                ],
                [
                    -0.000454762688605,
                    0.00102561118547,
                    -0.00108362396713,
                    0.00154400558677,
                    -0.00144695222843,
                    0.000477773690363,
                    -0.00182099640369,
                    0.00632691103965,
                    -0.00166987371631,
                    0.000427687831689,
                    -0.00026165691088,
                    0.000999147072434,
                    -0.00134769186843
                ],
                [
                    0.000316369958455,
                    -0.00111016444862,
                    0.00077395234257,
                    -0.00107162527274,
                    0.000733953900635,
                    -0.00119095551781,
                    0.000937194679864,
                    -0.00166987371631,
                    0.00499138748273,
                    -0.00133611063939,
                    0.000220201502088,
                    -0.00154476915486,
                    0.00155003776308
                ],
                [
                    -0.000392163346987,
                    0.00123557599727,
                    -0.00109894154593,
                    0.00108420941979,
                    -0.00144521240145,
                    0.00186773249879,
                    -0.00127066136338,
                    0.000427687831689,
                    -0.00133611063939,
                    0.00775760551915,
                    -0.00284853251651,
                    0.00201348867267,
                    -0.00133747933432
                ],
                [
                    0.000250816199696,
                    -0.00113886315376,
                    0.000624929671176,
                    -0.000807751028333,
                    0.00144743022975,
                    -0.00106317538302,
                    -2.38239972532e-05,
                    -0.00026165691088,
                    0.000220201502088,
                    -0.00284853251651,
                    0.00897731166333,
                    -0.00291985133663,
                    0.000363126193406
                ],
                [
                    -0.000354631716618,
                    0.00107993569691,
                    -0.000810920086224,
                    0.00122677453328,
                    -0.000759241345804,
                    0.000507700955495,
                    -0.000373636750737,
                    0.000999147072434,
                    -0.00154476915486,
                    0.00201348867267,
                    -0.00291985133663,
                    0.0093502625823,
                    -0.00195467751473
                ],
                [
                    0.000215031730477,
                    -0.000187079538591,
                    0.00030882077408,
                    -0.000853543111589,
                    -0.000719191564713,
                    0.00139711692464,
                    -0.000170288301888,
                    -0.00134769186843,
                    0.00155003776308,
                    -0.00133747933432,
                    0.000363126193406,
                    -0.00195467751473,
                    0.00799732841551
                ]
            ],
            "mean": [
                -45.4439506531,
                78.163848877,
                -131.08380127,
                24.21849823,
                -55.8694801331,
                17.7478618622,
                -28.9853115082,
                11.7103939056,
                -21.0850563049,
                -2.60222482681,
                -16.0383377075,
                -3.79361128807,
                -11.2375087738
            ]
        },
        "hfc": {
            "dmean": 8.98383140564,
            "dmean2": 12.6476039886,
            "dvar": 210.867111206,
            "dvar2": 456.518707275,
            "max": 182.576583862,
            "mean": 21.6061019897,
            "median": 16.9917430878,
            "min": 1.1685879622e-16,
            "var": 448.801452637
        },
        "melbands": {
            "dmean": [
                0.0024421797134,
                0.00126052892301,
                0.000499635643791,
                0.000194287655177,
                0.000159521645401,
                0.000171137173311,
                0.000186409291928,
                0.000304892048007,
                0.000181593975867,
                0.000216573404032,
                0.000174390836037,
                0.000102100355434,
                0.000114769376523,
                0.000104500453745,
                8.75939804246e-05,
                5.47356648894e-05,
                4.4829055696e-05,
                3.32100789819e-05,
                2.40732424572e-05,
                2.33017890423e-05,
                1.74425385921e-05,
                1.8028089471e-05,
                1.64241846505e-05,
                1.19536152852e-05,
                9.25831318455e-06,
                6.61108515487e-06,
                7.02507941241e-06,
                7.16982822269e-06,
