{
    "lowlevel": {
        "average_loudness": 0.602703928947,
        "barkbands": {
            "dmean": [
                0.00492054084316,
                0.0110851470381,
                0.00565070332959,
                0.00264505273663,
                0.00221309461631,
                0.0011466575088,
                0.000500982918311,
                0.000579039973672,
                0.000260705302935,
                0.00027544455952,
                0.000104600978375,
                0.000135426002089,
                0.000104848171759,
                0.000196417851839,
                0.000131219610921,
                0.000111009743705,
                9.56853036769e-05,
                9.79905817076e-05,
                8.23159134598e-05,
                9.43234917941e-05,
                5.2144019719e-05,
                4.56354719063e-05,
                5.17764819961e-05,
                5.39568936802e-05,
                2.94171495625e-05,
                7.12989094609e-06,
                4.68745582793e-07
            ],
            "dmean2": [
                0.00767210358754,
                0.0163983423263,
                0.0106338215992,
                0.0050442405045,
                0.00403434503824,
                0.00203554192558,
                0.000865530979354,
                0.000959973665886,
                0.000412869325373,
                0.000436420261394,
                0.000164687458891,
                0.000205324366107,
                0.00015862598957,
                0.000337743607815,
                0.00021377079247,
                0.000168836137163,
                0.000146740800119,
                0.000148283696035,
                0.000124211481307,
                0.000148237435496,
                7.70757105784e-05,
                6.90326633048e-05,
                8.35869359435e-05,
                8.55534672155e-05,
                4.59274160676e-05,
                1.11358749564e-05,
                7.41136091165e-07
            ],
            "dvar": [
                0.000129803476739,
                0.00153902615421,
                0.000866705318913,
                0.000177288951818,
                9.23002735362e-05,
                1.60451818374e-05,
                2.13171597352e-06,
                2.59592070506e-06,
                4.16344647647e-07,
                2.04229991141e-06,
                1.56743681146e-07,
                2.32801582456e-07,
                1.61923807696e-07,
                9.91627985059e-07,
                3.55923305051e-07,
                1.76533461627e-07,
                8.6361737317e-08,
                7.99374504368e-08,
                6.33866434896e-08,
                1.63638503636e-07,
                2.84671752837e-08,
                1.96862384172e-08,
                3.35796208617e-08,
                3.47574058424e-08,
                1.52069006276e-08,
                8.11733291695e-10,
                1.03164247978e-11
            ],
            "dvar2": [
                0.000322101026541,
                0.00326330540702,
                0.00248757819645,
                0.000520338129718,
                0.000266150425887,
                4.58946633444e-05,
                5.95354413235e-06,
                6.38912842987e-06,
                1.03562672393e-06,
                5.21562060385e-06,
                3.85112571166e-07,
                5.0864395007e-07,
                3.41353938893e-07,
                2.73852151622e-06,
                9.02997840058e-07,
                3.96829619831e-07,
                1.91651636783e-07,
                1.72467153448e-07,
                1.30772562557e-07,
                4.12646670611e-07,
                5.7903282169e-08,
                4.68329375281e-08,
                8.81515589413e-08,
                8.37884215343e-08,
                3.56926292966e-08,
                1.98260696749e-09,
                2.46744309013e-11
            ],
            "max": [
                0.243044137955,
                0.534289300442,
                0.291532456875,
                0.141215547919,
                0.0990954264998,
                0.0601741522551,
                0.0210809111595,
                0.0390839278698,
                0.0157748181373,
                0.0372798703611,
                0.00852622371167,
                0.0128133241087,
                0.0138570675626,
                0.017679663375,
                0.0148377846926,
                0.00802244991064,
                0.00511039840057,
                0.00434005632997,
                0.00406033359468,
                0.00850078556687,
                0.0044623776339,
                0.00310273119248,
                0.00335414265282,
                0.00418948661536,
                0.00386790256016,
                0.000936904165428,
                0.000114146583655
            ],
            "mean": [
                0.00903579685837,
                0.0147369280457,
                0.00350607093424,
                0.00166733888909,
                0.00188076449558,
                0.00125200999901,
                0.00052127125673,
                0.00083007424837,
                0.000545406364836,
                0.000316203339025,
                0.000131713371957,
                0.000163613629411,
                0.000123104240629,
                0.000177954192623,
                0.000137152106618,
                0.000135173875606,
                0.000121919445519,
                0.000126643411932,
                0.000106874045741,
                9.67576561379e-05,
                6.93285328452e-05,
                5.8459561842e-05,
                5.50666554773e-05,
                5.92742799199e-05,
                3.24737629853e-05,
                7.6647820606e-06,
                4.08591546375e-07
            ],
            "median": [
                0.00174830364995,
                0.000839660409838,
                0.000108370739326,
                0.000130778731545,
                0.000357330340194,
                0.000427692109952,
                7.06868522684e-05,
                4.73282052553e-05,
                7.85352822277e-05,
                2.77694343822e-05,
                6.25319762548e-06,
                5.23511062056e-06,
                7.15655050954e-06,
                8.20179138827e-06,
                5.03439741806e-06,
                4.43583985543e-06,
                6.12828262092e-06,
                7.49660694055e-06,
                7.52078176447e-06,
                4.36483378508e-06,
                4.27784607382e-06,
                4.87667875859e-06,
                3.34219066644e-06,
                3.56783698408e-06,
                1.77253116362e-06,
                4.23292675578e-07,
                1.85303195011e-09
            ],
            "min": [
                1.56736690666e-23,
                1.5557119601e-23,
                3.20410687241e-23,
                2.56358210962e-23,
                3.96211448099e-23,
                6.31525816227e-23,
                6.1880464527e-23,
                7.80728948357e-23,
                1.42962295736e-22,
                9.93870329705e-23,
                1.44253326561e-22,
                6.86036609649e-23,
                8.98682207696e-23,
                1.01207200136e-22,
                1.51391508011e-22,
                1.59916216632e-22,
                3.09586051495e-22,
                4.07704646617e-22,
                2.12303270279e-22,
                2.73044146343e-22,
                3.619799209e-22,
                7.4687320925e-22,
                6.64883424382e-22,
                8.32566778109e-22,
                1.06869463222e-21,
                1.44650150102e-21,
                2.31494612748e-21
            ],
            "var": [
                0.000257016072283,
                0.00205979240127,
                0.000492532388307,
                9.51992187765e-05,
                5.41690060345e-05,
                1.05656399683e-05,
                1.72622435457e-06,
                4.30404679719e-06,
                8.2604532281e-07,
                1.99380065169e-06,
                2.11435505548e-07,
                4.28251667017e-07,
                2.728329207e-07,
                7.18318972304e-07,
                3.59447170695e-07,
                2.56716987224e-07,
                1.28841747937e-07,
                1.15708068904e-07,
                9.69349684965e-08,
                1.48625687757e-07,
                4.43985115339e-08,
                2.51336782497e-08,
                3.34948850877e-08,
                4.33531859301e-08,
                1.84379729262e-08,
                8.706522725e-10,
                9.41590642262e-12
            ]
        },
        "barkbands_crest": {
            "dmean": 3.33943533897,
            "dmean2": 5.38431310654,
            "dvar": 9.68005943298,
            "dvar2": 23.431055069,
            "max": 26.2908477783,
            "mean": 14.3848514557,
            "median": 13.7843122482,
            "min": 1.86564457417,
            "var": 25.8454704285
        },
        "barkbands_flatness_db": {
            "dmean": 0.040458701551,
            "dmean2": 0.0594977922738,
            "dvar": 0.00174331176095,
            "dvar2": 0.0036122428719,
            "max": 0.767630875111,
            "mean": 0.297708362341,
            "median": 0.260388761759,
            "min": 0.00647253775969,
            "var": 0.0218247380108
        },
        "barkbands_kurtosis": {
            "dmean": 11.5284786224,
            "dmean2": 18.3659877777,
            "dvar": 627.684143066,
            "dvar2": 1576.75756836,
            "max": 751.341308594,
            "mean": 16.4468650818,
            "median": 6.69555473328,
            "min": -1.9402140379,
            "var": 914.248657227
        },
        "barkbands_skewness": {
            "dmean": 1.07113683224,
            "dmean2": 1.63938426971,
            "dvar": 1.56581711769,
            "dvar2": 3.66705441475,
            "max": 17.0982494354,
            "mean": 2.51792740822,
            "median": 2.15438532829,
            "min": -8.40212631226,
            "var": 4.66819381714
        },
        "barkbands_spread": {
            "dmean": 5.101167202,
            "dmean2": 7.73308897018,
            "dvar": 75.5229415894,
            "dvar2": 157.916259766,
            "max": 120.683349609,
            "mean": 12.6001348495,
            "median": 6.63209581375,
            "min": 0.0599694363773,
            "var": 247.157958984
        },
        "dissonance": {
            "dmean": 0.0395076349378,
            "dmean2": 0.0644316673279,
            "dvar": 0.00149212661199,
            "dvar2": 0.00381799181923,
            "max": 0.499999970198,
            "mean": 0.402675807476,
            "median": 0.419663250446,
            "min": 0.0996166691184,
            "var": 0.00521108973771
        },
        "dynamic_complexity": 5.14637184143,
        "erbbands": {
            "dmean": [
                0.432480365038,
                2.40414762497,
                5.99678611755,
                8.3930683136,
                7.09657239914,
                7.43844652176,
                9.46947288513,
                9.40491580963,
                7.20866250992,
                9.11706829071,
                10.892747879,
                6.1310005188,
                9.42388725281,
                4.97121810913,
                4.8774433136,
                4.70968151093,
                4.54884195328,
                9.10449409485,
                6.97090578079,
                7.30205488205,
                5.16316843033,
                5.12355995178,
                5.56798219681,
                4.13540458679,
                4.58848285675,
                4.29529762268,
                2.30279111862,
                1.98673844337,
                1.71741902828,
                1.3993537426,
                1.51594901085,
                1.29337501526,
                0.795310139656,
                0.419110894203,
                0.163929075003,
                0.0459294468164,
                0.0110209006816,
                0.00175968743861,
                6.07886759099e-05,
                2.26589072554e-05
            ],
            "dmean2": [
                0.634671330452,
                3.70318937302,
                10.7077331543,
                15.949763298,
                13.3507061005,
                13.5110464096,
                16.6761837006,
                16.5523700714,
                12.5285377502,
                15.3166646957,
                18.1458415985,
                9.78577709198,
                14.8579540253,
                7.72413063049,
                7.61154556274,
                6.98891448975,
                6.72268438339,
                15.1982221603,
                11.6078853607,
                11.1809930801,
                7.57955884933,
                7.80283021927,
                8.39708137512,
                6.11712598801,
                6.87222385406,
                6.67632579803,
                3.39480948448,
                2.92704939842,
                2.58561563492,
                2.18939971924,
                2.44782972336,
                2.07713317871,
                1.24437606335,
                0.660018086433,
                0.257072985172,
                0.0723465234041,
                0.0170942675322,
                0.00265814713202,
                9.2490685347e-05,
                3.31870141963e-05
            ],
            "dvar": [
                1.79370617867,
                93.9253234863,
                876.098266602,
                1800.28088379,
                1178.54846191,
                985.256347656,
                1292.02233887,
                927.287719727,
                563.406616211,
                470.879119873,
                1059.99511719,
                244.391296387,
                2249.08129883,
                341.241546631,
                348.368988037,
                295.64553833,
                269.167053223,
                2209.41674805,
                659.52142334,
                1126.9230957,
                339.178161621,
                248.373565674,
                259.35723877,
                177.687042236,
                230.633346558,
                347.810394287,
                62.3114585876,
                37.6125793457,
                25.8591098785,
                22.5601272583,
                29.3716449738,
                21.2594814301,
                8.30202865601,
                3.34481287003,
                0.500097036362,
                0.040295638144,
                0.0019311895594,
                7.81972048571e-05,
                1.18215503164e-07,
                3.26181215371e-09
            ],
            "dvar2": [
                3.66564631462,
                211.470947266,
                2402.60009766,
                5245.12548828,
                3437.51196289,
                2833.74633789,
                3651.81518555,
                2654.49780273,
                1575.37109375,
                1214.41870117,
                2679.19458008,
                626.890869141,
                5803.11767578,
                819.408752441,
                832.228210449,
                631.657592773,
                522.612182617,
                5971.50390625,
                1777.92626953,
                2657.90209961,
                710.725036621,
                549.950744629,
                571.507263184,
                362.463317871,
                528.271972656,
                863.403869629,
                131.70652771,
                78.372756958,
                60.1281433105,
                55.2678833008,
                77.447517395,
                53.5063972473,
                19.1090393066,
                7.91464853287,
                1.19665372372,
                0.104890607297,
                0.0045855701901,
                0.000171448351466,
                2.80226714722e-07,
                6.41771435994e-09
            ],
            "max": [
                22.0277690887,
                134.914459229,
                303.12020874,
                444.666503906,
                324.614776611,
                345.082000732,
                520.744995117,
                406.236785889,
                337.256561279,
                338.172363281,
                792.024414063,
                305.260101318,
                1312.53479004,
                346.364074707,
                399.326690674,
                435.247375488,
                496.48223877,
                835.178710938,
                454.050506592,
                841.92956543,
                372.530212402,
                287.243835449,
                247.819213867,
                228.787734985,
                234.768371582,
                434.904144287,
                152.231704712,
                168.841598511,
                114.567779541,
                96.1770172119,
                95.9198684692,
                99.5083770752,
                74.6840209961,
                64.8592300415,
                30.4533309937,
                10.4028186798,
                0.948497235775,
                0.246234744787,
                0.0141431121156,
                0.000725423567928
            ],
            "mean": [
                0.693571448326,
                2.32784605026,
                4.15989542007,
                5.26798439026,
                4.93010425568,
                6.57711791992,
                8.96025657654,
                11.4214868546,
                7.46542310715,
                11.5690374374,
                16.1294765472,
                12.065990448,
                14.5339040756,
                6.71595668793,
                6.26672124863,
                5.75668430328,
                5.68004655838,
                8.6343536377,
                7.34555006027,
                8.2080116272,
                6.92637634277,
                7.03020191193,
                7.37922000885,
                5.43616008759,
                5.57924604416,
                4.52732419968,
                2.89501810074,
                2.67294454575,
                2.22674059868,
                1.59425067902,
                1.60708343983,
                1.37390875816,
                0.891549408436,
                0.457799047232,
                0.178668752313,
                0.0494724810123,
                0.01157361269,
                0.00177080533467,
                6.85620761942e-05,
                4.17906230723e-05
            ],
            "median": [
                0.0545030012727,
                0.0967151895165,
                0.150198042393,
                0.38757610321,
                0.75840228796,
                1.14265882969,
                1.38938963413,
                3.67794823647,
                1.96623384953,
                2.42710399628,
                1.5432986021,
                3.56913685799,
                2.7004327774,
                0.755727112293,
                0.300410091877,
                0.224891275167,
                0.354373455048,
                0.466272890568,
                0.41312751174,
                0.267900913954,
                0.292330354452,
                0.427929013968,
                0.508333146572,
                0.423894017935,
                0.402821958065,
                0.233880475163,
                0.194948732853,
                0.16205047071,
                0.185509756207,
                0.126581460238,
                0.0931509435177,
                0.0800783783197,
                0.0498381890357,
                0.0227653607726,
                0.00957395229489,
                0.0030272139702,
                0.000539977685548,
                4.24798417953e-05,
                1.21095563372e-05,
                1.53162272909e-05
            ],
            "min": [
                3.65875858787e-22,
                4.55446008779e-21,
                2.54344645143e-20,
                7.87778445685e-20,
                6.64392825096e-20,
                1.61096952737e-19,
                3.26550872555e-19,
                5.21541150226e-19,
                4.40354096887e-19,
                1.97348274914e-18,
                1.57089053289e-18,
                2.17183218143e-18,
                5.09661750955e-18,
                2.44564447382e-18,
                6.02007450078e-18,
                3.77655305721e-18,
                3.91094385056e-18,
                5.94624987188e-18,
                7.16018208856e-18,
                4.95905737369e-18,
                1.40221225529e-17,
                1.79423084924e-17,
                1.60110535204e-17,
                1.4752317893e-17,
                1.35929845598e-17,
                1.06305430751e-17,
                1.48136582985e-17,
                1.78169029485e-17,
                3.05069867825e-17,
                1.90421294893e-17,
                1.66642615065e-17,
                1.68377874554e-17,
                1.50811536193e-17,
                1.28814107097e-17,
                7.18066225334e-18,
                5.37904964431e-18,
                2.79830279502e-18,
                1.10949415029e-18,
                3.35511668432e-19,
                3.30954187601e-20
            ],
            "var": [
                3.1534538269,
                94.2171630859,
                566.000976563,
                987.443359375,
                645.161682129,
                595.948974609,
                843.70135498,
                667.278076172,
                422.074279785,
                533.287414551,
                1647.30725098,
                414.434112549,
                2155.20898438,
                435.833862305,
                542.546020508,
                544.346618652,
                527.945983887,
                1697.7175293,
                685.207580566,
                1292.62011719,
                567.184448242,
                385.692077637,
                368.8722229,
                265.164550781,
                292.695678711,
                323.240020752,
                87.03074646,
                60.5025749207,
                34.925743103,
                24.8104305267,
                28.8638286591,
                23.0906391144,
                11.3682250977,
                4.00146150589,
                0.569603204727,
                0.0377545766532,
                0.00215040030889,
                8.80919978954e-05,
                1.11104341727e-07,
                6.06329697561e-09
            ]
        },
        "erbbands_crest": {
            "dmean": 3.30535721779,
            "dmean2": 5.32648563385,
            "dvar": 10.3736696243,
            "dvar2": 24.8535308838,
            "max": 34.4441642761,
            "mean": 14.0158977509,
            "median": 12.7071342468,
            "min": 2.22846651077,
            "var": 39.6238365173
        },
        "erbbands_flatness_db": {
            "dmean": 0.0246343351901,
            "dmean2": 0.036952495575,
            "dvar": 0.000722007360309,
            "dvar2": 0.00156095006969,
            "max": 0.554286599159,
            "mean": 0.232678771019,
            "median": 0.208713561296,
            "min": 0.0424517132342,
            "var": 0.00727686332539
        },
        "erbbands_kurtosis": {
            "dmean": 3.600867033,
            "dmean2": 5.78338623047,
            "dvar": 33.9637794495,
            "dvar2": 83.3785018921,
            "max": 145.947799683,
            "mean": 6.26497602463,
            "median": 1.97820746899,
            "min": -1.91056609154,
            "var": 165.437332153
        },
        "erbbands_skewness": {
            "dmean": 0.692352831364,
            "dmean2": 1.05602669716,
            "dvar": 0.492157369852,
            "dvar2": 1.12746548653,
            "max": 8.36012840271,
            "mean": 1.08816897869,
            "median": 0.911820232868,
            "min": -5.28043413162,
            "var": 2.25812864304
        },
        "erbbands_spread": {
            "dmean": 9.86156845093,
            "dmean2": 15.2805194855,
            "dvar": 206.867523193,
            "dvar2": 477.874267578,
            "max": 164.707077026,
            "mean": 28.6663398743,
            "median": 23.6201992035,
            "min": 0.448674619198,
            "var": 573.368286133
        },
        "gfcc": {
            "cov": [
                [
                    25028.7675781,
                    -5191.64746094,
                    -4374.19091797,
                    1748.42553711,
                    -3391.6262207,
                    670.073486328,
                    -265.341064453,
                    1483.47875977,
                    -493.822662354,
                    990.095031738,
                    -323.778808594,
                    607.705078125,
                    -65.3427734375
                ],
                [
                    -5191.64746094,
                    3770.07128906,
                    1704.84851074,
                    -521.76184082,
                    1733.74255371,
                    -156.124313354,
                    496.699188232,
                    -507.681976318,
                    434.626373291,
                    -450.957611084,
                    308.790252686,
                    -261.283111572,
                    147.865615845
                ],
                [
                    -4374.19091797,
                    1704.84851074,
                    2728.70336914,
                    161.385620117,
                    1130.84008789,
                    60.8123626709,
                    253.081893921,
                    -197.26499939,
                    261.813781738,
                    -171.379806519,
                    227.509994507,
                    -66.587890625,
                    112.835578918
                ],
                [
                    1748.42553711,
                    -521.76184082,
                    161.385620117,
                    967.153930664,
                    56.7451591492,
                    -4.31875991821,
                    15.7449359894,
                    118.25327301,
                    60.8379058838,
                    52.4743690491,
                    35.6364173889,
                    55.0734481812,
                    82.1506881714
                ],
                [
                    -3391.6262207,
                    1733.74255371,
                    1130.84008789,
                    56.7451591492,
                    1655.71166992,
                    137.105102539,
                    247.39239502,
                    -278.199462891,
                    253.662628174,
                    -243.769989014,
                    156.191192627,
                    -94.9494934082,
                    70.4792175293
                ],
                [
                    670.073486328,
                    -156.124313354,
                    60.8123626709,
                    -4.31875991821,
                    137.105102539,
                    533.080627441,
                    211.382781982,
                    106.2110672,
                    10.197259903,
                    44.9923057556,
                    48.4638824463,
                    19.8423252106,
                    -8.71142292023
                ],
                [
                    -265.341064453,
                    496.699188232,
                    253.081893921,
                    15.7449359894,
                    247.39239502,
                    211.382781982,
                    544.428039551,
                    64.9910430908,
                    120.442932129,
                    14.2407073975,
                    105.046859741,
                    3.36156868935,
                    47.0522155762
                ],
                [
                    1483.47875977,
                    -507.681976318,
                    -197.26499939,
                    118.25327301,
                    -278.199462891,
                    106.2110672,
                    64.9910430908,
                    362.752197266,
                    75.6650009155,
                    130.566818237,
                    -0.331474661827,
                    50.5909461975,
                    18.4038162231
                ],
                [
                    -493.822662354,
                    434.626373291,
                    261.813781738,
                    60.8379058838,
                    253.662628174,
                    10.197259903,
                    120.442932129,
                    75.6650009155,
                    333.998962402,
                    39.1943588257,
                    52.4693336487,
                    -47.9541702271,
                    61.5203399658
                ],
                [
                    990.095031738,
                    -450.957611084,
                    -171.379806519,
                    52.4743690491,
                    -243.769989014,
                    44.9923057556,
                    14.2407073975,
                    130.566818237,
                    39.1943588257,
                    246.954269409,
                    14.420958519,
                    49.841632843,
                    4.41689729691
                ],
                [
                    -323.778808594,
                    308.790252686,
                    227.509994507,
                    35.6364173889,
                    156.191192627,
                    48.4638824463,
                    105.046859741,
                    -0.331474661827,
                    52.4693336487,
                    14.420958519,
                    205.66418457,
                    46.1909446716,
                    40.0819854736
                ],
                [
                    607.705078125,
                    -261.283111572,
                    -66.587890625,
                    55.0734481812,
                    -94.9494934082,
                    19.8423252106,
                    3.36156868935,
                    50.5909461975,
                    -47.9541702271,
                    49.841632843,
                    46.1909446716,
                    210.204605103,
                    46.7157783508
                ],
                [
                    -65.3427734375,
                    147.865615845,
                    112.835578918,
                    82.1506881714,
                    70.4792175293,
                    -8.71142292023,
                    47.0522155762,
                    18.4038162231,
                    61.5203399658,
                    4.41689729691,
                    40.0819854736,
                    46.7157783508,
                    182.425613403
                ]
            ],
            "icov": [
                [
                    0.000151239466504,
                    -0.000305291614495,
                    0.000214919258724,
                    -0.000453042448498,
                    0.000287010305328,
                    -0.000376041803975,
                    0.000206883618375,
                    -0.000366080930689,
                    0.000253112753853,
                    -0.000377906137146,
                    0.00030618038727,
                    -0.000337812816724,
                    0.000170464219991
                ],
                [
                    -0.000305291614495,
                    0.00227805529721,
                    -0.000716268958058,
                    0.00187828275375,
                    -0.0013913580915,
                    0.00172202382237,
                    -0.00141631322913,
                    0.00148177682422,
                    -0.00151656614617,
                    0.00213342276402,
                    -0.00199375371449,
                    0.00169170531444,
                    -0.0010584150441
                ],
                [
                    0.000214919258724,
                    -0.000716268958058,
                    0.000902782892808,
                    -0.000874393386766,
                    0.000272262317594,
                    -0.000670881592669,
                    0.000415134272771,
                    -0.000547086005099,
                    0.00038619354018,
                    -0.000671481480822,
                    0.000330086913891,
                    -0.000568906485569,
                    0.000262993504293
                ],
                [
                    -0.000453042448498,
                    0.00187828275375,
                    -0.000874393386766,
                    0.0030707900878,
                    -0.00145627721213,
                    0.00180767441634,
                    -0.00111293827649,
                    0.00104791240301,
                    -0.00125612830743,
                    0.00175762199797,
                    -0.00172461324837,
                    0.00146736076567,
                    -0.00131223234348
                ],
                [
                    0.000287010305328,
                    -0.0013913580915,
                    0.000272262317594,
                    -0.00145627721213,
                    0.00227228645235,
                    -0.00165564403869,
                    0.000727976323105,
                    -0.0001037555121,
                    -1.1458667359e-05,
                    -0.000469736842206,
                    0.000944314349908,
                    -0.00114639033563,
                    0.000685047591105
                ],
                [
                    -0.000376041803975,
                    0.00172202382237,
                    -0.000670881592669,
                    0.00180767441634,
                    -0.00165564403869,
                    0.00406303908676,
                    -0.00194397266023,
                    0.000349533569533,
                    -0.000426003796747,
                    0.00123696925584,
                    -0.00165628024843,
                    0.00144667096902,
                    -0.000522592803463
                ],
                [
                    0.000206883618375,
                    -0.00141631322913,
                    0.000415134272771,
                    -0.00111293827649,
                    0.000727976323105,
                    -0.00194397266023,
                    0.00346864107996,
                    -0.00125621806365,
                    0.000445172365289,
                    -0.00126518926118,
                    0.000437012000475,
                    -0.000948996108491,
                    0.000352017057594
                ],
                [
                    -0.000366080930689,
                    0.00148177682422,
                    -0.000547086005099,
                    0.00104791240301,
                    -0.0001037555121,
                    0.000349533569533,
                    -0.00125621806365,
                    0.00602082721889,
                    -0.00279435096309,
                    0.000706586695742,
                    -0.00105248077307,
                    0.000518335204106,
                    -0.000668556196615
                ],
                [
                    0.000253112753853,
                    -0.00151656614617,
                    0.00038619354018,
                    -0.00125612830743,
                    -1.1458667359e-05,
                    -0.000426003796747,
                    0.000445172365289,
                    -0.00279435096309,
                    0.00611746963114,
                    -0.00285290135071,
                    0.000972614332568,
                    0.000513664388563,
                    -0.000541311048437
                ],
                [
                    -0.000377906137146,
                    0.00213342276402,
                    -0.000671481480822,
                    0.00175762199797,
                    -0.000469736842206,
                    0.00123696925584,
                    -0.00126518926118,
                    0.000706586695742,
                    -0.00285290135071,
                    0.00809879973531,
                    -0.00252907257527,
                    0.000711611704901,
                    -0.000605731795076
                ],
                [
                    0.00030618038727,
                    -0.00199375371449,
                    0.000330086913891,
                    -0.00172461324837,
                    0.000944314349908,
                    -0.00165628024843,
                    0.000437012000475,
                    -0.00105248077307,
                    0.000972614332568,
                    -0.00252907257527,
                    0.00823324359953,
                    -0.00309063540772,
                    0.000563423382118
                ],
                [
                    -0.000337812816724,
                    0.00169170531444,
                    -0.000568906485569,
                    0.00146736076567,
                    -0.00114639033563,
                    0.00144667096902,
                    -0.000948996108491,
                    0.000518335204106,
                    0.000513664388563,
                    0.000711611704901,
                    -0.00309063540772,
                    0.00770954089239,
                    -0.00258231558837
                ],
                [
                    0.000170464219991,
                    -0.0010584150441,
                    0.000262993504293,
                    -0.00131223234348,
                    0.000685047591105,
                    -0.000522592803463,
                    0.000352017057594,
                    -0.000668556196615,
                    -0.000541311048437,
                    -0.000605731795076,
                    0.000563423382118,
                    -0.00258231558837,
                    0.00725064333528
                ]
            ],
            "mean": [
                -155.537643433,
                123.007568359,
                -82.8742446899,
                27.5760211945,
                -55.9547386169,
                3.10208821297,
                -35.0311927795,
                9.7230463028,
                -9.2386007309,
                -1.97259879112,
                -6.71176147461,
                -2.5899014473,
                -0.20267149806
            ]
        },
        "hfc": {
            "dmean": 5.12612724304,
            "dmean2": 7.41978597641,
            "dvar": 155.338043213,
            "dvar2": 347.243225098,
            "max": 160.176391602,
            "mean": 8.63811302185,
            "median": 3.91511130333,
            "min": 1.10194658629e-16,
            "var": 228.935348511
        },
        "melbands": {
            "dmean": [
                0.00343332230113,
                0.00292920740321,
                0.00142759713344,
                0.000496199645568,
                0.000339216261636,
                0.000209610952879,
                0.000108711712528,
                0.000111400229798,
                7.74174186517e-05,
                4.02491095883e-05,
                4.82584000565e-05,
                2.19931389438e-05,
                1.53004748427e-05,
                1.58795173775e-05,
                1.01737759906e-05,
                1.11769149953e-05,
                1.90847076738e-05,
                1.25542965179e-05,
                1.02912599687e-05,
                8.8304232122e-06,
                5.80271807848e-06,
                5.35330627827e-06,
                5.86341775488e-06,
                4.5835754463e-06,
                3.38553422807e-06,
                3.30237162416e-06,
