{
    "lowlevel": {
        "average_loudness": 0.53587192297,
        "barkbands": {
            "dmean": [
                3.02095686493e-05,
                0.000652879534755,
                0.000620274688117,
                0.000795652100351,
                0.00121180305723,
                0.000999750453047,
                0.000523653579876,
                0.000851997465361,
                0.00109763757791,
                0.0004964825348,
                0.00054646411445,
                0.000464731885586,
                0.000317315454595,
                0.000151378000737,
                0.000105872743006,
                6.59713914501e-05,
                4.65994562546e-05,
                5.38413369213e-05,
                2.70039399766e-05,
                5.23496855749e-05,
                3.27788875438e-05,
                1.95477950911e-05,
                1.47269047375e-05,
                2.24291070481e-05,
                1.14312451842e-05,
                5.40222208656e-06,
                6.22570098585e-07
            ],
            "dmean2": [
                4.77467583551e-05,
                0.000963431259152,
                0.00097849406302,
                0.00131053081714,
                0.00188781472389,
                0.00147011119407,
                0.000741106458008,
                0.00121910113376,
                0.00156071502715,
                0.000722389959265,
                0.00077717017848,
                0.000679451273754,
                0.000472297339002,
                0.000234328952502,
                0.000158018388902,
                0.000102325706393,
                7.02772522345e-05,
                8.18995249574e-05,
                4.20332762587e-05,
                7.81372727943e-05,
                5.02474904351e-05,
                2.96262223856e-05,
                2.22210164793e-05,
                3.34824035235e-05,
                1.76205576281e-05,
                8.46019065648e-06,
                1.01584123513e-06
            ],
            "dvar": [
                1.23832775145e-08,
                2.24156997319e-06,
                2.96541588796e-06,
                3.48162029695e-06,
                6.17715159024e-06,
                5.07230515723e-06,
                4.14391024606e-06,
                6.14078953731e-06,
                1.09264547064e-05,
                3.33765206051e-06,
                4.3252452997e-06,
                2.89842955681e-06,
                1.4154342125e-06,
                2.91502686878e-07,
                1.32409184062e-07,
                5.56510144634e-08,
                2.53295358021e-08,
                2.151136691e-08,
                6.79185063746e-09,
                3.03537071034e-08,
                1.67866716083e-08,
                4.18561585391e-09,
                3.9781444805e-09,
                1.15721610072e-08,
                1.13546416713e-09,
                3.20745319193e-10,
                4.69990756383e-12
            ],
            "dvar2": [
                2.91412156628e-08,
                4.75058732263e-06,
                7.45087982068e-06,
                8.81021696841e-06,
                1.53862220031e-05,
                1.03575475805e-05,
                8.35949958855e-06,
                1.17729468911e-05,
                2.24621198868e-05,
                7.1967074291e-06,
                9.20932779991e-06,
                5.45405737284e-06,
                2.83290364678e-06,
                6.58920441765e-07,
                2.70888875775e-07,
                1.22828936355e-07,
                5.87657673634e-08,
                4.83418887143e-08,
                1.59162087954e-08,
                6.88166679197e-08,
                4.2469988415e-08,
                1.03120481043e-08,
                8.35441049674e-09,
                2.38643629302e-08,
                2.45097342422e-09,
                7.44433681366e-10,
                1.1846739735e-11
            ],
            "max": [
                0.00179162470158,
                0.0344679057598,
                0.0542133562267,
                0.0328491404653,
                0.0591653846204,
                0.0648025944829,
                0.0749093219638,
                0.0866041332483,
                0.108846470714,
                0.0478159375489,
                0.0769045725465,
                0.0549545437098,
                0.0422262214124,
                0.0157295931131,
                0.0116465436295,
                0.0076034697704,
                0.00715815788135,
                0.0068283919245,
                0.00341012817807,
                0.00637686857954,
                0.00582788977772,
                0.00285077770241,
                0.00207955087535,
                0.00430757831782,
                0.000783641589805,
                0.000457396032289,
                4.95566600875e-05
            ],
            "mean": [
                6.18564517936e-05,
                0.00186495971866,
                0.00158666761126,
                0.000936187454499,
                0.00279279053211,
                0.0022787025664,
                0.00108492397703,
                0.00178924424108,
                0.00283954059705,
                0.00101482484024,
                0.00122131255921,
                0.000833652564324,
                0.00057180156,
                0.000227944401558,
                0.000184087213711,
                0.000129584819661,
                9.5783478173e-05,
                0.000102564132249,
                4.15294634877e-05,
                0.000104428065242,
                6.24555977993e-05,
                3.76260832127e-05,
                2.38597931457e-05,
                3.80736419174e-05,
                1.87738132809e-05,
                7.23799666957e-06,
                7.8313701124e-07
            ],
            "median": [
                8.70141661835e-07,
                0.000518255750649,
                0.000384108629078,
                0.000228863151278,
                0.00133226369508,
                0.000886338704731,
                0.000194349122467,
                0.000378958648071,
                0.000296729820548,
                9.37754666666e-05,
                0.000104632192233,
                9.0360037575e-05,
                6.12190633547e-05,
                3.60999329132e-05,
                3.42392449966e-05,
                1.97529607249e-05,
                1.34690399136e-05,
                2.27977725444e-05,
                1.18836278489e-05,
                1.40847560033e-05,
                1.53178116307e-05,
                1.02231333585e-05,
                4.38903452959e-06,
                6.54600125927e-06,
                5.8286186686e-06,
                2.1001217192e-06,
                2.13802522353e-07
            ],
            "min": [
                1.28876781954e-23,
                4.0032983845e-23,
                2.43425151966e-23,
                7.29300171383e-24,
                1.59758469695e-23,
                2.97940930988e-23,
                1.42401794286e-23,
                4.49358711223e-23,
                8.70086757188e-23,
                8.03217037736e-23,
                8.24732366956e-23,
                4.03975795781e-23,
                1.52073134321e-22,
                6.5638118252e-23,
                9.66214948961e-23,
                1.06560946664e-22,
                3.64809596522e-22,
                2.4958362497e-22,
                2.76082788062e-22,
                2.53210062727e-22,
                4.16372650244e-22,
                4.12332167796e-22,
                7.80940943681e-22,
                9.14721403351e-22,
                1.3014522706e-21,
                1.70055833335e-21,
                2.22933434772e-21
            ],
            "var": [
                1.82759887224e-08,
                8.59825104271e-06,
                1.09081011033e-05,
                4.07792686019e-06,
                1.77105157491e-05,
                1.95870907191e-05,
                1.11925091915e-05,
                1.8359747628e-05,
                4.85189921164e-05,
                1.16614091894e-05,
                1.27461753436e-05,
                8.78228547663e-06,
                4.01216129831e-06,
                4.82607731556e-07,
                3.0481533031e-07,
                2.04105660373e-07,
                1.25984797705e-07,
                5.19203844362e-08,
                1.08297202317e-08,
                6.40114166117e-08,
                2.55935788118e-08,
                7.74900055234e-09,
                8.92503582151e-09,
                2.59409596026e-08,
                2.12626982687e-09,
                4.94225049774e-10,
                5.5660862204e-12
            ]
        },
        "barkbands_crest": {
            "dmean": 2.20034122467,
            "dmean2": 3.35490489006,
            "dvar": 4.44359540939,
            "dvar2": 10.3902339935,
            "max": 26.4032707214,
            "mean": 11.4554977417,
            "median": 10.8078279495,
            "min": 3.06193709373,
            "var": 16.9315738678
        },
        "barkbands_flatness_db": {
            "dmean": 0.021104702726,
            "dmean2": 0.0295645818114,
            "dvar": 0.000498752924614,
            "dvar2": 0.000959783792496,
            "max": 0.438785016537,
            "mean": 0.192113891244,
            "median": 0.184028819203,
            "min": 0.0408361963928,
            "var": 0.00347969029099
        },
        "barkbands_kurtosis": {
            "dmean": 3.52661466599,
            "dmean2": 5.29459762573,
            "dvar": 44.6213874817,
            "dvar2": 94.695640564,
            "max": 183.049621582,
            "mean": 7.23432540894,
            "median": 4.22264909744,
            "min": -1.91332948208,
            "var": 126.23274231
        },
        "barkbands_skewness": {
            "dmean": 0.514782071114,
            "dmean2": 0.746199369431,
            "dvar": 0.371929854155,
            "dvar2": 0.765887618065,
            "max": 10.7298460007,
            "mean": 1.71193754673,
            "median": 1.581407547,
            "min": -4.22132587433,
            "var": 1.73686540127
        },
        "barkbands_spread": {
            "dmean": 3.2339630127,
            "dmean2": 4.80671167374,
            "dvar": 40.0080337524,
            "dvar2": 77.126335144,
            "max": 101.466201782,
            "mean": 11.7276983261,
            "median": 9.12536811829,
            "min": 0.540127515793,
            "var": 119.347290039
        },
        "dissonance": {
            "dmean": 0.0308537371457,
            "dmean2": 0.0512244775891,
            "dvar": 0.000804201583378,
            "dvar2": 0.00212032417767,
            "max": 0.499999940395,
            "mean": 0.424973338842,
            "median": 0.432265132666,
            "min": 0.179060474038,
            "var": 0.00199596490711
        },
        "dynamic_complexity": 5.93925333023,
        "erbbands": {
            "dmean": [
                0.0146478246897,
                0.167416766286,
                0.690921604633,
                1.6075296402,
                2.73176598549,
                4.13737678528,
                8.80435943604,
                8.39123344421,
                6.57509613037,
                10.678440094,
                21.4989643097,
                25.2686538696,
                13.892663002,
                19.8059005737,
                18.4277992249,
                14.7949047089,
                15.1010303497,
                6.74700784683,
                6.48143005371,
                4.09264326096,
                3.07612037659,
                2.66685986519,
                3.24461364746,
                1.21385204792,
                1.74287998676,
                2.41858839989,
                1.67726278305,
                1.02369141579,
                0.729737341404,
                0.487591534853,
                0.395811468363,
                0.558574616909,
                0.305156826973,
                0.151777803898,
                0.0741157010198,
                0.0340367369354,
                0.0078050699085,
                0.00115363032091,
                0.000105659382825,
                7.63917250879e-06
            ],
            "dmean2": [
                0.0221331287175,
                0.248269796371,
                1.0793350935,
                2.60160756111,
                4.42960548401,
                6.51443576813,
                12.9366483688,
                12.1892747879,
                9.46164035797,
                15.172326088,
                30.239610672,
                35.2795753479,
                19.0043869019,
                27.0902042389,
                25.5771579742,
                20.8037414551,
                21.7592849731,
                10.1949491501,
                9.82908821106,
                5.96452522278,
                4.74821329117,
                3.93248772621,
                4.90168380737,
                1.79707217216,
                2.65086627007,
                3.58168244362,
                2.53555059433,
                1.54768633842,
                1.09720528126,
                0.73814278841,
                0.593417882919,
                0.836073040962,
                0.463923990726,
                0.231482192874,
                0.115598253906,
                0.053567763418,
                0.0123908976093,
                0.00185201806016,
                0.000171526684426,
                1.14396534627e-05
            ],
            "dvar": [
                0.00182980159298,
                0.153498068452,
                3.62253952026,
                13.5554428101,
                41.4160690308,
                90.7368240356,
                315.725585938,
                458.682556152,
                583.469543457,
                1598.39282227,
                3293.56591797,
                5942.6640625,
                2217.7487793,
                4593.39501953,
                5884.01025391,
                3132.32275391,
                3018.61157227,
                484.68762207,
                461.450408936,
                193.196258545,
                137.236709595,
                67.5657577515,
                81.6463928223,
                12.9959697723,
                33.7113113403,
                61.1559104919,
                42.3410453796,
                21.2515201569,
                5.05654621124,
                3.03083586693,
                3.04568743706,
                10.1037273407,
                1.46471166611,
                0.193993493915,
                0.0576359517872,
                0.0119517827407,
                0.000764885975514,
                1.58957791427e-05,
                1.36002654472e-07,
                2.62089738801e-10
            ],
            "dvar2": [
                0.004155122675,
                0.327808201313,
                8.85268115997,
                33.4064178467,
                108.981330872,
                228.118347168,
                682.373046875,
                910.91418457,
                1366.50402832,
                3361.97680664,
                6402.50683594,
                12143.5849609,
                3975.10864258,
                9633.26757812,
                11081.4785156,
                6251.99511719,
                5761.34960938,
                1065.5032959,
                1065.11853027,
                360.508850098,
                319.582885742,
                140.933441162,
                183.90071106,
                27.832157135,
                77.2468643188,
                138.67364502,
                108.933616638,
                51.8238945007,
                11.9724206924,
                6.90615653992,
                6.19950008392,
                21.4183998108,
                3.03292608261,
                0.419135779142,
                0.128141835332,
                0.0270856004208,
                0.00185638782568,
                3.97427138523e-05,
                3.42185984437e-07,
                6.19875262231e-10
            ],
            "max": [
                0.817883431911,
                10.2597112656,
                54.6503601074,
                65.5544586182,
                144.621414185,
                292.247344971,
                425.69128418,
                641.23034668,
                1018.57147217,
                1427.62036133,
                1448.22631836,
                2103.89697266,
                2698.43066406,
                2981.6003418,
                2800.71899414,
                2308.70800781,
                2351.18774414,
                552.233642578,
                614.094543457,
                547.683227539,
                493.770996094,
                419.388580322,
                442.523284912,
                174.479400635,
                223.266220093,
                248.894790649,
                202.779525757,
                291.60760498,
                98.5764312744,
                57.239692688,
                60.3439750671,
                130.21836853,
                41.3660888672,
                9.61493492126,
                6.08810806274,
                3.21714138985,
                0.708727180958,
                0.10705755651,
                0.00690715573728,
                0.00038659729762
            ],
            "mean": [
                0.0516249500215,
                0.437548846006,
                1.77115941048,
                2.48237776756,
                4.25933980942,
                9.30438041687,
                19.5687007904,
                19.4876098633,
                15.4299764633,
                22.0735645294,
                49.8733177185,
                63.8895568848,
                34.2627563477,
                43.040184021,
                40.9845352173,
                28.8821430206,
                29.9101638794,
                13.1314783096,
                11.4858360291,
                8.40939998627,
                6.93252754211,
                6.14628553391,
                6.46632051468,
                2.45212364197,
                2.9034204483,
                4.90072774887,
                3.33789491653,
                2.07542705536,
                1.45153391361,
                0.818868398666,
                0.664818167686,
                0.944168329239,
                0.50394320488,
                0.251607894897,
                0.112210601568,
                0.0467851348221,
                0.00999576039612,
                0.00150031212252,
                0.000145638463437,
                2.80446965917e-05
            ],
            "median": [
                0.0067357737571,
                0.140547707677,
                0.452882170677,
                0.794806957245,
                1.52048790455,
                4.22969865799,
                9.33771324158,
                6.06746339798,
                3.96520042419,
                5.69301939011,
                11.6496419907,
                8.36954879761,
                5.31465959549,
                5.85764837265,
                5.35128498077,
                3.71200227737,
                3.4708969593,
                2.54977035522,
                2.42924547195,
                1.72688996792,
                1.1711499691,
                0.995217204094,
                1.32467222214,
                0.80472022295,
                0.724835515022,
                0.685113728046,
                0.616849660873,
                0.594106197357,
                0.39346164465,
                0.203268289566,
                0.115947246552,
                0.119063816965,
                0.103483021259,
                0.0762220621109,
                0.0315481200814,
                0.0129994219169,
                0.00282616331242,
                0.000465211545816,
                5.18184388056e-05,
                1.9435203285e-05
            ],
            "min": [
                2.09846330804e-21,
                5.64404153535e-21,
                2.02568954911e-20,
                3.56003187565e-20,
                5.31101425865e-20,
                4.36060829175e-20,
                6.78559779426e-20,
                2.80187321674e-19,
                2.15434628121e-19,
                3.81117418476e-19,
                1.22483156202e-18,
                2.05032038342e-18,
                2.1356271064e-18,
                2.86653320144e-18,
                3.61783364127e-18,
                2.35622045934e-18,
                5.8738579198e-18,
                4.96831931501e-18,
                2.28811454361e-18,
                6.11465805433e-18,
                9.42207355918e-18,
                2.03021257399e-17,
                1.50052068586e-17,
                1.23122988677e-17,
                1.39667924417e-17,
                1.11271128317e-17,
                1.50147045464e-17,
                1.85004734262e-17,
                1.62560908876e-17,
                2.10996337295e-17,
                1.58656103533e-17,
                1.41476654088e-17,
                2.0342406127e-17,
                1.37427456097e-17,
                9.80729736071e-18,
                4.91571228241e-18,
                3.18321123394e-18,
                1.41577204096e-18,
                3.36033800345e-19,
                3.50977548356e-20
            ],
            "var": [
                0.00616565626115,
                0.562394917011,
                13.3681879044,
                20.999546051,
                61.1960906982,
                244.089523315,
                912.920837402,
                1957.81811523,
                1668.38269043,
                3384.0859375,
                10367.5595703,
                27496.0097656,
                11268.5302734,
                12492.0029297,
                17793.3007812,
                8453.88671875,
                9117.4921875,
                1270.76818848,
                900.23260498,
                601.432556152,
                644.475891113,
                442.997802734,
                218.152420044,
                26.897726059,
                53.4438095093,
                137.718963623,
                66.7979202271,
                31.8446521759,
                10.557141304,
                5.51041460037,
                7.30209779739,
                21.4306907654,
                3.16251182556,
                0.370539933443,
                0.0996979549527,
                0.0194881949574,
                0.00103453814518,
                1.91542912944e-05,
                1.62851947039e-07,
                9.22657172886e-10
            ]
        },
        "erbbands_crest": {
            "dmean": 2.57911038399,
            "dmean2": 3.94836807251,
            "dvar": 6.17764425278,
            "dvar2": 13.8206911087,
            "max": 31.35105896,
            "mean": 11.7423830032,
            "median": 10.9299793243,
            "min": 2.81110620499,
            "var": 22.8694820404
        },
        "erbbands_flatness_db": {
            "dmean": 0.0193283129483,
            "dmean2": 0.026286739856,
            "dvar": 0.000402818259317,
            "dvar2": 0.000732274202164,
            "max": 0.470674544573,
            "mean": 0.201555013657,
            "median": 0.199912577868,
            "min": 0.0564989000559,
            "var": 0.00282511627302
        },
        "erbbands_kurtosis": {
            "dmean": 1.49103152752,
            "dmean2": 2.20590949059,
            "dvar": 3.84664273262,
            "dvar2": 7.92639493942,
            "max": 51.6879463196,
            "mean": 2.66464853287,
            "median": 1.75212669373,
            "min": -1.82691442966,
            "var": 14.3560914993
        },
        "erbbands_skewness": {
            "dmean": 0.389638036489,
            "dmean2": 0.568130850792,
            "dvar": 0.163958698511,
            "dvar2": 0.336384534836,
            "max": 5.26607704163,
            "mean": 0.980069935322,
            "median": 0.997719764709,
            "min": -3.88848924637,
            "var": 0.747329592705
        },
        "erbbands_spread": {
            "dmean": 6.17443847656,
            "dmean2": 9.02092075348,
            "dvar": 89.1496276855,
            "dvar2": 183.638656616,
            "max": 153.102935791,
            "mean": 25.3867473602,
            "median": 20.3074359894,
            "min": 1.35261654854,
            "var": 322.02947998
        },
        "gfcc": {
            "cov": [
                [
                    17300.2851562,
                    -1883.72497559,
                    -1297.83032227,
                    1514.53820801,
                    21.704334259,
                    442.85723877,
                    228.145004272,
                    810.555114746,
                    147.22416687,
                    730.14239502,
                    225.976959229,
                    360.591827393,
                    199.231124878
                ],
                [
                    -1883.72497559,
                    1837.57751465,
                    351.967132568,
                    -93.9693069458,
                    545.319702148,
                    70.1867523193,
                    274.775085449,
                    -73.6572799683,
                    174.712997437,
                    -65.2311706543,
                    63.8352546692,
                    -95.3145828247,
                    53.0585861206
                ],
                [
                    -1297.83032227,
                    351.967132568,
                    991.153381348,
                    272.454315186,
                    256.950897217,
                    176.76210022,
                    -24.3653964996,
                    70.1879806519,
                    125.731002808,
                    -10.4482870102,
                    8.25958442688,
                    32.7924194336,
                    -53.2010917664
                ],
                [
                    1514.53820801,
                    -93.9693069458,
                    272.454315186,
                    801.582946777,
                    279.12789917,
                    130.401824951,
                    62.0921478271,
                    191.634887695,
                    196.967453003,
                    88.0756607056,
                    41.3589096069,
                    48.6924743652,
                    21.5896682739
                ],
                [
                    21.704334259,
                    545.319702148,
                    256.950897217,
                    279.12789917,
                    489.684753418,
                    96.4872741699,
                    88.0041427612,
                    105.161346436,
                    161.310913086,
                    45.5928764343,
                    14.634018898,
                    1.55574131012,
                    32.5784797668
                ],
                [
                    442.85723877,
                    70.1867523193,
                    176.76210022,
                    130.401824951,
                    96.4872741699,
                    324.994567871,
                    172.026535034,
                    42.3661270142,
                    25.3297767639,
                    35.3341560364,
                    43.8149147034,
                    -6.88980770111,
                    -33.8486099243
                ],
                [
                    228.145004272,
                    274.775085449,
                    -24.3653964996,
                    62.0921478271,
                    88.0041427612,
                    172.026535034,
                    342.040771484,
                    45.6223220825,
                    8.43467903137,
                    20.5858001709,
                    45.4847145081,
                    -3.82392549515,
                    -9.29524803162
                ],
                [
                    810.555114746,
                    -73.6572799683,
                    70.1879806519,
                    191.634887695,
                    105.161346436,
                    42.3661270142,
                    45.6223220825,
                    222.191085815,
                    90.6756896973,
                    53.907371521,
                    27.088640213,
                    39.0090332031,
                    27.241147995
                ],
                [
                    147.22416687,
                    174.712997437,
                    125.731002808,
                    196.967453003,
                    161.310913086,
                    25.3297767639,
                    8.43467903137,
                    90.6756896973,
                    219.602020264,
                    44.0652198792,
                    5.99666643143,
                    18.172580719,
                    27.9833087921
                ],
                [
                    730.14239502,
                    -65.2311706543,
                    -10.4482870102,
                    88.0756607056,
                    45.5928764343,
                    35.3341560364,
                    20.5858001709,
                    53.907371521,
                    44.0652198792,
                    131.702133179,
                    32.1730690002,
                    22.83162117,
                    20.0503826141
                ],
                [
                    225.976959229,
                    63.8352546692,
                    8.25958442688,
                    41.3589096069,
                    14.634018898,
                    43.8149147034,
                    45.4847145081,
                    27.088640213,
                    5.99666643143,
                    32.1730690002,
                    131.382843018,
                    37.1586608887,
                    10.7415323257
                ],
                [
                    360.591827393,
                    -95.3145828247,
                    32.7924194336,
                    48.6924743652,
                    1.55574131012,
                    -6.88980770111,
                    -3.82392549515,
                    39.0090332031,
                    18.172580719,
                    22.83162117,
                    37.1586608887,
                    118.698631287,
                    27.5035972595
                ],
                [
                    199.231124878,
                    53.0585861206,
                    -53.2010917664,
                    21.5896682739,
                    32.5784797668,
                    -33.8486099243,
                    -9.29524803162,
                    27.241147995,
                    27.9833087921,
                    20.0503826141,
                    10.7415323257,
                    27.5035972595,
                    115.259666443
                ]
            ],
            "icov": [
                [
                    0.00015896804689,
                    -0.000103012025647,
                    0.000373952498194,
                    -0.000352485338226,
                    0.000180224014912,
                    -0.000383934559068,
                    0.000270063697826,
                    -0.000437923124991,
                    0.000294167111861,
                    -0.000579087936785,
                    0.000207621866139,
                    -0.000413939967984,
                    8.16035753815e-05
                ],
                [
                    -0.000103012025647,
                    0.00218923785724,
                    -0.000976033217739,
                    0.00137364328839,
                    -0.00246471911669,
                    0.00139608571772,
                    -0.00214295880869,
                    0.00189267878886,
                    -0.00166692014318,
                    0.00154872087296,
                    -0.00187324266881,
                    0.00202686502598,
                    -0.00122483435553
                ],
                [
                    0.000373952498194,
                    -0.000976033217739,
                    0.00266811717302,
                    -0.00139108859003,
                    0.000575397454668,
                    -0.0022604779806,
                    0.00208605709486,
                    -0.00161103263963,
                    0.000856122584082,
                    -0.00106734060682,
                    0.00114066805691,
                    -0.00224110065028,
                    0.00142383098137
                ],
                [
                    -0.000352485338226,
                    0.00137364328839,
                    -0.00139108859003,
                    0.00342179485597,
                    -0.00217410433106,
                    0.00108341441955,
                    -0.00153438909911,
                    0.000918286445085,
                    -0.0022874106653,
                    0.00151811819524,
                    -0.00148583145346,
                    0.00157071568538,
                    -0.000659265671857
                ],
                [
                    0.000180224014912,
                    -0.00246471911669,
                    0.000575397454668,
                    -0.00217410433106,
                    0.00622807489708,
                    -0.00166208250448,
                    0.0016727084294,
                    -0.00247521908022,
                    0.000490688486025,
                    -0.00218177540228,
                    0.00224707671441,
                    -0.00155357713811,
                    0.000389035820263
                ],
                [
                    -0.000383934559068,
                    0.00139608571772,
                    -0.0022604779806,
                    0.00108341441955,
                    -0.00166208250448,
                    0.00694041047245,
                    -0.00424407375976,
                    0.00199318327941,
                    -0.00113773706835,
                    0.000906615925487,
                    -0.00225380272605,
                    0.00277419830672,
                    0.000135871421662
                ],
                [
                    0.000270063697826,
                    -0.00214295880869,
                    0.00208605709486,
                    -0.00153438909911,
                    0.0016727084294,
                    -0.00424407375976,
                    0.00687118992209,
                    -0.00284458510578,
                    0.00216214964166,
                    -0.00154812296387,
                    0.00118912325706,
                    -0.00234641879797,
                    0.00147069606464
                ],
                [
                    -0.000437923124991,
                    0.00189267878886,
                    -0.00161103263963,
                    0.000918286445085,
                    -0.00247521908022,
                    0.00199318327941,
                    -0.00284458510578,
                    0.00905943848193,
                    -0.00325441663153,
                    0.00129787973128,
                    -0.00201678322628,
                    0.00126343779266,
                    -0.00166470883414
                ],
                [
                    0.000294167111861,
                    -0.00166692014318,
                    0.000856122584082,
                    -0.0022874106653,
                    0.000490688486025,
                    -0.00113773706835,
                    0.00216214964166,
                    -0.00325441663153,
                    0.00894472375512,
                    -0.0029114538338,
                    0.00206211372279,
                    -0.00195628684014,
                    0.000162682961673
                ],
                [
                    -0.000579087936785,
                    0.00154872087296,
                    -0.00106734060682,
                    0.00151811819524,
                    -0.00218177540228,
                    0.000906615925487,
                    -0.00154812296387,
                    0.00129787973128,
                    -0.0029114538338,
                    0.0123986182734,
                    -0.00321673369035,
                    0.00171782472171,
                    -0.00159776536748
                ],
                [
                    0.000207621866139,
                    -0.00187324266881,
                    0.00114066805691,
                    -0.00148583145346,
                    0.00224707671441,
                    -0.00225380272605,
                    0.00118912325706,
                    -0.00201678322628,
                    0.00206211372279,
                    -0.00321673369035,
                    0.0110040456057,
                    -0.00460757222027,
                    0.000716686015949
                ],
                [
                    -0.000413939967984,
                    0.00202686502598,
                    -0.00224110065028,
                    0.00157071568538,
                    -0.00155357713811,
                    0.00277419830672,
                    -0.00234641879797,
                    0.00126343779266,
                    -0.00195628684014,
                    0.00171782472171,
                    -0.00460757222027,
                    0.0131544275209,
                    -0.0033136184793
                ],
                [
                    8.16035753815e-05,
                    -0.00122483435553,
                    0.00142383098137,
                    -0.000659265671857,
                    0.000389035820263,
                    0.000135871421662,
                    0.00147069606464,
                    -0.00166470883414,
                    0.000162682961673,
                    -0.00159776536748,
                    0.000716686015949,
                    -0.0033136184793,
                    0.0112838968635
                ]
            ],
            "mean": [
                -84.2287521362,
                113.263496399,
                -106.539344788,
                4.67808675766,
                -70.0533981323,
                4.16152000427,
                -37.0903205872,
                1.76434469223,
                -29.6853179932,
                -0.37209585309,
                -17.425075531,
                -4.30400037766,
                -6.67073059082
            ]
        },
        "hfc": {
            "dmean": 2.76566767693,
            "dmean2": 3.82279539108,
            "dvar": 23.3626422882,
            "dvar2": 43.9028205872,
            "max": 108.668754578,
            "mean": 12.5038003922,
            "median": 7.10662078857,
            "min": 1.14640099294e-16,
            "var": 210.803955078
        },
        "melbands": {
            "dmean": [
                0.000150765903527,
                0.000306066067424,
                0.00031380209839,
                0.000211225924431,
                0.000294917757856,
                0.000183107811608,
                0.000102196958323,
                0.000135726033477,
                0.000190191756701,
                0.000158005277626,
                7.13227418601e-05,
                8.36171311676e-05,
                6.42406375846e-05,
                4.78456640849e-05,
                4.51785781479e-05,
                3.0197259548e-05,
                1.23478757814e-05,
                1.2291636267e-05,
                8.02845988801e-06,
                5.22098616784e-06,
                3.38515883413e-06,
                2.94924507216e-06,
                3.48962748831e-06,
                2.23197366722e-06,
                9.65713979895e-07,
                1.16282831186e-06,
                1.66358472597e-06,
