{
    "lowlevel": {
        "average_loudness": 0.700807750225,
        "barkbands": {
            "dmean": [
                0.000171214458533,
                0.00264628836885,
                0.00169239460956,
                0.00176452181768,
                0.00169265829027,
                0.00142522377428,
                0.000643799023237,
                0.000407380925026,
                0.000840287655592,
                0.000946534681134,
                0.000376241659978,
                0.000320727878716,
                0.000433776847785,
                0.000266086513875,
                0.000338749232469,
                0.000198918714887,
                0.00016320386203,
                9.5622970548e-05,
                3.37508754455e-05,
                3.62994105672e-05,
                2.94961027976e-05,
                2.64163463726e-05,
                2.34069630096e-05,
                2.13240200537e-05,
                1.83957181434e-05,
                9.82989695331e-06,
                2.52712038673e-06
            ],
            "dmean2": [
                0.00029411088326,
                0.00467194570228,
                0.0030038873665,
                0.00310098961927,
                0.00278183328919,
                0.00219543580897,
                0.00100427912548,
                0.000614494434558,
                0.00123463454656,
                0.00144133600406,
                0.000599765218794,
                0.000481685914565,
                0.000673509668559,
                0.000417808041675,
                0.000529723532964,
                0.000308191316435,
                0.000243021859205,
                0.000147651648149,
                5.40296096005e-05,
                5.81143758609e-05,
                4.60714072688e-05,
                4.02272453357e-05,
                3.50299887941e-05,
                3.19558421324e-05,
                2.77179260593e-05,
                1.46843531184e-05,
                3.79488278668e-06
            ],
            "dvar": [
                1.39297043233e-07,
                4.43512071797e-05,
                3.02315347653e-05,
                4.52681852039e-05,
                1.23034842545e-05,
                7.52840696805e-06,
                2.08584538086e-06,
                8.77290858625e-07,
                4.27576878792e-06,
                6.63618311592e-06,
                1.29434192786e-06,
                1.08791368802e-06,
                1.42901603795e-06,
                7.47725607653e-07,
                1.20638469525e-06,
                4.27916546641e-07,
                2.94768113918e-07,
                4.99494881012e-08,
                7.0953727338e-09,
                1.04821546998e-08,
                6.80699629996e-09,
                6.23189011506e-09,
                4.24921164921e-09,
                5.05661068573e-09,
                4.52292914233e-09,
                1.79060255512e-09,
                2.25079815896e-10
            ],
            "dvar2": [
                3.9446533151e-07,
                0.000132584274979,
                8.8647037046e-05,
                0.000124888276332,
                3.33993739332e-05,
                1.78088430403e-05,
                4.83859639644e-06,
                2.19250159716e-06,
                8.97129302757e-06,
                1.51745352923e-05,
                3.2341347378e-06,
                2.03434638024e-06,
                2.93536618301e-06,
                1.70337477812e-06,
                2.86755494017e-06,
                9.30662110932e-07,
                6.4159229396e-07,
                1.14294593345e-07,
                1.66367986054e-08,
                2.62302570775e-08,
                1.72723773062e-08,
                1.43872940228e-08,
                8.80013395488e-09,
                1.12388498508e-08,
                9.89799620044e-09,
                4.32720259624e-09,
                5.16530596073e-10
            ],
            "max": [
                0.00592780392617,
                0.0903839915991,
                0.0767892599106,
                0.103707231581,
                0.05865855515,
                0.0532138310373,
                0.0388357676566,
                0.0302861854434,
                0.0473369956017,
                0.0526913031936,
                0.0283036660403,
                0.0338408760726,
                0.0371422991157,
                0.0210497137159,
                0.0208666753024,
                0.0140084866434,
                0.018859654665,
                0.0053927032277,
                0.00273790652864,
                0.00355146243237,
                0.00190256489441,
                0.00235260115005,
                0.00332939228974,
                0.00216098921373,
                0.00288232788444,
                0.00114354677498,
                0.000581892440096
            ],
            "mean": [
                0.000248544791248,
                0.00507051264867,
                0.00195068726316,
                0.00191198987886,
                0.00312400865369,
                0.00331021845341,
                0.00115979276597,
                0.000805467308965,
                0.00177823472768,
                0.0023951746989,
                0.000639020348899,
                0.000627416826319,
                0.00087344594067,
                0.000452888285508,
                0.000564812333323,
                0.000354649615474,
                0.000410938955611,
                0.000216672589886,
                6.6530003096e-05,
                7.44502394809e-05,
                6.30676731816e-05,
                6.1960228777e-05,
                5.80368505325e-05,
                4.93530569656e-05,
                4.03773337894e-05,
                2.02175124286e-05,
                4.37828930444e-06
            ],
            "median": [
                3.56031996489e-05,
                0.000227234428166,
                0.000200560083613,
                0.00031605019467,
                0.0015387024032,
                0.00141815328971,
                0.0004974376061,
                0.000436820206232,
                0.000479589332826,
                0.000234103485127,
                0.000102765625343,
                9.11072929739e-05,
                0.000155055502546,
                6.46449188935e-05,
                8.48890194902e-05,
                4.62195312139e-05,
                4.41327101726e-05,
                4.08754895034e-05,
                1.46047786984e-05,
                1.59373194037e-05,
                8.06929347164e-06,
                6.93092442816e-06,
                9.67917912931e-06,
                5.78609524382e-06,
                5.26545500179e-06,
                1.83722465863e-06,
                5.6128918402e-08
            ],
            "min": [
                5.62992771724e-25,
                2.96428463752e-23,
                1.57783919294e-23,
                1.8198932731e-23,
                1.63371465262e-22,
                8.02963781831e-23,
                1.34182412701e-22,
                8.50983322854e-23,
                1.4693290404e-22,
                1.10885355929e-22,
                5.73729322472e-23,
                7.07196951462e-23,
                8.89536974776e-23,
                1.53120060027e-22,
                8.06357524554e-23,
                1.81814351651e-22,
                1.36685878561e-22,
                1.50544334508e-22,
                1.40838985102e-22,
                2.74538034327e-22,
                3.89257897966e-22,
                5.30888949904e-22,
                7.21675300619e-22,
                7.37778311967e-22,
                1.11103785834e-21,
                1.33860542305e-21,
                2.64548515766e-21
            ],
            "var": [
                2.32035489489e-07,
                8.00868147053e-05,
                2.96782527585e-05,
                3.58544457413e-05,
                1.92705410882e-05,
                2.66021379502e-05,
                4.23675555794e-06,
                1.47665423356e-06,
                1.77529509529e-05,
                4.19243333454e-05,
                3.0297385365e-06,
                4.49171966466e-06,
                6.01140027356e-06,
                1.92023344425e-06,
                2.39978794525e-06,
                1.17529657473e-06,
                1.75882792064e-06,
                1.91482300238e-07,
                1.63269842091e-08,
                2.30917347466e-08,
                1.91868547716e-08,
                2.33680097494e-08,
                1.44770755384e-08,
                1.55716612937e-08,
                1.40210660859e-08,
                4.07859568341e-09,
                4.27806540193e-10
            ]
        },
        "barkbands_crest": {
            "dmean": 2.34292030334,
            "dmean2": 3.8511133194,
            "dvar": 5.04689979553,
            "dvar2": 13.729095459,
            "max": 26.1533050537,
            "mean": 11.3567152023,
            "median": 10.5586204529,
            "min": 2.21215629578,
            "var": 19.6700973511
        },
        "barkbands_flatness_db": {
            "dmean": 0.0189361851662,
            "dmean2": 0.0299045983702,
            "dvar": 0.000457897520391,
            "dvar2": 0.00119120220188,
            "max": 0.564420938492,
            "mean": 0.199767097831,
            "median": 0.17861418426,
            "min": 0.0181614346802,
            "var": 0.00806040037423
        },
        "barkbands_kurtosis": {
            "dmean": 4.29021024704,
            "dmean2": 7.21096849442,
            "dvar": 231.371368408,
            "dvar2": 711.838928223,
            "max": 446.851379395,
            "mean": 7.27254056931,
            "median": 2.67155408859,
            "min": -1.89378130436,
            "var": 343.31918335
        },
        "barkbands_skewness": {
            "dmean": 0.534859776497,
            "dmean2": 0.858407139778,
            "dvar": 0.572705686092,
            "dvar2": 1.62408435345,
            "max": 18.9751625061,
            "mean": 1.59506630898,
            "median": 1.35586857796,
            "min": -2.38486838341,
            "var": 2.49188494682
        },
        "barkbands_spread": {
            "dmean": 2.96073889732,
            "dmean2": 4.61132287979,
            "dvar": 23.5709857941,
            "dvar2": 51.0255203247,
            "max": 126.51764679,
            "mean": 13.586186409,
            "median": 10.7373847961,
            "min": 0.189770564437,
            "var": 135.604110718
        },
        "dissonance": {
            "dmean": 0.0278527215123,
            "dmean2": 0.0467145778239,
            "dvar": 0.000748165068217,
            "dvar2": 0.00203546369448,
            "max": 0.499928504229,
            "mean": 0.418655693531,
            "median": 0.432535737753,
            "min": 0.1163219437,
            "var": 0.00313401757739
        },
        "dynamic_complexity": 5.74363422394,
        "erbbands": {
            "dmean": [
                0.0871637538075,
                0.58972042799,
                1.75396192074,
                4.00804376602,
                6.8876247406,
                5.13346195221,
                5.81638622284,
                15.236448288,
                10.1761617661,
                8.23567485809,
                7.16082668304,
                22.3648815155,
                22.6708908081,
                26.2623577118,
                14.4736595154,
                14.3384838104,
                19.9510765076,
                13.9806089401,
                15.1815481186,
                12.700387001,
                9.8625535965,
                6.72522115707,
                5.31067276001,
                2.73038673401,
                1.32018363476,
                1.68359684944,
                1.27459323406,
                1.16599714756,
                1.02854669094,
                0.783781290054,
                0.644999623299,
                0.498872488737,
                0.348417758942,
                0.243558645248,
                0.115249440074,
                0.0492185838521,
                0.0178770814091,
                0.00359592353925,
                0.00051037594676,
                2.25982967095e-05
            ],
            "dmean2": [
                0.153306439519,
                1.03607583046,
                3.08681511879,
                7.0801782608,
                11.6144781113,
                8.36387825012,
                9.14419364929,
                23.4577121735,
                15.6657104492,
                12.6985425949,
                10.7137355804,
                32.9388923645,
                33.2231483459,
                39.7565803528,
                22.9066810608,
                21.0452957153,
                30.4349422455,
                21.7159900665,
                23.5957660675,
                19.342168808,
                14.4345579147,
                10.1912651062,
                8.11911869049,
                4.22806501389,
                2.16050887108,
                2.688829422,
                2.00144982338,
                1.80452656746,
                1.59788763523,
                1.17650330067,
                0.952058911324,
                0.754902780056,
                0.522642552853,
                0.366747051477,
                0.17503631115,
                0.0743273422122,
                0.0277013219893,
                0.00533389300108,
                0.000764215772506,
                3.43515894201e-05
            ],
            "dvar": [
                0.0423056781292,
                2.56710028648,
                29.2255401611,
                178.197555542,
                407.137176514,
                114.807411194,
                151.519790649,
                955.080810547,
                487.944458008,
                246.306594849,
                451.587677002,
                3198.51489258,
                4676.96679688,
                6426.47900391,
                1798.94665527,
                2104.65234375,
                2947.26489258,
                1764.40881348,
                2557.95336914,
                2522.42822266,
                1061.43310547,
                436.981567383,
                176.058654785,
                46.0136489868,
                12.5356693268,
                21.5906505585,
                11.8110389709,
                13.0861272812,
                10.485619545,
                5.18468379974,
                3.24439954758,
                2.7620010376,
                1.34515225887,
                0.795709431171,
                0.186789691448,
                0.0405028685927,
                0.00680786231533,
                0.000289426039672,
                9.49661261984e-06,
                1.25949863872e-08
            ],
            "dvar2": [
                0.127790957689,
                7.68435096741,
                85.6644821167,
                494.312011719,
                1135.09423828,
                313.663665771,
                372.169067383,
                2217.66577148,
                1118.45446777,
                591.834777832,
                1173.94458008,
                6780.96582031,
                9459.98242188,
                14702.8330078,
                4512.70947266,
                3762.05664063,
                5856.52294922,
                3993.00390625,
                5783.34960938,
                5719.41064453,
                2172.75537109,
                1012.71496582,
                397.723449707,
                101.313262939,
                31.9538459778,
                54.1489906311,
                29.8802127838,
                32.1059112549,
                26.002204895,
                10.9584875107,
                6.66894626617,
                6.52814912796,
                2.95248508453,
                1.71485650539,
                0.430744886398,
                0.0953408032656,
                0.0173728745431,
                0.000650164496619,
                2.21406462515e-05,
                2.98635463025e-08
            ],
            "max": [
                2.52191972733,
                22.0728740692,
                76.1260604858,
                159.76902771,
                348.644378662,
                184.335128784,
                305.625793457,
                596.229187012,
                525.105163574,
                369.522888184,
                914.62310791,
                1405.37695313,
                2042.54052734,
                2105.29736328,
                1270.83056641,
                1705.27490234,
                1840.89074707,
                1142.54675293,
                1188.70825195,
                1189.04833984,
                958.16809082,
                861.316101074,
                363.210235596,
                198.391281128,
                164.182769775,
                167.609817505,
                64.0466766357,
                124.913917542,
                86.1006851196,
                121.752838135,
                78.0224456787,
                65.7534866333,
                36.342124939,
                47.755191803,
                14.6540966034,
                6.79291772842,
                2.82855391502,
                0.458667218685,
                0.107428282499,
                0.00508438423276
            ],
            "mean": [
                0.151735931635,
                1.10439097881,
                2.26338720322,
                4.5817899704,
                9.51929759979,
                9.98723506927,
                12.8166503906,
                34.8132858276,
                20.7457790375,
                16.5780239105,
                15.3881797791,
                48.7703208923,
                56.7360954285,
                64.1676940918,
                28.794883728,
                31.1190738678,
                42.2681694031,
                28.159412384,
                29.017578125,
                22.8913078308,
                23.4598903656,
                20.365272522,
                12.8648691177,
                6.03845453262,
                2.91779065132,
                3.53867316246,
                2.83212256432,
                2.51044869423,
                2.26170063019,
                1.97107434273,
                1.58688473701,
                1.10418343544,
                0.796154856682,
                0.533073246479,
                0.240371778607,
                0.0992744490504,
                0.0343557596207,
                0.00734054483473,
                0.000876534322742,
                5.66215458093e-05
            ],
            "median": [
                0.00393442530185,
                0.0632643401623,
                0.308046638966,
                0.851338863373,
                2.74696350098,
                5.42253780365,
                6.02223730087,
                14.4253520966,
                9.65095615387,
                9.31327819824,
                8.9211025238,
                14.2464103699,
                8.70694732666,
                7.07585906982,
                5.862408638,
                5.59977006912,
                7.69072914124,
                5.51555633545,
                5.3983502388,
                3.50930261612,
                2.62810707092,
                2.45949888229,
                2.4452726841,
                1.37250089645,
                0.676135063171,
                0.77088868618,
                0.464148581028,
                0.269463568926,
                0.230303645134,
                0.294746816158,
                0.248121410608,
                0.148525089025,
                0.0760107785463,
                0.0598869919777,
                0.033139012754,
                0.0103839663789,
                0.00297719310038,
                0.000335709017236,
                2.72938323178e-05,
                2.28199478443e-05
            ],
            "min": [
                4.30845029302e-22,
                7.92817962788e-21,
                2.30744067511e-20,
                3.80729748649e-20,
                2.05159959239e-19,
                7.98021617081e-19,
                4.06887118936e-19,
                8.26520212231e-19,
                1.19605384511e-18,
                2.468753005e-18,
                1.93350118103e-18,
                3.11239526773e-18,
                4.50238998265e-18,
                2.39427965971e-18,
                2.9911190094e-18,
                2.66163435985e-18,
                4.4462397219e-18,
                7.15664010118e-18,
                4.69337978223e-18,
                7.97283079211e-18,
                8.55738196021e-18,
                7.80857588351e-18,
                7.63132927622e-18,
                8.7691666668e-18,
                6.92672814505e-18,
                1.38153406347e-17,
                1.11758073e-17,
                1.91213270698e-17,
                1.71088760488e-17,
                2.10127648759e-17,
                2.13918898748e-17,
                1.43748207856e-17,
                1.32584652755e-17,
                7.04899247062e-18,
                1.13646253369e-17,
                5.54103394213e-18,
                2.31278541217e-18,
                1.21885094279e-18,
                3.89739302946e-19,
                3.79555055244e-20
            ],
            "var": [
                0.0678630247712,
                4.40030288696,
                31.9809093475,
                155.960861206,
                424.97668457,
                187.55406189,
                466.76751709,
                3316.16845703,
                1145.93103027,
                497.610717773,
                636.091430664,
                13153.6572266,
                24481.2988281,
                40339.1054688,
                5183.08154297,
                9882.28027344,
                13853.9277344,
                5177.12744141,
                6276.83740234,
                4983.36669922,
                4564.15283203,
                3925.55078125,
                753.338745117,
                129.066680908,
                27.7984542847,
                49.4645996094,
                36.595375061,
                33.4229545593,
                33.3360900879,
                19.0484676361,
                10.8923549652,
                6.94764852524,
                4.53139066696,
                2.71412754059,
                0.460169553757,
                0.0911922901869,
                0.012709566392,
                0.000799456553068,
                1.7396218027e-05,
                2.12642046193e-08
            ]
        },
        "erbbands_crest": {
            "dmean": 2.58506321907,
            "dmean2": 4.057513237,
            "dvar": 5.99797201157,
            "dvar2": 14.396024704,
            "max": 32.3664321899,
            "mean": 12.3174419403,
            "median": 11.1035938263,
            "min": 2.49470472336,
            "var": 30.9201946259
        },
        "erbbands_flatness_db": {
            "dmean": 0.0141661753878,
            "dmean2": 0.0206696167588,
            "dvar": 0.000209578720387,
            "dvar2": 0.000402042584028,
            "max": 0.565234839916,
            "mean": 0.221093431115,
            "median": 0.200927346945,
            "min": 0.041341830045,
            "var": 0.00795502774417
        },
        "erbbands_kurtosis": {
            "dmean": 1.2235904932,
            "dmean2": 1.86659121513,
            "dvar": 3.0132226944,
            "dvar2": 6.87118864059,
            "max": 52.7117767334,
            "mean": 2.09918189049,
            "median": 0.948684871197,
            "min": -1.79367411137,
            "var": 15.0795717239
        },
        "erbbands_skewness": {
            "dmean": 0.322627216578,
            "dmean2": 0.483797460794,
            "dvar": 0.100872263312,
            "dvar2": 0.222442686558,
            "max": 4.74945640564,
            "mean": 0.730240285397,
            "median": 0.688677310944,
            "min": -2.99695968628,
            "var": 0.801066219807
        },
        "erbbands_spread": {
            "dmean": 4.69400835037,
            "dmean2": 6.96336507797,
            "dvar": 43.8182640076,
            "dvar2": 86.4680862427,
            "max": 125.315666199,
            "mean": 24.4100570679,
            "median": 20.0335083008,
            "min": 0.975851237774,
            "var": 293.972625732
        },
        "gfcc": {
            "cov": [
                [
                    26616.2460938,
                    -3718.63818359,
                    -1581.9654541,
                    3775.96191406,
                    -360.718139648,
                    2016.31115723,
                    280.372650146,
                    1124.82385254,
                    -382.506317139,
                    88.3393096924,
                    -530.370483398,
                    378.35836792,
                    -299.436065674
                ],
                [
                    -3718.63818359,
                    3385.24365234,
                    -248.776428223,
                    -1550.08789063,
                    640.370300293,
                    -559.903625488,
                    -6.44271326065,
                    -491.858886719,
                    284.79397583,
                    -188.181243896,
                    184.699508667,
                    -342.17779541,
                    136.119674683
                ],
                [
                    -1581.9654541,
                    -248.776428223,
                    947.172424316,
                    90.9343338013,
                    -33.3602294922,
                    26.6819171906,
                    -34.3411483765,
                    52.6973571777,
                    18.7707443237,
                    58.2663612366,
                    -11.6390590668,
                    17.700044632,
                    -68.1552810669
                ],
                [
                    3775.96191406,
                    -1550.08789063,
                    90.9343338013,
                    1461.86694336,
                    -114.43271637,
                    491.199859619,
                    160.241378784,
                    356.358886719,
                    -62.9107246399,
                    100.53036499,
                    -93.9901428223,
                    178.679718018,
                    -71.6798095703
                ],
                [
                    -360.718139648,
                    640.370300293,
                    -33.3602294922,
                    -114.43271637,
                    433.567871094,
                    13.5029258728,
                    124.589897156,
                    -30.1679134369,
                    148.04460144,
                    7.95778131485,
                    50.1474723816,
                    -11.1912765503,
                    53.3416366577
                ],
                [
                    2016.31115723,
                    -559.903625488,
                    26.6819171906,
                    491.199859619,
                    13.5029258728,
                    458.691864014,
                    207.965805054,
                    156.849060059,
                    -8.73834323883,
                    83.1348953247,
                    -18.8733654022,
                    78.1124038696,
                    -40.898021698
                ],
                [
                    280.372650146,
                    -6.44271326065,
                    -34.3411483765,
                    160.241378784,
                    124.589897156,
                    207.965805054,
                    334.935424805,
                    53.8725509644,
                    41.922580719,
                    72.1836471558,
                    33.9572486877,
                    47.7647666931,
                    20.7825489044
                ],
                [
                    1124.82385254,
                    -491.858886719,
                    52.6973571777,
                    356.358886719,
                    -30.1679134369,
                    156.849060059,
                    53.8725509644,
                    235.7890625,
                    11.704457283,
                    35.163444519,
                    -16.2117652893,
                    66.8350143433,
                    -13.5005550385
                ],
                [
                    -382.506317139,
                    284.79397583,
                    18.7707443237,
                    -62.9107246399,
                    148.04460144,
                    -8.73834323883,
                    41.922580719,
                    11.704457283,
                    184.566146851,
                    45.176864624,
                    35.6311073303,
                    6.4784283638,
                    40.140586853
                ],
                [
                    88.3393096924,
                    -188.181243896,
                    58.2663612366,
                    100.53036499,
                    7.95778131485,
                    83.1348953247,
                    72.1836471558,
                    35.163444519,
                    45.176864624,
                    132.373718262,
                    31.7831859589,
                    39.6297836304,
                    10.4339647293
                ],
                [
                    -530.370483398,
                    184.699508667,
                    -11.6390590668,
                    -93.9901428223,
                    50.1474723816,
                    -18.8733654022,
                    33.9572486877,
                    -16.2117652893,
                    35.6311073303,
                    31.7831859589,
                    111.061523438,
                    15.3896846771,
                    20.6852855682
                ],
                [
                    378.35836792,
                    -342.17779541,
                    17.700044632,
                    178.679718018,
                    -11.1912765503,
                    78.1124038696,
                    47.7647666931,
                    66.8350143433,
                    6.4784283638,
                    39.6297836304,
                    15.3896846771,
                    144.328186035,
                    21.2168178558
                ],
                [
                    -299.436065674,
                    136.119674683,
                    -68.1552810669,
                    -71.6798095703,
                    53.3416366577,
                    -40.898021698,
                    20.7825489044,
                    -13.5005550385,
                    40.140586853,
                    10.4339647293,
                    20.6852855682,
                    21.2168178558,
                    106.956504822
                ]
            ],
            "icov": [
                [
                    0.000123040998005,
                    -0.000140495583764,
                    0.000256396364421,
                    -0.000223742608796,
                    3.86593419535e-05,
                    -0.000447574973805,
                    0.000321193598211,
                    -0.000267659517704,
                    0.000199114321731,
                    -0.000176489309524,
                    0.000411124899983,
                    -0.000173199208803,
                    0.000147420898429
                ],
                [
                    -0.000140495583764,
                    0.00172161485534,
                    -0.00024184799986,
                    0.0010153184412,
                    -0.00128583831247,
                    0.00076957710553,
                    -0.00090174615616,
                    0.0013205712894,
                    -0.00148048740812,
                    0.00193341390695,
                    -0.00180986360647,
                    0.00219526630826,
                    -0.000499016896356
                ],
                [
                    0.000256396364421,
                    -0.00024184799986,
                    0.001718794927,
                    -0.000408585648984,
                    -1.00009438029e-05,
                    -0.000800871115644,
                    0.000850679294672,
                    -0.000746352772694,
                    0.000217428503674,
                    -0.000993946101516,
                    0.00101755058859,
                    -0.000475347158499,
                    0.00119914428797
                ],
                [
                    -0.000223742608796,
                    0.0010153184412,
                    -0.000408585648984,
                    0.00233521405607,
                    -0.000675056944601,
                    6.17146361037e-06,
                    -0.000737856025808,
                    -0.000400878750952,
                    -0.000556975312065,
                    0.000718699593563,
                    -0.000426161364885,
                    0.000406102539273,
                    -4.13252710132e-05
                ],
                [
                    3.86593419535e-05,
                    -0.00128583831247,
                    -1.00009438029e-05,
                    -0.000675056944601,
                    0.00492341769859,
                    -0.000614698452409,
                    -0.00079845363507,
                    -0.000210479294765,
                    -0.00195017817896,
                    0.000190869584912,
                    0.000449385697721,
                    -0.00118869286962,
                    -0.000413832662161
                ],
                [
                    -0.000447574973805,
                    0.00076957710553,
                    -0.000800871115644,
                    6.17146361037e-06,
                    -0.000614698452409,
                    0.00679226778448,
                    -0.00360620231368,
                    4.03677549912e-05,
                    -0.000363889121218,
                    -0.000440192583483,
                    -0.00100777042098,
                    0.000619108846877,
                    0.00112255604472
                ],
                [
                    0.000321193598211,
                    -0.00090174615616,
                    0.000850679294672,
                    -0.000737856025808,
                    -0.00079845363507,
                    -0.00360620231368,
                    0.00631689094007,
                    -0.000938074255828,
                    0.00140142568853,
                    -0.00239627226256,
                    0.000673554779496,
                    -0.00135718937963,
                    -0.000385380437365
                ],
                [
                    -0.000267659517704,
                    0.0013205712894,
                    -0.000746352772694,
                    -0.000400878750952,
                    -0.000210479294765,
                    4.03677549912e-05,
                    -0.000938074255828,
                    0.00871866103262,
                    -0.00287871598266,
                    0.00221675261855,
                    -0.00188817887101,
                    0.000470454746392,
                    -0.00063507159939
                ],
                [
                    0.000199114321731,
                    -0.00148048740812,
                    0.000217428503674,
                    -0.000556975312065,
                    -0.00195017817896,
                    -0.000363889121218,
                    0.00140142568853,
                    -0.00287871598266,
                    0.0105356089771,
                    -0.00494021037593,
                    0.0013757130364,
                    -0.00156687782146,
                    -0.00102263991721
                ],
                [
                    -0.000176489309524,
                    0.00193341390695,
                    -0.000993946101516,
                    0.000718699593563,
                    0.000190869584912,
                    -0.000440192583483,
                    -0.00239627226256,
                    0.00221675261855,
                    -0.00494021037593,
                    0.0138518661261,
                    -0.00497016124427,
                    0.00145957164932,
                    -0.00145003641956
                ],
                [
                    0.000411124899983,
                    -0.00180986360647,
                    0.00101755058859,
                    -0.000426161364885,
                    0.000449385697721,
                    -0.00100777042098,
                    0.000673554779496,
                    -0.00188817887101,
                    0.0013757130364,
                    -0.00497016124427,
                    0.0142533965409,
                    -0.00407730881125,
                    0.000859227904584
                ],
                [
                    -0.000173199208803,
                    0.00219526630826,
                    -0.000475347158499,
                    0.000406102539273,
                    -0.00118869286962,
                    0.000619108846877,
                    -0.00135718937963,
                    0.000470454746392,
                    -0.00156687782146,
                    0.00145957164932,
                    -0.00407730881125,
                    0.0125529021025,
                    -0.00341270281933
                ],
                [
                    0.000147420898429,
                    -0.000499016896356,
                    0.00119914428797,
                    -4.13252710132e-05,
                    -0.000413832662161,
                    0.00112255604472,
                    -0.000385380437365,
                    -0.00063507159939,
                    -0.00102263991721,
                    -0.00145003641956,
                    0.000859227904584,
                    -0.00341270281933,
                    0.0128002269194
                ]
            ],
            "mean": [
                -83.9458389282,
                131.165039063,
                -110.803268433,
                -4.11212205887,
                -57.7678337097,
                3.94127511978,
                -44.7055206299,
                0.952076017857,
                -20.115026474,
                -1.51496148109,
                -12.0764789581,
                0.242490276694,
                -6.7943482399
            ]
        },
        "hfc": {
            "dmean": 3.00579071045,
            "dmean2": 4.45946359634,
            "dvar": 22.7290439606,
            "dvar2": 49.1324577332,
            "max": 84.5457077026,
            "mean": 16.4089660645,
            "median": 8.56366157532,
            "min": 1.15603678681e-16,
            "var": 289.597839355
        },
        "melbands": {
            "dmean": [
                0.000740642368328,
                0.000815580890048,
                0.000757425033953,
                0.000425587320933,
                0.00020204584871,
                0.00031186133856,
                0.000149849365698,
                9.10392627702e-05,
                5.85686902923e-05,
                0.00014915940119,
                0.000115606097097,
                0.000112556837848,
                4.75577908219e-05,
                3.93864356738e-05,
                3.80499513994e-05,
                4.3112966523e-05,
                2.79911746475e-05,
                2.56920520769e-05,
                2.02766514121e-05,
                1.54721947183e-05,
                1.33604717121e-05,
                9.16362205317e-06,
                6.10551251157e-06,
                3.91292178392e-06,
                2.37738890974e-06,
