{
    "lowlevel": {
        "average_loudness": 0.788500845432,
        "barkbands": {
            "dmean": [
                0.00131783972029,
                0.00938050076365,
                0.0027367551811,
                0.00181745202281,
                0.00112581811845,
                0.00116415403318,
                0.00117304327432,
                0.00163362105377,
                0.0014179701684,
                0.000693269772455,
                0.000577850907575,
                0.000431119842688,
                0.000274255289696,
                0.000237680942519,
                0.000137409559102,
                0.000196890046936,
                0.000252413854469,
                0.000120190212328,
                0.000124597121612,
                9.43556151469e-05,
                0.000126783532323,
                0.000187584300875,
                0.000493543455377,
                0.000297057151329,
                0.000109572400106,
                2.91359792755e-05,
                4.05628497901e-06
            ],
            "dmean2": [
                0.0018550286768,
                0.0119173424318,
                0.00507767079398,
                0.00339161837474,
                0.00196340819821,
                0.00189373968169,
                0.00187437119894,
                0.00247763376683,
                0.00212887884118,
                0.00103128293995,
                0.000918911246117,
                0.000654561968986,
                0.000448500853963,
                0.000393728289055,
                0.000220926987822,
                0.000329607486492,
                0.000437741313362,
                0.000199474627152,
                0.000198895766516,
                0.00015946176427,
                0.000216250904487,
                0.000313427648507,
                0.000864035857376,
                0.000509269651957,
                0.000176698784344,
                4.66486490041e-05,
                6.5820436248e-06
            ],
            "dvar": [
                1.38438545036e-05,
                0.00089877465507,
                0.000196365654119,
                7.17461734894e-05,
                2.06892600545e-05,
                7.25315567252e-06,
                7.30709007257e-06,
                1.25748701976e-05,
                8.98454618437e-06,
                2.82774908555e-06,
                3.50590812559e-06,
                9.19925867038e-07,
                5.44744182207e-07,
                7.28443581011e-07,
                1.99326990469e-07,
                7.41449355246e-07,
                1.82418273198e-06,
                2.13420321415e-07,
                1.22544491887e-07,
                1.29829814455e-07,
                2.21182062887e-07,
                3.57470668177e-07,
                2.08152573578e-06,
                6.04445858698e-07,
                4.54774280456e-08,
                3.93736687698e-09,
                1.13736881024e-10
            ],
            "dvar2": [
                2.40077824856e-05,
                0.00140957906842,
                0.000565584457945,
                0.00021263040253,
                5.84342378716e-05,
                1.89186248463e-05,
                1.822361628e-05,
                2.85563310172e-05,
                1.97949411813e-05,
                6.5404515226e-06,
                9.22052913666e-06,
                1.84089788036e-06,
                1.47165269482e-06,
                1.98316479327e-06,
                5.08205914684e-07,
                2.07855009648e-06,
                5.19581863045e-06,
                5.5963386103e-07,
                3.03123698586e-07,
                3.59145104767e-07,
                6.33762795132e-07,
                9.50479432049e-07,
                5.62070499655e-06,
                1.64674224834e-06,
                1.15869148942e-07,
                9.36715949251e-09,
                2.71961897447e-10
            ],
            "max": [
                0.081521384418,
                0.305215477943,
                0.166860714555,
                0.102030426264,
                0.0576451197267,
                0.0335948094726,
                0.0413190275431,
                0.0513303130865,
                0.0459424331784,
                0.025732204318,
                0.0284204762429,
                0.0152637027204,
                0.010368110612,
                0.0115486858413,
                0.00577881932259,
                0.0139199476689,
                0.0197980366647,
                0.00577706284821,
                0.00385458790697,
                0.00635790871456,
                0.00762644736096,
                0.00936666596681,
                0.0132704200223,
                0.00802413932979,
                0.00185615138616,
                0.00146148493513,
                0.000245531409746
            ],
            "mean": [
                0.00521150231361,
                0.0275472588837,
                0.00213540904224,
                0.00149278307799,
                0.00120925740339,
                0.00166380067822,
                0.00136306299828,
                0.00242280797102,
                0.00222013751045,
                0.00098306813743,
                0.000653281633276,
                0.000603057560511,
                0.000325347384205,
                0.000258746731561,
                0.000156069421791,
                0.000199169677217,
                0.000219131325139,
                0.000110435656097,
                0.000124908139696,
                8.51672302815e-05,
                0.000112341622298,
                0.000178700007382,
                0.000392051850213,
                0.000258290121565,
                0.000126762446598,
                3.33571661031e-05,
                4.29735655416e-06
            ],
            "median": [
                0.000130408501718,
                0.00392278423533,
                0.000352152797859,
                0.000353867537342,
                0.000369546643924,
                0.000641510647256,
                0.000295228237519,
                0.000405630591558,
                0.000392839545384,
                0.000193147323444,
                9.74724680418e-05,
                0.000125377584482,
                8.31729266793e-05,
                4.08404921473e-05,
                3.74788687623e-05,
                4.13778761867e-05,
                3.1120616768e-05,
                1.77732708835e-05,
                2.17666474782e-05,
                1.05921908471e-05,
                1.31128144858e-05,
                3.46742781403e-05,
                1.64205175679e-05,
                2.8081196433e-05,
                2.61413915723e-05,
                7.74413638283e-06,
                6.67752431127e-07
            ],
            "min": [
                2.85253227455e-24,
                4.24495077668e-23,
                2.0948644678e-23,
                5.22772284319e-24,
                3.91975959236e-23,
                1.31250702654e-22,
                9.17631088401e-23,
                7.19323258188e-23,
                4.86523336863e-23,
                2.9106793302e-23,
                8.21175550907e-23,
                1.87120015529e-22,
                7.29656957393e-23,
                7.04502139501e-23,
                5.86201465819e-23,
                1.46756110845e-22,
                2.20651109974e-22,
                1.71503901754e-22,
                1.56600198796e-22,
                2.70585525647e-22,
                3.51909385693e-22,
                4.31107309776e-22,
                5.96402674257e-22,
                1.01853448874e-21,
                1.41823438073e-21,
                1.86931994003e-21,
                2.65527844297e-21
            ],
            "var": [
                0.000158622075105,
                0.00248598866165,
                0.000111124922114,
                4.10646571254e-05,
                1.36378357638e-05,
                8.87874284672e-06,
                8.09553512227e-06,
                2.24043305934e-05,
                1.60346444318e-05,
                4.2411825234e-06,
                3.09955748889e-06,
                1.61674881838e-06,
                5.29717453901e-07,
                6.05650370744e-07,
                1.82886012112e-07,
                5.0110236316e-07,
                1.10198891434e-06,
                1.69073629763e-07,
                1.12273205843e-07,
                8.87068338784e-08,
                1.66910865573e-07,
                2.74440054682e-07,
                1.46825027514e-06,
                4.38415185045e-07,
                5.66319151574e-08,
                5.05103425752e-09,
                1.52577367407e-10
            ]
        },
        "barkbands_crest": {
            "dmean": 2.51269221306,
            "dmean2": 3.78478980064,
            "dvar": 8.09585571289,
            "dvar2": 16.8979206085,
            "max": 26.2715587616,
            "mean": 13.4522514343,
            "median": 12.4581718445,
            "min": 2.82392454147,
            "var": 35.0680236816
        },
        "barkbands_flatness_db": {
            "dmean": 0.0333782434464,
            "dmean2": 0.0446118153632,
            "dvar": 0.00136246380862,
            "dvar2": 0.00237270188518,
            "max": 0.540113866329,
            "mean": 0.205142974854,
            "median": 0.191861912608,
            "min": 0.0336159579456,
            "var": 0.00679080514237
        },
        "barkbands_kurtosis": {
            "dmean": 12.8102550507,
            "dmean2": 19.4081001282,
            "dvar": 1219.10974121,
            "dvar2": 2676.50170898,
            "max": 620.538330078,
            "mean": 18.385351181,
            "median": 4.45295286179,
            "min": -1.87180328369,
            "var": 2021.61303711
        },
        "barkbands_skewness": {
            "dmean": 1.03482997417,
            "dmean2": 1.47490715981,
            "dvar": 2.10260272026,
            "dvar2": 4.14887809753,
            "max": 21.3471050262,
            "mean": 2.57928991318,
            "median": 1.86174058914,
            "min": -4.83245658875,
            "var": 7.48923683167
        },
        "barkbands_spread": {
            "dmean": 7.95028448105,
            "dmean2": 12.0741968155,
            "dvar": 144.18661499,
            "dvar2": 326.609375,
            "max": 106.157501221,
            "mean": 17.1657161713,
            "median": 12.0152521133,
            "min": 0.18079611659,
            "var": 266.462341309
        },
        "dissonance": {
            "dmean": 0.036074988544,
            "dmean2": 0.0575814470649,
            "dvar": 0.00125312327873,
            "dvar2": 0.00302947242744,
            "max": 0.500000178814,
            "mean": 0.428159832954,
            "median": 0.442952871323,
            "min": 0.0995283126831,
            "var": 0.00312373740599
        },
        "dynamic_complexity": 3.74905443192,
        "erbbands": {
            "dmean": [
                0.447805583477,
                1.69572842121,
                3.06898808479,
                4.99344873428,
                4.97847747803,
                3.25905156136,
                4.51099443436,
                12.1061563492,
                14.7605390549,
                25.9786300659,
                33.6059799194,
                31.2086296082,
                18.5650482178,
                24.957775116,
                20.3898429871,
                16.0638122559,
                12.2447376251,
                10.9055871964,
                9.24878120422,
                7.34737157822,
                14.0709838867,
                12.0072450638,
                7.07844829559,
                5.71296453476,
                6.40043067932,
                4.58099937439,
                3.97775769234,
                6.04395437241,
                6.82500696182,
                10.0028886795,
                14.1269874573,
                8.85010147095,
                3.62094569206,
                1.63632369041,
                0.595881342888,
                0.176743477583,
                0.0489718727767,
                0.00770367588848,
                0.000727155711502,
                4.24729114457e-05
            ],
            "dmean2": [
                0.558494150639,
                2.24279332161,
                5.41728544235,
                9.35189628601,
                8.92919445038,
                5.60343408585,
                7.57671356201,
                19.3714885712,
                24.1314487457,
                39.3471260071,
                50.5602226257,
                46.8282318115,
                26.6195011139,
                40.106212616,
                30.2833347321,
                24.1116352081,
                19.6200065613,
                17.5466480255,
                14.9061584473,
                11.8123903275,
                24.3640289307,
                20.3403224945,
                11.7545089722,
                9.13530063629,
                10.2958555222,
                7.68880558014,
                6.72903823853,
                10.3452730179,
                11.3497686386,
                17.3113746643,
                24.671377182,
                15.3221445084,
                6.1231341362,
                2.67920684814,
                0.95604878664,
                0.28206294775,
                0.0798942968249,
                0.0124176526442,
                0.00117946462706,
                6.81042802171e-05
            ],
            "dvar": [
                2.1294465065,
                32.7031059265,
                211.912689209,
                584.0078125,
                452.992492676,
                171.638931274,
                160.832351685,
                755.75592041,
                1762.66113281,
                3380.88085938,
                5157.52392578,
                4402.55371094,
                2129.78466797,
                7680.58203125,
                2453.09033203,
                1386.45117188,
                953.746154785,
                1395.9342041,
                966.169921875,
                658.813720703,
                5428.53857422,
                3293.40478516,
                864.727172852,
                300.894805908,
                340.376037598,
                336.101989746,
                159.015319824,
                627.817077637,
                438.617553711,
                908.926269531,
                1666.06188965,
                586.794677734,
                72.6377639771,
                11.0515089035,
                1.31604862213,
                0.124771662056,
                0.0139254052192,
                0.000336828525178,
                3.79750372304e-06,
                9.21516196684e-09
            ],
            "dvar2": [
                3.29266858101,
                62.706829071,
                595.15838623,
                1716.79907227,
                1297.93566895,
                481.077789307,
                453.614898682,
                1876.09558105,
                4613.59423828,
                7698.84082031,
                11523.3779297,
                9694.81152344,
                4226.37744141,
                20695.0292969,
                5310.25146484,
                2794.97387695,
                2520.7434082,
                3753.12548828,
                2559.11181641,
                1698.6895752,
                15530.4404297,
                9287.65429688,
                2309.84887695,
                750.21472168,
                869.220092773,
                937.406616211,
                455.857086182,
                1771.18395996,
                1164.08972168,
                2437.29345703,
                4492.03759766,
                1588.31359863,
                196.875228882,
                28.9292488098,
                3.27455282211,
                0.303803831339,
                0.0331851877272,
                0.000777932116762,
                9.01847033674e-06,
                2.33600516708e-08
            ],
            "max": [
                15.2860994339,
                66.3635482788,
                161.119812012,
                316.510528564,
                244.808792114,
                187.849502563,
                200.605941772,
                347.757263184,
                525.543273926,
                951.319885254,
                963.282165527,
                915.837585449,
                938.947814941,
                1336.8092041,
                687.77911377,
                717.168884277,
                418.380401611,
                551.650756836,
                412.593170166,
                344.95904541,
                1105.05859375,
                807.164611816,
                399.170623779,
                190.029663086,
                196.245346069,
                337.628692627,
                176.056518555,
                493.137573242,
                344.513183594,
                465.831481934,
                377.42880249,
                227.352890015,
                83.6902923584,
                30.3751983643,
                13.7444982529,
                6.49542665482,
                3.20882153511,
                0.364723175764,
                0.0513073392212,
                0.00175815680996
            ],
            "mean": [
                1.34228789806,
                3.98922181129,
                3.07064819336,
                4.03626203537,
                4.76038122177,
                3.61319065094,
                5.9386305809,
                17.9070148468,
                17.7080554962,
                38.3349533081,
                51.2060432434,
                49.4923210144,
                29.6488323212,
                29.5020618439,
                27.7710380554,
                22.5288410187,
                16.3871364594,
                12.5993070602,
                11.2511615753,
                8.53817653656,
                12.9552240372,
                11.3991260529,
                6.70193243027,
                5.65801429749,
                6.28162765503,
                4.10717630386,
                3.71915650368,
                5.26004838943,
                6.57654762268,
                8.5088300705,
                11.0529222488,
                7.12342643738,
                3.43077015877,
                1.79286324978,
                0.699106037617,
                0.206680804491,
                0.0526403710246,
                0.00832507573068,
                0.000807617849205,
                8.74237302924e-05
            ],
            "median": [
                0.115994937718,
                0.79909825325,
                0.754655599594,
                0.961819171906,
                1.32199084759,
                0.959596335888,
                2.79129552841,
                6.14244127274,
                5.11087369919,
                7.59285354614,
                11.3547449112,
                9.35669326782,
                7.00974941254,
                4.88071966171,
                5.19320583344,
                4.98076105118,
                4.51699113846,
                2.5772895813,
                2.71080732346,
                2.24126672745,
                2.5939617157,
                2.0991499424,
                1.17989599705,
                1.15646493435,
                1.01218426228,
                0.52953261137,
                0.506368875504,
                0.582582592964,
                1.2366874218,
                0.930794537067,
                0.41046372056,
                0.426561743021,
                0.486876994371,
                0.297755777836,
                0.16426832974,
                0.0535389594734,
                0.011028746143,
                0.00149060075637,
                0.00016026434605,
                4.55192930531e-05
            ],
            "min": [
                1.41801567062e-21,
                8.89682024208e-21,
                1.95142666312e-20,
                2.65605028972e-20,
                6.26666732944e-20,
                1.87204272134e-19,
                1.79134233454e-19,
                1.47323607131e-18,
                1.85273692038e-18,
                7.68421786042e-19,
                1.91909913938e-18,
                1.06381372135e-18,
                6.66260172404e-19,
                1.48886678636e-18,
                4.8354753494e-18,
                8.18404308972e-18,
                3.1980179737e-18,
                3.24605317905e-18,
                3.03217839385e-18,
                4.80894642638e-18,
                9.83499136762e-18,
                1.28325805838e-17,
                9.13992969686e-18,
                6.98847676418e-18,
                9.30127789279e-18,
                1.28913575566e-17,
                1.76573497345e-17,
                1.07985509021e-17,
                1.60921767774e-17,
                1.62516588539e-17,
                1.68655046234e-17,
                2.22524075204e-17,
                1.73272269151e-17,
                1.66099289751e-17,
                9.01359440191e-18,
                7.49012458257e-18,
                3.29808325317e-18,
                1.25151010132e-18,
                3.71029020327e-19,
                4.12416679159e-20
            ],
            "var": [
                6.06272792816,
                73.6676025391,
                140.176681519,
                331.990142822,
                287.71762085,
                117.993286133,
                123.398025513,
                1106.11206055,
                1738.2532959,
                5474.86572266,
                8970.48144531,
                8126.09179688,
                3892.0012207,
                6269.32373047,
                3745.02197266,
                2363.26000977,
                1076.25732422,
                1200.41125488,
                891.440063477,
                562.141601562,
                3300.18603516,
                2102.2824707,
                652.918029785,
                263.908233643,
                298.506774902,
                223.598419189,
                134.379104614,
                441.001953125,
                346.664245605,
                659.685913086,
                1172.99450684,
                414.200408936,
                58.6806602478,
                12.3555622101,
                1.68769085407,
                0.159141764045,
                0.0165813770145,
                0.000455243280157,
                5.28081409357e-06,
                1.40005100846e-08
            ]
        },
        "erbbands_crest": {
            "dmean": 3.07023763657,
            "dmean2": 4.87146377563,
            "dvar": 8.73238372803,
            "dvar2": 20.8868255615,
            "max": 29.9018363953,
            "mean": 10.4760389328,
            "median": 9.41807365417,
            "min": 2.89113497734,
            "var": 22.428691864
        },
        "erbbands_flatness_db": {
            "dmean": 0.0251280628145,
            "dmean2": 0.0354112870991,
            "dvar": 0.000661133264657,
            "dvar2": 0.00131031568162,
            "max": 0.467813283205,
            "mean": 0.18073964119,
            "median": 0.168911829591,
            "min": 0.0496723167598,
            "var": 0.00504004815593
        },
        "erbbands_kurtosis": {
            "dmean": 1.99057137966,
            "dmean2": 3.11802840233,
            "dvar": 7.18281126022,
            "dvar2": 16.7444114685,
            "max": 41.8162307739,
            "mean": 1.99134266376,
            "median": 0.757308244705,
            "min": -1.87148952484,
            "var": 14.6015233994
        },
        "erbbands_skewness": {
            "dmean": 0.592607438564,
            "dmean2": 0.888374328613,
            "dvar": 0.385010629892,
            "dvar2": 0.859709501266,
            "max": 5.7445268631,
            "mean": 0.620863258839,
            "median": 0.658243060112,
            "min": -4.13001871109,
            "var": 1.11205399036
        },
        "erbbands_spread": {
            "dmean": 13.7472257614,
            "dmean2": 20.6358413696,
            "dvar": 331.797821045,
            "dvar2": 735.239562988,
            "max": 204.928161621,
            "mean": 40.7555541992,
            "median": 30.337972641,
            "min": 2.45551538467,
            "var": 1024.80175781
        },
        "gfcc": {
            "cov": [
                [
                    9801.6171875,
                    -2458.68530273,
                    1962.38098145,
                    1343.95947266,
                    -901.434936523,
                    1686.52429199,
                    51.8683547974,
                    1078.82263184,
                    383.796234131,
                    572.958679199,
                    -143.869277954,
                    195.380187988,
                    -453.330627441
                ],
                [
                    -2458.68530273,
                    3450.24731445,
                    -223.299240112,
                    -496.993133545,
                    1149.60571289,
                    -320.145172119,
                    603.059936523,
                    -90.6246490479,
                    228.12348938,
                    -109.903800964,
                    173.127548218,
                    -85.1328353882,
                    172.962860107
                ],
                [
                    1962.38098145,
                    -223.299240112,
                    2294.39208984,
                    1025.55004883,
                    270.476135254,
                    992.385925293,
                    326.10925293,
                    499.978179932,
                    252.600646973,
                    269.256591797,
                    113.68800354,
                    59.8227081299,
                    -4.34638547897
                ],
                [
                    1343.95947266,
                    -496.993133545,
                    1025.55004883,
                    1266.56005859,
                    205.200927734,
                    510.578216553,
                    203.118530273,
                    216.65536499,
                    201.916473389,
                    156.788299561,
                    177.261581421,
                    83.7372970581,
                    92.2625961304
                ],
                [
                    -901.434936523,
                    1149.60571289,
                    270.476135254,
                    205.200927734,
                    830.034301758,
                    91.7217788696,
                    347.626342773,
                    66.069152832,
                    146.695449829,
                    50.65858078,
                    156.327590942,
                    4.63878822327,
                    136.942565918
                ],
                [
                    1686.52429199,
                    -320.145172119,
                    992.385925293,
                    510.578216553,
                    91.7217788696,
                    830.453125,
                    272.023101807,
                    348.829101562,
                    184.561645508,
                    197.097305298,
                    59.6090202332,
                    42.8319625854,
                    -26.9341640472
                ],
                [
                    51.8683547974,
                    603.059936523,
                    326.10925293,
                    203.118530273,
                    347.626342773,
                    272.023101807,
                    561.897644043,
                    169.625808716,
                    145.96295166,
                    77.1887207031,
                    92.1058959961,
                    44.5700149536,
                    71.6622085571
                ],
                [
                    1078.82263184,
                    -90.6246490479,
                    499.978179932,
                    216.65536499,
                    66.069152832,
                    348.829101562,
                    169.625808716,
                    366.49331665,
                    152.075424194,
                    124.339096069,
                    28.6629257202,
                    45.1386528015,
                    -28.1524505615
                ],
                [
                    383.796234131,
                    228.12348938,
                    252.600646973,
                    201.916473389,
                    146.695449829,
                    184.561645508,
                    145.96295166,
                    152.075424194,
                    259.140197754,
                    86.1094512939,
                    64.2820205688,
                    29.4349842072,
                    31.3160762787
                ],
                [
                    572.958679199,
                    -109.903800964,
                    269.256591797,
                    156.788299561,
                    50.65858078,
                    197.097305298,
                    77.1887207031,
                    124.339096069,
                    86.1094512939,
                    188.350112915,
                    45.8167190552,
                    27.2143173218,
                    12.849527359
                ],
                [
                    -143.869277954,
                    173.127548218,
                    113.68800354,
                    177.261581421,
                    156.327590942,
                    59.6090202332,
                    92.1058959961,
                    28.6629257202,
                    64.2820205688,
                    45.8167190552,
                    181.972564697,
                    40.7435150146,
                    67.3616867065
                ],
                [
                    195.380187988,
                    -85.1328353882,
                    59.8227081299,
                    83.7372970581,
                    4.63878822327,
                    42.8319625854,
                    44.5700149536,
                    45.1386528015,
                    29.4349842072,
                    27.2143173218,
                    40.7435150146,
                    145.816665649,
                    44.2871780396
                ],
                [
                    -453.330627441,
                    172.962860107,
                    -4.34638547897,
                    92.2625961304,
                    136.942565918,
                    -26.9341640472,
                    71.6622085571,
                    -28.1524505615,
                    31.3160762787,
                    12.849527359,
                    67.3616867065,
                    44.2871780396,
                    179.283554077
                ]
            ],
            "icov": [
                [
                    0.000328760535922,
                    -0.000107611886051,
                    0.000128826111904,
                    -0.000351465074345,
                    0.000424715864938,
                    -0.00042841033428,
                    0.000189128797501,
                    -0.000540048000403,
                    6.38577475911e-05,
                    -0.000446103687864,
                    0.000351972877979,
                    -0.000324216787703,
                    0.000538594205864
                ],
                [
                    -0.000107611886051,
                    0.00112123717554,
                    -0.000324295542669,
                    0.000884432636667,
                    -0.00132274697535,
                    0.000710196094587,
                    -0.000812683079857,
                    0.000567574170418,
                    -0.00102206564043,
                    0.000797292217612,
                    -0.00050953484606,
                    0.000564130838029,
                    -0.00011232446559
                ],
                [
                    0.000128826111904,
                    -0.000324295542669,
                    0.00129153882153,
                    -0.000875233730767,
                    0.000200494192541,
                    -0.00124276499264,
                    0.000458011694718,
                    -0.000843120622449,
                    0.00054578226991,
                    -0.000438034068793,
                    0.000441303272964,
                    -0.000143479323015,
                    0.000270709919278
                ],
                [
                    -0.000351465074345,
                    0.000884432636667,
                    -0.000875233730767,
                    0.00241259555332,
                    -0.00121358188335,
                    0.000564413319807,
                    -0.00064189900877,
                    0.00115622207522,
                    -0.00120729976334,
                    0.000978628871962,
                    -0.00148335576523,
                    0.000440821953816,
                    -0.0009656510083
                ],
                [
                    0.000424715864938,
                    -0.00132274697535,
                    0.000200494192541,
                    -0.00121358188335,
                    0.00391749897972,
                    -0.000726698955987,
                    -1.28738447529e-05,
                    -0.000993725261651,
                    0.0006492168759,
                    -0.00120378250722,
                    -0.000129097665194,
                    -0.000129954569275,
                    -0.000219470675802
                ],
                [
                    -0.00042841033428,
                    0.000710196094587,
                    -0.00124276499264,
                    0.000564413319807,
                    -0.000726698955987,
                    0.00436691008508,
                    -0.00152981409337,
                    -0.000178117770702,
                    -0.000818554428406,
                    -0.000199724541744,
                    -0.000596013793256,
                    0.000843470101245,
                    -0.000121486205899
                ],
                [
                    0.000189128797501,
                    -0.000812683079857,
                    0.000458011694718,
                    -0.00064189900877,
                    -1.28738447529e-05,
                    -0.00152981409337,
                    0.00371984671801,
                    -0.00123200786766,
                    0.000390788365621,
                    -0.000393048598198,
                    0.000333399540978,
                    -0.000877202895936,
                    -0.000245303672273
                ],
                [
                    -0.000540048000403,
                    0.000567574170418,
                    -0.000843120622449,
                    0.00115622207522,
                    -0.000993725261651,
                    -0.000178117770702,
                    -0.00123200786766,
                    0.00704116933048,
                    -0.00235994067043,
                    -0.000279949919786,
                    -0.000295426405501,
                    -0.000514472718351,
                    0.000472193642054
                ],
                [
                    6.38577475911e-05,
                    -0.00102206564043,
                    0.00054578226991,
                    -0.00120729976334,
                    0.0006492168759,
                    -0.000818554428406,
                    0.000390788365621,
                    -0.00235994067043,
                    0.00711394939572,
                    -0.00162480107974,
                    -0.000152795691974,
                    -0.000368435983546,
                    -0.000341358652804
                ],
                [
                    -0.000446103687864,
                    0.000797292217612,
                    -0.000438034068793,
                    0.000978628871962,
                    -0.00120378250722,
                    -0.000199724541744,
                    -0.000393048598198,
                    -0.000279949919786,
                    -0.00162480107974,
                    0.00901405978948,
                    -0.00180633808486,
                    0.000504710827954,
                    -0.00121702335309
                ],
                [
                    0.000351972877979,
                    -0.00050953484606,
                    0.000441303272964,
                    -0.00148335576523,
                    -0.000129097665194,
                    -0.000596013793256,
                    0.000333399540978,
                    -0.000295426405501,
                    -0.000152795691974,
                    -0.00180633808486,
                    0.00878842361271,
                    -0.00179968576413,
                    -0.000716299575288
                ],
                [
                    -0.000324216787703,
                    0.000564130838029,
                    -0.000143479323015,
                    0.000440821953816,
                    -0.000129954569275,
                    0.000843470101245,
                    -0.000877202895936,
                    -0.000514472718351,
                    -0.000368435983546,
                    0.000504710827954,
                    -0.00179968576413,
                    0.00888017565012,
                    -0.00258779106662
                ],
                [
                    0.000538594205864,
                    -0.00011232446559,
                    0.000270709919278,
                    -0.0009656510083,
                    -0.000219470675802,
                    -0.000121486205899,
                    -0.000245303672273,
                    0.000472193642054,
                    -0.000341358652804,
                    -0.00121702335309,
                    -0.000716299575288,
                    -0.00258779106662,
                    0.00892831292003
                ]
            ],
            "mean": [
                -43.7035369873,
                93.5169067383,
                -99.1625289917,
                10.0731077194,
                -60.9976119995,
                17.8243026733,
                -32.9309158325,
                13.6806230545,
                -13.4698762894,
                4.02037906647,
                -11.3651943207,
                3.46577787399,
                -7.96611309052
            ]
        },
        "hfc": {
            "dmean": 13.9449234009,
            "dmean2": 22.7017765045,
            "dvar": 839.360290527,
            "dvar2": 2208.17944336,
            "max": 260.696960449,
            "mean": 20.167930603,
            "median": 12.4566230774,
            "min": 1.22655439725e-16,
            "var": 774.325134277
        },
        "melbands": {
            "dmean": [
                0.00314580323175,
                0.00166704203002,
                0.000860144675244,
                0.000290958094411,
                0.000148731371155,
                0.000260092725512,
                0.000225388488616,
                0.000309769908199,
                0.000288173236186,
                0.000191853148863,
                9.27705768845e-05,
                0.00010416128498,
                6.94869813742e-05,
                4.68712132715e-05,
                4.38374154328e-05,
                2.63699621428e-05,
                2.11426358874e-05,
                1.69270515471e-05,
                1.06597626655e-05,
                1.14718650366e-05,
                1.85980370588e-05,
                1.46511747516e-05,
                7.41465373721e-06,
                5.14306975674e-06,
                4.59598322777e-06,
                5.3239632507e-06,
