{
    "lowlevel": {
        "average_loudness": 0.915705740452,
        "barkbands": {
            "dmean": [
                0.000166011508554,
                0.00593828735873,
                0.00431471411139,
                0.00287320488133,
                0.00234088278376,
                0.00142586813308,
                0.000906081404537,
                0.000620652688667,
                0.000605824228842,
                0.000649978523143,
                0.00034912629053,
                0.000257523934124,
                0.000298590166494,
                0.000227892131079,
                0.000246733485255,
                0.000201784641831,
                0.000211795646464,
                9.43472696235e-05,
                0.00013415137073,
                0.000179096387001,
                0.000213435996557,
                0.000172854197444,
                0.000125007718452,
                0.000236135863815,
                0.000331280258251,
                0.000102429272374,
                2.35760053329e-05
            ],
            "dmean2": [
                0.000280242791632,
                0.0100050978363,
                0.0073999860324,
                0.00509831681848,
                0.00401560543105,
                0.00233398284763,
                0.00141763151623,
                0.000965972838458,
                0.000916448887438,
                0.000958347809501,
                0.000496856635436,
                0.000407089217333,
                0.000465165212518,
                0.000366097083315,
                0.000391324661905,
                0.000328416324919,
                0.000351490976755,
                0.000162974029081,
                0.000225911731832,
                0.000295278179692,
                0.000342371844454,
                0.000253463396803,
                0.000176484623807,
                0.00034166869591,
                0.000473830586998,
                0.000154762296006,
                3.76028765459e-05
            ],
            "dvar": [
                1.55347890995e-07,
                0.000114392794785,
                7.7946955571e-05,
                3.64941515727e-05,
                3.50986192643e-05,
                8.19856904855e-06,
                5.44024032934e-06,
                2.70725195151e-06,
                2.4899568416e-06,
                2.14772398976e-06,
                7.58788303301e-07,
                3.97218798298e-07,
                6.54834195757e-07,
                2.66007731398e-07,
                2.46879466204e-07,
                1.43902965988e-07,
                1.57674875823e-07,
                2.34758203987e-08,
                4.18864871676e-08,
                8.64788276544e-08,
                1.592212584e-07,
                1.31874486442e-07,
                9.76091740768e-08,
                2.61683823055e-07,
                3.26875976953e-07,
                3.12128918267e-08,
                2.57971266571e-09
            ],
            "dvar2": [
                4.01467445954e-07,
                0.000310205650749,
                0.000204162090085,
                0.00010155383643,
                9.78065800155e-05,
                2.1139609089e-05,
                1.28063466036e-05,
                6.35155856799e-06,
                5.53200015929e-06,
                4.52517497251e-06,
                1.40519955494e-06,
                8.83298639565e-07,
                1.47449964061e-06,
                6.29522446616e-07,
                5.57895646125e-07,
                3.50411312411e-07,
                3.65073844932e-07,
                6.4374624742e-08,
                1.12917362571e-07,
                2.21350063612e-07,
                4.0323959638e-07,
                2.67062802095e-07,
                1.93855285602e-07,
                5.16444799814e-07,
                6.64726258037e-07,
                7.01034537087e-08,
                6.27249674423e-09
            ],
            "max": [
                0.00558820320293,
                0.122660592198,
                0.0912435054779,
                0.06211271137,
                0.0808274522424,
                0.0658941715956,
                0.0378137789667,
                0.031748149544,
                0.0300361569971,
                0.0274000037462,
                0.0207123979926,
                0.0136501807719,
                0.021275697276,
                0.010297998786,
                0.0105857662857,
                0.00875690765679,
                0.00971092749387,
                0.0020166025497,
                0.00305756530724,
                0.00700867502019,
                0.00936795026064,
                0.00874902959913,
                0.00880802236497,
                0.0139115666971,
                0.0119352824986,
                0.00308659579605,
                0.0012201112695
            ],
            "mean": [
                0.000151999382069,
                0.0116631845012,
                0.00610563531518,
                0.00347716012038,
                0.00306126009673,
                0.00248628947884,
                0.00161399296485,
                0.00106512452476,
                0.00110756384674,
                0.00139308976941,
                0.000685747188982,
                0.000359361147275,
                0.000499947520439,
                0.000391745357774,
                0.00047579818056,
                0.000364775507478,
                0.000387788692024,
                0.00017256315914,
                0.000281830289168,
                0.000380160490749,
                0.00043619790813,
                0.000344568426954,
                0.000236314153881,
                0.000471715495223,
                0.00074294564547,
                0.000209169273148,
                3.47236600646e-05
            ],
            "median": [
                2.67260511464e-05,
                0.00912808999419,
                0.00349880359136,
                0.00132689822931,
                0.00129295501392,
                0.00115449097939,
                0.000385911320336,
                0.000257805222645,
                0.000336089608027,
                0.000347889756085,
                0.000135782567668,
                0.000133163077408,
                0.000163239325047,
                0.000136884511448,
                0.000161065952852,
                0.000175201712409,
                0.000214927116758,
                0.000110660024802,
                0.000170316008735,
                0.000225605937885,
                0.00022602538229,
                0.000126585378894,
                6.26960027148e-05,
                0.000137069058837,
                0.000288812094368,
                8.83763859747e-05,
                1.01066543721e-05
            ],
            "min": [
                8.30541727989e-23,
                1.73534805222e-23,
                7.56274954493e-24,
                2.3010654509e-23,
                5.2287941163e-23,
                6.49665704297e-23,
                3.93791885485e-23,
                4.67292138617e-23,
                8.01724260468e-23,
                3.27672214982e-23,
                1.47780090165e-22,
                5.01766717016e-23,
                1.15925066397e-22,
                1.25815779183e-22,
                1.47186563842e-22,
                1.60204207661e-22,
                1.65251869847e-22,
                2.79423872742e-22,
                2.3784971659e-22,
                4.01216600149e-22,
                5.36072207813e-22,
                4.88281019934e-22,
                8.61993889959e-22,
                6.07108614836e-22,
                1.2990077863e-21,
                1.5877508705e-21,
                2.53976174146e-21
            ],
            "var": [
                1.37835613145e-07,
                0.000140334683238,
                7.45242577977e-05,
                3.60524682037e-05,
                3.0918061384e-05,
                1.53733362822e-05,
                1.1493850252e-05,
                5.22319669471e-06,
                5.15193778483e-06,
                6.96342340234e-06,
                3.01442059936e-06,
                6.48510308565e-07,
                1.39008216138e-06,
                6.3939080519e-07,
                8.38104085688e-07,
                4.24476439775e-07,
                3.76681498437e-07,
                4.13075298411e-08,
                1.13944089719e-07,
                2.21939032485e-07,
                3.44493145121e-07,
                3.63391563951e-07,
                2.51742193313e-07,
                7.72204941768e-07,
                1.18184016173e-06,
                8.71382539458e-08,
                4.20564649772e-09
            ]
        },
        "barkbands_crest": {
            "dmean": 2.63726830482,
            "dmean2": 4.30000734329,
            "dvar": 6.13943481445,
            "dvar2": 15.075053215,
            "max": 26.3449077606,
            "mean": 11.4113922119,
            "median": 10.7188062668,
            "min": 3.07418966293,
            "var": 17.3687000275
        },
        "barkbands_flatness_db": {
            "dmean": 0.0293587222695,
            "dmean2": 0.0425398275256,
            "dvar": 0.00120893958956,
            "dvar2": 0.00235393620096,
            "max": 0.685375094414,
            "mean": 0.159755915403,
            "median": 0.122347831726,
            "min": 0.0267207529396,
            "var": 0.0110330972821
        },
        "barkbands_kurtosis": {
            "dmean": 5.6138176918,
            "dmean2": 8.91394710541,
            "dvar": 159.512969971,
            "dvar2": 368.90222168,
            "max": 288.430480957,
            "mean": 8.46239376068,
            "median": 3.04241943359,
            "min": -1.94650602341,
            "var": 371.052978516
        },
        "barkbands_skewness": {
            "dmean": 0.704009711742,
            "dmean2": 1.09050273895,
            "dvar": 0.807848334312,
            "dvar2": 1.85761225224,
            "max": 11.7826948166,
            "mean": 2.00128269196,
            "median": 1.77338337898,
            "min": -15.3209953308,
            "var": 2.92053747177
        },
        "barkbands_spread": {
            "dmean": 7.83247756958,
            "dmean2": 11.875451088,
            "dvar": 104.972465515,
            "dvar2": 207.903656006,
            "max": 117.242507935,
            "mean": 28.2891807556,
            "median": 25.7489318848,
            "min": 0.234608352184,
            "var": 442.294219971
        },
        "dissonance": {
            "dmean": 0.0232932604849,
            "dmean2": 0.0377287045121,
            "dvar": 0.000748248887248,
            "dvar2": 0.00178876833525,
            "max": 0.500000059605,
            "mean": 0.450451552868,
            "median": 0.466475218534,
            "min": 0.134066939354,
            "var": 0.00229518255219
        },
        "dynamic_complexity": 2.76641845703,
        "erbbands": {
            "dmean": [
                0.0956493243575,
                1.59605407715,
                4.38110256195,
                8.1069021225,
                8.54228115082,
                7.09427976608,
                8.05006504059,
                14.1224737167,
                13.0929107666,
                13.911611557,
                9.62457752228,
                15.707988739,
                21.9341087341,
                11.711063385,
                15.7297430038,
                9.89849376678,
                13.4791545868,
                10.554309845,
                12.1450376511,
                11.2847881317,
                10.1023254395,
                10.41908741,
                5.43286180496,
                5.54907464981,
                7.34572219849,
                8.15700817108,
                9.53850078583,
                7.21585035324,
                6.63004922867,
                4.40903520584,
                3.6792485714,
                3.89085793495,
                4.62712478638,
                5.04453802109,
                1.72465384007,
                0.527958452702,
                0.185091927648,
                0.0402046665549,
                0.00408006133512,
                0.000110984685307
            ],
            "dmean2": [
                0.160266280174,
                2.70090055466,
                7.53139305115,
                14.2374477386,
                15.2790374756,
                11.7657709122,
                13.2336397171,
                23.2814426422,
                20.59308815,
                21.5894012451,
                14.67374897,
                23.2153663635,
                31.112663269,
                17.8006591797,
                22.2928829193,
                15.3741722107,
                20.5547199249,
                16.2974586487,
                19.6661968231,
                17.6612224579,
                16.3852386475,
                17.2530708313,
                9.30305099487,
                9.4340801239,
                12.2977905273,
                13.5020189285,
                15.7131938934,
                11.2577123642,
                9.73564147949,
                6.38226032257,
                5.26210403442,
                5.60597896576,
                6.7304224968,
                7.2764673233,
                2.52409362793,
                0.787615776062,
                0.286879599094,
                0.0614096783102,
                0.00660485681146,
                0.00018025758618
            ],
            "dvar": [
                0.0290580652654,
                8.27892303467,
                70.1930465698,
                311.766784668,
                521.170471191,
                259.640594482,
                242.89402771,
                930.866699219,
                1081.8951416,
                1356.31005859,
                674.191772461,
                1845.16186523,
                2707.9230957,
                947.145385742,
                1471.54248047,
                424.960632324,
                1194.24768066,
                577.797485352,
                633.717956543,
                599.32800293,
                309.062927246,
                432.305114746,
                74.8168869019,
                86.5983123779,
                148.574401855,
                183.139038086,
                329.503448486,
                170.705871582,
                196.418380737,
                121.105323792,
                79.7225418091,
                95.7018127441,
                91.0608291626,
                83.1730422974,
                9.66539382935,
                0.874728262424,
                0.107110537589,
                0.00651777582243,
                7.90724443505e-05,
                5.55502595034e-08
            ],
            "dvar2": [
                0.0726747959852,
                22.6472415924,
                181.52192688,
                854.563964844,
                1478.90368652,
                681.293884277,
                620.289978027,
                2376.1965332,
                2511.46704102,
                3289.24902344,
                1471.75024414,
                4059.58056641,
                5189.11279297,
                2227.81176758,
                2620.94677734,
                886.360290527,
                2479.03100586,
                1244.30993652,
                1474.63549805,
                1269.6517334,
                752.560302734,
                958.513183594,
                203.238388062,
                237.554092407,
                391.221496582,
                476.658752441,
                861.965942383,
                391.028869629,
                402.803741455,
                233.972763062,
                164.298324585,
                199.384017944,
                175.522186279,
                169.814590454,
                20.3100337982,
                1.92674458027,
                0.247036516666,
                0.0152855105698,
                0.000196880326257,
                1.44438502048e-07
            ],
            "max": [
                2.34716248512,
                31.7913703918,
                75.0039138794,
                159.892120361,
                248.830856323,
                401.582061768,
                324.620788574,
                631.658630371,
                559.655456543,
                668.72857666,
                544.951965332,
                907.967773438,
                1073.57995605,
                910.831237793,
                954.897949219,
                488.413604736,
                836.878295898,
                601.725524902,
                546.166137695,
                700.899780273,
                520.887084961,
                665.549133301,
                128.372528076,
                220.135803223,
                308.614135742,
                290.154022217,
                431.369354248,
                257.878356934,
                312.728637695,
                360.843475342,
                268.005584717,
                231.635345459,
                286.904541016,
                159.549377441,
                71.0549316406,
                16.7674694061,
                6.6718211174,
                2.13040089607,
                0.177076950669,
                0.00457834778354
            ],
            "mean": [
                0.171342298388,
                3.13599610329,
                7.65313768387,
                10.3622436523,
                9.62094497681,
                10.0964775085,
                13.2987585068,
                24.2953605652,
                26.0644989014,
                23.5247516632,
                17.0488147736,
                30.7633323669,
                48.3177108765,
                23.4601306915,
                32.5363006592,
                17.3634300232,
                24.4552402496,
                21.2250003815,
                22.4171714783,
                23.8546981812,
                21.8397388458,
                19.5295162201,
                10.7284612656,
                11.1224136353,
                16.1088962555,
                17.9355201721,
                18.8699970245,
                15.3379058838,
                13.4186306,
                8.48947906494,
                6.82963514328,
                7.33158540726,
                9.55265140533,
                10.9063749313,
                3.66595864296,
                1.10666775703,
                0.353410750628,
                0.07027002424,
                0.00585729908198,
                0.00020375069289
            ],
            "median": [
                0.13153553009,
                2.45579791069,
                5.87979602814,
                4.37231731415,
                3.62679433823,
                3.99681401253,
                6.4191699028,
                10.1926326752,
                7.55307769775,
                7.37945842743,
                5.61790466309,
                10.5112342834,
                14.5073032379,
                7.84369802475,
                7.30908250809,
                7.74419641495,
                8.90512657166,
                8.3698348999,
                9.92381381989,
                8.82136440277,
                12.2368602753,
                11.4195365906,
                7.15880966187,
                6.52868652344,
                9.7751083374,
                10.7217674255,
                10.3639650345,
                7.69033193588,
                5.08413410187,
                2.43668103218,
                1.86376547813,
                1.73331236839,
                2.89844274521,
                3.82305765152,
                1.41348195076,
                0.449077755213,
                0.147475108504,
                0.0256563089788,
                0.00168879411649,
                0.000107311294414
            ],
            "min": [
                9.90863116204e-22,
                3.02163423211e-21,
                9.5410388429e-21,
                3.99618385625e-20,
                5.0572924385e-20,
                2.24710230845e-19,
                5.52458007897e-19,
                4.41892704525e-19,
                4.08764327788e-19,
                7.08444884379e-19,
                1.43042926782e-18,
                2.36590633072e-18,
                1.02588655969e-18,
                2.37165089328e-18,
                5.11793519471e-18,
                2.28452313218e-18,
                4.64292176487e-18,
                6.35129333448e-18,
                1.04971204966e-17,
                6.0969022089e-18,
                8.56332773445e-18,
                9.80755544106e-18,
                1.54974074472e-17,
                1.62821007548e-17,
                1.06544370143e-17,
                1.75844089481e-17,
                1.89547841796e-17,
                2.36478314353e-17,
                1.84264473788e-17,
                2.0654377295e-17,
                2.4617771841e-17,
                1.33868097921e-17,
                1.10194089529e-17,
                9.89949243024e-18,
                1.12624519876e-17,
                6.81548641473e-18,
                2.59537905394e-18,
                1.38570185434e-18,
                3.21817926036e-19,
                3.68462207801e-20
            ],
            "var": [
                0.0361559353769,
                10.1740293503,
                73.3343658447,
                289.050323486,
                393.951446533,
                305.561126709,
                407.290466309,
                1718.65759277,
                2613.42285156,
                2256.42358398,
                1534.90869141,
                3862.57397461,
                9003.45410156,
                2863.64916992,
                6589.20117188,
                1014.55529785,
                3079.68286133,
                1719.21569824,
                1398.47460938,
                2688.93920898,
                1213.01452637,
                999.903381348,
                152.540878296,
                182.346481323,
                390.70324707,
                472.738311768,
                624.162658691,
                451.549560547,
                551.36907959,
                310.923858643,
                199.915634155,
                238.354812622,
                291.450073242,
                282.915710449,
                31.6574745178,
                2.62640476227,
                0.264360457659,
                0.0131648499519,
                0.000124474230688,
                8.36747275912e-08
            ]
        },
        "erbbands_crest": {
            "dmean": 2.85961794853,
            "dmean2": 4.50366306305,
            "dvar": 7.90156126022,
            "dvar2": 17.7401981354,
            "max": 30.5789699554,
            "mean": 9.75365543365,
            "median": 8.52084350586,
            "min": 2.34974741936,
            "var": 25.0747909546
        },
        "erbbands_flatness_db": {
            "dmean": 0.0177388116717,
            "dmean2": 0.0252159256488,
            "dvar": 0.000473589694593,
            "dvar2": 0.000900692248251,
            "max": 0.556977152824,
            "mean": 0.14172013104,
            "median": 0.11083573848,
            "min": 0.0406091287732,
            "var": 0.00698241731152
        },
        "erbbands_kurtosis": {
            "dmean": 1.41370522976,
            "dmean2": 2.16101241112,
            "dvar": 11.0906991959,
            "dvar2": 24.6741962433,
            "max": 149.924804688,
            "mean": 1.20594632626,
            "median": -0.16227889061,
            "min": -1.85233259201,
            "var": 19.0059604645
        },
        "erbbands_skewness": {
            "dmean": 0.441164761782,
            "dmean2": 0.649019837379,
            "dvar": 0.275479793549,
            "dvar2": 0.548551857471,
            "max": 10.6564083099,
            "mean": 0.536893367767,
            "median": 0.413672655821,
            "min": -3.64204502106,
            "var": 0.940065205097
        },
        "erbbands_spread": {
            "dmean": 11.1084308624,
            "dmean2": 16.6366405487,
            "dvar": 163.539535522,
            "dvar2": 373.125,
            "max": 168.791412354,
            "mean": 49.936466217,
            "median": 48.116104126,
            "min": 1.09883081913,
            "var": 708.916748047
        },
        "gfcc": {
            "cov": [
                [
                    21444.1894531,
                    -5694.56494141,
                    -126.369598389,
                    2101.3828125,
                    -1708.41516113,
                    1936.9954834,
                    -410.011871338,
                    1280.91125488,
                    -409.116790771,
                    1035.05712891,
                    -589.365539551,
                    583.774536133,
                    -208.231796265
                ],
                [
                    -5694.56494141,
                    4397.09228516,
                    -390.806427002,
                    -917.698974609,
                    979.599365234,
                    -930.693603516,
                    170.525909424,
                    -569.867431641,
                    170.85446167,
                    -545.811096191,
                    257.376647949,
                    -260.052520752,
                    35.9670715332
                ],
                [
                    -126.369598389,
                    -390.806427002,
                    885.31072998,
                    205.166000366,
                    -150.758544922,
                    125.975692749,
                    -93.5735549927,
                    66.6396865845,
                    -11.6873140335,
                    39.5868911743,
                    -11.5397987366,
                    -34.1142196655,
                    -55.3009529114
                ],
                [
                    2101.3828125,
                    -917.698974609,
                    205.166000366,
                    748.272033691,
                    -127.507225037,
                    290.630340576,
                    -32.7115249634,
                    131.977645874,
                    56.9966239929,
                    102.983291626,
                    -41.3705482483,
                    82.6017532349,
                    -59.3636703491
                ],
                [
                    -1708.41516113,
                    979.599365234,
                    -150.758544922,
                    -127.507225037,
                    542.530822754,
                    -147.494186401,
                    130.313049316,
                    -104.064949036,
                    106.998298645,
                    -126.700927734,
                    66.325920105,
                    -52.2165908813,
                    8.3989610672
                ],
                [
                    1936.9954834,
                    -930.693603516,
                    125.975692749,
                    290.630340576,
                    -147.494186401,
                    476.594360352,
                    27.6694545746,
                    220.309494019,
                    -23.2250137329,
                    179.112075806,
                    -60.1841812134,
                    58.9065742493,
                    2.85503029823
                ],
                [
                    -410.011871338,
                    170.525909424,
                    -93.5735549927,
                    -32.7115249634,
                    130.313049316,
                    27.6694545746,
                    209.801956177,
                    1.27397608757,
                    48.3520812988,
                    -12.2357387543,
                    19.1678066254,
                    15.5481939316,
                    5.80420017242
                ],
                [
                    1280.91125488,
                    -569.867431641,
                    66.6396865845,
                    131.977645874,
                    -104.064949036,
                    220.309494019,
                    1.27397608757,
                    268.658752441,
                    0.892322182655,
                    136.780807495,
                    -30.3844013214,
                    41.1078453064,
                    26.9508228302
                ],
                [
                    -409.116790771,
                    170.85446167,
                    -11.6873140335,
                    56.9966239929,
                    106.998298645,
                    -23.2250137329,
                    48.3520812988,
                    0.892322182655,
                    149.508651733,
                    -8.44507312775,
                    44.7385902405,
                    11.1078662872,
                    2.90818619728
                ],
                [
                    1035.05712891,
                    -545.811096191,
                    39.5868911743,
                    102.983291626,
                    -126.700927734,
                    179.112075806,
                    -12.2357387543,
                    136.780807495,
                    -8.44507312775,
                    197.622299194,
                    -13.3513031006,
                    31.5943050385,
                    25.228351593
                ],
                [
                    -589.365539551,
                    257.376647949,
                    -11.5397987366,
                    -41.3705482483,
                    66.325920105,
                    -60.1841812134,
                    19.1678066254,
                    -30.3844013214,
                    44.7385902405,
                    -13.3513031006,
                    121.608795166,
                    17.4988002777,
                    13.1693601608
                ],
                [
                    583.774536133,
                    -260.052520752,
                    -34.1142196655,
                    82.6017532349,
                    -52.2165908813,
                    58.9065742493,
                    15.5481939316,
                    41.1078453064,
                    11.1078662872,
                    31.5943050385,
                    17.4988002777,
                    118.183021545,
                    9.13261032104
                ],
                [
                    -208.231796265,
                    35.9670715332,
                    -55.3009529114,
                    -59.3636703491,
                    8.3989610672,
                    2.85503029823,
                    5.80420017242,
                    26.9508228302,
                    2.90818619728,
                    25.228351593,
                    13.1693601608,
                    9.13261032104,
                    117.736526489
                ]
            ],
            "icov": [
                [
                    0.000181793991942,
                    -0.000123367150081,
                    0.000234064238612,
                    -0.000331086514052,
                    0.000312511459924,
                    -0.000326341483742,
                    0.000256090861512,
                    -0.000388062791899,
                    0.000300943764159,
                    -0.000312565651257,
                    0.000466856348794,
                    -0.000514079409186,
                    0.00041124082054
                ],
                [
                    -0.000123367150081,
                    0.000921970815398,
                    -0.000148571562022,
                    0.000615079654381,
                    -0.00102396029979,
                    0.000763530959375,
                    -0.000252507044934,
                    0.000508287397679,
                    -0.000396346178604,
                    0.000966817082372,
                    -0.00111605552956,
                    0.00116927933414,
                    -0.000472109823022
                ],
                [
                    0.000234064238612,
                    -0.000148571562022,
                    0.00169853516854,
                    -0.000686440675054,
                    0.000716911978088,
                    -0.000743286858778,
                    0.000767194491345,
                    -0.000713083602022,
                    0.000270123971859,
                    -9.216710896e-05,
                    6.80821613059e-05,
                    0.000233917249716,
                    0.000990661792457
                ],
                [
                    -0.000331086514052,
                    0.000615079654381,
                    -0.000686440675054,
                    0.00305910594761,
                    -0.00087749667,
                    -0.000429715582868,
                    0.000204509007744,
                    0.000967713771388,
                    -0.00211555417627,
                    0.000969090266153,
                    -0.000610131537542,
                    0.000130965243443,
                    0.000190643128008
                ],
                [
                    0.000312511459924,
                    -0.00102396029979,
                    0.000716911978088,
                    -0.00087749667,
                    0.0045578260906,
                    -0.0011349193519,
                    -0.000892904354259,
                    -0.000795080617536,
                    -0.0009156196611,
                    0.00024467203184,
                    0.000663358368911,
                    -0.000126559505588,
                    0.000594021228608
                ],
                [
                    -0.000326341483742,
                    0.000763530959375,
                    -0.000743286858778,
                    -0.000429715582868,
                    -0.0011349193519,
                    0.00615065125749,
                    -0.00202357745729,
                    -0.00128902122378,
                    0.0007020146586,
                    -0.0013705927413,
                    -0.000206564363907,
                    0.000919801008422,
                    -0.000821469700895
                ],
                [
                    0.000256090861512,
                    -0.000252507044934,
                    0.000767194491345,
                    0.000204509007744,
                    -0.000892904354259,
                    -0.00202357745729,
                    0.00695520406589,
                    -0.000411777436966,
                    -0.00105781888124,
                    -0.000128603234771,
                    0.000754423672333,
                    -0.00195328774862,
                    0.00097849406302
                ],
                [
                    -0.000388062791899,
                    0.000508287397679,
                    -0.000713083602022,
                    0.000967713771388,
                    -0.000795080617536,
                    -0.00128902122378,
                    -0.000411777436966,
                    0.00814013276249,
                    -0.00164048338775,
                    -0.00183616310824,
                    -0.00025248361635,
                    0.000505681266077,
                    -0.00202069757506
                ],
                [
                    0.000300943764159,
                    -0.000396346178604,
                    0.000270123971859,
                    -0.00211555417627,
                    -0.0009156196611,
                    0.0007020146586,
                    -0.00105781888124,
                    -0.00164048338775,
                    0.0104098636657,
                    -0.00130091339815,
                    -0.00163573166355,
                    -0.00127326289658,
                    0.000492850434966
                ],
                [
                    -0.000312565651257,
                    0.000966817082372,
                    -9.216710896e-05,
                    0.000969090266153,
                    0.00024467203184,
                    -0.0013705927413,
                    -0.000128603234771,
                    -0.00183616310824,
                    -0.00130091339815,
                    0.0112339537591,
                    -0.00284769688733,
                    0.002123555867,
                    -0.00218164524995
                ],
                [
                    0.000466856348794,
                    -0.00111605552956,
                    6.80821613059e-05,
                    -0.000610131537542,
                    0.000663358368911,
                    -0.000206564363907,
                    0.000754423672333,
                    -0.00025248361635,
                    -0.00163573166355,
                    -0.00284769688733,
                    0.0129554113373,
                    -0.00496963318437,
                    0.000456238543848
                ],
                [
                    -0.000514079409186,
                    0.00116927933414,
                    0.000233917249716,
                    0.000130965243443,
                    -0.000126559505588,
                    0.000919801008422,
                    -0.00195328774862,
                    0.000505681266077,
                    -0.00127326289658,
                    0.002123555867,
                    -0.00496963318437,
                    0.0135620590299,
                    -0.00204293616116
                ],
                [
                    0.00041124082054,
                    -0.000472109823022,
                    0.000990661792457,
                    0.000190643128008,
                    0.000594021228608,
                    -0.000821469700895,
                    0.00097849406302,
                    -0.00202069757506,
                    0.000492850434966,
                    -0.00218164524995,
                    0.000456238543848,
                    -0.00204293616116,
                    0.0108811333776
                ]
            ],
            "mean": [
                5.10263776779,
                81.1218643188,
                -80.2119445801,
                24.8705310822,
                -44.9160690308,
                14.5922746658,
                -34.4364738464,
                13.7093515396,
                -27.2236175537,
                9.19935894012,
                -18.3846130371,
                -3.20543432236,
                -5.42303085327
            ]
        },
        "hfc": {
            "dmean": 9.98009967804,
            "dmean2": 14.5657052994,
            "dvar": 218.817687988,
            "dvar2": 435.448150635,
            "max": 271.55947876,
            "mean": 35.8962631226,
            "median": 24.9570732117,
            "min": 1.20507311231e-16,
            "var": 1150.63818359
        },
        "melbands": {
            "dmean": [
                0.00128741702065,
                0.00214080582373,
                0.0013561937958,
                0.000549038406461,
                0.000285266432911,
                0.000299414939946,
                0.000195444212295,
                0.000152492037159,
                7.14999841875e-05,
                0.000104683022073,
                0.000109177453851,
                4.91718019475e-05,
                4.73900436191e-05,
                3.38107201969e-05,
                3.07952177536e-05,
                2.51746059803e-05,
                2.22091439355e-05,
                2.10377929761e-05,
                1.53868277266e-05,
                1.76481953531e-05,
                1.25932219817e-05,
                1.38068198794e-05,
                6.96446204529e-06,
                4.00369026465e-06,
                4.94931964568e-06,
                5.60787611903e-06,
                5.88513694311e-06,
