{
    "lowlevel": {
        "average_loudness": 0.582185864449,
        "barkbands": {
            "dmean": [
                2.36138221226e-05,
                0.00064060970908,
                0.000233324390138,
                0.000592613068875,
                0.00135131785646,
                0.000928850844502,
                0.000680354365613,
                0.000550524680875,
                0.000490147504024,
                0.000355204712832,
                0.000339377118507,
                0.000307789130602,
                0.000196326960577,
                0.000138209215947,
                0.000203801799216,
                0.000159830335178,
                0.000192494437215,
                0.000125684004161,
                5.05392417836e-05,
                6.45594336675e-05,
                6.30159192951e-05,
                4.08763989981e-05,
                3.0076245821e-05,
                2.37287258642e-05,
                2.99888306472e-05,
                1.16578012239e-05,
                1.68886674601e-06
            ],
            "dmean2": [
                3.87574145861e-05,
                0.000937136413995,
                0.000352208240656,
                0.00091423309641,
                0.00204529822804,
                0.0012959697051,
                0.00101550121326,
                0.000735113979317,
                0.000673503614962,
                0.000490958336741,
                0.000473617867101,
                0.000452543317806,
                0.000294130528346,
                0.000212239727261,
                0.000314271834213,
                0.000244207883952,
                0.000293626944767,
                0.000194615888176,
                8.18496773718e-05,
                0.000103450518509,
                9.63946076808e-05,
                6.02875006734e-05,
                4.32845117757e-05,
                3.38459940394e-05,
                4.38873685198e-05,
                1.70904077095e-05,
                2.74850799542e-06
            ],
            "dvar": [
                3.76433950677e-09,
                1.72903958173e-06,
                2.13131542637e-07,
                1.80082690804e-06,
                5.86313672102e-06,
                3.27302268488e-06,
                2.21296272684e-06,
                1.94316135094e-06,
                1.83017527888e-06,
                8.19052218048e-07,
                9.95968207462e-07,
                7.83527639214e-07,
                2.84332031697e-07,
                1.63579301216e-07,
                2.95650210091e-07,
                2.32879813211e-07,
                3.08309978436e-07,
                1.29259859705e-07,
                1.39970266488e-08,
                3.58990526195e-08,
                4.78375348223e-08,
                3.01175617778e-08,
                2.06348715892e-08,
                8.27694002226e-09,
                8.05958144667e-09,
                1.46625389608e-09,
                1.0765655728e-10
            ],
            "dvar2": [
                8.91346552123e-09,
                3.61377033187e-06,
                5.12084966431e-07,
                4.47431466455e-06,
                1.47983882925e-05,
                7.19802346794e-06,
                5.27133533978e-06,
                3.64111974704e-06,
                3.72241674995e-06,
                1.53697874339e-06,
                1.95473558051e-06,
                1.75034097083e-06,
                6.01941735567e-07,
                3.75368301775e-07,
                6.3479376422e-07,
                5.00642784118e-07,
                6.9785477308e-07,
                2.86065159116e-07,
                3.44472859126e-08,
                9.21773235518e-08,
                1.00900770406e-07,
                5.79620547114e-08,
                4.22625099361e-08,
                1.36821940444e-08,
                1.67735567658e-08,
                3.05140090973e-09,
                2.75961170582e-10
            ],
            "max": [
                0.00128361664247,
                0.039475120604,
                0.0173715595156,
                0.0402855910361,
                0.0704640895128,
                0.051847230643,
                0.0604057163,
                0.0422391034663,
                0.0433732941747,
                0.0293817128986,
                0.0337918549776,
                0.0419402234256,
                0.0193149708211,
                0.0133315855637,
                0.0188752505928,
                0.0152586195618,
                0.0163019802421,
                0.018544562161,
                0.00328988791443,
                0.00999648217112,
                0.0105290012434,
                0.00703293131664,
                0.00538080139086,
                0.00430271495134,
                0.00310099357739,
                0.00139089033473,
                0.000408592866734
            ],
            "mean": [
                0.000185285040061,
                0.00553482957184,
                0.000746286066715,
                0.00127619842533,
                0.00435376027599,
                0.00326605862938,
                0.00200843578205,
                0.00154953321908,
                0.00127888040151,
                0.000943136808928,
                0.000880509265698,
                0.0007818111917,
                0.000466655590571,
                0.000285338493995,
                0.000431094231317,
                0.000313821074087,
                0.000453253800515,
                0.00030530220829,
                0.000120049182442,
                0.000168925223988,
                0.000144212026498,
                7.51189509174e-05,
                5.87531867495e-05,
                4.50646148238e-05,
                5.01904687553e-05,
                1.59564224305e-05,
                1.53839050654e-06
            ],
            "median": [
                8.84765768205e-07,
                0.00438586156815,
                0.000344281754224,
                0.000515206484124,
                0.00255790213123,
                0.00131916895043,
                0.00066062953556,
                0.00032771579572,
                0.000330191163812,
                0.000177309848368,
                0.000160599054652,
                0.000133651541546,
                0.000110102308099,
                5.48460120626e-05,
                9.67996311374e-05,
                7.36804795451e-05,
                0.000107505024062,
                8.12063590274e-05,
                3.82619546144e-05,
                4.68244834337e-05,
                2.95294175885e-05,
                1.4343933799e-05,
                7.77677996666e-06,
                1.12875623017e-05,
                1.32178656713e-05,
                3.13315717904e-06,
                5.9060912605e-08
            ],
            "min": [
                1.86443251758e-24,
                1.65612574918e-23,
                2.20195769994e-24,
                1.25036583402e-23,
                7.89356562305e-23,
                4.52385538962e-23,
                7.77283708794e-23,
                5.47808299759e-23,
                6.02645681596e-23,
                1.92248431828e-23,
                3.96094254923e-23,
                1.55340735029e-22,
                1.77740572962e-22,
                6.34565707503e-23,
                2.2076730603e-22,
                1.53661925427e-22,
                2.2317531341e-22,
                1.77347164873e-22,
                1.99050874077e-22,
                2.94432323807e-22,
                3.26078848482e-22,
                4.7931314819e-22,
                6.0101194435e-22,
                9.05880506658e-22,
                1.44218758045e-21,
                1.59610476865e-21,
                2.35969385212e-21
            ],
            "var": [
                8.64662581535e-08,
                4.30166037404e-05,
                1.32765512717e-06,
                5.03544879393e-06,
                2.77936505881e-05,
                2.56218772847e-05,
                1.8029984858e-05,
                1.14929462143e-05,
                7.47298918213e-06,
                4.42314603788e-06,
                5.58423380426e-06,
                5.24768665855e-06,
                1.40977499541e-06,
                5.29616954736e-07,
                1.06260733901e-06,
                7.48277955154e-07,
                1.40540510074e-06,
                7.31565478418e-07,
                4.76601549337e-08,
                1.19652966646e-07,
                1.6087857091e-07,
                7.76704993655e-08,
                5.48887975071e-08,
                2.31078143287e-08,
                1.62571858198e-08,
                2.63546340307e-09,
                9.4448428245e-11
            ]
        },
        "barkbands_crest": {
            "dmean": 1.52245914936,
            "dmean2": 2.26847410202,
            "dvar": 2.56755256653,
            "dvar2": 5.93711185455,
            "max": 26.4563961029,
            "mean": 11.0365829468,
            "median": 10.1759605408,
            "min": 3.14217472076,
            "var": 18.0828342438
        },
        "barkbands_flatness_db": {
            "dmean": 0.0140821086243,
            "dmean2": 0.0197141952813,
            "dvar": 0.000218564571696,
            "dvar2": 0.000403776095482,
            "max": 0.419961005449,
            "mean": 0.168087035418,
            "median": 0.159899324179,
            "min": 0.0342527590692,
            "var": 0.00303988810629
        },
        "barkbands_kurtosis": {
            "dmean": 2.03876924515,
            "dmean2": 3.00544953346,
            "dvar": 13.5376348495,
            "dvar2": 26.6899909973,
            "max": 204.641571045,
            "mean": 5.68621349335,
            "median": 3.68030714989,
            "min": -1.92146468163,
            "var": 71.5420227051
        },
        "barkbands_skewness": {
            "dmean": 0.325141578913,
            "dmean2": 0.467414915562,
            "dvar": 0.143673494458,
            "dvar2": 0.286515593529,
            "max": 13.3029603958,
            "mean": 1.73324406147,
            "median": 1.67847418785,
            "min": -5.52898168564,
            "var": 1.27660489082
        },
        "barkbands_spread": {
            "dmean": 2.98025178909,
            "dmean2": 4.22715377808,
            "dvar": 26.9956626892,
            "dvar2": 45.7813491821,
            "max": 143.767822266,
            "mean": 16.8597068787,
            "median": 13.5058822632,
            "min": 0.547077596188,
            "var": 224.545181274
        },
        "dissonance": {
            "dmean": 0.0191811844707,
            "dmean2": 0.0319840162992,
            "dvar": 0.000330285489326,
            "dvar2": 0.000904477026779,
            "max": 0.499994248152,
            "mean": 0.443129837513,
            "median": 0.450639724731,
            "min": 0.257568925619,
            "var": 0.00130014284514
        },
        "dynamic_complexity": 4.44029998779,
        "erbbands": {
            "dmean": [
                0.0165470782667,
                0.154441297054,
                0.292129456997,
                0.974865555763,
                3.29539299011,
                5.3836684227,
                7.0448346138,
                7.41995048523,
                7.77279520035,
                9.89369392395,
                12.240521431,
                13.2370328903,
                9.44264793396,
                14.9029579163,
                9.12558746338,
                14.4090099335,
                8.56499099731,
                7.75435161591,
                8.30470180511,
                8.75345802307,
                7.98464250565,
                7.75454998016,
                7.18993234634,
                3.75975060463,
                2.27065372467,
                2.57292819023,
                3.36682319641,
                1.52039790154,
                1.52020931244,
                1.21306753159,
                0.867931485176,
                0.487932413816,
                0.436456292868,
                0.312720358372,
                0.229912444949,
                0.0796661973,
                0.0162176452577,
                0.00310975708999,
                0.000331043731421,
                1.22875626403e-05
            ],
            "dmean2": [
                0.023372810334,
                0.227730050683,
                0.442450612783,
                1.52420163155,
                5.11222219467,
                8.06804656982,
                10.3621587753,
                9.98078155518,
                11.477678299,
                13.7658824921,
                16.4415187836,
                17.943359375,
                12.7609996796,
                20.4231185913,
                12.8979873657,
                21.3696289063,
                12.8209133148,
                11.7762079239,
                12.6043319702,
                13.302520752,
                12.3633804321,
                11.5869989395,
                11.0424461365,
                5.93676805496,
                3.73804593086,
                4.06443119049,
                5.1244354248,
                2.34030985832,
                2.32959675789,
                1.76424980164,
                1.26057386398,
                0.688460707664,
                0.635882854462,
                0.467919319868,
                0.338113844395,
                0.116542205215,
                0.0241022426635,
                0.00481751887128,
                0.000553888850845,
                1.92387578863e-05
            ],
            "dvar": [
                0.00207289354876,
                0.0852705389261,
                0.282385110855,
                4.55835151672,
                42.3514442444,
                112.941871643,
                245.650497437,
                306.487976074,
                322.126098633,
                398.360076904,
                1108.41333008,
                1329.83203125,
                820.887329102,
                1425.37841797,
                663.765197754,
                1925.05444336,
                563.813171387,
                471.767486572,
                571.40814209,
                559.447509766,
                453.042205811,
                464.30267334,
                384.306365967,
                79.9374008179,
                35.9760322571,
                38.659740448,
                163.86076355,
                26.7737884521,
                47.7712860107,
                34.9471817017,
                17.6345348358,
                4.35902738571,
                2.61045479774,
                1.06661224365,
                0.485777527094,
                0.0738812983036,
                0.00268289074302,
                0.000136092057801,
                6.35632704871e-06,
                6.64160015873e-09
            ],
            "dvar2": [
                0.00380866113119,
                0.190529555082,
                0.654316723347,
                11.5228223801,
                117.112960815,
                274.389678955,
                569.311645508,
                620.268066406,
                781.916015625,
                777.557495117,
                2033.70495605,
                2648.46899414,
                1592.40722656,
                2640.75073242,
                1308.6940918,
                4353.34130859,
                1204.82897949,
                1073.86743164,
                1114.2755127,
                1268.61096191,
                1071.07556152,
                1008.94000244,
                858.640930176,
                193.29927063,
                97.2564849854,
                94.8133163452,
                347.703094482,
                62.6860351563,
                107.695983887,
                64.2716064453,
                37.3078765869,
                7.64479732513,
                4.68957948685,
                2.29146456718,
                1.01323962212,
                0.153350830078,
                0.00538750831038,
                0.000330320530338,
                1.6908352336e-05,
                1.71518053094e-08
            ],
            "max": [
                1.57618165016,
                7.68909788132,
                19.0472717285,
                60.3351478577,
                167.619888306,
                315.897674561,
                554.238098145,
                643.677124023,
                736.088928223,
                733.722839355,
                1162.13500977,
                1136.38256836,
                1044.87109375,
                1268.37780762,
                1001.65246582,
                2097.79125977,
                1024.6496582,
                773.884643555,
                1116.98364258,
                720.036132813,
                614.477294922,
                771.45489502,
                1021.52752686,
                271.491027832,
                319.870056152,
                207.418212891,
                598.712463379,
                234.384338379,
                303.982269287,
                296.448303223,
                163.415664673,
                91.4035720825,
                76.2455444336,
                43.3899421692,
                20.3153858185,
                9.34714603424,
                2.14159345627,
                0.495006531477,
                0.109079062939,
                0.00349689926952
            ],
            "mean": [
                0.180965557694,
                1.12326431274,
                1.24298155308,
                2.36104941368,
                9.15884685516,
                16.2317466736,
                22.3061313629,
                26.5351142883,
                25.7333393097,
                30.38712883,
                35.9149627686,
                36.2166786194,
                27.4112052917,
                41.2875480652,
                24.0129318237,
                37.3351631165,
                22.8160839081,
                19.0811347961,
                18.7938690186,
                19.9391727448,
                18.6972408295,
                20.1140403748,
                19.3017120361,
                9.95440578461,
                5.88630867004,
                7.23829936981,
                8.5310049057,
                3.41588687897,
                2.73074865341,
                2.26123356819,
                1.63879919052,
                0.935646831989,
                0.788852572441,
                0.529875278473,
                0.367914736271,
                0.113506861031,
                0.0217031892389,
                0.00340959290043,
                0.000310676230583,
                3.9433263737e-05
            ],
            "median": [
                0.0536967143416,
                0.735521972179,
                0.746727466583,
                1.21193611622,
                4.69748878479,
                7.26600933075,
                9.35579490662,
                10.1543579102,
                8.83813095093,
                11.8359260559,
                8.74338531494,
                11.0328397751,
                6.53093719482,
                9.62859249115,
                6.76069927216,
                6.93668317795,
                5.7839307785,
                4.71646165848,
                5.32730484009,
                5.23469734192,
                5.79722309113,
                5.49632740021,
                5.20960998535,
                3.11267089844,
                2.11716914177,
                2.10711956024,
                1.78086423874,
                0.846906006336,
                0.566477417946,
                0.318497508764,
                0.221088469028,
                0.217034310102,
                0.186066314578,
                0.131886333227,
                0.0998117774725,
                0.0251136291772,
                0.00375002902001,
                0.00036419526441,
                2.84133457171e-05,
                2.84109410131e-05
            ],
            "min": [
                6.68725744971e-22,
                2.80783793212e-21,
                2.86948409234e-21,
                2.43696972734e-20,
                1.02188057568e-19,
                2.68828167309e-19,
                4.7770616123e-19,
                3.47954274303e-19,
                6.86201842611e-19,
                1.59518110517e-18,
                1.15872370105e-18,
                1.8035765426e-18,
                5.30732109109e-19,
                6.05685787845e-19,
                2.52813009732e-18,
                7.34343071838e-18,
                9.21448348547e-18,
                3.51343558975e-18,
                8.25359739871e-18,
                1.15943077504e-17,
                7.93188452461e-18,
                1.17926325741e-17,
                8.62371357353e-18,
                1.29022382903e-17,
                8.59261819994e-18,
                1.28923427287e-17,
                1.64841809784e-17,
                1.2266181067e-17,
                1.99841591668e-17,
                1.41293119254e-17,
                1.65908839687e-17,
                2.06657162868e-17,
                1.58957660497e-17,
                1.46169249703e-17,
                1.01316191625e-17,
                5.96816891735e-18,
                2.77578652516e-18,
                1.25517027214e-18,
                3.44817579571e-19,
                3.61670667231e-20
            ],
            "var": [
                0.0693264231086,
                1.7171882391,
                2.40088033676,
                11.9285821915,
                170.014297485,
                510.088439941,
                1221.23754883,
                2552.50952148,
                2862.17553711,
                3077.6940918,
                7001.87890625,
                5756.40136719,
                3995.09057617,
                9258.44335938,
                3330.96508789,
                12604.2177734,
                2824.30761719,
                1822.24829102,
                1820.29260254,
                1984.71313477,
                1813.84960938,
                2205.66796875,
                2628.42089844,
                372.403747559,
                103.604774475,
                193.363693237,
                532.243591309,
                68.3539962769,
                96.3014068604,
                98.8116607666,
                42.8425178528,
                12.0319395065,
                6.56260347366,
                2.1555480957,
                0.91926419735,
                0.133378654718,
                0.00488901371136,
                0.00015083469043,
                5.10377003593e-06,
                6.50342357744e-09
            ]
        },
        "erbbands_crest": {
            "dmean": 2.06276392937,
            "dmean2": 3.10389280319,
            "dvar": 4.03158903122,
            "dvar2": 8.93322753906,
            "max": 32.0532417297,
            "mean": 10.7898168564,
            "median": 9.89058303833,
            "min": 2.47198462486,
            "var": 22.6565055847
        },
        "erbbands_flatness_db": {
            "dmean": 0.0132362227887,
            "dmean2": 0.018102588132,
            "dvar": 0.000199043526663,
            "dvar2": 0.00035068843863,
            "max": 0.432439148426,
            "mean": 0.180970683694,
            "median": 0.177103832364,
            "min": 0.0448572896421,
            "var": 0.00252437707968
        },
        "erbbands_kurtosis": {
            "dmean": 0.824126601219,
            "dmean2": 1.23377799988,
            "dvar": 1.55539369583,
            "dvar2": 3.15867853165,
            "max": 43.1304016113,
            "mean": 1.12670135498,
            "median": 0.439055025578,
            "min": -1.87976408005,
            "var": 8.08175563812
        },
        "erbbands_skewness": {
            "dmean": 0.269395887852,
            "dmean2": 0.39128395915,
            "dvar": 0.0751553103328,
            "dvar2": 0.148584887385,
            "max": 4.70875930786,
            "mean": 0.69709867239,
            "median": 0.70522993803,
            "min": -5.25944042206,
            "var": 0.645772755146
        },
        "erbbands_spread": {
            "dmean": 5.1853723526,
            "dmean2": 7.54811429977,
            "dvar": 51.5605201721,
            "dvar2": 107.596183777,
            "max": 128.839248657,
            "mean": 32.0997276306,
            "median": 29.1294708252,
            "min": 1.3637471199,
            "var": 270.570648193
        },
        "gfcc": {
            "cov": [
                [
                    14933.4580078,
                    -37.3432235718,
                    15.5936450958,
                    890.17791748,
                    325.165527344,
                    815.72869873,
                    100.032066345,
                    675.517333984,
                    -23.9827575684,
                    494.356414795,
                    2.32750177383,
                    344.994934082,
                    167.357894897
                ],
                [
                    -37.3432235718,
                    1175.43688965,
                    -123.866317749,
                    -88.9347305298,
                    138.53817749,
                    -135.842788696,
                    120.095039368,
                    -121.002250671,
                    35.0053787231,
                    -103.332992554,
                    88.5354614258,
                    -130.961410522,
                    1.45080327988
                ],
                [
                    15.5936450958,
                    -123.866317749,
                    728.962158203,
                    198.511627197,
                    91.9374542236,
                    194.614532471,
                    46.1647567749,
                    73.6135787964,
                    56.9771080017,
                    84.7987823486,
                    22.6566829681,
                    100.090240479,
                    -43.7959136963
                ],
                [
                    890.17791748,
                    -88.9347305298,
                    198.511627197,
                    466.111846924,
                    129.202484131,
                    121.741188049,
                    98.7546920776,
                    73.9023971558,
                    76.0014419556,
                    54.4768180847,
                    47.3108978271,
                    98.8987045288,
                    23.2123908997
                ],
                [
                    325.165527344,
                    138.53817749,
                    91.9374542236,
                    129.202484131,
                    352.47958374,
                    96.4513015747,
                    111.336677551,
                    106.317115784,
                    25.6298809052,
                    56.543964386,
                    45.4526901245,
                    30.5813102722,
                    53.4655532837
                ],
                [
                    815.72869873,
                    -135.842788696,
                    194.614532471,
                    121.741188049,
                    96.4513015747,
                    311.924835205,
                    135.084396362,
                    79.1375656128,
                    42.6032791138,
                    83.92527771,
                    36.9967575073,
                    58.8456535339,
                    -22.8343811035
                ],
                [
                    100.032066345,
                    120.095039368,
                    46.1647567749,
                    98.7546920776,
                    111.336677551,
                    135.084396362,
                    312.668304443,
                    31.1036052704,
                    75.6797027588,
                    64.9581604004,
                    78.6243743896,
                    43.8523712158,
                    -27.1045913696
                ],
                [
                    675.517333984,
                    -121.002250671,
                    73.6135787964,
                    73.9023971558,
                    106.317115784,
                    79.1375656128,
                    31.1036052704,
                    219.141387939,
                    33.7316360474,
                    68.4967498779,
                    11.8514471054,
                    50.6976928711,
                    57.4351119995
                ],
                [
                    -23.9827575684,
                    35.0053787231,
                    56.9771080017,
                    76.0014419556,
                    25.6298809052,
                    42.6032791138,
                    75.6797027588,
                    33.7316360474,
                    180.890426636,
                    19.8706855774,
                    50.1474647522,
                    53.8778686523,
                    -18.8766899109
                ],
                [
                    494.356414795,
                    -103.332992554,
                    84.7987823486,
                    54.4768180847,
                    56.543964386,
                    83.92527771,
                    64.9581604004,
                    68.4967498779,
                    19.8706855774,
                    155.567428589,
                    45.3262443542,
                    53.7803192139,
                    17.4193019867
                ],
                [
                    2.32750177383,
                    88.5354614258,
                    22.6566829681,
                    47.3108978271,
                    45.4526901245,
                    36.9967575073,
                    78.6243743896,
                    11.8514471054,
                    50.1474647522,
                    45.3262443542,
                    122.223907471,
                    52.8480911255,
                    -1.70614266396
                ],
                [
                    344.994934082,
                    -130.961410522,
                    100.090240479,
                    98.8987045288,
                    30.5813102722,
                    58.8456535339,
                    43.8523712158,
                    50.6976928711,
                    53.8778686523,
                    53.7803192139,
                    52.8480911255,
                    146.950683594,
                    15.5888853073
                ],
                [
                    167.357894897,
                    1.45080327988,
                    -43.7959136963,
                    23.2123908997,
                    53.4655532837,
                    -22.8343811035,
                    -27.1045913696,
                    57.4351119995,
                    -18.8766899109,
                    17.4193019867,
                    -1.70614266396,
                    15.5888853073,
                    110.893928528
                ]
            ],
            "icov": [
                [
                    0.000150958730956,
                    -0.000290564756142,
                    0.000273780751741,
                    -0.000324912805809,
                    0.000188041536603,
                    -0.000508139783051,
                    0.000328451686073,
                    -0.000430934538599,
                    0.000251354998909,
                    -0.000485196243972,
                    0.000486001052195,
                    -0.00048253298155,
                    0.000254606246017
                ],
                [
                    -0.000290564756142,
                    0.00216073938645,
                    -0.000758044596296,
                    0.000902056519408,
                    -0.00117607391439,
                    0.00171656929888,
                    -0.00138049095403,
                    0.00156377523672,
                    -0.000951831811108,
                    0.00194337195717,
                    -0.002605445683,
                    0.00264722341672,
                    -0.00118431902956
                ],
                [
                    0.000273780751741,
                    -0.000758044596296,
                    0.00251958728768,
                    -0.00113191909622,
                    9.94898146018e-05,
                    -0.00184657238424,
                    0.00130815024022,
                    -0.000998656149022,
                    0.000437885551946,
                    -0.00153786560986,
                    0.00155297154561,
                    -0.00195243256167,
                    0.00185197684914
                ],
                [
                    -0.000324912805809,
                    0.000902056519408,
                    -0.00113191909622,
                    0.00377436541021,
                    -0.00113439257257,
                    0.000826308270916,
                    -0.00118977762759,
                    0.00114686973393,
                    -0.00121536920778,
                    0.00150191434659,
                    -0.00121249561198,
                    0.000143402387039,
                    -0.00140788534191
                ],
                [
                    0.000188041536603,
                    -0.00117607391439,
                    9.94898146018e-05,
                    -0.00113439257257,
                    0.00491809193045,
                    -0.00136045459658,
                    -0.000396686111344,
                    -0.00215396075509,
                    0.00085207959637,
                    -0.000936875643674,
                    0.000476689630887,
                    -0.000417749601183,
                    -0.00126605434343
                ],
                [
                    -0.000508139783051,
                    0.00171656929888,
                    -0.00184657238424,
                    0.000826308270916,
                    -0.00136045459658,
                    0.00742995506153,
                    -0.00304468930699,
                    0.000634955125861,
                    -0.000677045667544,
                    0.000868820876349,
                    -0.00196932279505,
                    0.00201893690974,
                    0.000389132474083
                ],
                [
                    0.000328451686073,
                    -0.00138049095403,
                    0.00130815024022,
                    -0.00118977762759,
                    -0.000396686111344,
                    -0.00304468930699,
                    0.00635841395706,
                    -0.00087014521705,
                    -0.000330630195094,
                    -0.00241330475546,
                    5.67837923882e-05,
                    -0.00165920855943,
                    0.0024140777532
                ],
                [
                    -0.000430934538599,
                    0.00156377523672,
                    -0.000998656149022,
                    0.00114686973393,
                    -0.00215396075509,
                    0.000634955125861,
                    -0.00087014521705,
                    0.00883988291025,
                    -0.00226246216334,
                    4.12857389165e-06,
                    -0.000748907565139,
                    0.0012605584925,
                    -0.00420093629509
                ],
                [
                    0.000251354998909,
                    -0.000951831811108,
                    0.000437885551946,
                    -0.00121536920778,
                    0.00085207959637,
                    -0.000677045667544,
                    -0.000330630195094,
                    -0.00226246216334,
                    0.00799035187811,
                    -0.000194890686544,
                    -0.000540989916772,
                    -0.00286247138865,
                    0.00238602980971
                ],
                [
                    -0.000485196243972,
                    0.00194337195717,
                    -0.00153786560986,
                    0.00150191434659,
                    -0.000936875643674,
                    0.000868820876349,
                    -0.00241330475546,
                    4.12857389165e-06,
                    -0.000194890686544,
                    0.0117263793945,
                    -0.00490356935188,
                    0.00126127898693,
                    -0.0023042273242
                ],
                [
                    0.000486001052195,
                    -0.002605445683,
                    0.00155297154561,
                    -0.00121249561198,
                    0.000476689630887,
                    -0.00196932279505,
                    5.67837923882e-05,
                    -0.000748907565139,
                    -0.000540989916772,
                    -0.00490356935188,
                    0.0156075777486,
                    -0.00658247713,
                    0.00177780201193
                ],
                [
                    -0.00048253298155,
                    0.00264722341672,
                    -0.00195243256167,
                    0.000143402387039,
                    -0.000417749601183,
                    0.00201893690974,
                    -0.00165920855943,
                    0.0012605584925,
                    -0.00286247138865,
                    0.00126127898693,
                    -0.00658247713,
                    0.0141773056239,
                    -0.00332842301577
                ],
                [
                    0.000254606246017,
                    -0.00118431902956,
                    0.00185197684914,
                    -0.00140788534191,
                    -0.00126605434343,
                    0.000389132474083,
                    0.0024140777532,
                    -0.00420093629509,
                    0.00238602980971,
                    -0.0023042273242,
                    0.00177780201193,
                    -0.00332842301577,
                    0.0143947014585
                ]
            ],
            "mean": [
                -42.0065231323,
                112.043388367,
                -117.348014832,
                19.7608108521,
                -62.3341255188,
                2.61416435242,
                -42.9413871765,
                7.94695472717,
                -28.3598766327,
                2.09375572205,
                -14.4556894302,
                -0.202239796519,
                -4.00733280182
            ]
        },
        "hfc": {
            "dmean": 2.81888723373,
            "dmean2": 3.95294523239,
            "dvar": 22.8341827393,
            "dvar2": 43.2072029114,
            "max": 121.392753601,
            "mean": 16.3454017639,
            "median": 11.601568222,
            "min": 1.17156104785e-16,
            "var": 246.654815674
        },
        "melbands": {
            "dmean": [
                0.000161605334142,
                0.000166128389537,
                0.000236800668063,
                0.000308387709083,
                0.000232289457927,
                0.000163256627275,
                0.000132133282023,
                0.000105957711639,
                9.84322105069e-05,
                8.43295056256e-05,
                4.6195986215e-05,
                6.00912208029e-05,
                3.29388712998e-05,
                3.56114069291e-05,
                2.62080247921e-05,
                2.12955965253e-05,
                1.53397832037e-05,
                1.23903664644e-05,
                1.65070778166e-05,
                1.33878093038e-05,
                1.02807425719e-05,
                9.34686977416e-06,
                8.74586567079e-06,
                5.98017459197e-06,
                3.19836317431e-06,
                1.81694895218e-06,
