{
    "lowlevel": {
        "average_loudness": 0.445059031248,
        "barkbands": {
            "dmean": [
                0.00247454969212,
                0.0109794437885,
                0.00450855912641,
                0.00207087211311,
                0.00191760645248,
                0.00104710366577,
                0.00131092197262,
                0.00165819155518,
                0.00113409222104,
                0.000449628947536,
                0.000343103689374,
                0.000453679240309,
                0.000213988038013,
                0.000119862983411,
                6.73691829434e-05,
                8.28291085782e-05,
                0.000106020241219,
                7.58466121624e-05,
                0.000125191509142,
                6.69930159347e-05,
                4.91633982165e-05,
                8.7278043793e-05,
                0.000402927136747,
                0.000181931434781,
                4.68050748168e-05,
                1.10026294351e-05,
                5.04023034864e-07
            ],
            "dmean2": [
                0.00340499496087,
                0.0138415629044,
                0.00802893843502,
                0.00364675698802,
                0.00329513126053,
                0.00168296694756,
                0.002067361027,
                0.00254008313641,
                0.00159637862816,
                0.000651774462312,
                0.000510331010446,
                0.000654129777104,
                0.000308430171572,
                0.00018465386529,
                0.000100520483102,
                0.000131467764731,
                0.000155780318892,
                0.000123871708638,
                0.000176351051778,
                0.000100809331343,
                7.38889211789e-05,
                0.000141332900967,
                0.000706163933501,
                0.000308128393954,
                7.50224062358e-05,
                1.73930293386e-05,
                8.33807177969e-07
            ],
            "dvar": [
                6.64587278152e-05,
                0.00131220521871,
                0.000535497441888,
                9.34879935812e-05,
                5.93616277911e-05,
                7.24863821233e-06,
                6.99481461197e-06,
                9.66270999925e-06,
                5.38628682989e-06,
                1.05996480215e-06,
                6.30715419447e-07,
                1.62350011124e-06,
                4.05180173857e-07,
                1.95621581156e-07,
                5.64089184252e-08,
                1.08673283705e-07,
                1.05574834208e-07,
                1.32879250714e-07,
                8.72366499038e-08,
                4.0959420744e-08,
                4.34160192242e-08,
                8.78479440303e-08,
                3.03131400869e-06,
                5.2695662589e-07,
                2.20880842505e-08,
                1.15899245756e-09,
                6.692685902e-12
            ],
            "dvar2": [
                0.000190220656805,
                0.00287568778731,
                0.00158287666272,
                0.000279769679764,
                0.000167079735547,
                1.9482222342e-05,
                1.65192759596e-05,
                2.2209396775e-05,
                1.05566532511e-05,
                2.14055512515e-06,
                1.38687994422e-06,
                3.26131748807e-06,
                8.51718368722e-07,
                4.5955709993e-07,
                1.16412451234e-07,
                2.75349776757e-07,
                2.3269340943e-07,
                3.33774011096e-07,
                1.76946073793e-07,
                9.83600116911e-08,
                9.6077634737e-08,
                2.00980267095e-07,
                8.33427293401e-06,
                1.41960060773e-06,
                5.47347802637e-08,
                2.58758237059e-09,
                1.6930559385e-11
            ],
            "max": [
                0.138535156846,
                0.48047631979,
                0.224316269159,
                0.139201492071,
                0.100224927068,
                0.0403558164835,
                0.0343810915947,
                0.0347713306546,
                0.036719057709,
                0.025340391323,
                0.0184633620083,
                0.025381596759,
                0.0120157347992,
                0.00864535570145,
                0.00726794777438,
                0.00576429907233,
                0.00584039185196,
                0.00615949602798,
                0.00534456921741,
                0.00315475906245,
                0.00474165892228,
                0.003499569837,
                0.0167395062745,
                0.00646656611934,
                0.00232788990252,
                0.000473941268865,
                8.39711501612e-05
            ],
            "mean": [
                0.00952765438706,
                0.0496147125959,
                0.00540705770254,
                0.00274459761567,
                0.00255156424828,
                0.00173851812724,
                0.00209342082962,
                0.00260785454884,
                0.00234330189414,
                0.000783713185228,
                0.000577771104872,
                0.000774187850766,
                0.000321631581755,
                0.000160674142535,
                9.34623967623e-05,
                0.000108184780402,
                0.000159495364642,
                9.23847401282e-05,
                0.000219202440348,
                9.95248556137e-05,
                4.96768952871e-05,
                9.15568089113e-05,
                0.000292395561701,
                0.00014048909361,
                4.27610393672e-05,
                1.12317375169e-05,
                4.96204904721e-07
            ],
            "median": [
                4.27008757242e-07,
                2.96989164781e-05,
                0.000339885882568,
                0.0002310978889,
                0.0010480255587,
                0.000695494120009,
                0.000789423065726,
                0.000788863340858,
                0.00074503174983,
                0.000201672315598,
                0.000133698937134,
                0.000172676358488,
                5.99964259891e-05,
                3.40526348737e-05,
                1.94958684006e-05,
                2.58967647824e-05,
                4.32642409578e-05,
                2.20761648961e-05,
                6.98677831679e-05,
                2.83708905044e-05,
                2.45993874159e-06,
                4.58231897937e-06,
                2.67213385996e-06,
                4.6327650125e-06,
                1.80191875643e-06,
                5.23577512013e-07,
                2.50580427519e-08
            ],
            "min": [
                4.93180603068e-25,
                5.22712299336e-23,
                3.21384204706e-23,
                4.78266250882e-25,
                5.2113012835e-23,
                1.9037170018e-23,
                2.97104927755e-23,
                7.59899486362e-23,
                2.19753348399e-22,
                7.60953593858e-23,
                7.5273732354e-23,
                6.92140815334e-23,
                1.81712102656e-22,
                4.79961497191e-23,
                1.86596666272e-22,
                1.27578359503e-22,
                2.22500578589e-22,
                2.72670188408e-22,
                2.55274959789e-22,
                4.65643917885e-22,
                5.00852004397e-22,
                5.38731110826e-22,
                3.97903763e-22,
                9.3976886043e-22,
                1.44250494235e-21,
                1.35945215163e-21,
                2.4736070834e-21
            ],
            "var": [
                0.000416796567151,
                0.00933641660959,
                0.000362567428965,
                7.55268702051e-05,
                4.41230477009e-05,
                9.74026534095e-06,
                1.32030572786e-05,
                1.76971207111e-05,
                1.57713948283e-05,
                2.42251871896e-06,
                1.37453582738e-06,
                2.83400277112e-06,
                7.09883352101e-07,
                2.25254325414e-07,
                7.87180240991e-08,
                1.10995067359e-07,
                1.42851703799e-07,
                1.29754468503e-07,
                1.7498376792e-07,
                5.16545739515e-08,
                4.87154956375e-08,
                9.40104669667e-08,
                1.99553687708e-06,
                3.69743901274e-07,
                2.122269116e-08,
                1.32765798355e-09,
                6.45615809078e-12
            ]
        },
        "barkbands_crest": {
            "dmean": 2.27925205231,
            "dmean2": 3.51858949661,
            "dvar": 6.25418615341,
            "dvar2": 16.1581096649,
            "max": 26.7475566864,
            "mean": 13.3633728027,
            "median": 13.0618524551,
            "min": 2.65689516068,
            "var": 25.0998897552
        },
        "barkbands_flatness_db": {
            "dmean": 0.0253469347954,
            "dmean2": 0.0348866395652,
            "dvar": 0.000802002439741,
            "dvar2": 0.00139594916254,
            "max": 0.565565466881,
            "mean": 0.242195993662,
            "median": 0.235320150852,
            "min": 0.0392643399537,
            "var": 0.00695208460093
        },
        "barkbands_kurtosis": {
            "dmean": 7.07396554947,
            "dmean2": 10.7484388351,
            "dvar": 512.31640625,
            "dvar2": 916.581848145,
            "max": 1226.29040527,
            "mean": 14.2579956055,
            "median": 5.52916908264,
            "min": -1.91623198986,
            "var": 1207.29602051
        },
        "barkbands_skewness": {
            "dmean": 0.711310744286,
            "dmean2": 1.05225300789,
            "dvar": 1.00067687035,
            "dvar2": 1.96009469032,
            "max": 16.5991439819,
            "mean": 2.25507068634,
            "median": 1.83487737179,
            "min": -33.7159194946,
            "var": 4.38548517227
        },
        "barkbands_spread": {
            "dmean": 4.54316997528,
            "dmean2": 6.87301206589,
            "dvar": 87.870010376,
            "dvar2": 201.672409058,
            "max": 99.6501693726,
            "mean": 10.9501342773,
            "median": 7.06355428696,
            "min": 0.181758463383,
            "var": 160.079559326
        },
        "dissonance": {
            "dmean": 0.0316299796104,
            "dmean2": 0.0511899590492,
            "dvar": 0.000880051869899,
            "dvar2": 0.00215633679181,
            "max": 0.49989682436,
            "mean": 0.417105197906,
            "median": 0.429573118687,
            "min": 0.107929520309,
            "var": 0.0032932665199
        },
        "dynamic_complexity": 5.15824365616,
        "erbbands": {
            "dmean": [
                0.629789113998,
                2.35454773903,
                5.11142873764,
                6.46897268295,
                5.4918088913,
                6.29384803772,
                9.79172515869,
                8.44752979279,
                14.5172710419,
                26.1265163422,
                35.525138855,
                27.0733528137,
                14.9194374084,
                13.2544059753,
                14.1350030899,
                16.0178165436,
                9.82936859131,
                6.24719619751,
                4.09558200836,
                3.25721859932,
                5.14413690567,
                5.51899147034,
                3.89489674568,
                5.86893939972,
                5.2114443779,
                3.3865776062,
                1.91521084309,
                2.16741394997,
                3.046687603,
                6.17485666275,
                11.446896553,
                6.5052781105,
                1.84902966022,
                0.673455834389,
                0.275777280331,
                0.0725540220737,
                0.0186534356326,
                0.00156151514966,
                0.000102696874819,
                2.40944373218e-05
            ],
            "dmean2": [
                0.850718021393,
                3.09171438217,
                8.90165519714,
                11.3206329346,
                9.87927722931,
                10.6470651627,
                16.1700763702,
                13.3711843491,
                23.6224918365,
                39.5424232483,
                53.9911956787,
                37.4365348816,
                21.0509796143,
                19.3457698822,
                20.2130184174,
                22.9067382813,
                13.9718704224,
                9.32652282715,
                6.11111688614,
                4.69469118118,
                7.92484855652,
                8.14710617065,
                6.20700263977,
                8.54440879822,
                7.30207300186,
                5.06457185745,
                2.93095254898,
                3.2999856472,
                4.9498090744,
                10.4374570847,
                20.1016368866,
                11.2591733932,
                3.07429790497,
                1.09689903259,
                0.443373769522,
                0.115346245468,
                0.0297719743103,
                0.00249650399201,
                0.000163968434208,
                3.10335053655e-05
            ],
            "dvar": [
                4.26796770096,
                84.1502151489,
                702.340881348,
                926.622619629,
                810.708312988,
                545.68951416,
                812.911254883,
                422.990844727,
                943.147949219,
                3164.87207031,
                5050.80419922,
                3222.75439453,
                1137.49401855,
                1008.07318115,
                914.180725098,
                2381.15063477,
                810.710571289,
                441.612670898,
                178.936141968,
                178.780487061,
                322.413116455,
                301.031463623,
                381.21081543,
                265.174530029,
                163.676422119,
                112.5414505,
                64.2178573608,
                74.9175567627,
                109.504188538,
                578.006835938,
                2473.67797852,
                750.503479004,
                47.6894378662,
                5.13359451294,
                0.729170203209,
                0.0487924143672,
                0.00352776329964,
                2.77482722595e-05,
                2.14581987734e-07,
                3.47177331328e-09
            ],
            "dvar2": [
                12.3890390396,
                185.812606812,
                1995.14660645,
                2775.609375,
                2336.03540039,
                1527.3996582,
                2268.07373047,
                1075.26940918,
                2457.41894531,
                6683.19384766,
                11708.4716797,
                6032.49462891,
                2339.70019531,
                2205.53930664,
                1780.91235352,
                4705.17089844,
                1624.74645996,
                998.544677734,
                349.249908447,
                392.514007568,
                793.76159668,
                670.145690918,
                903.137329102,
                601.559997559,
                338.76083374,
                270.275970459,
                143.660522461,
                166.149902344,
                247.341751099,
                1544.53381348,
                6825.50244141,
                2030.25305176,
                126.626670837,
                13.1520557404,
                1.72993779182,
                0.108656980097,
                0.00826541520655,
                6.60444784444e-05,
                5.42637792478e-07,
                5.9548819209e-09
            ],
            "max": [
                22.4873142242,
                119.112861633,
                265.297180176,
                403.361450195,
                380.394866943,
                318.99432373,
                374.342102051,
                438.393341064,
                503.386444092,
                946.546386719,
                835.909912109,
                1115.28942871,
                726.307617188,
                682.396057129,
                597.273803711,
                884.167297363,
                493.944946289,
                314.76763916,
                352.077911377,
                323.546936035,
                327.119689941,
                292.611602783,
                326.77230835,
                313.832489014,
                240.476516724,
                171.865432739,
                156.844161987,
                186.757339478,
                130.439651489,
                236.796936035,
                471.695739746,
                242.278686523,
                62.0522613525,
                23.4191761017,
                17.8227043152,
                3.06063604355,
                0.867159962654,
                0.134238377213,
                0.0168873481452,
                0.00102405645885
            ],
            "mean": [
                2.71223664284,
                5.95480155945,
                6.18292665482,
                9.48227596283,
                6.08379220963,
                8.66960716248,
                14.1656007767,
                15.0270328522,
                22.5242862701,
                44.7401313782,
                59.2693443298,
                56.4442596436,
                31.5013847351,
                24.7796001434,
                27.4098377228,
                26.6976604462,
                16.4182758331,
                9.38306045532,
                6.36519289017,
                4.26521873474,
                7.78535032272,
                8.282538414,
                4.98827457428,
                9.71985149384,
                9.0115480423,
                4.97878074646,
                2.27246999741,
                2.15548157692,
                3.09769511223,
                5.19660377502,
                8.27334213257,
                4.82121658325,
                1.54234445095,
                0.58602142334,
                0.263047963381,
                0.0731199085712,
                0.0181883443147,
                0.00162310234737,
                0.000136630929774,
                9.70067922026e-05
            ],
            "median": [
                0.000393479451304,
                0.0170428492129,
                0.297353684902,
                0.943530440331,
                0.821266233921,
                3.20733809471,
                5.919257164,
                6.09872436523,
                10.8074979782,
                15.7284879684,
                19.7734279633,
                17.5849761963,
                9.80564117432,
                7.44251728058,
                8.25340938568,
                6.49889278412,
                3.70171976089,
                1.9914419651,
                1.49034583569,
                0.960939407349,
                2.23339819908,
                2.27615499496,
                1.25300633907,
                3.59644412994,
                2.429210186,
                1.38589382172,
                0.269519656897,
                0.120039477944,
                0.16837233305,
                0.119095124304,
                0.0685459151864,
                0.0898929387331,
                0.0649315267801,
                0.0225467067212,
                0.0112869506702,
                0.0033940973226,
                0.000774781045038,
                9.81439297902e-05,
                2.52759873547e-05,
                3.00208830595e-05
            ],
            "min": [
                1.05840011101e-21,
                1.38236226771e-20,
                3.48464211763e-20,
                2.08099755905e-20,
                9.87461073402e-20,
                2.09103801303e-19,
                4.58501592959e-20,
                1.9933089501e-19,
                2.16893916894e-19,
                6.81774771973e-19,
                3.40855363757e-18,
                4.81053750829e-18,
                1.73478199901e-18,
                3.5798424765e-18,
                2.58288986747e-18,
                2.9654381533e-18,
                9.32806200102e-18,
                3.87849810462e-18,
                7.88898114778e-18,
                7.36489770964e-18,
                8.25246333409e-18,
                1.17369658004e-17,
                1.51656980954e-17,
                1.38422264861e-17,
                1.0989887704e-17,
                2.5046016479e-17,
                1.97321784455e-17,
                2.01921206446e-17,
                2.21685496043e-17,
                1.73946024304e-17,
                1.12695673952e-17,
                1.68532772395e-17,
                1.63654772518e-17,
                1.53548924995e-17,
                9.93260116144e-18,
                4.63324002939e-18,
                2.67732163338e-18,
                1.60496551444e-18,
                3.49067194118e-19,
                3.09960020537e-20
            ],
            "var": [
                28.0714225769,
                193.054870605,
                501.43850708,
                784.544372559,
                527.319824219,
                444.689361572,
                792.886352539,
                728.017089844,
                1267.5703125,
                7096.11914063,
                9088.90917969,
                10476.9101563,
                2901.85400391,
                2088.04467773,
                2290.56860352,
                3885.89257813,
                1582.24829102,
                602.993896484,
                264.907928467,
                214.265808105,
                375.96661377,
                402.964141846,
                400.669342041,
                390.017669678,
                333.088348389,
                137.371841431,
                76.8516464233,
                81.7319946289,
                116.369087219,
                426.920410156,
                1616.49609375,
                511.019226074,
                35.884601593,
                4.39248228073,
                0.783028721809,
                0.0560157783329,
                0.0037097139284,
                3.07546688418e-05,
                2.13440884522e-07,
                2.3480321687e-08
            ]
        },
        "erbbands_crest": {
            "dmean": 2.87895107269,
            "dmean2": 4.5108537674,
            "dvar": 8.11020278931,
            "dvar2": 18.2873954773,
            "max": 31.8612651825,
            "mean": 11.8471183777,
            "median": 10.3912220001,
            "min": 2.55514001846,
            "var": 31.8948192596
        },
        "erbbands_flatness_db": {
            "dmean": 0.0223341379315,
            "dmean2": 0.0312203541398,
            "dvar": 0.000541325076483,
            "dvar2": 0.00100928649772,
            "max": 0.535906136036,
            "mean": 0.233996406198,
            "median": 0.222388029099,
            "min": 0.0548938773572,
            "var": 0.00689918221906
        },
        "erbbands_kurtosis": {
            "dmean": 1.92865371704,
            "dmean2": 2.89583945274,
            "dvar": 9.48673057556,
            "dvar2": 19.960062027,
            "max": 79.526512146,
            "mean": 2.96066260338,
            "median": 1.52251636982,
            "min": -1.90312027931,
            "var": 33.6143875122
        },
        "erbbands_skewness": {
            "dmean": 0.470754116774,
            "dmean2": 0.702926516533,
            "dvar": 0.258630722761,
            "dvar2": 0.5966553092,
            "max": 6.23778963089,
            "mean": 1.0035071373,
            "median": 1.0014847517,
            "min": -3.50995135307,
            "var": 0.917760908604
        },
        "erbbands_spread": {
            "dmean": 9.36124801636,
            "dmean2": 14.0060892105,
            "dvar": 234.860305786,
            "dvar2": 501.744903564,
            "max": 174.769744873,
            "mean": 28.2134132385,
            "median": 20.6835918427,
            "min": 0.566753327847,
            "var": 576.252990723
        },
        "gfcc": {
            "cov": [
                [
                    18998.2089844,
                    -2733.06933594,
                    2295.58984375,
                    3150.86987305,
                    -341.153900146,
                    3216.08007813,
                    297.562042236,
                    2210.38647461,
                    239.345977783,
                    826.346374512,
                    276.856384277,
                    380.259399414,
                    -113.552711487
                ],
                [
                    -2733.06933594,
                    2722.50146484,
                    -59.9555702209,
                    -462.695098877,
                    1062.97399902,
                    -567.190429688,
                    529.992553711,
                    -163.840621948,
                    216.429489136,
                    -159.104675293,
                    299.495910645,
                    -133.775177002,
                    256.908782959
                ],
                [
                    2295.58984375,
                    -59.9555702209,
                    2463.67236328,
                    1240.90405273,
                    394.013305664,
                    880.581604004,
                    230.127990723,
                    415.993743896,
                    290.798706055,
                    327.821929932,
                    172.051422119,
                    239.864440918,
                    123.179527283
                ],
                [
                    3150.86987305,
                    -462.695098877,
                    1240.90405273,
                    1296.66418457,
                    161.304656982,
                    723.028259277,
                    102.622711182,
                    375.195800781,
                    205.78477478,
                    245.693511963,
                    137.934814453,
                    138.329193115,
                    82.7316665649
                ],
                [
                    -341.153900146,
                    1062.97399902,
                    394.013305664,
                    161.304656982,
                    865.075866699,
                    79.3010635376,
                    351.493804932,
                    113.938697815,
                    212.136413574,
                    65.3681945801,
                    184.333847046,
                    -14.8019104004,
                    166.739120483
                ],
                [
                    3216.08007813,
                    -567.190429688,
                    880.581604004,
                    723.028259277,
                    79.3010635376,
                    973.566223145,
                    210.297531128,
                    441.662384033,
                    156.927719116,
                    222.27003479,
                    87.0731201172,
                    150.561294556,
                    26.9113235474
                ],
                [
                    297.562042236,
                    529.992553711,
                    230.127990723,
                    102.622711182,
                    351.493804932,
                    210.297531128,
                    543.852478027,
                    215.044708252,
                    110.244422913,
                    38.7624015808,
                    138.222091675,
                    51.2093429565,
                    90.1365432739
                ],
                [
                    2210.38647461,
                    -163.840621948,
                    415.993743896,
                    375.195800781,
                    113.938697815,
                    441.662384033,
                    215.044708252,
                    523.573425293,
                    94.7704086304,
                    138.505661011,
                    110.955482483,
                    52.0869407654,
                    22.9841499329
                ],
                [
                    239.345977783,
                    216.429489136,
                    290.798706055,
                    205.78477478,
                    212.136413574,
                    156.927719116,
                    110.244422913,
                    94.7704086304,
                    242.078094482,
                    82.0822601318,
                    76.4556808472,
                    23.0553607941,
                    54.0526046753
                ],
                [
                    826.346374512,
                    -159.104675293,
                    327.821929932,
                    245.693511963,
                    65.3681945801,
                    222.27003479,
                    38.7624015808,
                    138.505661011,
                    82.0822601318,
                    189.029510498,
                    61.5959396362,
                    25.8522377014,
                    18.1399383545
                ],
                [
                    276.856384277,
                    299.495910645,
                    172.051422119,
                    137.934814453,
                    184.333847046,
                    87.0731201172,
                    138.222091675,
                    110.955482483,
                    76.4556808472,
                    61.5959396362,
                    182.176895142,
                    16.3853263855,
                    55.2055053711
                ],
                [
                    380.259399414,
                    -133.775177002,
                    239.864440918,
                    138.329193115,
                    -14.8019104004,
                    150.561294556,
                    51.2093429565,
                    52.0869407654,
                    23.0553607941,
                    25.8522377014,
                    16.3853263855,
                    143.699234009,
                    18.1262874603
                ],
                [
                    -113.552711487,
                    256.908782959,
                    123.179527283,
                    82.7316665649,
                    166.739120483,
                    26.9113235474,
                    90.1365432739,
                    22.9841499329,
                    54.0526046753,
                    18.1399383545,
                    55.2055053711,
                    18.1262874603,
                    132.146209717
                ]
            ],
            "icov": [
                [
                    0.000301037565805,
                    -0.000309942290187,
                    0.000301904190565,
                    -0.000591929245275,
                    0.000262416462647,
                    -0.000749530387111,
                    0.000354744435754,
                    -0.000826036150102,
                    0.000466746278107,
                    -0.000345528736943,
                    0.00035346270306,
                    -0.000137587165227,
                    0.000401368684834
                ],
                [
                    -0.000309942290187,
                    0.00218847813085,
                    -0.000740992487408,
                    0.00127772020642,
                    -0.0016582920216,
                    0.0016324018361,
                    -0.00115732767154,
                    0.00122097041458,
                    -0.00120303884614,
                    0.00203731935471,
                    -0.00225986307487,
                    0.00120145920664,
                    -0.00130151922349
                ],
                [
                    0.000301904190565,
                    -0.000740992487408,
                    0.00137252162676,
                    -0.0013849218376,
                    0.000243281538133,
                    -0.00114155153278,
                    0.000578597653657,
                    -0.000819363514893,
                    0.00055865466129,
                    -0.00124029652216,
                    0.000962151098065,
                    -0.00119470688514,
                    0.000664697668981
                ],
                [
                    -0.000591929245275,
                    0.00127772020642,
                    -0.0013849218376,
                    0.00340508460067,
                    -0.000867355673108,
                    0.00103005208075,
                    -0.000464391487185,
                    0.00145894498564,
                    -0.00151096610352,
                    0.00109445664566,
                    -0.00190173182636,
                    0.000737764523365,
                    -0.00172481290065
                ],
                [
                    0.000262416462647,
                    -0.0016582920216,
                    0.000243281538133,
                    -0.000867355673108,
                    0.00369477411732,
                    -0.00105554738548,
                    -0.000120136995974,
                    -0.000833338825032,
                    -0.00018585206999,
                    -0.00140961119905,
                    0.000819766835775,
                    0.000283460947685,
                    -0.000566298549529
                ],
                [
                    -0.000749530387111,
                    0.0016324018361,
                    -0.00114155153278,
                    0.00103005208075,
                    -0.00105554738548,
                    0.00506733730435,
                    -0.00181067408994,
                    0.000992452492937,
                    -0.00179838284384,
                    0.000565911352169,
                    -0.000956419389695,
                    -0.000301494263113,
                    -0.000937264354434
                ],
                [
                    0.000354744435754,
                    -0.00115732767154,
                    0.000578597653657,
                    -0.000464391487185,
                    -0.000120136995974,
                    -0.00181067408994,
                    0.00416423846036,
                    -0.00209635146894,
                    0.000720301351976,
                    -0.000240897803451,
                    0.000111271096102,
                    -0.00149034056813,
                    0.00024713226594
                ],
                [
                    -0.000826036150102,
                    0.00122097041458,
                    -0.000819363514893,
                    0.00145894498564,
                    -0.000833338825032,
                    0.000992452492937,
                    -0.00209635146894,
                    0.00610933685675,
                    -0.00123448786326,
                    0.000454035092844,
                    -0.00235797162168,
                    0.00117250741459,
                    -0.000749593484215
                ],
                [
                    0.000466746278107,
                    -0.00120303884614,
                    0.00055865466129,
                    -0.00151096610352,
                    -0.00018585206999,
                    -0.00179838284384,
                    0.000720301351976,
                    -0.00123448786326,
                    0.00739490520209,
                    -0.00255244527943,
                    0.00078164000297,
                    -0.000666699605063,
                    0.000579786777962
                ],
                [
                    -0.000345528736943,
                    0.00203731935471,
                    -0.00124029652216,
                    0.00109445664566,
                    -0.00140961119905,
                    0.000565911352169,
                    -0.000240897803451,
                    0.000454035092844,
                    -0.00255244527943,
                    0.0109941354021,
                    -0.00389883271419,
                    0.00203251233324,
                    -0.00115321925841
                ],
                [
                    0.00035346270306,
                    -0.00225986307487,
                    0.000962151098065,
                    -0.00190173182636,
                    0.000819766835775,
                    -0.000956419389695,
                    0.000111271096102,
                    -0.00235797162168,
                    0.00078164000297,
                    -0.00389883271419,
                    0.0112469401211,
                    -0.00164818018675,
                    0.000228583216085
                ],
                [
                    -0.000137587165227,
                    0.00120145920664,
                    -0.00119470688514,
                    0.000737764523365,
                    0.000283460947685,
                    -0.000301494263113,
                    -0.00149034056813,
                    0.00117250741459,
                    -0.000666699605063,
                    0.00203251233324,
                    -0.00164818018675,
                    0.0103614330292,
                    -0.00202492182143
                ],
                [
                    0.000401368684834,
                    -0.00130151922349,
                    0.000664697668981,
                    -0.00172481290065,
                    -0.000566298549529,
                    -0.000937264354434,
                    0.00024713226594,
                    -0.000749593484215,
                    0.000579786777962,
                    -0.00115321925841,
                    0.000228583216085,
                    -0.00202492182143,
                    0.011873466894
                ]
            ],
            "mean": [
                -87.3157501221,
                129.874664307,
                -121.38117218,
                3.88763737679,
                -68.1069564819,
                -9.12438297272,
                -31.2219257355,
                8.27356529236,
                -21.2279682159,
                -9.72188854218,
                -2.85943078995,
                -7.25390005112,
                -12.3704795837
            ]
        },
        "hfc": {
            "dmean": 9.1905374527,
            "dmean2": 13.8411855698,
            "dvar": 599.479125977,
            "dvar2": 1437.99902344,
            "max": 239.737731934,
            "mean": 18.7995834351,
            "median": 11.7852840424,
            "min": 1.20493149899e-16,
            "var": 760.237854004
        },
        "melbands": {
            "dmean": [
                0.00385532598011,
                0.00278891855851,
                0.00108313083183,
                0.000396060437197,
                0.000331805174937,
                0.000190824022866,
                0.000231810292462,
                0.000304938032059,
                0.000273246841971,
                0.000171660809428,
                7.63299904065e-05,
                5.76936836296e-05,
                5.05101343151e-05,
                5.33967249794e-05,
                3.37609744747e-05,
                1.77762849489e-05,
                1.20058766697e-05,
                7.45475426811e-06,
                4.97221026308e-06,
                4.71646262667e-06,
                6.56430484014e-06,
                6.3662841967e-06,
                4.37088101535e-06,
                3.28711280417e-06,
                5.13690883963e-06,
                4.98897225043e-06,
                2.73726482192e-06,
