{
    "lowlevel": {
        "average_loudness": 0.933236837387,
        "barkbands": {
            "dmean": [
                0.000158965689479,
                0.00449612131342,
                0.00271908543073,
                0.00219462881796,
                0.00340457470156,
                0.00238607334904,
                0.000867473194376,
                0.000473859574413,
                0.00103675341234,
                0.00118424161337,
                0.000750596460421,
                0.00077761040302,
                0.000532760517672,
                0.000375401548808,
                0.000162036361871,
                0.000114987524285,
                7.5592797657e-05,
                0.000150636478793,
                0.00016861812037,
                0.000187896526768,
                0.000197927060071,
                0.000214573665289,
                0.00022814780823,
                0.000193246625713,
                0.000175818597199,
                0.000126122497022,
                6.7863962613e-05
            ],
            "dmean2": [
                0.000174261949724,
                0.00644770916551,
                0.00482886796817,
                0.00389399123378,
                0.00579856988043,
                0.00382922729477,
                0.00138445373159,
                0.000741336436477,
                0.00164677319117,
                0.00192141509615,
                0.00124576303642,
                0.00130307546351,
                0.000874408346135,
                0.000621084298473,
                0.000267847179202,
                0.000192466119188,
                0.000128086059703,
                0.000245870964136,
                0.000279441155726,
                0.000302953674691,
                0.00030559732113,
                0.000331702030962,
                0.00034578712075,
                0.000296218844596,
                0.000253670616075,
                0.000185616896488,
                0.000100182733149
            ],
            "dvar": [
                1.06815093659e-07,
                8.86120542418e-05,
                5.52934761799e-05,
                2.63055408141e-05,
                3.69578156096e-05,
                1.27745088321e-05,
                2.80645554085e-06,
                1.14688396025e-06,
                3.6410760913e-06,
                3.4993618101e-06,
                4.51336609331e-06,
                2.22296648644e-06,
                9.39446806569e-07,
                4.04680832844e-07,
                7.39452445941e-08,
                4.64032261505e-08,
                1.92342728411e-08,
                6.21603604145e-08,
                1.07064899169e-07,
                7.41621448697e-08,
                1.41292119338e-07,
                2.5201779863e-07,
                4.10297730014e-07,
                2.80204091041e-07,
                2.67903004669e-07,
                5.5505818608e-08,
                2.11727630983e-08
            ],
            "dvar2": [
                1.37563475278e-07,
                0.000169425024069,
                0.000156594265718,
                7.45956785977e-05,
                0.000100518547697,
                3.301335164e-05,
                7.15911392035e-06,
                2.53933876593e-06,
                9.2149421107e-06,
                8.40131633595e-06,
                1.05026138044e-05,
                5.95214760324e-06,
                2.34078265748e-06,
                1.11835822736e-06,
                1.91526950744e-07,
                1.21217524907e-07,
                5.18690335127e-08,
                1.63227255712e-07,
                2.81082492393e-07,
                1.8627825682e-07,
                3.2722675769e-07,
                5.45374859939e-07,
                7.20763864592e-07,
                5.82166535423e-07,
                4.98148381212e-07,
                1.22596759411e-07,
                4.78321453556e-08
            ],
            "max": [
                0.00411744881421,
                0.113530568779,
                0.079649657011,
                0.0562398657203,
                0.079198628664,
                0.0749377608299,
                0.0364393107593,
                0.0281853489578,
                0.0497279949486,
                0.0332117006183,
                0.0393642820418,
                0.0341989845037,
                0.0188709422946,
                0.0131656602025,
                0.00563604570925,
                0.00495658349246,
                0.00265928544104,
                0.00441944366321,
                0.0107589373365,
                0.00405389582738,
                0.0162839014083,
                0.0142929991707,
                0.0345193147659,
                0.0184632726014,
                0.0226916335523,
                0.00393534777686,
                0.00376209849492
            ],
            "mean": [
                0.000399383774493,
                0.0128465350717,
                0.00421173870564,
                0.00309824245051,
                0.00543175218627,
                0.00437874300405,
                0.00149980117567,
                0.000769821985159,
                0.00181788578629,
                0.00198970036581,
                0.00105278217234,
                0.00120762793813,
                0.000824337941594,
                0.000605484761763,
                0.000291326956358,
                0.000213243198232,
                0.000118172705697,
                0.000301080435747,
                0.000375373259885,
                0.000430498883361,
                0.000461660936708,
                0.000494971696753,
                0.000497586093843,
                0.000505127653014,
                0.000436483300291,
                0.000318726757541,
                0.000143236175063
            ],
            "median": [
                1.04032624222e-05,
                0.0036562490277,
                0.00102721829899,
                0.00106980802957,
                0.003156832885,
                0.00292464345694,
                0.00075855688192,
                0.000327636837028,
                0.000962392950896,
                0.00103377830237,
                0.000486954202643,
                0.000575514975935,
                0.000420212483732,
                0.000326604756992,
                0.00015791154874,
                0.000143331781146,
                6.82324462105e-05,
                0.000175225912244,
                0.000214399595279,
                0.000237465734244,
                0.000253008271102,
                0.000207038101507,
                0.000193381638383,
                0.000164108903846,
                0.000125043137814,
                8.47973642522e-05,
                3.31146984536e-05
            ],
            "min": [
                3.21611081103e-23,
                2.05244505034e-23,
                3.12830554357e-23,
                4.42622880389e-23,
                9.81506986054e-23,
                1.85417069938e-23,
                5.69113855088e-23,
                3.20627213782e-23,
                4.58594947137e-23,
                3.9545584557e-23,
                9.5739441119e-23,
                3.44515783704e-23,
                5.49384570066e-23,
                5.69305011862e-23,
                1.64843656416e-22,
                1.12258112744e-22,
                1.5949085021e-22,
                1.10564699748e-22,
                2.16888609488e-22,
                2.44284903067e-22,
                5.60682699059e-22,
                5.3253997898e-22,
                7.84479079504e-22,
                9.88944202586e-22,
                1.21248299786e-21,
                1.67852556187e-21,
                2.55021014735e-21
            ],
            "var": [
                5.88377929489e-07,
                0.000376533687813,
                5.2712730394e-05,
                2.61414625129e-05,
                4.73141044495e-05,
                2.67090745183e-05,
                5.58394640393e-06,
                2.38976895162e-06,
                8.65511992743e-06,
                8.05745730759e-06,
                5.66128346691e-06,
                3.49857714355e-06,
                1.78260779649e-06,
                7.09330777227e-07,
                1.68168909909e-07,
                7.7784697794e-08,
                2.58673100717e-08,
                1.35697547421e-07,
                1.92082623585e-07,
                2.19171553795e-07,
                3.2170478903e-07,
                6.47595754799e-07,
                1.19891797112e-06,
                7.81295227625e-07,
                7.09941389232e-07,
                1.79445095227e-07,
                5.03054451428e-08
            ]
        },
        "barkbands_crest": {
            "dmean": 2.35931706429,
            "dmean2": 3.65302824974,
            "dvar": 5.71062469482,
            "dvar2": 11.9836740494,
            "max": 24.9762992859,
            "mean": 10.658405304,
            "median": 9.22521018982,
            "min": 2.38644981384,
            "var": 23.6202697754
        },
        "barkbands_flatness_db": {
            "dmean": 0.0174976959825,
            "dmean2": 0.0262784473598,
            "dvar": 0.000328086345689,
            "dvar2": 0.000749122933485,
            "max": 0.533217251301,
            "mean": 0.119290061295,
            "median": 0.109527088702,
            "min": 0.017981512472,
            "var": 0.00312744965777
        },
        "barkbands_kurtosis": {
            "dmean": 2.58520102501,
            "dmean2": 3.98079299927,
            "dvar": 24.0597686768,
            "dvar2": 58.0850448608,
            "max": 121.673812866,
            "mean": 4.86094856262,
            "median": 2.5652141571,
            "min": -1.89815354347,
            "var": 61.7800216675
        },
        "barkbands_skewness": {
            "dmean": 0.468077898026,
            "dmean2": 0.693238437176,
            "dvar": 0.303790688515,
            "dvar2": 0.639035224915,
            "max": 9.62464141846,
            "mean": 1.72443604469,
            "median": 1.66608703136,
            "min": -5.17177963257,
            "var": 1.22212636471
        },
        "barkbands_spread": {
            "dmean": 5.90274572372,
            "dmean2": 8.78605937958,
            "dvar": 51.9841384888,
            "dvar2": 111.59135437,
            "max": 104.754592896,
            "mean": 27.238368988,
            "median": 23.5566272736,
            "min": 0.266934990883,
            "var": 306.798217773
        },
        "dissonance": {
            "dmean": 0.0196168143302,
            "dmean2": 0.033040009439,
            "dvar": 0.00044955580961,
            "dvar2": 0.00121784151997,
            "max": 0.499998509884,
            "mean": 0.463762253523,
            "median": 0.472943723202,
            "min": 0.0521825216711,
            "var": 0.00118258874863
        },
        "dynamic_complexity": 2.26606440544,
        "erbbands": {
            "dmean": [
                0.156168013811,
                1.05815827847,
                2.67587971687,
                5.55720853806,
                10.445069313,
                11.1456546783,
                15.2609930038,
                19.7479362488,
                18.1723957062,
                6.79568529129,
                13.0569267273,
                21.5812149048,
                40.3054771423,
                27.0363998413,
                28.4623794556,
                32.771232605,
                23.6878547668,
                21.8372879028,
                8.84152317047,
                7.49555778503,
                6.85601520538,
                2.93441605568,
                6.26015377045,
                8.99797439575,
                8.18702697754,
                9.50146007538,
                8.07332992554,
                7.64235639572,
                7.36227607727,
                7.49206209183,
                6.54531240463,
                4.44656181335,
                3.28365588188,
                2.20358300209,
                1.16069638729,
                0.582229197025,
                0.215023964643,
                0.0765844732523,
                0.0129832848907,
                0.000468916143291
            ],
            "dmean2": [
                0.157968431711,
                1.58458781242,
                4.61428833008,
                9.72916889191,
                18.3365306854,
                18.9098796844,
                24.5243167877,
                31.952003479,
                29.4324016571,
                10.8268203735,
                20.2493553162,
                34.2202568054,
                64.4099197388,
                44.6930923462,
                46.5526504517,
                55.0565605164,
                38.6008644104,
                36.2645301819,
                14.1987009048,
                12.2710981369,
                11.5808143616,
                4.84847736359,
                10.2058868408,
                14.5749902725,
                13.3359861374,
                15.1868486404,
                12.7476921082,
                11.7103261948,
                11.4136486053,
                11.6157588959,
                9.83686161041,
                6.88531255722,
                5.11761903763,
                3.19348430634,
                1.71207976341,
                0.877473771572,
                0.317501693964,
                0.112279050052,
                0.0195537451655,
                0.000688381667715
            ],
            "dvar": [
                0.0773375704885,
                5.46453475952,
                51.4966087341,
                177.302001953,
                480.983428955,
                377.085144043,
                660.902099609,
                1001.7232666,
                953.103393555,
                151.081390381,
                861.615539551,
                1580.51940918,
                4566.60302734,
                2435.72314453,
                4637.04101562,
                3470.95996094,
                1942.60009766,
                1292.28076172,
                226.671875,
                196.676437378,
                172.960113525,
                33.1169166565,
                110.869132996,
                218.527526855,
                237.906097412,
                210.554336548,
                186.787246704,
                227.931427002,
                298.321136475,
                407.53729248,
                290.851257324,
                125.308448792,
                93.7773742676,
                47.651309967,
                10.7027950287,
                1.284075737,
                0.150595441461,
                0.0242969356477,
                0.000846006150823,
                9.94030301626e-07
            ],
            "dvar2": [
                0.0857653170824,
                11.348690033,
                143.674423218,
                498.921539307,
                1341.18212891,
                995.137512207,
                1697.31958008,
                2515.41967773,
                2448.13378906,
                380.382537842,
                1863.11535645,
                3893.52978516,
                10772.125,
                6289.61230469,
                10684.4453125,
                9804.41308594,
                4830.72607422,
                3549.55908203,
                558.553161621,
                502.772521973,
                470.58013916,
                85.2462005615,
                287.145141602,
                564.482177734,
                601.680480957,
                540.130493164,
                447.516143799,
                489.472259521,
                636.393920898,
                795.575683594,
                490.214691162,
                256.211730957,
                204.097946167,
                84.729057312,
                22.8655738831,
                2.86088109016,
                0.327047944069,
                0.0558139979839,
                0.00195098598488,
                2.19319599637e-06
            ],
            "max": [
                3.82045865059,
                28.472776413,
                80.8639068604,
                151.043212891,
                297.434356689,
                316.538787842,
                677.567016602,
                674.267272949,
                589.675842285,
                238.616592407,
                777.176696777,
                1057.67602539,
                1198.54736328,
                1041.23815918,
                1147.90344238,
                813.16619873,
                933.045532227,
                738.018127441,
                275.205108643,
                433.685852051,
                342.804840088,
                131.888702393,
                203.846420288,
                368.878875732,
                471.914215088,
                188.487304688,
                541.313720703,
                469.419189453,
                558.523132324,
                781.451477051,
                889.242736816,
                329.737640381,
                361.575775146,
                335.283447266,
                130.503829956,
                32.796005249,
                7.38133525848,
                4.12586688995,
                0.723284125328,
                0.0204230677336
            ],
            "mean": [
                0.477384328842,
                2.4665760994,
                4.27996587753,
                9.12164402008,
                14.0964260101,
                17.5538673401,
                27.1807727814,
                34.2047958374,
                31.0717544556,
                12.6002845764,
                22.2980175018,
                39.8632926941,
                69.9070587158,
                45.8860359192,
                45.4920768738,
                52.2480316162,
                39.7989311218,
                36.9064216614,
                17.2221431732,
                13.9259128571,
                12.5052309036,
                5.8296585083,
                12.9339284897,
                20.3912773132,
                19.0370845795,
                21.5163726807,
                19.3074359894,
                17.5567359924,
                16.8333206177,
                16.1235618591,
                14.6142807007,
                11.2784433365,
                7.78760623932,
                5.23136281967,
                2.88296508789,
                1.46950089931,
                0.54305845499,
                0.168518036604,
                0.0263424888253,
                0.00105188146699
            ],
            "median": [
                0.0709302052855,
                0.895325779915,
                1.405580163,
                3.11088657379,
                7.03931760788,
                9.34011077881,
                15.201836586,
                21.939491272,
                16.9892292023,
                7.20711565018,
                9.73113918304,
                22.2694416046,
                35.9309463501,
                24.8098278046,
                26.2497577667,
                26.4223899841,
                22.8492546082,
                21.226890564,
                10.3050823212,
                8.65022563934,
                8.62189769745,
                4.09753513336,
                8.11597061157,
                11.8549861908,
                10.4865674973,
                11.5706596375,
                10.4050235748,
                9.37486839294,
                7.21497344971,
                6.30609083176,
                5.59108638763,
                3.93312382698,
                2.42137312889,
                1.47777116299,
                0.858894586563,
                0.420310258865,
                0.133405402303,
                0.0371054895222,
                0.00553279044107,
                0.000350821734173
            ],
            "min": [
                1.06461083185e-21,
                3.79109153195e-21,
                2.9162000464e-20,
                8.10698844977e-20,
                3.28014697896e-19,
                2.89999208853e-19,
                1.65872899723e-19,
                2.81154761099e-19,
                8.44893289504e-19,
                6.44812930084e-19,
                8.04699135974e-19,
                1.20840861474e-18,
                1.21624439328e-18,
                2.42124678165e-18,
                2.3820731622e-18,
                1.79066652798e-18,
                2.4151266791e-18,
                2.95228329323e-18,
                5.63126321694e-18,
                7.17866957525e-18,
                7.94853153444e-18,
                9.02034088698e-18,
                5.44307797322e-18,
                8.60013148145e-18,
                1.1091396e-17,
                1.16731479889e-17,
                2.38701544229e-17,
                1.72651255034e-17,
                1.69603905114e-17,
                2.42831508135e-17,
                2.27169339544e-17,
                2.13687106197e-17,
                1.57607585932e-17,
                1.2632528607e-17,
                9.14506648847e-18,
                5.80293007741e-18,
                3.08541615166e-18,
                1.32979261334e-18,
                3.97354379364e-19,
                3.68547413866e-20
            ],
            "var": [
                0.661320090294,
                13.7518310547,
                49.9780883789,
                181.210861206,
                461.365570068,
                544.997497559,
                1301.19775391,
                1951.00158691,
                1882.6854248,
                280.849456787,
                1832.38806152,
                3949.61206055,
                10048.8212891,
                4361.68505859,
                6215.46044922,
                5519.76171875,
                3788.3269043,
                2246.07666016,
                494.104492188,
                426.465942383,
                257.314880371,
                53.9484901428,
                233.512359619,
                511.491699219,
                515.710632324,
                589.403320312,
                469.721008301,
                569.08996582,
                755.510681152,
                1096.48034668,
                881.899475098,
                368.649017334,
                223.948364258,
                128.236022949,
                23.776922226,
                3.98785090446,
                0.527505755424,
                0.0642114803195,
                0.00179013772868,
                2.27019222621e-06
            ]
        },
        "erbbands_crest": {
            "dmean": 2.56781578064,
            "dmean2": 4.27010965347,
            "dvar": 5.99338102341,
            "dvar2": 15.1203870773,
            "max": 31.2672481537,
            "mean": 8.0060377121,
            "median": 7.12017917633,
            "min": 2.36829471588,
            "var": 15.3802995682
        },
        "erbbands_flatness_db": {
            "dmean": 0.0143343964592,
            "dmean2": 0.0217122640461,
            "dvar": 0.000222084927373,
            "dvar2": 0.00045974610839,
            "max": 0.5809212327,
            "mean": 0.122183732688,
            "median": 0.109486207366,
            "min": 0.04501420632,
            "var": 0.00376229779795
        },
        "erbbands_kurtosis": {
            "dmean": 0.874190330505,
            "dmean2": 1.38408720493,
            "dvar": 4.05467510223,
            "dvar2": 9.86696338654,
            "max": 90.5295028687,
            "mean": 0.57483702898,
            "median": -0.226843595505,
            "min": -1.83740258217,
            "var": 7.89895915985
        },
        "erbbands_skewness": {
            "dmean": 0.331553369761,
            "dmean2": 0.515554606915,
            "dvar": 0.12747079134,
            "dvar2": 0.265066236258,
            "max": 7.07252788544,
            "mean": 0.493726432323,
            "median": 0.472652792931,
            "min": -4.64820575714,
            "var": 0.484175056219
        },
        "erbbands_spread": {
            "dmean": 8.62387943268,
            "dmean2": 13.5877313614,
            "dvar": 89.4721603394,
            "dvar2": 213.22883606,
            "max": 145.00692749,
            "mean": 45.3715057373,
            "median": 46.6977081299,
            "min": 0.412944048643,
            "var": 404.570098877
        },
        "gfcc": {
            "cov": [
                [
                    12674.5410156,
                    -1910.99829102,
                    389.329681396,
                    1363.37121582,
                    354.995819092,
                    753.544311523,
                    134.232757568,
                    324.060546875,
                    -117.598937988,
                    102.172462463,
                    -197.590393066,
                    45.931930542,
                    -147.85357666
                ],
                [
                    -1910.99829102,
                    1789.4284668,
                    -393.644958496,
                    -435.165588379,
                    -92.9301300049,
                    -439.086975098,
                    -157.82409668,
                    -256.734191895,
                    -28.0463237762,
                    -170.895172119,
                    17.4382896423,
                    -128.344940186,
                    34.1722755432
                ],
                [
                    389.329681396,
                    -393.644958496,
                    675.236938477,
                    145.055130005,
                    164.906402588,
                    216.273834229,
                    131.957519531,
                    113.417602539,
                    52.5611572266,
                    85.4174804688,
                    20.7323627472,
                    72.2269287109,
                    -11.583117485
                ],
                [
                    1363.37121582,
                    -435.165588379,
                    145.055130005,
                    537.074035645,
                    105.370628357,
                    129.981445312,
                    46.499874115,
                    97.2380905151,
                    21.8173389435,
                    43.404006958,
                    -20.8165988922,
                    33.0675010681,
                    -9.11894798279
                ],
                [
                    354.995819092,
                    -92.9301300049,
                    164.906402588,
                    105.370628357,
                    319.372436523,
                    137.913909912,
                    145.111694336,
                    102.455123901,
                    63.3996620178,
                    57.1234054565,
                    34.0264091492,
                    38.4920768738,
                    20.1046981812
                ],
                [
                    753.544311523,
                    -439.086975098,
                    216.273834229,
                    129.981445312,
                    137.913909912,
                    318.665435791,
                    142.718185425,
                    132.553527832,
                    60.2129821777,
                    81.9740905762,
                    20.3130950928,
                    57.9964332581,
                    -0.62861263752
                ],
                [
                    134.232757568,
                    -157.82409668,
                    131.957519531,
                    46.499874115,
                    145.111694336,
                    142.718185425,
                    208.853805542,
                    119.022575378,
                    62.2125968933,
                    65.7801895142,
                    42.2909469604,
                    52.289516449,
                    20.3020763397
                ],
                [
                    324.060546875,
                    -256.734191895,
                    113.417602539,
                    97.2380905151,
                    102.455123901,
                    132.553527832,
                    119.022575378,
                    175.114501953,
                    84.1803207397,
                    80.8014144897,
                    25.3733654022,
                    53.9811782837,
                    27.5626659393
                ],
                [
                    -117.598937988,
                    -28.0463237762,
                    52.5611572266,
                    21.8173389435,
                    63.3996620178,
                    60.2129821777,
                    62.2125968933,
                    84.1803207397,
                    122.268669128,
                    73.8740921021,
                    43.5400238037,
                    39.6367721558,
                    33.5900917053
                ],
                [
                    102.172462463,
                    -170.895172119,
                    85.4174804688,
                    43.404006958,
                    57.1234054565,
                    81.9740905762,
                    65.7801895142,
                    80.8014144897,
                    73.8740921021,
                    118.220222473,
                    55.6252250671,
                    52.580116272,
                    19.6180019379
                ],
                [
                    -197.590393066,
                    17.4382896423,
                    20.7323627472,
                    -20.8165988922,
                    34.0264091492,
                    20.3130950928,
                    42.2909469604,
                    25.3733654022,
                    43.5400238037,
                    55.6252250671,
                    97.8946990967,
                    50.0464057922,
                    23.5989933014
                ],
                [
                    45.931930542,
                    -128.344940186,
                    72.2269287109,
                    33.0675010681,
                    38.4920768738,
                    57.9964332581,
                    52.289516449,
                    53.9811782837,
                    39.6367721558,
                    52.580116272,
                    50.0464057922,
                    86.0089950562,
                    33.1735916138
                ],
                [
                    -147.85357666,
                    34.1722755432,
                    -11.583117485,
                    -9.11894798279,
                    20.1046981812,
                    -0.62861263752,
                    20.3020763397,
                    27.5626659393,
                    33.5900917053,
                    19.6180019379,
                    23.5989933014,
                    33.1735916138,
                    64.6394805908
                ]
            ],
            "icov": [
                [
                    0.000132263681735,
                    1.12489487947e-05,
                    6.8399043812e-05,
                    -0.000252574827755,
                    -7.13341651135e-05,
                    -0.000252485478995,
                    0.000134427158628,
                    -0.00011978756811,
                    0.000304616347421,
                    -0.00010966649279,
                    0.000160032737767,
                    -3.82229918614e-05,
                    0.000137980576255
                ],
                [
                    1.12489487947e-05,
                    0.00134797813371,
                    0.000101425292087,
                    0.00047894398449,
                    -0.000535478000529,
                    0.00118692044634,
                    -0.000330980867147,
                    0.00116504612379,
                    -0.00147914898116,
                    0.00145270815119,
                    -0.00101473554969,
                    0.00134016154334,
                    -0.000805454503279
                ],
                [
                    6.8399043812e-05,
                    0.000101425292087,
                    0.00217051408254,
                    -0.000199189889827,
                    -0.000638207769953,
                    -0.000794159946963,
                    -0.000169188686414,
                    0.000166697776876,
                    6.5743624873e-05,
                    -0.000527120835613,
                    0.00073581567267,
                    -0.00141955935396,
                    0.00122222711798
                ],
                [
                    -0.000252574827755,
                    0.00047894398449,
                    -0.000199189889827,
                    0.00304524064995,
                    -0.000699413416442,
                    0.000530559918843,
                    0.000473107153084,
                    -0.000531502242666,
                    -0.000640675600152,
                    0.000358636229066,
                    0.000392681744415,
                    -0.000353829032974,
                    0.000126030383399
                ],
                [
                    -7.13341651135e-05,
                    -0.000535478000529,
                    -0.000638207769953,
                    -0.000699413416442,
                    0.00541358487681,
                    -0.000907985959202,
                    -0.00259888917208,
                    -0.000473596068332,
                    -0.00037948199315,
                    4.64038275823e-05,
                    -0.000657860946376,
                    0.000963385973591,
                    -0.000838641251903
                ],
                [
                    -0.000252485478995,
                    0.00118692044634,
                    -0.000794159946963,
                    0.000530559918843,
                    -0.000907985959202,
                    0.00779102928936,
                    -0.00250103557482,
                    -0.000528727192432,
                    -0.00175836100243,
                    0.000139839641633,
                    0.00011198316497,
                    -0.000403737882152,
                    0.00113430980127
                ],
                [
                    0.000134427158628,
                    -0.000330980867147,
                    -0.000169188686414,
                    0.000473107153084,
                    -0.00259888917208,
                    -0.00250103557482,
                    0.0110672209412,
                    -0.00518231838942,
                    0.00131754495669,
                    0.000141779353726,
                    -0.00178462138865,
                    -0.00108715810347,
                    0.000518435204867
                ],
                [
                    -0.00011978756811,
                    0.00116504612379,
                    0.000166697776876,
                    -0.000531502242666,
                    -0.000473596068332,
                    -0.000528727192432,
                    -0.00518231838942,
                    0.0166862271726,
                    -0.00677345274016,
                    -0.00237835617736,
                    0.00317142694257,
                    -0.0011517185485,
                    -0.00260539585724
                ],
                [
                    0.000304616347421,
                    -0.00147914898116,
                    6.5743624873e-05,
                    -0.000640675600152,
                    -0.00037948199315,
                    -0.00175836100243,
                    0.00131754495669,
                    -0.00677345274016,
                    0.019389398396,
                    -0.00828262418509,
                    -0.00101331190672,
                    0.000729453982785,
                    -0.00359092210419
                ],
                [
                    -0.00010966649279,
                    0.00145270815119,
                    -0.000527120835613,
                    0.000358636229066,
                    4.64038275823e-05,
                    0.000139839641633,
                    0.000141779353726,
                    -0.00237835617736,
                    -0.00828262418509,
                    0.0217086523771,
                    -0.007986667566,
                    -0.00147993012797,
                    0.00128472177312
                ],
                [
                    0.000160032737767,
                    -0.00101473554969,
                    0.00073581567267,
                    0.000392681744415,
                    -0.000657860946376,
                    0.00011198316497,
                    -0.00178462138865,
                    0.00317142694257,
                    -0.00101331190672,
                    -0.007986667566,
                    0.0207359194756,
                    -0.0102034369484,
                    0.00112026988063
                ],
                [
                    -3.82229918614e-05,
                    0.00134016154334,
                    -0.00141955935396,
                    -0.000353829032974,
                    0.000963385973591,
                    -0.000403737882152,
                    -0.00108715810347,
                    -0.0011517185485,
                    0.000729453982785,
                    -0.00147993012797,
                    -0.0102034369484,
                    0.026758890599,
                    -0.0105089098215
                ],
                [
                    0.000137980576255,
                    -0.000805454503279,
                    0.00122222711798,
                    0.000126030383399,
                    -0.000838641251903,
                    0.00113430980127,
                    0.000518435204867,
                    -0.00260539585724,
                    -0.00359092210419,
                    0.00128472177312,
                    0.00112026988063,
                    -0.0105089098215,
                    0.024129036814
                ]
            ],
            "mean": [
                46.5634002686,
                61.8725624084,
                -86.8158569336,
                13.1903791428,
                -60.4884109497,
                13.3516073227,
                -25.8718852997,
                -0.522585868835,
                -30.6722393036,
                1.67916882038,
                -11.8109178543,
                2.23995256424,
                -9.8459482193
            ]
        },
        "hfc": {
            "dmean": 11.3385334015,
            "dmean2": 16.2560768127,
            "dvar": 372.067626953,
            "dvar2": 709.71887207,
            "max": 486.444366455,
            "mean": 42.5023269653,
            "median": 31.4446105957,
            "min": 1.23847943001e-16,
            "var": 1487.78588867
        },
        "melbands": {
            "dmean": [
                0.0012674954487,
                0.00125295598991,
                0.00106271600816,
                0.000793568615336,
                0.000500465976074,
                0.000448354228865,
                0.000256186292972,
                7.09211162757e-05,
                0.000117061135825,
                0.000146429825691,
                0.000203239906114,
                0.000113257978228,
                0.000109711967525,
                9.31716785999e-05,
                6.51656228001e-05,
                4.55731460534e-05,
                4.36314585386e-05,
                1.55099423864e-05,
                9.98289760901e-06,
                9.05358047021e-06,
                9.06101649889e-06,
                3.81336622013e-06,
                3.46460296896e-06,
                8.77869388205e-06,
                7.96268523118e-06,
                6.7817454692e-06,
                6.86061093802e-06,
                6.44475358058e-06,
                5.3524336181e-06,
