{
    "lowlevel": {
        "average_loudness": 0.81106287241,
        "barkbands": {
            "dmean": [
                0.00150938786101,
                0.0129793239757,
                0.00590889435261,
                0.00138729007449,
                0.00106444116682,
                0.000599610619247,
                0.000437417911598,
                0.000310789997457,
                0.00044126904686,
                0.000579915824346,
                0.000306416972307,
                0.000332851661369,
                0.000429062114563,
                0.00037482890184,
                0.000348596688127,
                0.000355801283149,
                0.000319645158015,
                0.00020650884835,
                0.000264928356046,
                0.000169061459019,
                0.000127819774207,
                0.000136854214361,
                0.000135258844239,
                0.000133067558636,
                0.000133730849484,
                4.07819461543e-05,
                1.29394520627e-05
            ],
            "dmean2": [
                0.00240350095555,
                0.0217761080712,
                0.00919299758971,
                0.00228302413598,
                0.0017947711749,
                0.000959863013122,
                0.000713469285984,
                0.000489459431265,
                0.000696301402058,
                0.000913555559237,
                0.000476859655464,
                0.000527996220626,
                0.000661074242089,
                0.000573030498344,
                0.000547358358745,
                0.000542442896403,
                0.000506734766532,
                0.000316093413858,
                0.000433965964476,
                0.000272776465863,
                0.000205894190003,
                0.000222285831114,
                0.000215402556933,
                0.000204315263545,
                0.000203085975954,
                6.21043145657e-05,
                2.06480599445e-05
            ],
            "dvar": [
                5.16820409757e-06,
                0.000289296731353,
                0.000215248132008,
                8.6917052613e-06,
                4.36446725871e-06,
                1.33917308176e-06,
                6.03379987751e-07,
                6.01594365435e-07,
                1.03504214621e-06,
                3.16542855217e-06,
                8.63730065248e-07,
                1.03621027847e-06,
                8.2537360413e-07,
                9.67512619354e-07,
                4.73725293659e-07,
                6.48484899557e-07,
                5.66759638332e-07,
                1.47555425656e-07,
                1.61869124327e-07,
                5.94831348621e-08,
                5.24426759796e-08,
                7.53584004087e-08,
                7.29461149263e-08,
                6.63066686002e-08,
                9.16785154459e-08,
                5.9248086437e-09,
                6.28579521766e-10
            ],
            "dvar2": [
                1.16117889775e-05,
                0.000760480121244,
                0.000501230941154,
                2.10222078749e-05,
                1.20510194392e-05,
                3.34993137585e-06,
                1.44922591971e-06,
                1.34623041959e-06,
                2.31192893807e-06,
                7.9028231994e-06,
                1.94228732653e-06,
                2.34889580497e-06,
                1.75354091425e-06,
                2.22626317736e-06,
                1.11277404358e-06,
                1.38398820582e-06,
                1.29057161757e-06,
                3.26159153019e-07,
                4.19482830694e-07,
                1.51824252725e-07,
                1.33915492029e-07,
                1.92003511756e-07,
                1.78700119591e-07,
                1.54745720238e-07,
                2.1417606888e-07,
                1.39850726555e-08,
                1.41329847825e-09
            ],
            "max": [
                0.0306261442602,
                0.164718061686,
                0.125020876527,
                0.0324614830315,
                0.0268803089857,
                0.0182569250464,
                0.0133402422071,
                0.020976036787,
                0.0251555722207,
                0.059027120471,
                0.0291386470199,
                0.0370187908411,
                0.0282866787165,
                0.0273015983403,
                0.0128199355677,
                0.0207838844508,
                0.0227402634919,
                0.0109718320891,
                0.00805592630059,
                0.00462935399264,
                0.00505835236982,
                0.00432233465835,
                0.00584938004613,
                0.00827645231038,
                0.0119583234191,
                0.00175913458224,
                0.000652455142699
            ],
            "mean": [
                0.00241144816391,
                0.0205659680068,
                0.00560215488076,
                0.00167971698102,
                0.00155652675312,
                0.00086161022773,
                0.000697874289472,
                0.00047900271602,
                0.000775310501922,
                0.00103409809526,
                0.000529144192114,
                0.000613244134001,
                0.000826683652122,
                0.000633169140201,
                0.000644364103209,
                0.000617976125795,
                0.000662366277538,
                0.000442655844381,
                0.000624825421255,
                0.000392067915527,
                0.000262525834842,
                0.00024898146512,
                0.000259432883468,
                0.000278606894426,
                0.00023410510039,
                7.72022467572e-05,
                3.57831377187e-05
            ],
            "median": [
                0.000901690800674,
                0.013755637221,
                0.00114660314284,
                0.000566029222682,
                0.000808947428595,
                0.000412633642554,
                0.000320153252687,
                0.000172386688064,
                0.000281337997876,
                0.000314116216032,
                0.000126356142573,
                0.000174629327375,
                0.000292378303129,
                0.000212640763493,
                0.00023959329701,
                0.000215381922317,
                0.000233850078075,
                0.000237200554693,
                0.000379602715839,
                0.00025522877695,
                0.000148149309098,
                0.0001057317495,
                0.000109834953037,
                0.000122890269267,
                0.000114619906526,
                4.53281354567e-05,
                2.04845782719e-05
            ],
            "min": [
                1.46484804225e-24,
                1.6454344751e-23,
                2.56071172089e-24,
                3.47423651218e-24,
                1.07522411913e-23,
                1.95840383742e-23,
                1.1692372486e-23,
                1.165768075e-23,
                3.57315588316e-23,
                2.47930210378e-23,
                3.20164846628e-23,
                2.55924621455e-23,
                8.10769655152e-23,
                5.79941822982e-23,
                6.44971729476e-23,
                4.9587695528e-23,
                1.09818803363e-22,
                1.671957872e-22,
                1.32745196484e-22,
                1.74291635219e-22,
                2.36653980163e-22,
                3.78147934386e-22,
                4.13446216099e-22,
                7.40201187797e-22,
                9.10716463821e-22,
                1.52574847332e-21,
                2.21447862013e-21
            ],
            "var": [
                1.29396794364e-05,
                0.000518872984685,
                0.000205020682188,
                8.92326988833e-06,
                4.73984073324e-06,
                1.81388054443e-06,
                1.22316430406e-06,
                1.01655075468e-06,
                3.0904036521e-06,
                8.51410641189e-06,
                3.04975515064e-06,
                3.38467816619e-06,
                3.22035407407e-06,
                2.3378267997e-06,
                1.2336773807e-06,
                1.44799446389e-06,
                1.89751995094e-06,
                4.48777370821e-07,
                5.65310813272e-07,
                1.86253870993e-07,
                1.23674936958e-07,
                1.5738254433e-07,
                1.64133624025e-07,
                1.77098172571e-07,
                1.36481645541e-07,
                1.15517124755e-08,
                2.54371679276e-09
            ]
        },
        "barkbands_crest": {
            "dmean": 3.93936729431,
            "dmean2": 6.70490932465,
            "dvar": 11.8149681091,
            "dvar2": 30.7666454315,
            "max": 26.5745220184,
            "mean": 12.6817455292,
            "median": 12.4655351639,
            "min": 2.30172777176,
            "var": 29.9320545197
        },
        "barkbands_flatness_db": {
            "dmean": 0.0296262949705,
            "dmean2": 0.0491885021329,
            "dvar": 0.000805596355349,
            "dvar2": 0.00202767341398,
            "max": 0.536148011684,
            "mean": 0.118057847023,
            "median": 0.110568940639,
            "min": 0.0117249703035,
            "var": 0.00293181044981
        },
        "barkbands_kurtosis": {
            "dmean": 6.35718488693,
            "dmean2": 10.8389253616,
            "dvar": 549.6796875,
            "dvar2": 1447.08764648,
            "max": 1034.49523926,
            "mean": 7.08077096939,
            "median": 1.66452908516,
            "min": -1.91459035873,
            "var": 760.598022461
        },
        "barkbands_skewness": {
            "dmean": 0.869225561619,
            "dmean2": 1.40345048904,
            "dvar": 0.981991112232,
            "dvar2": 2.50160551071,
            "max": 26.3171291351,
            "mean": 1.84724974632,
            "median": 1.58100032806,
            "min": -3.8223335743,
            "var": 3.20165681839
        },
        "barkbands_spread": {
            "dmean": 9.01164722443,
            "dmean2": 14.7759485245,
            "dvar": 87.6362838745,
            "dvar2": 215.146743774,
            "max": 125.242362976,
            "mean": 29.6681880951,
            "median": 28.0922164917,
            "min": 0.150511860847,
            "var": 255.77923584
        },
        "dissonance": {
            "dmean": 0.0142678236589,
            "dmean2": 0.0239446666092,
            "dvar": 0.000232251884881,
            "dvar2": 0.000626649183687,
            "max": 0.500000178814,
            "mean": 0.474266588688,
            "median": 0.481122136116,
            "min": 0.32569372654,
            "var": 0.000495679036248
        },
        "dynamic_complexity": 3.01415300369,
        "erbbands": {
            "dmean": [
                0.616951167583,
                2.30123209953,
                5.50225257874,
                6.05044031143,
                3.44488596916,
                3.72190141678,
                4.64340877533,
                5.20821142197,
                6.59442424774,
                5.27111577988,
                7.21523427963,
                10.4164705276,
                11.0993490219,
                18.836397171,
                14.0742521286,
                11.9703016281,
                19.5805053711,
                14.5151538849,
                19.6733131409,
                14.9357337952,
                19.8670082092,
                16.7231559753,
                10.7024145126,
                12.2797403336,
                11.7616491318,
                8.01487159729,
                6.24124717712,
                4.6150226593,
                4.95152282715,
                4.55366230011,
                3.93099117279,
                3.0309650898,
                2.2271258831,
                1.7292034626,
                0.815552771091,
                0.237558081746,
                0.0709584951401,
                0.0151703478768,
                0.00236036279239,
                0.000107137071609
            ],
            "dmean2": [
                1.03280723095,
                3.8663957119,
                8.37103271484,
                9.85578155518,
                5.6240234375,
                6.28304815292,
                7.63214588165,
                8.33017921448,
                10.7209148407,
                8.39877986908,
                11.2518787384,
                16.070810318,
                16.917301178,
                29.0460300446,
                21.8904876709,
                18.5159473419,
                29.9320068359,
                22.2688388824,
                30.1799278259,
                22.9749317169,
                30.3791503906,
                26.1197414398,
                16.1411342621,
                19.8329372406,
                19.1891994476,
                12.8771295547,
                10.1504640579,
                7.56967926025,
                8.04164218903,
                7.47459506989,
                6.30541229248,
                4.74353265762,
                3.41432571411,
                2.62028241158,
                1.27228116989,
                0.365944653749,
                0.107529938221,
                0.024050142616,
                0.0037519026082,
                0.000166566125699
            ],
            "dvar": [
                0.699416041374,
                9.91972351074,
                163.186508179,
                202.975814819,
                40.0218734741,
                58.7204170227,
                76.0399246216,
                120.726768494,
                145.112564087,
                111.799232483,
                282.62612915,
                660.043518066,
                771.868713379,
                3984.85009766,
                1533.9420166,
                990.660217285,
                1857.91760254,
                1895.92529297,
                1788.66943359,
                997.242431641,
                2208.96508789,
                1991.28369141,
                429.48815918,
                389.263977051,
                313.624420166,
                126.806747437,
                126.975311279,
                82.176651001,
                102.605056763,
                75.3291931152,
                63.9801063538,
                34.3568916321,
                19.9323997498,
                14.4340629578,
                4.33445501328,
                0.237569332123,
                0.0178452897817,
                0.000856530619785,
                2.08173860301e-05,
                5.89839714848e-08
            ],
            "dvar2": [
                1.89989447594,
                25.8242797852,
                372.265319824,
                452.963531494,
                104.621543884,
                162.360992432,
                198.143569946,
                304.615264893,
                361.083984375,
                265.786315918,
                610.264648438,
                1471.59020996,
                1522.05737305,
                9564.50585938,
                3530.03027344,
                2113.66845703,
                3990.57861328,
                4573.41064453,
                4188.08154297,
                2393.67797852,
                4915.26904297,
                4540.54931641,
                903.817077637,
                974.891418457,
                816.354797363,
                319.104736328,
                330.822143555,
                213.916137695,
                260.24597168,
                186.955535889,
                160.141784668,
                80.3761672974,
                48.1380653381,
                32.3041915894,
                10.9728899002,
                0.579969286919,
                0.04152225703,
                0.00196558982134,
                4.62732605229e-05,
                1.38798256444e-07
            ],
            "max": [
                8.37670326233,
                34.5185127258,
                105.599304199,
                136.440933228,
                77.5559005737,
                107.47568512,
                119.664337158,
                185.680755615,
                271.668640137,
                259.048187256,
                463.097808838,
                706.674133301,
                1129.31933594,
                2226.1628418,
                1274.85852051,
                1090.5880127,
                1438.10522461,
                1633.49401855,
                1307.79736328,
                820.503967285,
                1168.66760254,
                1495.50646973,
                540.78894043,
                462.215209961,
                496.019165039,
                212.606567383,
                164.253311157,
                257.245147705,
                174.88104248,
                147.065841675,
                161.975448608,
                213.348678589,
                111.672485352,
                138.470001221,
                106.943504333,
                18.7234668732,
                2.8078315258,
                0.732102930546,
                0.125199243426,
                0.00891587603837
            ],
            "mean": [
                0.871297061443,
                3.54965806007,
                6.17289495468,
                6.67413043976,
                5.03108119965,
                5.09377002716,
                6.16546821594,
                7.56469392776,
                10.281621933,
                8.87197494507,
                11.9534492493,
                18.2362747192,
                20.069311142,
                34.8696060181,
                27.0007076263,
                24.2771759033,
                39.3579978943,
                28.3952560425,
                39.036075592,
                29.5609703064,
                37.4642448425,
                36.5858268738,
                25.9775733948,
                30.248216629,
                28.4193153381,
                19.4248332977,
                12.5915603638,
                9.27476978302,
                9.01268482208,
                8.05454158783,
                7.36305093765,
                6.20207977295,
                4.40621614456,
                3.02701830864,
                1.38505923748,
                0.422258317471,
                0.132153183222,
                0.0372674241662,
                0.0065774875693,
                0.000290583615424
            ],
            "median": [
                0.464611053467,
                2.14734315872,
                2.1375746727,
                2.09443235397,
                2.39667749405,
                2.47442650795,
                3.1425549984,
                3.50884962082,
                4.84340620041,
                4.21755027771,
                5.4001698494,
                6.55064535141,
                7.76846075058,
                11.3881731033,
                8.02139472961,
                9.94799804688,
                14.5091571808,
                11.9550991058,
                15.9421796799,
                13.0896339417,
                14.2694797516,
                14.1127929688,
                13.7617759705,
                19.5145149231,
                18.3371353149,
                13.1261892319,
                7.36868953705,
                4.69572687149,
                3.82599878311,
                3.54263067245,
                3.0519258976,
                2.59720802307,
                2.04915452003,
                1.45387887955,
                0.676418781281,
                0.223202645779,
                0.0764231607318,
                0.024993551895,
                0.00383941503242,
                0.000190597740584
            ],
            "min": [
                3.1377645538e-22,
                3.18924311736e-21,
                5.23589575772e-21,
                9.13194148444e-21,
                2.37769238137e-20,
                2.89280892964e-20,
                4.23830769948e-20,
                1.37222038717e-19,
                2.5255201874e-19,
                1.44897757813e-19,
                5.39998910114e-19,
                9.38277586264e-19,
                7.17196817152e-19,
                8.92888531692e-19,
                1.48216765738e-18,
                1.47235636473e-18,
                3.38134208375e-18,
                3.75435111597e-18,
                4.35953547727e-18,
                2.92959662416e-18,
                4.10762630712e-18,
                7.51667294433e-18,
                9.16519841022e-18,
                9.08529855331e-18,
                7.38328262593e-18,
                9.72183636854e-18,
                9.71296072057e-18,
                1.11082241624e-17,
                1.30440344181e-17,
                1.32308407517e-17,
                1.17259444459e-17,
                1.46746373617e-17,
                9.28934084937e-18,
                9.25436103562e-18,
                6.76462680118e-18,
                5.57834847315e-18,
                2.57189084686e-18,
                1.08627208857e-18,
                2.93718755724e-19,
                3.15696841202e-20
            ],
            "var": [
                1.1887588501,
                16.674118042,
                172.590698242,
                204.08291626,
                55.4876899719,
                62.1322517395,
                84.4994506836,
                157.573257446,
                258.361816406,
                232.033538818,
                505.596405029,
                1853.24682617,
                2382.23046875,
                9943.45117188,
                4907.58984375,
                3074.30541992,
                7610.9296875,
                4896.83837891,
                5299.55175781,
                2245.52075195,
                5174.87158203,
                6171.52441406,
                1660.69335938,
                1382.7154541,
                1008.30554199,
                427.332702637,
                259.13381958,
                185.193466187,
                210.430770874,
                160.672119141,
                134.130371094,
                92.8958969116,
                43.9988441467,
                23.5294837952,
                5.21903753281,
                0.378852337599,
                0.0351625531912,
                0.00257390551269,
                8.70537915034e-05,
                1.91389815996e-07
            ]
        },
        "erbbands_crest": {
            "dmean": 2.72092962265,
            "dmean2": 4.29067659378,
            "dvar": 7.08609056473,
            "dvar2": 16.334695816,
            "max": 31.573431015,
            "mean": 9.17425823212,
            "median": 7.77742767334,
            "min": 1.97055661678,
            "var": 25.7459869385
        },
        "erbbands_flatness_db": {
            "dmean": 0.0149691076949,
            "dmean2": 0.0218760967255,
            "dvar": 0.000221890513785,
            "dvar2": 0.000449626764748,
            "max": 0.335853517056,
            "mean": 0.118357732892,
            "median": 0.111461013556,
            "min": 0.0336809568107,
            "var": 0.00170141714625
        },
        "erbbands_kurtosis": {
            "dmean": 0.955551743507,
            "dmean2": 1.47370755672,
            "dvar": 3.71811842918,
            "dvar2": 8.070353508,
            "max": 114.003051758,
            "mean": 0.731301903725,
            "median": 0.212837934494,
            "min": -1.81364810467,
            "var": 6.34471797943
        },
        "erbbands_skewness": {
            "dmean": 0.343594938517,
            "dmean2": 0.519258320332,
            "dvar": 0.124557733536,
            "dvar2": 0.262861073017,
            "max": 9.28151130676,
            "mean": -0.130050063133,
            "median": -0.190764605999,
            "min": -4.08627843857,
            "var": 0.604638457298
        },
        "erbbands_spread": {
            "dmean": 9.88125610352,
            "dmean2": 14.5284032822,
            "dvar": 120.654411316,
            "dvar2": 251.598632812,
            "max": 185.302062988,
            "mean": 43.6736679077,
            "median": 38.3019180298,
            "min": 2.81124186516,
            "var": 568.608215332
        },
        "gfcc": {
            "cov": [
                [
                    7832.73876953,
                    -393.278900146,
                    -136.527557373,
                    337.88470459,
                    17.8572177887,
                    313.373748779,
                    -30.9342689514,
                    68.8730926514,
                    -79.3280181885,
                    17.039642334,
                    -63.9760780334,
                    56.7424583435,
                    -57.3837890625
                ],
                [
                    -393.278900146,
                    937.077636719,
                    128.571121216,
                    2.0296792984,
                    78.4979858398,
                    6.5449795723,
                    63.9307937622,
                    79.5483779907,
                    -17.2240123749,
                    -18.39635849,
                    23.3423576355,
                    -66.0433883667,
                    45.5316772461
                ],
                [
                    -136.527557373,
                    128.571121216,
                    957.640686035,
                    213.296035767,
                    1.57400596142,
                    176.329727173,
                    111.683418274,
                    70.4038543701,
                    38.4910392761,
                    -6.56382703781,
                    -34.045337677,
                    17.1015357971,
                    16.61951828
                ],
                [
                    337.88470459,
                    2.0296792984,
                    213.296035767,
                    320.046325684,
                    47.8612213135,
                    107.350852966,
                    35.1758384705,
                    54.7063522339,
                    26.6162586212,
                    2.13596892357,
                    -18.339017868,
                    13.8501062393,
                    11.0206184387
                ],
                [
                    17.8572177887,
                    78.4979858398,
                    1.57400596142,
                    47.8612213135,
                    288.793670654,
                    31.2776508331,
                    57.435382843,
                    39.3758087158,
                    31.8525524139,
                    9.74438285828,
                    30.9360980988,
                    16.1618461609,
                    11.3038196564
                ],
                [
                    313.373748779,
                    6.5449795723,
                    176.329727173,
                    107.350852966,
                    31.2776508331,
                    282.173736572,
                    95.5113677979,
                    21.1286354065,
                    -19.4575195312,
                    19.6430549622,
                    13.7116317749,
                    -9.45550727844,
                    0.867079138756
                ],
                [
                    -30.9342689514,
                    63.9307937622,
                    111.683418274,
                    35.1758384705,
                    57.435382843,
                    95.5113677979,
                    181.776763916,
                    33.3636512756,
                    2.38372564316,
                    25.3404350281,
                    19.4832420349,
                    5.37579393387,
                    8.17295646667
                ],
                [
                    68.8730926514,
                    79.5483779907,
                    70.4038543701,
                    54.7063522339,
                    39.3758087158,
                    21.1286354065,
                    33.3636512756,
                    164.891098022,
                    49.5855407715,
                    -16.8358078003,
                    -1.13362276554,
                    2.78002667427,
                    39.4846000671
                ],
                [
                    -79.3280181885,
                    -17.2240123749,
                    38.4910392761,
                    26.6162586212,
                    31.8525524139,
                    -19.4575195312,
                    2.38372564316,
                    49.5855407715,
                    120.620788574,
                    14.5895452499,
                    2.94866609573,
                    15.5378837585,
                    7.247610569
                ],
                [
                    17.039642334,
                    -18.39635849,
                    -6.56382703781,
                    2.13596892357,
                    9.74438285828,
                    19.6430549622,
                    25.3404350281,
                    -16.8358078003,
                    14.5895452499,
                    99.3951873779,
                    47.400642395,
                    -7.87353467941,
                    -12.7852640152
                ],
                [
                    -63.9760780334,
                    23.3423576355,
                    -34.045337677,
                    -18.339017868,
                    30.9360980988,
                    13.7116317749,
                    19.4832420349,
                    -1.13362276554,
                    2.94866609573,
                    47.400642395,
                    97.7399749756,
                    13.9867925644,
                    -5.87503480911
                ],
                [
                    56.7424583435,
                    -66.0433883667,
                    17.1015357971,
                    13.8501062393,
                    16.1618461609,
                    -9.45550727844,
                    5.37579393387,
                    2.78002667427,
                    15.5378837585,
                    -7.87353467941,
                    13.9867925644,
                    81.0821762085,
                    27.027261734
                ],
                [
                    -57.3837890625,
                    45.5316772461,
                    16.61951828,
                    11.0206184387,
                    11.3038196564,
                    0.867079138756,
                    8.17295646667,
                    39.4846000671,
                    7.247610569,
                    -12.7852640152,
                    -5.87503480911,
                    27.027261734,
                    78.0347824097
                ]
            ],
            "icov": [
                [
                    0.000154480425408,
                    2.50491812039e-05,
                    8.41871005832e-05,
                    -0.000128995205159,
                    -6.72772011967e-06,
                    -0.000199898800929,
                    0.000127034916659,
                    -0.000199569039978,
                    0.000191949220607,
                    -0.000169481834746,
                    0.000236218751525,
                    -0.000288367504254,
                    0.000262205692707
                ],
                [
                    2.50491812039e-05,
                    0.00141955330037,
                    -0.00024935833062,
                    1.96755572688e-05,
                    -0.000332817988237,
                    0.000363275263226,
                    -0.000377303076675,
                    -0.000273731478956,
                    0.000333069299813,
                    0.000652150600217,
                    -0.000947489461396,
                    0.00188976794016,
                    -0.00118727423251
                ],
                [
                    8.41871005832e-05,
                    -0.00024935833062,
                    0.00149324175436,
                    -0.000723244040273,
                    0.000352508504875,
                    -0.000702127465047,
                    -0.000441139622126,
                    -0.000213656108826,
                    -0.000340173894074,
                    -8.50340729812e-05,
                    0.000763952441048,
                    -0.000794869614765,
                    0.000453049578937
                ],
                [
                    -0.000128995205159,
                    1.96755572688e-05,
                    -0.000723244040273,
                    0.00447310786694,
                    -0.000614016549662,
                    -0.00121509190649,
                    0.000535320898052,
                    -0.000930455338676,
                    -0.00035792592098,
                    -0.000672105874401,
                    0.00121188536286,
                    -0.000809863791801,
                    0.000228008560953
                ],
                [
                    -6.72772011967e-06,
                    -0.000332817988237,
                    0.000352508504875,
                    -0.000614016549662,
                    0.00415867567062,
                    -0.000104792088678,
                    -0.00112434488256,
                    -0.0002150167129,
                    -0.000993533059955,
                    0.000480119517306,
                    -0.00110550969839,
                    -0.000608974951319,
                    0.000124819314806
                ],
                [
                    -0.000199898800929,
                    0.000363275263226,
                    -0.000702127465047,
                    -0.00121509190649,
                    -0.000104792088678,
                    0.00566244451329,
                    -0.00238799327053,
                    0.000225602532737,
                    0.00111908884719,
                    0.000183393800398,
                    -0.00142113049515,
                    0.00193911511451,
                    -0.000802099239081
                ],
                [
                    0.000127034916659,
                    -0.000377303076675,
                    -0.000441139622126,
                    0.000535320898052,
                    -0.00112434488256,
                    -0.00238799327053,
                    0.00797650031745,
                    -0.00149928918108,
                    0.00085542089073,
                    -0.00227438495494,
                    0.000545203045476,
                    -0.00160128658172,
                    0.000588087423239
                ],
                [
                    -0.000199569039978,
                    -0.000273731478956,
                    -0.000213656108826,
                    -0.000930455338676,
                    -0.0002150167129,
                    0.000225602532737,
                    -0.00149928918108,
                    0.00967517495155,
                    -0.00418634200469,
                    0.00317660439759,
                    -0.00200140406378,
                    0.00301540410146,
                    -0.00480576930568
                ],
                [
                    0.000191949220607,
                    0.000333069299813,
                    -0.000340173894074,
                    -0.00035792592098,
                    -0.000993533059955,
                    0.00111908884719,
                    0.00085542089073,
                    -0.00418634200469,
                    0.0114265810698,
                    -0.00349091482349,
                    0.00162845547311,
                    -0.00267271092162,
                    0.00164501497056
                ],
                [
                    -0.000169481834746,
                    0.000652150600217,
                    -8.50340729812e-05,
                    -0.000672105874401,
                    0.000480119517306,
                    0.000183393800398,
                    -0.00227438495494,
                    0.00317660439759,
                    -0.00349091482349,
                    0.016085350886,
                    -0.00857325922698,
                    0.00486064702272,
                    -0.00120209727902
                ],
                [
                    0.000236218751525,
                    -0.000947489461396,
                    0.000763952441048,
                    0.00121188536286,
                    -0.00110550969839,
                    -0.00142113049515,
                    0.000545203045476,
                    -0.00200140406378,
                    0.00162845547311,
                    -0.00857325922698,
                    0.0167549476027,
                    -0.00640193605796,
                    0.00344705255702
                ],
                [
                    -0.000288367504254,
                    0.00188976794016,
                    -0.000794869614765,
                    -0.000809863791801,
                    -0.000608974951319,
                    0.00193911511451,
                    -0.00160128658172,
                    0.00301540410146,
                    -0.00267271092162,
                    0.00486064702272,
                    -0.00640193605796,
                    0.0196773577482,
                    -0.00857502315193
                ],
                [
                    0.000262205692707,
                    -0.00118727423251,
                    0.000453049578937,
                    0.000228008560953,
                    0.000124819314806,
                    -0.000802099239081,
                    0.000588087423239,
                    -0.00480576930568,
                    0.00164501497056,
                    -0.00120209727902,
                    0.00344705255702,
                    -0.00857502315193,
                    0.0188123043627
                ]
            ],
            "mean": [
                28.9582004547,
                54.4909553528,
                -96.0786514282,
                35.3271255493,
                -39.025302887,
                21.3334007263,
                -27.8225460052,
                17.0350780487,
                -20.2832698822,
                5.99836730957,
                -7.99951124191,
                1.27621948719,
                -8.86974525452
            ]
        },
        "hfc": {
            "dmean": 7.62661886215,
            "dmean2": 11.2561540604,
            "dvar": 145.077728271,
            "dvar2": 340.559112549,
            "max": 212.477539062,
            "mean": 28.3645782471,
            "median": 23.1174354553,
            "min": 1.17493118019e-16,
            "var": 531.447753906
        },
        "melbands": {
            "dmean": [
                0.00435026921332,
                0.00265181344002,
                0.000958111835644,
                0.000238349282881,
                0.000164782963111,
                0.000114764159662,
                9.7817304777e-05,
                5.95038764004e-05,
                6.22365550953e-05,
                6.43075545668e-05,
                5.92784890614e-05,
                8.21796857053e-05,
                4.84371703351e-05,
                4.19084826717e-05,
                4.06154540542e-05,
                3.58997458534e-05,
                2.86700887955e-05,
                3.59605000995e-05,
                2.13744970097e-05,
                2.3472292014e-05,
                2.45774772338e-05,
                1.87308451132e-05,
                1.52513794092e-05,
                1.05713615994e-05,
                1.10514474727e-05,
                1.15180300782e-05,
                6.9954448918e-06,
                5.41176314073e-06,
