{
    "lowlevel": {
        "average_loudness": 0.941994845867,
        "barkbands": {
            "dmean": [
                0.000192401465029,
                0.00544728385285,
                0.00212464947253,
                0.00123774819076,
                0.00128181034233,
                0.001206037472,
                0.000780924456194,
                0.000425726844696,
                0.00143602583557,
                0.000993332825601,
                0.00123108981643,
                0.0012552626431,
                0.000747081707232,
                0.000852567958646,
                0.000646586820949,
                0.000359422265319,
                0.000339940481354,
                0.000271712691756,
                0.000211251928704,
                0.000144263423863,
                0.000119765281852,
                0.000121015589684,
                0.000123596473713,
                0.000158127397299,
                0.000175206747372,
                9.46394939092e-05,
                1.62451688084e-05
            ],
            "dmean2": [
                0.000305120978737,
                0.00822104606777,
                0.00367555487901,
                0.00219671218656,
                0.00222509726882,
                0.00185955653433,
                0.00126562570222,
                0.000708952895366,
                0.0022334116511,
                0.00156627828255,
                0.00181517272722,
                0.00188503134996,
                0.0011232359102,
                0.00134299346246,
                0.00104191130958,
                0.00057244009804,
                0.000533666403499,
                0.00043135881424,
                0.000342575513059,
                0.000232683902141,
                0.000185047552804,
                0.000188046557014,
                0.000170512124896,
                0.000217003020225,
                0.000248453463428,
                0.000134898276883,
                2.55553713941e-05
            ],
            "dvar": [
                2.28572702099e-07,
                0.000148958642967,
                3.13002055918e-05,
                1.05740518848e-05,
                1.27344901557e-05,
                5.09791516379e-06,
                3.94162771045e-06,
                1.37823315072e-06,
                7.35968114896e-06,
                6.77684693073e-06,
                6.97078075973e-06,
                5.74461137148e-06,
                2.03061858883e-06,
                2.40939857576e-06,
                1.67722510014e-06,
                5.93775780544e-07,
                6.18544675035e-07,
                2.47668566544e-07,
                9.14825193377e-08,
                4.0602401441e-08,
                3.60510874486e-08,
                5.74070817549e-08,
                5.68119773448e-08,
                9.02875072484e-08,
                1.61926649866e-07,
                1.1357258245e-07,
                2.80640932715e-09
            ],
            "dvar2": [
                5.65238394756e-07,
                0.000311034091283,
                8.89474977157e-05,
                3.03355482174e-05,
                3.6297038605e-05,
                1.19229589473e-05,
                9.76892260951e-06,
                3.50297750629e-06,
                1.78427726496e-05,
                1.62916203408e-05,
                1.43266579471e-05,
                1.26036102301e-05,
                4.09446829508e-06,
                5.64898846278e-06,
                4.17854880652e-06,
                1.42502187828e-06,
                1.45241904193e-06,
                6.14064788351e-07,
                2.2632998764e-07,
                1.00046513296e-07,
                7.55563860366e-08,
                1.13938313007e-07,
                9.95202213971e-08,
                1.72458129555e-07,
                2.67619782335e-07,
                2.30062966011e-07,
                6.41264641388e-09
            ],
            "max": [
                0.0205065496266,
                0.156292885542,
                0.0711925476789,
                0.0369964689016,
                0.0463465042412,
                0.0433298908174,
                0.0389057919383,
                0.02779699862,
                0.0600607655942,
                0.0523053444922,
                0.0680116787553,
                0.0750626623631,
                0.0261559523642,
                0.0229630097747,
                0.0317170992494,
                0.0134657947347,
                0.0262691695243,
                0.0131547357887,
                0.00786299817264,
                0.00531453220174,
                0.00365988002159,
                0.00346165033989,
                0.00416523870081,
                0.00479999603704,
                0.00696457596496,
                0.00708272540942,
                0.00124185497407
            ],
            "mean": [
                0.000287613715045,
                0.00996329076588,
                0.00360934226774,
                0.00153636792675,
                0.00188919960056,
                0.00229861075059,
                0.00123296573292,
                0.000584405905101,
                0.00269182655029,
                0.00176936376374,
                0.00292188907042,
                0.00295932940207,
                0.00122923916206,
                0.00160874915309,
                0.00101135729346,
                0.000575923186261,
                0.000581984233577,
                0.000499779649545,
                0.000415900576627,
                0.000305402907543,
                0.000247984338785,
                0.000219929846935,
                0.000280959153315,
                0.000350821646862,
                0.000357787299436,
                0.000160240451805,
                2.18170971493e-05
            ],
            "median": [
                9.23888728721e-05,
                0.00446568941697,
                0.00182424741797,
                0.000708511564881,
                0.00109369750135,
                0.00108461943455,
                0.000424677389674,
                0.000256705621723,
                0.00109008292202,
                0.000389673863538,
                0.000521564506926,
                0.000774047453888,
                0.000486848002765,
                0.000486281700432,
                0.000467031873995,
                0.000262648216449,
                0.000241294081206,
                0.000295682286378,
                0.000281323067611,
                0.000204330222914,
                0.000148441497004,
                9.18616060517e-05,
                0.00016705658345,
                0.000184190270375,
                0.000153715402121,
                4.55877780041e-05,
                6.11451378063e-06
            ],
            "min": [
                6.25075647704e-23,
                2.34907237015e-23,
                1.9760391385e-23,
                5.20942379455e-23,
                4.10527380263e-23,
                6.35900397045e-23,
                2.94649582411e-23,
                4.44955762967e-23,
                1.07894801592e-23,
                2.30758428188e-23,
                2.78007551873e-23,
                9.50676850374e-23,
                4.99952368489e-23,
                1.56267539308e-22,
                1.30219226e-22,
                1.29240975369e-22,
                3.43569144306e-22,
                5.03338746406e-22,
                3.72588093214e-22,
                2.66665581146e-22,
                3.27895626701e-22,
                6.20999988371e-22,
                6.86837486483e-22,
                1.12196387218e-21,
                1.19995533132e-21,
                1.83046870453e-21,
                2.28872716778e-21
            ],
            "var": [
                3.07433055013e-07,
                0.000260799366515,
                3.08561720885e-05,
                8.16023839434e-06,
                9.72690304479e-06,
                1.15282164188e-05,
                6.09239577898e-06,
                1.92655215869e-06,
                2.01137936529e-05,
                1.95508619072e-05,
                4.1962855903e-05,
                3.72921495e-05,
                4.49385515822e-06,
                7.15510486771e-06,
                2.68979897555e-06,
                1.10957989818e-06,
                1.43195563851e-06,
                5.42218458577e-07,
                1.97718605932e-07,
                1.11075877385e-07,
                9.98815465891e-08,
                1.51581005525e-07,
                1.60777034353e-07,
                2.48304871775e-07,
                4.42508337528e-07,
                2.10873750461e-07,
                4.3163308483e-09
            ]
        },
        "barkbands_crest": {
            "dmean": 2.52547836304,
            "dmean2": 3.97762441635,
            "dvar": 5.99612855911,
            "dvar2": 13.6454925537,
            "max": 25.8108997345,
            "mean": 10.1388893127,
            "median": 9.27452278137,
            "min": 2.24232125282,
            "var": 19.0964374542
        },
        "barkbands_flatness_db": {
            "dmean": 0.0202123280615,
            "dmean2": 0.0301603581756,
            "dvar": 0.000500294845551,
            "dvar2": 0.00101907853968,
            "max": 0.421035319567,
            "mean": 0.113778524101,
            "median": 0.101613029838,
            "min": 0.0230778232217,
            "var": 0.00300285639241
        },
        "barkbands_kurtosis": {
            "dmean": 2.68315887451,
            "dmean2": 4.23694849014,
            "dvar": 109.74281311,
            "dvar2": 277.016448975,
            "max": 353.436462402,
            "mean": 2.86349749565,
            "median": 0.492822110653,
            "min": -1.96182549,
            "var": 126.921707153
        },
        "barkbands_skewness": {
            "dmean": 0.496411144733,
            "dmean2": 0.75002425909,
            "dvar": 0.484468638897,
            "dvar2": 1.08414280415,
            "max": 15.4619808197,
            "mean": 0.967450141907,
            "median": 0.735138058662,
            "min": -6.92077970505,
            "var": 1.59539914131
        },
        "barkbands_spread": {
            "dmean": 6.52803659439,
            "dmean2": 9.5214805603,
            "dvar": 76.724937439,
            "dvar2": 142.790130615,
            "max": 139.223419189,
            "mean": 28.4150009155,
            "median": 25.164855957,
            "min": 0.337455511093,
            "var": 298.551208496
        },
        "dissonance": {
            "dmean": 0.0240289885551,
            "dmean2": 0.04081312567,
            "dvar": 0.000593408360146,
            "dvar2": 0.00165073340759,
            "max": 0.500000119209,
            "mean": 0.456750839949,
            "median": 0.466356694698,
            "min": 0.254459291697,
            "var": 0.00120371219236
        },
        "dynamic_complexity": 2.07187008858,
        "erbbands": {
            "dmean": [
                0.176455914974,
                1.22311234474,
                2.36899614334,
                3.25722312927,
                4.35127401352,
                4.66228532791,
                4.44592285156,
                13.1374759674,
                10.9999809265,
                10.9335975647,
                9.83272647858,
                25.5788497925,
                41.4662780762,
                39.6743736267,
                46.301235199,
                35.4961891174,
                26.6198692322,
                38.785282135,
                31.661605835,
                24.5214595795,
                19.8209190369,
                18.8935127258,
                13.9641027451,
                13.0329313278,
                7.14198303223,
                6.81281375885,
                5.47378921509,
                4.64349031448,
                4.20357561111,
                4.01308679581,
                3.63101291656,
                3.5234003067,
                2.63056182861,
                2.1444466114,
                1.23604023457,
                0.455457597971,
                0.179117023945,
                0.035294611007,
                0.00283949705772,
                7.26442740415e-05
            ],
            "dmean2": [
                0.25503668189,
                1.92751228809,
                4.04761171341,
                5.80844926834,
                7.73869991302,
                7.98965072632,
                7.28321266174,
                20.1489906311,
                17.5524768829,
                17.7531013489,
                16.0187263489,
                39.6338615417,
                65.6178131104,
                58.6490936279,
                66.712387085,
                52.276676178,
                39.3220901489,
                59.9787597656,
                48.9695472717,
                39.6728973389,
                31.4779281616,
                29.6856117249,
                21.763256073,
                20.9892730713,
                11.3842878342,
                10.9122476578,
                8.30641269684,
                7.51824569702,
                6.57179355621,
                6.05144691467,
                5.07245874405,
                5.01685667038,
                3.62440657616,
                3.01514101028,
                1.80668497086,
                0.649953126907,
                0.260217040777,
                0.0519496947527,
                0.0045701218769,
                0.000115416536573
            ],
            "dvar": [
                0.183138072491,
                7.18356323242,
                33.008895874,
                75.2261428833,
                173.578063965,
                141.052856445,
                81.5932159424,
                669.958557129,
                704.46282959,
                857.413818359,
                598.34588623,
                2605.08422852,
                8606.34179688,
                8201.78222656,
                7719.44677734,
                4332.31298828,
                2329.99291992,
                5463.62792969,
                3713.49023438,
                2999.20117188,
                1971.2208252,
                2007.58911133,
                714.758422852,
                346.514678955,
                99.3065490723,
                103.667205811,
                63.7030334473,
                78.8916015625,
                71.347076416,
                74.2257766724,
                46.8178901672,
                47.4743766785,
                23.7665958405,
                18.8291435242,
                10.7544565201,
                2.37483239174,
                0.430448204279,
                0.0144800432026,
                9.5339208201e-05,
                4.60910420941e-08
            ],
            "dvar2": [
                0.33268097043,
                16.6747531891,
                92.4300842285,
                217.871322632,
                498.766662598,
                405.995727539,
                211.612319946,
                1546.66662598,
                1766.37695313,
                2087.66992188,
                1431.40820313,
                6434.84179688,
                21751.890625,
                18530.0449219,
                15813.4111328,
                8921.25,
                4639.29248047,
                12942.7910156,
                8226.16894531,
                7729.91064453,
                4552.71386719,
                4687.82470703,
                1739.15087891,
                824.487365723,
                249.529785156,
                253.842880249,
                134.752807617,
                193.065979004,
                146.794448853,
                154.654327393,
                77.8763580322,
                97.0129165649,
                44.6652412415,
                33.0829238892,
                19.3280925751,
                4.69365882874,
                0.92299592495,
                0.0295981410891,
                0.000224336210522,
                1.08420074696e-07
            ],
            "max": [
                5.21198034286,
                33.0278320313,
                68.9980621338,
                109.064926147,
                204.711517334,
                165.378448486,
                192.469039917,
                498.575958252,
                531.500183105,
                741.828491211,
                753.939453125,
                1356.53881836,
                1486.07165527,
                2077.50439453,
                1846.19921875,
                1754.01708984,
                1237.26953125,
                1328.57250977,
                2095.90136719,
                1538.42895508,
                917.350036621,
                1697.15405273,
                741.824707031,
                408.840423584,
                206.380172729,
                309.581726074,
                113.84992981,
                182.143371582,
                127.74344635,
                134.016983032,
                116.675689697,
                107.94758606,
                73.2019042969,
                84.20728302,
                52.8880233765,
                30.2522983551,
                15.1868400574,
                2.49132394791,
                0.251222491264,
                0.004695255775
            ],
            "mean": [
                0.276799559593,
                2.25267910957,
                4.29842758179,
                4.91921710968,
                5.50357055664,
                6.91813325882,
                7.90402793884,
                24.6228370667,
                18.5579395294,
                16.600030899,
                15.6227903366,
                47.6674995422,
                76.2180557251,
                101.813201904,
                113.126235962,
                82.887046814,
                53.9083480835,
                77.305770874,
                65.2820739746,
                41.8731613159,
                35.3218154907,
                34.5970649719,
                27.7361869812,
                26.6673297882,
                15.6225948334,
                14.5909872055,
                12.0566511154,
                8.32455444336,
                7.79192113876,
                7.68400239944,
                8.20547008514,
                7.43043613434,
                5.72809934616,
                4.45359945297,
                2.27995729446,
                0.751715898514,
                0.295306622982,
                0.0613874420524,
                0.00356558803469,
                0.000135950467666
            ],
            "median": [
                0.113653451204,
                1.0162730217,
                2.5515704155,
                2.8000626564,
                2.94432592392,
                3.67908382416,
                4.89288806915,
                10.2122554779,
                7.92218637466,
                6.4856762886,
                8.26040840149,
                19.5672454834,
                29.5316200256,
                24.2962226868,
                34.8775138855,
                30.2259407043,
                26.920747757,
                31.3791046143,
                29.401058197,
                23.8755817413,
                17.7104530334,
                14.9927387238,
                16.0568466187,
                18.4330635071,
                11.1691455841,
                9.70914554596,
                7.8839764595,
                4.06925582886,
                3.3293337822,
                3.90485572815,
                4.95217847824,
                3.82854151726,
                3.00166678429,
                2.05606222153,
                0.873409330845,
                0.17780713737,
                0.0863800793886,
                0.0220258235931,
                0.000872105476446,
                7.9273188021e-05
            ],
            "min": [
                1.03739646852e-21,
                4.01077341586e-21,
                1.67353824439e-20,
                1.24603618192e-19,
                1.93013858844e-19,
                6.51722356816e-20,
                2.72932947702e-19,
                6.7431050092e-19,
                4.46928063107e-19,
                5.06882424097e-19,
                9.07823587844e-19,
                1.81193137698e-19,
                7.39841351709e-19,
                5.65232933579e-19,
                2.15001467239e-18,
                3.93350230663e-18,
                2.96772592808e-18,
                7.31541080231e-18,
                5.72464529065e-18,
                7.87818230488e-18,
                1.04437458404e-17,
                1.75549728988e-17,
                2.21678448464e-17,
                1.87730145488e-17,
                2.21389266122e-17,
                1.63800455567e-17,
                1.31914851526e-17,
                1.33636536981e-17,
                2.14974860974e-17,
                2.04612256589e-17,
                1.96119891025e-17,
                2.3266391985e-17,
                1.68547115707e-17,
                1.05308785646e-17,
                1.00235422252e-17,
                6.87147248013e-18,
                3.50127520756e-18,
                1.26744501204e-18,
                3.03867202015e-19,
                3.34162969831e-20
            ],
            "var": [
                0.283180058002,
                12.2249488831,
                35.5114440918,
                57.9320526123,
                124.581245422,
                118.917625427,
                131.07321167,
                1528.93310547,
                1055.32263184,
                1400.67590332,
                881.028747559,
                5819.48046875,
                18947.2128906,
                47645.84375,
                37060.4023438,
                22642.2753906,
                6663.92626953,
                13869.4384766,
                11800.0791016,
                4505.24023438,
                4240.23779297,
                4849.33398438,
                1789.62158203,
                819.921142578,
                250.998306274,
                269.618438721,
                185.702453613,
                164.367584229,
                187.949829102,
                166.4894104,
                135.082000732,
                119.080825806,
                66.4078140259,
                52.6013946533,
                25.3484687805,
                4.64340257645,
                0.730181396008,
                0.0281396992505,
                0.00012856516696,
                6.48844817874e-08
            ]
        },
        "erbbands_crest": {
            "dmean": 2.83692908287,
            "dmean2": 4.51044845581,
            "dvar": 7.66391849518,
            "dvar2": 18.1483135223,
            "max": 30.4499664307,
            "mean": 10.3536949158,
            "median": 9.47590827942,
            "min": 2.38144254684,
            "var": 25.5776844025
        },
        "erbbands_flatness_db": {
            "dmean": 0.0167839024216,
            "dmean2": 0.024690983817,
            "dvar": 0.00030481768772,
            "dvar2": 0.000590490351897,
            "max": 0.419145166874,
            "mean": 0.146929085255,
            "median": 0.142178684473,
            "min": 0.0441045351326,
            "var": 0.00249986723065
        },
        "erbbands_kurtosis": {
            "dmean": 1.30672478676,
            "dmean2": 1.99502050877,
            "dvar": 4.10439968109,
            "dvar2": 9.40522575378,
            "max": 50.8671684265,
            "mean": 1.99957501888,
            "median": 0.84801030159,
            "min": -1.8115067482,
            "var": 15.234459877
        },
        "erbbands_skewness": {
            "dmean": 0.383979320526,
            "dmean2": 0.578366160393,
            "dvar": 0.155184403062,
            "dvar2": 0.331680357456,
            "max": 5.43820571899,
            "mean": 0.460957467556,
            "median": 0.380633175373,
            "min": -4.00034809113,
            "var": 0.795439600945
        },
        "erbbands_spread": {
            "dmean": 7.92614269257,
            "dmean2": 11.7906475067,
            "dvar": 119.082817078,
            "dvar2": 254.369384766,
            "max": 199.566879272,
            "mean": 34.3287162781,
            "median": 28.1285438538,
            "min": 2.70330095291,
            "var": 523.205322266
        },
        "gfcc": {
            "cov": [
                [
                    8544.53222656,
                    -980.543151855,
                    82.7600479126,
                    722.528625488,
                    80.5644073486,
                    562.994262695,
                    -126.426101685,
                    365.681854248,
                    69.173500061,
                    133.853424072,
                    -202.594512939,
                    120.618507385,
                    -177.845336914
                ],
                [
                    -980.543151855,
                    1285.28417969,
                    -90.8560638428,
                    69.0496444702,
                    195.158218384,
                    -53.9207191467,
                    198.955917358,
                    -89.9567184448,
                    47.2943649292,
                    -57.558506012,
                    59.0043296814,
                    -108.263000488,
                    75.4189834595
                ],
                [
                    82.7600479126,
                    -90.8560638428,
                    803.240844727,
                    307.56072998,
                    104.474868774,
                    26.8825016022,
                    -75.3358459473,
                    68.7821273804,
                    28.9214763641,
                    37.4449195862,
                    -85.870223999,
                    17.4448051453,
                    -32.2822227478
                ],
                [
                    722.528625488,
                    69.0496444702,
                    307.56072998,
                    626.611694336,
                    63.6833114624,
                    2.05077695847,
                    -40.7415924072,
                    16.2281665802,
                    63.2085952759,
                    -8.21229553223,
                    -112.762329102,
                    -0.63545614481,
                    -17.1094684601
                ],
                [
                    80.5644073486,
                    195.158218384,
                    104.474868774,
                    63.6833114624,
                    267.357452393,
                    87.1145324707,
                    41.5628852844,
                    35.1681404114,
                    19.992017746,
                    3.52411150932,
                    9.53110694885,
                    -18.9017238617,
                    11.564950943
                ],
                [
                    562.994262695,
                    -53.9207191467,
                    26.8825016022,
                    2.05077695847,
                    87.1145324707,
                    313.932678223,
                    106.994514465,
                    18.8146514893,
                    -36.138923645,
                    7.38766622543,
                    2.23423719406,
                    -17.5296955109,
                    -22.4146785736
                ],
                [
                    -126.426101685,
                    198.955917358,
                    -75.3358459473,
                    -40.7415924072,
                    41.5628852844,
                    106.994514465,
                    227.221420288,
                    -18.9875736237,
                    -28.095867157,
                    -8.14593029022,
                    22.088924408,
                    -35.995639801,
                    3.84283733368
                ],
                [
                    365.681854248,
                    -89.9567184448,
                    68.7821273804,
                    16.2281665802,
                    35.1681404114,
                    18.8146514893,
                    -18.9875736237,
                    160.467407227,
                    42.3784294128,
                    6.3334774971,
                    -0.0261863116175,
                    8.98922729492,
                    2.61877179146
                ],
                [
                    69.173500061,
                    47.2943649292,
                    28.9214763641,
                    63.2085952759,
                    19.992017746,
                    -36.138923645,
                    -28.095867157,
                    42.3784294128,
                    108.84602356,
                    19.50116539,
                    -4.45126914978,
                    9.69312095642,
                    4.36095142365
                ],
                [
                    133.853424072,
                    -57.558506012,
                    37.4449195862,
                    -8.21229553223,
                    3.52411150932,
                    7.38766622543,
                    -8.14593029022,
                    6.3334774971,
                    19.50116539,
                    110.314750671,
                    34.4277496338,
                    8.76331233978,
                    -7.63075780869
                ],
                [
                    -202.594512939,
                    59.0043296814,
                    -85.870223999,
                    -112.762329102,
                    9.53110694885,
                    2.23423719406,
                    22.088924408,
                    -0.0261863116175,
                    -4.45126914978,
                    34.4277496338,
                    133.906600952,
                    13.8603515625,
                    20.8898715973
                ],
                [
                    120.618507385,
                    -108.263000488,
                    17.4448051453,
                    -0.63545614481,
                    -18.9017238617,
                    -17.5296955109,
                    -35.995639801,
                    8.98922729492,
                    9.69312095642,
                    8.76331233978,
                    13.8603515625,
                    89.0621795654,
                    16.354019165
                ],
                [
                    -177.845336914,
                    75.4189834595,
                    -32.2822227478,
                    -17.1094684601,
                    11.564950943,
                    -22.4146785736,
                    3.84283733368,
                    2.61877179146,
                    4.36095142365,
                    -7.63075780869,
                    20.8898715973,
                    16.354019165,
                    84.6120529175
                ]
            ],
            "icov": [
                [
                    0.000216156506212,
                    4.16042930738e-05,
                    0.00022655914654,
                    -0.000306471716613,
                    4.67693143946e-06,
                    -0.000405165279517,
                    0.000179372669663,
                    -0.000479973561596,
                    0.000145883139339,
                    -0.000328852242092,
                    0.00024810913601,
                    -0.000324643711792,
                    0.000304773595417
                ],
                [
                    4.16042930738e-05,
                    0.00157739152201,
                    3.42204402841e-05,
                    -0.000298948056297,
                    -0.00102625216823,
                    0.000715619302355,
                    -0.0012319694506,
                    0.000989859225228,
                    -0.00111017166637,
                    0.000853620178532,
                    -0.000862041022629,
                    0.00152448168956,
                    -0.000958416610956
                ],
                [
                    0.00022655914654,
                    3.42204402841e-05,
                    0.00205779867247,
                    -0.00102767848875,
                    -0.000630006659776,
                    -0.000420475960709,
                    0.00062626512954,
                    -0.00113762205001,
                    0.000771998486016,
                    -0.00121641007718,
                    0.0010327763157,
                    -0.000787345692515,
                    0.000752203981392
                ],
                [
                    -0.000306471716613,
                    -0.000298948056297,
                    -0.00102767848875,
                    0.00283023552038,
                    -0.000132197528728,
                    0.000371784175513,
                    -4.94057712785e-05,
                    0.000994650530629,
                    -0.00133615639061,
                    0.000498373410664,
                    0.00126783293672,
                    0.00015932097449,
                    -0.000339470250765
                ],
                [
                    4.67693143946e-06,
                    -0.00102625216823,
                    -0.000630006659776,
                    -0.000132197528728,
                    0.00551118981093,
                    -0.00179755757563,
                    0.000439154187916,
                    -0.00115271785762,
                    -0.000345466600265,
                    -0.000154905312229,
                    -0.000405575119657,
                    0.000183832758921,
                    -0.000487824843731
                ],
                [
                    -0.000405165279517,
                    0.000715619302355,
                    -0.000420475960709,
                    0.000371784175513,
                    -0.00179755757563,
                    0.00569374766201,
                    -0.002905925503,
                    0.000536462001037,
                    0.000910362810828,
                    0.000433610752225,
                    -0.000588398834225,
                    0.000917225028388,
                    0.000254850223428
                ],
                [
                    0.000179372669663,
                    -0.0012319694506,
                    0.00062626512954,
                    -4.94057712785e-05,
                    0.000439154187916,
                    -0.002905925503,
                    0.007224294357,
                    -0.000644381216262,
                    0.00141525198705,
                    -0.000625491142273,
                    0.000108726118924,
                    0.000474735046737,
                    0.000318134349072
                ],
                [
                    -0.000479973561596,
                    0.000989859225228,
                    -0.00113762205001,
                    0.000994650530629,
                    -0.00115271785762,
                    0.000536462001037,
                    -0.000644381216262,
                    0.0093822684139,
                    -0.00430727284402,
                    0.00194319721777,
                    -0.00141977169551,
                    0.00153543811757,
                    -0.00163452059496
                ],
                [
                    0.000145883139339,
                    -0.00111017166637,
                    0.000771998486016,
                    -0.00133615639061,
                    -0.000345466600265,
                    0.000910362810828,
                    0.00141525198705,
                    -0.00430727284402,
                    0.0133595596999,
                    -0.00335145788267,
                    0.00125256821048,
                    -0.00205677980557,
                    0.000775440363213
                ],
                [
                    -0.000328852242092,
                    0.000853620178532,
                    -0.00121641007718,
                    0.000498373410664,
                    -0.000154905312229,
                    0.000433610752225,
                    -0.000625491142273,
                    0.00194319721777,
                    -0.00335145788267,
                    0.0121312122792,
                    -0.00454513030127,
                    0.00112217711285,
                    0.00046093959827
                ],
                [
                    0.00024810913601,
                    -0.000862041022629,
                    0.0010327763157,
                    0.00126783293672,
                    -0.000405575119657,
                    -0.000588398834225,
                    0.000108726118924,
                    -0.00141977169551,
                    0.00125256821048,
                    -0.00454513030127,
                    0.0116270100698,
                    -0.00292493891902,
                    -0.00090086349519
                ],
                [
                    -0.000324643711792,
                    0.00152448168956,
                    -0.000787345692515,
                    0.00015932097449,
                    0.000183832758921,
                    0.000917225028388,
                    0.000474735046737,
                    0.00153543811757,
                    -0.00205677980557,
                    0.00112217711285,
                    -0.00292493891902,
                    0.0152693763375,
                    -0.00418257294223
                ],
                [
                    0.000304773595417,
                    -0.000958416610956,
                    0.000752203981392,
                    -0.000339470250765,
                    -0.000487824843731,
                    0.000254850223428,
                    0.000318134349072,
                    -0.00163452059496,
                    0.000775440363213,
                    0.00046093959827,
                    -0.00090086349519,
                    -0.00418257294223,
                    0.0147346435115
                ]
            ],
            "mean": [
                43.7932281494,
                67.168182373,
                -108.798736572,
                19.4678497314,
                -48.744354248,
                28.1137065887,
                -34.9215393066,
                16.5923423767,
                -26.6494960785,
                3.95993256569,
                -10.4955711365,
                2.82173728943,
                -9.13068771362
            ]
        },
        "hfc": {
            "dmean": 9.37003707886,
            "dmean2": 13.4110422134,
            "dvar": 146.472305298,
            "dvar2": 258.203308105,
            "max": 174.62461853,
            "mean": 39.7022666931,
            "median": 36.2741355896,
            "min": 1.18331243885e-16,
            "var": 613.618164063
        },
        "melbands": {
            "dmean": [
                0.00154093408491,
                0.00128425471485,
                0.000591614108998,
                0.000314325414365,
                0.000159623567015,
                0.000271691940725,
                0.00016759178834,
                0.000112738023745,
                8.32540026749e-05,
                0.000198162786546,
                0.00021183892386,
                0.000159826158779,
                0.000159395684022,
                0.000158521157573,
                5.65820701013e-05,
                8.62968227011e-05,
                7.18544615665e-05,
                5.40759065188e-05,
                5.47066192667e-05,
                2.37375534198e-05,
                2.42449277721e-05,
                2.32195179706e-05,
                1.33790554173e-05,
                1.41214031828e-05,
                1.1553839613e-05,
                7.37033724363e-06,
                4.89463445774e-06,
                5.20532194059e-06,
                4.32544084106e-06,
