{
    "lowlevel": {
        "average_loudness": 0.955907523632,
        "barkbands": {
            "dmean": [
                0.00231703114696,
                0.017249269411,
                0.00286259455606,
                0.00261930655688,
                0.00388562004082,
                0.00116232107393,
                0.000764168857131,
                0.000411908957176,
                0.000532208476216,
                0.000360190664651,
                0.000191369792446,
                0.000268977048108,
                0.000252867990639,
                0.000237978878431,
                0.000145389873069,
                0.000250203651376,
                0.000171289619175,
                0.000225278519792,
                0.000188604084542,
                0.000178575457539,
                0.000188954931218,
                0.000300183804939,
                0.000242588008405,
                0.000249706587056,
                0.000211277147173,
                5.17588960065e-05,
                1.92415973288e-05
            ],
            "dmean2": [
                0.00382680818439,
                0.0252850987017,
                0.00523328548297,
                0.0047992868349,
                0.00676599284634,
                0.00200197496451,
                0.00122003012802,
                0.000631816626992,
                0.00077517144382,
                0.000524969655089,
                0.000288693554467,
                0.000402231671615,
                0.000375657051336,
                0.000357964774594,
                0.00023136663367,
                0.000377611460863,
                0.000261546869297,
                0.000348086614395,
                0.000276998616755,
                0.000263500667643,
                0.000288555427687,
                0.000490666832775,
                0.000380275421776,
                0.000391046836739,
                0.000348145345924,
                8.02432550699e-05,
                2.99638832075e-05
            ],
            "dvar": [
                8.91945546755e-06,
                0.00135130865965,
                9.79489486781e-05,
                5.57345592824e-05,
                0.000114570153528,
                8.66735445015e-06,
                2.9209350032e-06,
                1.21928042063e-06,
                1.11399151592e-06,
                1.0311995311e-06,
                2.22973454811e-07,
                6.37940388515e-07,
                4.84960764879e-07,
                3.60532737886e-07,
                1.87191801615e-07,
                5.82713539643e-07,
                3.1437053849e-07,
                4.27272851766e-07,
                2.39586654516e-07,
                2.30011650615e-07,
                2.16095287442e-07,
                4.3658570803e-07,
                2.6252536145e-07,
                2.76176166381e-07,
                2.16813873521e-07,
                5.29985264563e-08,
                2.24612275446e-08
            ],
            "dvar2": [
                2.6253712349e-05,
                0.00226075504906,
                0.000278034131043,
                0.000168900194694,
                0.0003192446311,
                2.22535436478e-05,
                6.45975615043e-06,
                2.56284306488e-06,
                2.10155576497e-06,
                1.85635610706e-06,
                4.55274317801e-07,
                1.25400401885e-06,
                1.01799639651e-06,
                7.83967777807e-07,
                4.74892488e-07,
                1.28815611333e-06,
                6.7373167667e-07,
                9.12810662612e-07,
                4.6888385441e-07,
                4.57503489315e-07,
                3.82306495794e-07,
                1.07206369648e-06,
                6.05559705491e-07,
                5.84442034324e-07,
                5.67321364997e-07,
                1.26935319145e-07,
                5.04997181849e-08
            ],
            "max": [
                0.0449386350811,
                0.302231758833,
                0.0819386914372,
                0.0735662654042,
                0.100394234061,
                0.0389597825706,
                0.0225095730275,
                0.022293144837,
                0.0215464476496,
                0.0223943628371,
                0.00972302164882,
                0.0172508209944,
                0.013870658353,
                0.0121271777898,
                0.00880869757384,
                0.0116605674848,
                0.00975508987904,
                0.0120862117037,
                0.00807990599424,
                0.010087381117,
                0.00732637988403,
                0.00827293191105,
                0.0078537510708,
                0.00834277179092,
                0.00439517106861,
                0.00396083993837,
                0.00290939444676
            ],
            "mean": [
                0.00365364714526,
                0.0556112416089,
                0.00234534195624,
                0.00299894809723,
                0.00397690199316,
                0.00128489441704,
                0.00105080229696,
                0.000570569944102,
                0.000864705769345,
                0.000538157473784,
                0.000281534506939,
                0.000428520841524,
                0.000359763595043,
                0.000377291667974,
                0.000178413582034,
                0.000332815718139,
                0.000228750461247,
                0.000367191212717,
                0.0003030441585,
                0.000266797578661,
                0.000240572058829,
                0.000320397113683,
                0.000323277607094,
                0.000331859686412,
                0.000205087999348,
                5.73232100578e-05,
                1.64904613484e-05
            ],
            "median": [
                0.0026333569549,
                0.0463088229299,
                0.000564171816222,
                0.00179926701821,
                0.00120750418864,
                0.00022515571618,
                0.000116526716738,
                6.10097849858e-05,
                0.000155504778377,
                0.000100993820524,
                3.89433735108e-05,
                6.40026046312e-05,
                5.37611995242e-05,
                5.03817936988e-05,
                2.71566768788e-05,
                4.39284485765e-05,
                4.30722320743e-05,
                6.32972296444e-05,
                5.54017569812e-05,
                5.72610588279e-05,
                3.63557628589e-05,
                4.9560192565e-05,
                7.81346461736e-05,
                6.06301582593e-05,
                1.18442603707e-05,
                5.11246798851e-06,
                1.16062508937e-07
            ],
            "min": [
                9.34728701889e-24,
                3.61422808397e-23,
                3.08161854639e-23,
                2.1855902561e-23,
                4.65959437004e-23,
                7.79825734175e-23,
                2.46996577719e-23,
                5.04329410553e-23,
                4.616646258e-23,
                6.33476448365e-23,
                7.37053506567e-23,
                7.34037975316e-23,
                2.59636994564e-22,
                1.02433512812e-22,
                5.55550496228e-23,
                1.65098767722e-22,
                1.63074739966e-22,
                2.13325634012e-22,
                3.35469398211e-22,
                3.35190658943e-22,
                4.40452118194e-22,
                3.89352308839e-22,
                5.83611414586e-22,
                8.56328833674e-22,
                1.13325036389e-21,
                1.6136841742e-21,
                2.30425497962e-21
            ],
            "var": [
                1.45277472257e-05,
                0.00285597681068,
                5.93936565565e-05,
                3.42404200637e-05,
                8.39707499836e-05,
                1.01178729892e-05,
                5.38115455129e-06,
                2.29883630709e-06,
                3.28897954205e-06,
                2.59624994214e-06,
                4.98114786751e-07,
                1.9080380298e-06,
                9.12002235509e-07,
                1.01802595509e-06,
                2.36598069137e-07,
                8.37672359921e-07,
                4.39318853296e-07,
                1.05239769255e-06,
                4.88773025609e-07,
                3.97512565087e-07,
                3.83128195836e-07,
                5.16415752827e-07,
                3.82594151915e-07,
                5.55832116333e-07,
                2.29754135717e-07,
                6.49597993174e-08,
                2.20416733754e-08
            ]
        },
        "barkbands_crest": {
            "dmean": 2.57137179375,
            "dmean2": 4.08299827576,
            "dvar": 11.8572473526,
            "dvar2": 28.6752376556,
            "max": 26.646522522,
            "mean": 18.7641716003,
            "median": 19.5630550385,
            "min": 2.54237556458,
            "var": 23.3751926422
        },
        "barkbands_flatness_db": {
            "dmean": 0.0345374345779,
            "dmean2": 0.0486752539873,
            "dvar": 0.00150247989222,
            "dvar2": 0.00280592544004,
            "max": 0.794840037823,
            "mean": 0.255574464798,
            "median": 0.234453201294,
            "min": 0.0280165486038,
            "var": 0.0113059347495
        },
        "barkbands_kurtosis": {
            "dmean": 18.5190505981,
            "dmean2": 27.8723621368,
            "dvar": 1513.23010254,
            "dvar2": 3447.7668457,
            "max": 1009.67102051,
            "mean": 31.6255931854,
            "median": 12.1133832932,
            "min": -1.91189873219,
            "var": 3393.51586914
        },
        "barkbands_skewness": {
            "dmean": 1.28229916096,
            "dmean2": 1.86900019646,
            "dvar": 2.62586712837,
            "dvar2": 5.56160306931,
            "max": 24.4885177612,
            "mean": 3.90010094643,
            "median": 3.1962993145,
            "min": -10.458899498,
            "var": 8.78468704224
        },
        "barkbands_spread": {
            "dmean": 7.37274265289,
            "dmean2": 11.1393032074,
            "dvar": 128.148574829,
            "dvar2": 295.358947754,
            "max": 126.665214539,
            "mean": 15.8276157379,
            "median": 10.2830734253,
            "min": 0.045288182795,
            "var": 267.346221924
        },
        "dissonance": {
            "dmean": 0.0263943262398,
            "dmean2": 0.0440229251981,
            "dvar": 0.000791174883489,
            "dvar2": 0.00212593376637,
            "max": 0.500000059605,
            "mean": 0.44804379344,
            "median": 0.458194792271,
            "min": 0.140376865864,
            "var": 0.00183780037332
        },
        "dynamic_complexity": 3.60618257523,
        "erbbands": {
            "dmean": [
                0.799739480019,
                3.5233206749,
                3.96558761597,
                5.87255048752,
                10.8627386093,
                14.2584905624,
                11.4184379578,
                9.00794506073,
                11.1499958038,
                8.72957515717,
                9.69521999359,
                12.5089445114,
                10.5565824509,
                10.7970132828,
                6.04582452774,
                9.09603309631,
                10.8792209625,
                11.636384964,
                8.09691047668,
                7.89386558533,
                14.7910146713,
                10.8528203964,
                13.8828868866,
                8.22226905823,
                9.68886756897,
                7.82943248749,
                6.3821606636,
                8.52045345306,
                13.1827058792,
                8.10638046265,
                6.60004711151,
                5.44299554825,
                3.96598124504,
                2.74138331413,
                1.35314893723,
                0.322594106197,
                0.0860344469547,
                0.014828234911,
                0.00291142682545,
                0.000272456556559
            ],
            "dmean2": [
                1.1035785675,
                5.30476999283,
                6.99208259583,
                10.84516716,
                19.8823432922,
                24.4580135345,
                19.8223361969,
                15.1936483383,
                17.8176460266,
                13.6938123703,
                14.8206272125,
                18.2935962677,
                15.4315261841,
                16.0973377228,
                9.05589962006,
                13.3369855881,
                15.6588964462,
                17.4674949646,
                12.1400432587,
                12.4940862656,
                22.1340560913,
                16.4100551605,
                21.5526371002,
                11.8761835098,
                14.1485671997,
                11.5674858093,
                9.67322254181,
                12.8528394699,
                21.7920742035,
                12.9901456833,
                10.4214773178,
                8.52474212646,
                6.19538593292,
                4.53154468536,
                2.23574590683,
                0.506642401218,
                0.132515907288,
                0.0229173731059,
                0.00461711687967,
                0.000409811822465
            ],
            "dvar": [
                1.91966211796,
                74.3976364136,
                164.59916687,
                314.908996582,
                1100.13635254,
                1417.29675293,
                846.61151123,
                563.42364502,
                653.541320801,
                400.488220215,
                512.159545898,
                683.431640625,
                753.778625488,
                553.064758301,
                222.490371704,
                784.401367188,
                821.06640625,
                1049.6463623,
                377.875976563,
                819.301391602,
                1891.78063965,
                1235.31738281,
                1705.62475586,
                520.21661377,
                561.728820801,
                461.762268066,
                285.292572021,
                489.167053223,
                849.456604004,
                284.633666992,
                204.596221924,
                129.335922241,
                76.7488098145,
                36.6965904236,
                9.22964286804,
                1.34320032597,
                0.159368231893,
                0.00732195889577,
                0.000487326673465,
                4.40102940047e-06
            ],
            "dvar2": [
                2.87251615524,
                152.343582153,
                450.215545654,
                936.655395508,
                3191.38305664,
                3857.28466797,
                2290.51245117,
                1364.09838867,
                1449.47314453,
                897.818725586,
                1129.04943848,
                1288.13293457,
                1370.83105469,
                1129.70727539,
                461.487640381,
                1512.27807617,
                1629.51489258,
                2249.61132813,
                771.75390625,
                2109.93652344,
                3902.87866211,
                2658.93066406,
                3802.74316406,
                933.123168945,
                1138.82739258,
                900.227050781,
                569.287780762,
                879.262634277,
                2170.04101563,
                676.092529297,
                478.758453369,
                289.506347656,
                159.431091309,
                95.6283874512,
                24.2358283997,
                3.31379127502,
                0.369840711355,
                0.0166816152632,
                0.00110776000656,
                9.95549999061e-06
            ],
            "max": [
                12.8990592957,
                71.3134078979,
                116.475837708,
                166.086517334,
                318.301971436,
                332.14743042,
                290.50982666,
                476.528381348,
                342.681091309,
                419.012664795,
                431.600769043,
                590.833618164,
                702.635009766,
                418.432617188,
                509.179260254,
                630.829772949,
                693.495117188,
                717.549621582,
                481.458068848,
                513.797119141,
                789.045837402,
                597.362792969,
                829.61541748,
                368.49307251,
                482.393585205,
                439.932189941,
                321.577392578,
                383.572753906,
                294.424682617,
                170.668395996,
                235.518264771,
                153.953994751,
                201.573257446,
                61.3678970337,
                36.4877586365,
                18.4219646454,
                7.78156328201,
                1.68137896061,
                0.388014316559,
                0.0443167947233
            ],
            "mean": [
                2.48313498497,
                8.93535232544,
                4.20218372345,
                6.84126234055,
                11.3503818512,
                14.4792432785,
                12.0511798859,
                10.4289531708,
                14.7499675751,
                12.5943908691,
                14.0549144745,
                20.4184513092,
                16.5311584473,
                17.3104820251,
                9.59810733795,
                15.4258356094,
                18.1324310303,
                19.4681549072,
                12.3835201263,
                9.99573135376,
                21.3224658966,
                15.7783546448,
                22.5495014191,
                14.092921257,
                15.2878198624,
                11.8014955521,
                8.69093608856,
                10.4861021042,
                13.4596967697,
                9.6409034729,
                8.98229885101,
                7.45823049545,
                4.95181131363,
                2.67613768578,
                1.30319964886,
                0.355628788471,
                0.0945846140385,
                0.0146432770416,
                0.00248679867946,
                0.000308555521769
            ],
            "median": [
                2.23129463196,
                5.8762140274,
                1.49658429623,
                4.0279712677,
                4.39799880981,
                3.17360210419,
                2.88041329384,
                1.86231732368,
                2.24169397354,
                2.57090353966,
                2.88770532608,
                4.57596302032,
                4.03856229782,
                3.74952864647,
                2.51397228241,
                2.50211381912,
                2.92744994164,
                3.17036318779,
                2.47631430626,
                1.84229838848,
                3.18227362633,
                3.93016052246,
                4.30098104477,
                2.90427947044,
                3.47542834282,
                2.94073200226,
                1.98267483711,
                1.20318174362,
                1.79999577999,
                2.07729053497,
                2.14483809471,
                1.39404809475,
                0.827576816082,
                0.170946270227,
                0.0770729482174,
                0.0384050160646,
                0.00623195758089,
                0.000625402957667,
                7.36905058147e-05,
                8.19560154923e-05
            ],
            "min": [
                1.23946724099e-21,
                7.35168643972e-21,
                3.65069345573e-20,
                5.40511703932e-20,
                6.98633772682e-20,
                1.46539943974e-19,
                2.66929477611e-19,
                8.68505832173e-19,
                5.62347934397e-19,
                5.49910808599e-19,
                1.3437630735e-18,
                1.08252268565e-18,
                1.4239233889e-18,
                2.80854866768e-18,
                2.28214746946e-18,
                3.63334038262e-18,
                1.29456247406e-17,
                5.95939046309e-18,
                3.51217620727e-18,
                7.03897779494e-18,
                8.00355807032e-18,
                9.05254881849e-18,
                1.23554553618e-17,
                8.92832779719e-18,
                2.0435056973e-17,
                1.60545384052e-17,
                1.4282021047e-17,
                2.04983511791e-17,
                1.39604992516e-17,
                1.78411757364e-17,
                1.67912519285e-17,
                1.62681396004e-17,
                1.37540738482e-17,
                1.27715205925e-17,
                8.05194482744e-18,
                5.811975711e-18,
                2.91437443294e-18,
                1.29162929161e-18,
                3.32501661581e-19,
                3.42888852876e-20
            ],
            "var": [
                4.40079259872,
                118.493766785,
                118.417259216,
                191.503631592,
                708.286743164,
                1166.02062988,
                789.612426758,
                761.909179688,
                1145.4387207,
                741.50213623,
                892.673034668,
                2097.05957031,
                1937.18261719,
                1302.99169922,
                484.159301758,
                2559.34619141,
                2073.93725586,
                2978.36181641,
                763.167053223,
                884.582275391,
                3156.34399414,
                1768.82312012,
                4042.08447266,
                1109.38354492,
                1056.93359375,
                788.949829102,
                467.024932861,
                834.397033691,
                915.660339355,
                376.26675415,
                292.734344482,
                254.294525146,
                142.086105347,
                39.5141906738,
                9.69017791748,
                1.62040567398,
                0.205466344953,
                0.00755943590775,
                0.00045900803525,
                4.3576205826e-06
            ]
        },
        "erbbands_crest": {
            "dmean": 3.15452861786,
            "dmean2": 5.06491756439,
            "dvar": 8.60596370697,
            "dvar2": 19.7706871033,
            "max": 31.9343852997,
            "mean": 10.8127765656,
            "median": 9.69868659973,
            "min": 2.31021881104,
            "var": 24.040063858
        },
        "erbbands_flatness_db": {
            "dmean": 0.0220507495105,
            "dmean2": 0.0320892669261,
            "dvar": 0.000491197046358,
            "dvar2": 0.00100758334156,
            "max": 0.503970563412,
            "mean": 0.17058776319,
            "median": 0.153405293822,
            "min": 0.0459832064807,
            "var": 0.00483561865985
        },
        "erbbands_kurtosis": {
            "dmean": 1.75865054131,
            "dmean2": 2.82510709763,
            "dvar": 8.53961372375,
            "dvar2": 20.3223590851,
            "max": 72.9012069702,
            "mean": 1.48893523216,
            "median": 0.150277853012,
            "min": -1.9045778513,
            "var": 23.6292915344
        },
        "erbbands_skewness": {
            "dmean": 0.595231354237,
            "dmean2": 0.893581390381,
            "dvar": 0.402314007282,
            "dvar2": 0.883114755154,
            "max": 5.67355203629,
            "mean": 0.199336141348,
            "median": 0.183581888676,
            "min": -5.69699621201,
            "var": 1.48136878014
        },
        "erbbands_spread": {
            "dmean": 15.7296695709,
            "dmean2": 24.1729335785,
            "dvar": 351.896148682,
            "dvar2": 853.775695801,
            "max": 193.531356812,
            "mean": 50.4035263062,
            "median": 45.6334648132,
            "min": 1.27493953705,
            "var": 910.039245605
        },
        "gfcc": {
            "cov": [
                [
                    22289.9472656,
                    -2753.13769531,
                    803.71862793,
                    2820.27709961,
                    -1016.34130859,
                    2074.25708008,
                    -467.284454346,
                    1110.08728027,
                    204.280502319,
                    607.758117676,
                    -257.964508057,
                    210.0572052,
                    -120.737724304
                ],
                [
                    -2753.13769531,
                    2829.32836914,
                    231.848602295,
                    -342.286407471,
                    866.736206055,
                    -441.65838623,
                    580.224304199,
                    -187.920013428,
                    272.277648926,
                    -162.485549927,
                    279.93182373,
                    -118.365219116,
                    154.882507324
                ],
                [
                    803.71862793,
                    231.848602295,
                    2352.35131836,
                    771.390930176,
                    95.1059951782,
                    478.068572998,
                    108.512504578,
                    212.012313843,
                    231.890426636,
                    144.736633301,
                    -4.11465549469,
                    68.0279006958,
                    109.285743713
                ],
                [
                    2820.27709961,
                    -342.286407471,
                    771.390930176,
                    1224.17626953,
                    130.947738647,
                    432.201141357,
                    70.2014694214,
                    196.248748779,
                    178.568893433,
                    111.098396301,
                    -45.5081062317,
                    60.9307327271,
                    115.212730408
                ],
                [
                    -1016.34130859,
                    866.736206055,
                    95.1059951782,
                    130.947738647,
                    974.665893555,
                    35.3409347534,
                    396.260406494,
                    -24.9721450806,
                    114.624580383,
                    -66.1718597412,
                    129.722717285,
                    5.79282522202,
                    76.252571106
                ],
                [
                    2074.25708008,
                    -441.65838623,
                    478.068572998,
                    432.201141357,
                    35.3409347534,
                    674.118469238,
                    91.7334060669,
                    189.478240967,
                    42.3979911804,
                    120.783843994,
                    1.31976485252,
                    24.4855098724,
                    10.8579874039
                ],
                [
                    -467.284454346,
                    580.224304199,
                    108.512504578,
                    70.2014694214,
                    396.260406494,
                    91.7334060669,
                    523.010253906,
                    16.4545707703,
                    54.9629821777,
                    -12.3328323364,
                    75.4783477783,
                    -6.73161029816,
                    71.844367981
                ],
                [
                    1110.08728027,
                    -187.920013428,
                    212.012313843,
                    196.248748779,
                    -24.9721450806,
                    189.478240967,
                    16.4545707703,
                    302.794769287,
                    79.582824707,
                    29.7996520996,
                    2.81905722618,
                    3.68588829041,
                    -12.0482120514
                ],
                [
                    204.280502319,
                    272.277648926,
                    231.890426636,
                    178.568893433,
                    114.624580383,
                    42.3979911804,
                    54.9629821777,
                    79.582824707,
                    267.851531982,
                    58.3179397583,
                    7.68132638931,
                    5.19279766083,
                    34.1078262329
                ],
                [
                    607.758117676,
                    -162.485549927,
                    144.736633301,
                    111.098396301,
                    -66.1718597412,
                    120.783843994,
                    -12.3328323364,
                    29.7996520996,
                    58.3179397583,
                    197.380187988,
                    -6.20993423462,
                    8.76446533203,
                    1.85738253593
                ],
                [
                    -257.964508057,
                    279.93182373,
                    -4.11465549469,
                    -45.5081062317,
                    129.722717285,
                    1.31976485252,
                    75.4783477783,
                    2.81905722618,
                    7.68132638931,
                    -6.20993423462,
                    183.636764526,
                    8.06874847412,
                    -24.2311553955
                ],
                [
                    210.0572052,
                    -118.365219116,
                    68.0279006958,
                    60.9307327271,
                    5.79282522202,
                    24.4855098724,
                    -6.73161029816,
                    3.68588829041,
                    5.19279766083,
                    8.76446533203,
                    8.06874847412,
                    153.894638062,
                    17.6543674469
                ],
                [
                    -120.737724304,
                    154.882507324,
                    109.285743713,
                    115.212730408,
                    76.252571106,
                    10.8579874039,
                    71.844367981,
                    -12.0482120514,
                    34.1078262329,
                    1.85738253593,
                    -24.2311553955,
                    17.6543674469,
                    148.150314331
                ]
            ],
            "icov": [
                [
                    0.000113026071631,
                    -0.000107882486191,
                    0.000113969785161,
                    -0.000265228765784,
                    0.000133561668918,
                    -0.000266618502792,
                    0.000113847054308,
                    -0.000228901291848,
                    0.000135339549161,
                    -0.000151587140863,
                    0.000149610757944,
                    -0.000163637945661,
                    0.000218771441723
                ],
                [
                    -0.000107882486191,
                    0.00126087199897,
                    -0.000387147389119,
                    0.000630145368632,
                    -0.000528113509063,
                    0.00090011942666,
                    -0.000778583926149,
                    0.000693577050697,
                    -0.00125039252453,
                    0.000707703409716,
                    -0.00135754956864,
                    0.00105700979475,
                    -0.00103972747456
                ],
                [
                    0.000113969785161,
                    -0.000387147389119,
                    0.000772753555793,
                    -0.000576866033953,
                    0.000272226781817,
                    -0.000652790185995,
                    0.000258166808635,
                    -0.000394240138121,
                    0.000119835196529,
                    -0.000349674432073,
                    0.000370460445993,
                    -0.000481122668134,
                    0.000221391426749
                ],
                [
                    -0.000265228765784,
                    0.000630145368632,
                    -0.000576866033953,
                    0.00212846067734,
                    -0.000618606107309,
                    0.00023671904637,
                    -0.000287976814434,
                    0.000385285529774,
                    -0.00108421850018,
                    0.000433926266851,
                    -0.000428998493589,
                    0.000430347019574,
                    -0.00150989135727
                ],
                [
                    0.000133561668918,
                    -0.000528113509063,
                    0.000272226781817,
                    -0.000618606107309,
                    0.00205033016391,
                    -0.000607915862929,
                    -0.000712265784387,
                    4.9523308121e-08,
                    -0.000128692525323,
                    0.000368400185835,
                    -0.000222130853217,
                    -0.000517940963618,
                    0.000326287146891
                ],
                [
                    -0.000266618502792,
                    0.00090011942666,
                    -0.000652790185995,
                    0.00023671904637,
                    -0.000607915862929,
                    0.00355149595998,
                    -0.00105998804793,
                    -0.000320879364153,
                    -9.80035110842e-05,
                    -0.000520502508152,
                    -0.000979957985692,
                    0.000817506748717,
                    -0.000548925367184
                ],
                [
                    0.000113847054308,
                    -0.000778583926149,
                    0.000258166808635,
                    -0.000287976814434,
                    -0.000712265784387,
                    -0.00105998804793,
                    0.00354014430195,
                    -0.000656719086692,
                    0.000781788257882,
                    -0.000491820508614,
                    0.000249804434134,
                    -0.000344981555827,
                    -0.000477481895359
                ],
                [
                    -0.000228901291848,
                    0.000693577050697,
                    -0.000394240138121,
                    0.000385285529774,
                    4.9523308121e-08,
                    -0.000320879364153,
                    -0.000656719086692,
                    0.00526269851252,
                    -0.00209238706157,
                    0.00125915766694,
                    -0.000998857198283,
                    0.000808770710137,
                    5.5681932281e-05
                ],
                [
                    0.000135339549161,
                    -0.00125039252453,
                    0.000119835196529,
                    -0.00108421850018,
                    -0.000128692525323,
                    -9.80035110842e-05,
                    0.000781788257882,
                    -0.00209238706157,
                    0.00647435244173,
                    -0.00237707351334,
                    0.00139552797191,
                    -0.000886998663191,
                    0.000569613242988
                ],
                [
                    -0.000151587140863,
                    0.000707703409716,
                    -0.000349674432073,
                    0.000433926266851,
                    0.000368400185835,
                    -0.000520502508152,
                    -0.000491820508614,
                    0.00125915766694,
                    -0.00237707351334,
                    0.00699988054112,
                    -0.00102308974601,
                    0.000546864408534,
                    -0.000526472867932
                ],
                [
                    0.000149610757944,
                    -0.00135754956864,
                    0.000370460445993,
                    -0.000428998493589,
                    -0.000222130853217,
                    -0.000979957985692,
                    0.000249804434134,
                    -0.000998857198283,
                    0.00139552797191,
                    -0.00102308974601,
                    0.00805915147066,
                    -0.00177646288648,
                    0.00280666304752
                ],
                [
                    -0.000163637945661,
                    0.00105700979475,
                    -0.000481122668134,
                    0.000430347019574,
                    -0.000517940963618,
                    0.000817506748717,
                    -0.000344981555827,
                    0.000808770710137,
                    -0.000886998663191,
                    0.000546864408534,
                    -0.00177646288648,
                    0.00772912055254,
                    -0.00179267092608
                ],
                [
                    0.000218771441723,
                    -0.00103972747456,
                    0.000221391426749,
                    -0.00150989135727,
                    0.000326287146891,
                    -0.000548925367184,
                    -0.000477481895359,
                    5.5681932281e-05,
                    0.000569613242988,
                    -0.000526472867932,
                    0.00280666304752,
                    -0.00179267092608,
                    0.00968256685883
                ]
            ],
            "mean": [
                -42.595741272,
                95.3729324341,
                -85.7857589722,
                51.2429161072,
                -44.7089996338,
                24.1079864502,
                -23.1324138641,
                13.9722633362,
                -12.9031534195,
                -2.22123646736,
                -5.74793386459,
                1.21497821808,
                -4.55867338181
            ]
        },
        "hfc": {
            "dmean": 11.8107032776,
            "dmean2": 18.3171024323,
            "dvar": 484.140106201,
            "dvar2": 1076.06030273,
            "max": 280.597106934,
            "mean": 25.1508407593,
            "median": 17.1016311646,
            "min": 1.10466503265e-16,
            "var": 811.613037109
        },
        "melbands": {
            "dmean": [
                0.00573743786663,
                0.00282327691093,
                0.00117077270988,
                0.00090799597092,
                0.000448179751402,
                0.000204123105505,
                0.000167255246197,
                9.42231999943e-05,
                8.19680135464e-05,
                7.95057421783e-05,
                5.47358176846e-05,
                4.69189872092e-05,
                2.07135071832e-05,
                2.43650629272e-05,
                2.91517626465e-05,
                2.67765226454e-05,
                2.25323146879e-05,
                1.46209285958e-05,
                1.16013152365e-05,
                1.26631839521e-05,
                1.74460856215e-05,
                1.14562144518e-05,
                1.34239744511e-05,
                9.45393458096e-06,
                6.73452541378e-06,
                7.52719415686e-06,
                7.86901091487e-06,
