{
    "lowlevel": {
        "average_loudness": 0.951438367367,
        "barkbands": {
            "dmean": [
                0.000713511020876,
                0.00878941174597,
                0.00354056362994,
                0.00146286364179,
                0.00213159364648,
                0.000667889544275,
                0.000742752163205,
                0.000539124244824,
                0.000802867580205,
                0.000893340853509,
                0.000545492919628,
                0.000314408593113,
                0.000483376439661,
                0.000364326755516,
                0.000477936177049,
                0.000513962411787,
                0.000379806413548,
                0.00027663007495,
                0.000156383597641,
                0.000147192549775,
                0.0001362576877,
                0.000116530667583,
                0.000170223705936,
                0.000158510098117,
                0.000144500852912,
                7.54059728933e-05,
                3.28804235323e-05
            ],
            "dmean2": [
                0.000955295108724,
                0.0107363136485,
                0.00629664724693,
                0.0027198526077,
                0.00391267659143,
                0.00105100509245,
                0.00125710014254,
                0.000843134708703,
                0.00120289390907,
                0.00133243761957,
                0.00086809421191,
                0.000496958906297,
                0.000751654035412,
                0.000622057414148,
                0.000776531058364,
                0.000801628571935,
                0.000620459148195,
                0.000448218226666,
                0.000261264678556,
                0.000242743364652,
                0.000234858845943,
                0.000188015561434,
                0.000272831937764,
                0.00024998022127,
                0.00022284447914,
                0.000116710987641,
                5.30499419256e-05
            ],
            "dvar": [
                8.98802113625e-07,
                0.000162115698913,
                0.00010223670688,
                1.84835698747e-05,
                4.09526655858e-05,
                2.32646948461e-06,
                2.6002096547e-06,
                2.28463068197e-06,
                3.76029311155e-06,
                5.15284273206e-06,
                1.25903204662e-06,
                5.42400414361e-07,
                1.58482953339e-06,
                7.50329718358e-07,
                1.02344313291e-06,
                1.85314809187e-06,
                8.82802055457e-07,
                3.17012393225e-07,
                6.73450344379e-08,
                6.54350387208e-08,
                8.10953650898e-08,
                5.30960413414e-08,
                1.47610776935e-07,
                1.37090466978e-07,
                9.25335257307e-08,
                2.24886118616e-08,
                4.50061143908e-09
            ],
            "dvar2": [
                1.88952014923e-06,
                0.000255199614912,
                0.000275775935734,
                5.3059993661e-05,
                0.000116365852591,
                5.21806532561e-06,
                6.86730709276e-06,
                5.16082172908e-06,
                7.06016680851e-06,
                1.0217133422e-05,
                2.69271504294e-06,
                1.17531055821e-06,
                3.6973412989e-06,
                1.9208566755e-06,
                2.49027198151e-06,
                4.30882528235e-06,
                2.30585101235e-06,
                8.30761052839e-07,
                1.77468180595e-07,
                1.74249692009e-07,
                2.30655075484e-07,
                1.37116671795e-07,
                3.85548275972e-07,
                3.21426142591e-07,
                2.19218136976e-07,
                5.64335920217e-08,
                1.1926376331e-08
            ],
            "max": [
                0.0092495623976,
                0.127847701311,
                0.0718760937452,
                0.0353555381298,
                0.0485985577106,
                0.0381486825645,
                0.0294799171388,
                0.035651113838,
                0.0523689128458,
                0.0501615107059,
                0.0277713276446,
                0.0176287740469,
                0.0277306120843,
                0.018538929522,
                0.0317056104541,
                0.032244015485,
                0.018224844709,
                0.0137877464294,
                0.00364515790716,
                0.00585564412177,
                0.00404737750068,
                0.00313416612335,
                0.00584607897326,
                0.00805150810629,
                0.00479827076197,
                0.00292016961612,
                0.00076764106052
            ],
            "mean": [
                0.00140077352989,
                0.0223392173648,
                0.00285161542706,
                0.00121015345212,
                0.0016872122651,
                0.00110211968422,
                0.000870137941092,
                0.000865587440785,
                0.00136612751521,
                0.00169192650355,
                0.000908115471248,
                0.000471768784337,
                0.000784163770732,
                0.000453884102171,
                0.000674229522701,
                0.000847144227009,
                0.000643669336569,
                0.000493644969538,
                0.000260172324488,
                0.000262686313363,
                0.00021298462525,
                0.000197996472707,
                0.000276548496913,
                0.000262338522589,
                0.000232595572015,
                0.000115953640488,
                4.63657779619e-05
            ],
            "median": [
                0.000649379799142,
                0.00778491841629,
                0.000489784870297,
                0.000423323916038,
                0.000483082054416,
                0.000423952878918,
                0.000293437246,
                0.000273810204817,
                0.000456360867247,
                0.000311381591018,
                0.000374491588445,
                0.000186142453458,
                0.000302047323203,
                0.000133180234116,
                0.000303089793306,
                0.000212019105675,
                0.000225776981097,
                0.000190334962099,
                0.000162258264027,
                0.000162576689036,
                0.000133470253786,
                0.00010267586913,
                0.000136923685204,
                9.80267504929e-05,
                7.99915287644e-05,
                4.67597128591e-05,
                1.81842751772e-05
            ],
            "min": [
                1.69660058506e-24,
                8.80773929188e-24,
                2.55804044065e-24,
                2.87458212014e-24,
                1.36864700706e-23,
                7.27498255303e-24,
                1.24278921946e-23,
                1.6832467871e-23,
                2.90393015184e-23,
                3.72925315473e-23,
                2.20693935655e-23,
                3.78316233127e-23,
                4.54436387989e-23,
                2.94587230845e-23,
                3.54109373608e-23,
                6.43994362368e-23,
                6.56260581465e-23,
                1.19180373498e-22,
                1.41155539206e-22,
                1.2959627832e-22,
                2.56060438059e-22,
                3.04983496186e-22,
                3.93427501166e-22,
                6.99368636626e-22,
                1.04839801106e-21,
                1.33939342568e-21,
                2.1554715215e-21
            ],
            "var": [
                3.01314389617e-06,
                0.000778396613896,
                6.91473906045e-05,
                1.07200585262e-05,
                2.43404356297e-05,
                5.48480829821e-06,
                2.62158800979e-06,
                5.51828043172e-06,
                1.0427404959e-05,
                1.75447185029e-05,
                3.29044428327e-06,
                1.33670914693e-06,
                2.94859546557e-06,
                1.0851206298e-06,
                1.33997411922e-06,
                4.38757842858e-06,
                1.99918349608e-06,
                8.70233577643e-07,
                9.97024187654e-08,
                1.10267549758e-07,
                8.05603121989e-08,
                7.39649408388e-08,
                1.77971784865e-07,
                2.44819290174e-07,
                2.05024946354e-07,
                3.43132064984e-08,
                5.0040505073e-09
            ]
        },
        "barkbands_crest": {
            "dmean": 3.10736107826,
            "dmean2": 4.30771064758,
            "dvar": 8.97821712494,
            "dvar2": 16.6902503967,
            "max": 26.3688793182,
            "mean": 13.1928815842,
            "median": 12.1985998154,
            "min": 1.96808815002,
            "var": 40.1524734497
        },
        "barkbands_flatness_db": {
            "dmean": 0.026828199625,
            "dmean2": 0.0371891930699,
            "dvar": 0.000733445514925,
            "dvar2": 0.00147750403266,
            "max": 0.406598180532,
            "mean": 0.125696271658,
            "median": 0.120839722455,
            "min": 0.00896072667092,
            "var": 0.00423955684528
        },
        "barkbands_kurtosis": {
            "dmean": 4.34128856659,
            "dmean2": 6.18431472778,
            "dvar": 78.0252532959,
            "dvar2": 150.189254761,
            "max": 258.852081299,
            "mean": 6.5587644577,
            "median": 1.6177072525,
            "min": -1.8845757246,
            "var": 243.778884888
        },
        "barkbands_skewness": {
            "dmean": 0.705551981926,
            "dmean2": 0.976976335049,
            "dvar": 0.59692376852,
            "dvar2": 1.14939033985,
            "max": 14.939573288,
            "mean": 1.7823805809,
            "median": 1.35980391502,
            "min": -2.04210519791,
            "var": 3.19260334969
        },
        "barkbands_spread": {
            "dmean": 7.62979984283,
            "dmean2": 11.629365921,
            "dvar": 85.2963256836,
            "dvar2": 189.331115723,
            "max": 107.583900452,
            "mean": 26.4432239532,
            "median": 22.4403781891,
            "min": 0.590170741081,
            "var": 286.620666504
        },
        "dissonance": {
            "dmean": 0.0183097328991,
            "dmean2": 0.0305131357163,
            "dvar": 0.000355925905751,
            "dvar2": 0.000949667824898,
            "max": 0.500000119209,
            "mean": 0.466456741095,
            "median": 0.473443806171,
            "min": 0.0865493640304,
            "var": 0.000741570082027
        },
        "dynamic_complexity": 3.59320926666,
        "erbbands": {
            "dmean": [
                0.395893990993,
                1.78020215034,
                4.51901674271,
                3.98140764236,
                7.64309978485,
                6.42517328262,
                3.08283281326,
                7.22950983047,
                8.98705387115,
                10.8198184967,
                11.6956300735,
                20.4252033234,
                21.6748924255,
                26.741268158,
                22.6667423248,
                13.5625743866,
                22.3293628693,
                18.7976093292,
                26.4174995422,
                16.8640079498,
                27.700799942,
                17.3104534149,
                15.9956817627,
                10.9010543823,
                7.19121980667,
                7.46103811264,
                6.19180583954,
                4.62049818039,
                4.14379739761,
                4.46751594543,
                4.87158966064,
                3.5290389061,
                2.65161919594,
                1.80904567242,
                0.960883975029,
                0.434094369411,
                0.114689387381,
                0.0267079249024,
                0.00473129656166,
                0.00043543218635
            ],
            "dmean2": [
                0.464548498392,
                2.39658331871,
                7.67852258682,
                7.14543199539,
                14.2495718002,
                11.7973070145,
                4.95610046387,
                11.4885702133,
                14.8843898773,
                17.8461341858,
                18.3598480225,
                29.9211826324,
                32.5806159973,
                40.3972892761,
                35.8972816467,
                20.8972988129,
                34.634765625,
                31.1612014771,
                42.9448394775,
                27.2326965332,
                43.0839881897,
                28.0432224274,
                25.9046115875,
                17.9313926697,
                11.9898099899,
                12.3475542068,
                10.6414165497,
                7.81150150299,
                6.6888885498,
                7.31791830063,
                7.81029510498,
                5.59471893311,
                4.14450836182,
                2.82712173462,
                1.48703670502,
                0.673932790756,
                0.17850805819,
                0.0418302975595,
                0.00754323136061,
                0.000707208178937
            ],
            "dvar": [
                0.358962655067,
                9.3918838501,
                150.427749634,
                132.12538147,
                553.026916504,
                358.347198486,
                49.8988723755,
                295.746917725,
                318.864105225,
                695.860046387,
                1169.0994873,
                2636.43212891,
                4106.89550781,
                4304.8359375,
                1992.03503418,
                1143.79931641,
                3704.00732422,
                1740.62243652,
                3197.82543945,
                1101.10424805,
                6697.45605469,
                1600.88793945,
                984.998718262,
                516.963806152,
                151.402557373,
                181.687438965,
                171.821380615,
                76.3258514404,
                67.6680297852,
                97.9171676636,
                117.753997803,
                62.6450843811,
                39.1306037903,
                16.7781162262,
                3.9818239212,
                0.801576912403,
                0.0485716126859,
                0.00254004821181,
                8.81506566657e-05,
                8.49270634262e-07
            ],
            "dvar2": [
                0.477005302906,
                18.3925857544,
                390.159667969,
                369.307220459,
                1580.84875488,
                1023.7512207,
                115.589363098,
                665.057678223,
                820.624572754,
                1676.75024414,
                2518.38623047,
                4653.93164062,
                8450.1953125,
                8400.34960938,
                4486.72021484,
                2303.66503906,
                8649.13964844,
                4372.02685547,
                7765.90673828,
                2640.99047852,
                15667.1552734,
                4156.20019531,
                2526.51123047,
                1405.22692871,
                398.476928711,
                486.810668945,
                483.072570801,
                210.825363159,
                176.422195435,
                262.112579346,
                305.605712891,
                151.028381348,
                89.6930389404,
                39.4026641846,
                9.702917099,
                1.98926794529,
                0.12225984782,
                0.00651314621791,
                0.000230730787735,
                2.26948804993e-06
            ],
            "max": [
                6.35005235672,
                30.5078449249,
                83.4926376343,
                92.8021621704,
                185.617614746,
                144.277648926,
                211.990097046,
                482.874237061,
                311.942687988,
                741.127075195,
                943.170593262,
                1340.34692383,
                1838.69140625,
                1717.0501709,
                1068.84240723,
                905.582702637,
                1440.05517578,
                997.579467773,
                1907.19311523,
                655.112487793,
                2203.82617188,
                862.764709473,
                667.935058594,
                712.677124023,
                222.056411743,
                357.926757812,
                204.596389771,
                109.418418884,
                125.946846008,
                155.559509277,
                173.038192749,
                160.055938721,
                148.308502197,
                75.3804702759,
                31.140663147,
                17.9742412567,
                3.62773418427,
                0.643448710442,
                0.0982331037521,
                0.00922388955951
            ],
            "mean": [
                0.912573814392,
                3.86432051659,
                4.20386219025,
                3.4834446907,
                5.7933754921,
                5.18100500107,
                4.46291160583,
                11.8198060989,
                11.9043703079,
                14.0936126709,
                19.6306800842,
                37.5725097656,
                41.0537567139,
                50.5461273193,
                38.8628768921,
                23.7629451752,
                37.2785263062,
                28.1580753326,
                37.5541687012,
                27.8363933563,
                47.2986183167,
                33.0435638428,
                30.3918018341,
                19.443572998,
                12.7567110062,
                13.3463420868,
                9.9920463562,
                7.43660211563,
                6.93396425247,
                7.28863143921,
                7.93408346176,
                5.76159715652,
                4.35807657242,
                2.88934922218,
                1.48239266872,
                0.634496092796,
                0.181139409542,
                0.042683776468,
                0.00698743900284,
                0.00059640861582
            ],
            "median": [
                0.205160945654,
                1.44076430798,
                1.01046729088,
                1.19322311878,
                1.60289561749,
                1.46261358261,
                1.92743289471,
                4.20986318588,
                4.82402420044,
                4.96874952316,
                6.32664060593,
                13.2025175095,
                10.0587377548,
                13.2244729996,
                17.8201007843,
                10.2432403564,
                14.6111783981,
                11.4544439316,
                17.6340198517,
                11.9235992432,
                13.029291153,
                12.2425298691,
                12.0210533142,
                9.03019237518,
                8.07488155365,
                7.84843921661,
                6.4452085495,
                4.45080280304,
                3.66657400131,
                3.68250083923,
                3.91278457642,
                2.45684456825,
                1.42357480526,
                0.919651627541,
                0.55344492197,
                0.237814992666,
                0.0753141492605,
                0.0174645204097,
                0.00289418338798,
                0.000252598722
            ],
            "min": [
                3.13125777662e-22,
                1.29497487691e-21,
                4.53648385365e-21,
                1.12100849473e-20,
                1.20919766103e-20,
                3.33951909528e-20,
                6.52855206514e-20,
                7.01228599489e-20,
                2.00870226432e-19,
                3.38427402544e-19,
                6.07178280164e-19,
                6.47158710904e-19,
                7.59639816273e-19,
                1.00142010813e-18,
                1.03101270134e-18,
                1.72657936586e-18,
                2.28220599249e-18,
                3.20429482699e-18,
                2.9277985403e-18,
                2.95941938037e-18,
                3.76952988021e-18,
                5.36493008485e-18,
                6.78331239762e-18,
                7.87085844774e-18,
                8.72321347505e-18,
                6.39452096611e-18,
                1.0284391977e-17,
                1.38241228112e-17,
                1.08337457828e-17,
                1.32749716646e-17,
                1.27272151445e-17,
                1.25781638156e-17,
                1.0867215992e-17,
                8.71930587384e-18,
                7.21911788002e-18,
                4.36771670712e-18,
                2.62122989565e-18,
                8.62457073944e-19,
                2.49322007694e-19,
                2.93345742504e-20
            ],
            "var": [
                1.65148723125,
                25.9288387299,
                116.224212646,
                83.5647125244,
                319.316589355,
                213.383163452,
                86.9900512695,
                716.832336426,
                395.441925049,
                916.67401123,
                3332.77270508,
                7738.51123047,
                13928.9667969,
                15163.2949219,
                4696.42333984,
                3305.26660156,
                6827.27978516,
                2954.73291016,
                4162.43945312,
                2375.99023438,
                13801.3876953,
                4415.48388672,
                2956.95898438,
                1222.28601074,
                236.961761475,
                320.642578125,
                168.747024536,
                91.4251708984,
                90.5089797974,
                118.073112488,
                145.581192017,
                93.9377670288,
                80.871383667,
                38.2772140503,
                7.1416478157,
                1.21322417259,
                0.0753631740808,
                0.00364079023711,
                0.000106460545794,
                8.46315572289e-07
            ]
        },
        "erbbands_crest": {
            "dmean": 3.38773655891,
            "dmean2": 5.29048776627,
            "dvar": 10.9127473831,
            "dvar2": 24.9734458923,
            "max": 34.0230941772,
            "mean": 10.6952733994,
            "median": 9.14861965179,
            "min": 2.14884734154,
            "var": 36.5254821777
        },
        "erbbands_flatness_db": {
            "dmean": 0.0185204520822,
            "dmean2": 0.0261503662914,
            "dvar": 0.000360374542652,
            "dvar2": 0.000682019104715,
            "max": 0.429215073586,
            "mean": 0.134937271476,
            "median": 0.122589692473,
            "min": 0.0366434715688,
            "var": 0.00366739416495
        },
        "erbbands_kurtosis": {
            "dmean": 1.15015602112,
            "dmean2": 1.73588907719,
            "dvar": 2.5325524807,
            "dvar2": 5.28153800964,
            "max": 60.0403594971,
            "mean": 1.02377045155,
            "median": 0.220556735992,
            "min": -1.64916646481,
            "var": 7.12040042877
        },
        "erbbands_skewness": {
            "dmean": 0.372203022242,
            "dmean2": 0.545756995678,
            "dvar": 0.12188526988,
            "dvar2": 0.258647680283,
            "max": 7.02389717102,
            "mean": 0.216014608741,
            "median": 0.177842229605,
            "min": -2.99623179436,
            "var": 0.708846569061
        },
        "erbbands_spread": {
            "dmean": 9.21411037445,
            "dmean2": 13.2714233398,
            "dvar": 89.7034683228,
            "dvar2": 190.401977539,
            "max": 134.201461792,
            "mean": 37.921546936,
            "median": 33.8871269226,
            "min": 2.01238512993,
            "var": 408.281524658
        },
        "gfcc": {
            "cov": [
                [
                    25092.828125,
                    -1499.47851562,
                    2188.54248047,
                    1358.96228027,
                    -248.8697052,
                    1424.10437012,
                    -519.846374512,
                    112.686401367,
                    -296.565002441,
                    140.656112671,
                    -127.409790039,
                    433.078369141,
                    -122.945411682
                ],
                [
                    -1499.47851562,
                    1169.47888184,
                    -340.27255249,
                    -43.4371337891,
                    166.075836182,
                    -182.554122925,
                    120.518127441,
                    -50.3446235657,
                    -6.8659491539,
                    -61.7385940552,
                    29.232585907,
                    -91.9488143921,
                    19.4104366302
                ],
                [
                    2188.54248047,
                    -340.27255249,
                    1272.56311035,
                    380.802429199,
                    173.273147583,
                    374.560180664,
                    7.58122301102,
                    61.7909240723,
                    24.5902900696,
                    65.1695251465,
                    -18.8384933472,
                    78.4238815308,
                    -29.8567256927
                ],
                [
                    1358.96228027,
                    -43.4371337891,
                    380.802429199,
                    388.637298584,
                    153.781143188,
                    150.068527222,
                    1.24488246441,
                    70.2395095825,
                    44.4890022278,
                    20.226606369,
                    16.0826339722,
                    62.7143058777,
                    3.81970357895
                ],
                [
                    -248.8697052,
                    166.075836182,
                    173.273147583,
                    153.781143188,
                    342.377807617,
                    98.8892745972,
                    142.00881958,
                    86.1058349609,
                    91.6815795898,
                    23.9895038605,
                    23.6193733215,
                    50.9916877747,
                    9.33369636536
                ],
                [
                    1424.10437012,
                    -182.554122925,
                    374.560180664,
                    150.068527222,
                    98.8892745972,
                    353.420593262,
                    99.8036193848,
                    68.4980773926,
                    25.64295578,
                    43.7579803467,
                    26.3274078369,
                    61.2636604309,
                    4.25246763229
                ],
                [
                    -519.846374512,
                    120.518127441,
                    7.58122301102,
                    1.24488246441,
                    142.00881958,
                    99.8036193848,
                    280.16015625,
                    70.4605484009,
                    80.0668640137,
                    31.1231403351,
                    19.2006587982,
                    36.4675521851,
                    14.4809494019
                ],
                [
                    112.686401367,
                    -50.3446235657,
                    61.7909240723,
                    70.2395095825,
                    86.1058349609,
                    68.4980773926,
                    70.4605484009,
                    196.420608521,
                    98.9071807861,
                    16.1823406219,
                    13.6209917068,
                    38.9564819336,
                    27.9668731689
                ],
                [
                    -296.565002441,
                    -6.8659491539,
                    24.5902900696,
                    44.4890022278,
                    91.6815795898,
                    25.64295578,
                    80.0668640137,
                    98.9071807861,
                    164.769729614,
                    50.5822868347,
                    23.8525524139,
                    42.226776123,
                    16.7538642883
                ],
                [
                    140.656112671,
                    -61.7385940552,
                    65.1695251465,
                    20.226606369,
                    23.9895038605,
                    43.7579803467,
                    31.1231403351,
                    16.1823406219,
                    50.5822868347,
                    106.747909546,
                    55.9464187622,
                    33.7064170837,
                    5.88466453552
                ],
                [
                    -127.409790039,
                    29.232585907,
                    -18.8384933472,
                    16.0826339722,
                    23.6193733215,
                    26.3274078369,
                    19.2006587982,
                    13.6209917068,
                    23.8525524139,
                    55.9464187622,
                    121.468330383,
                    47.5559234619,
                    11.1283197403
                ],
                [
                    433.078369141,
                    -91.9488143921,
                    78.4238815308,
                    62.7143058777,
                    50.9916877747,
                    61.2636604309,
                    36.4675521851,
                    38.9564819336,
                    42.226776123,
                    33.7064170837,
                    47.5559234619,
                    116.9087677,
                    37.3229141235
                ],
                [
                    -122.945411682,
                    19.4104366302,
                    -29.8567256927,
                    3.81970357895,
                    9.33369636536,
                    4.25246763229,
                    14.4809494019,
                    27.9668731689,
                    16.7538642883,
                    5.88466453552,
                    11.1283197403,
                    37.3229141235,
                    85.4298095703
                ]
            ],
            "icov": [
                [
                    8.97704667295e-05,
                    -6.5829117375e-05,
                    3.05784014927e-05,
                    -0.000230686579016,
                    0.000219471432501,
                    -0.000369723711628,
                    0.000228359422181,
                    -0.000108372318209,
                    0.000220213201828,
                    -0.000255181948887,
                    0.000393037276808,
                    -0.000475783454021,
                    0.000287399860099
                ],
                [
                    -6.5829117375e-05,
                    0.00156156113371,
                    0.000141801094287,
                    -0.00015549537784,
                    -0.00111840292811,
                    0.00105583423283,
                    -0.00100833561737,
                    0.000731670821551,
                    -9.95505033643e-05,
                    0.00120354560204,
                    -0.00162154599093,
                    0.00219874456525,
                    -0.00120474747382
                ],
                [
                    3.05784014927e-05,
                    0.000141801094287,
                    0.00159320607781,
                    -0.00102329393849,
                    -0.000310386851197,
                    -0.00131456309464,
                    0.000507004908286,
                    0.000125287027913,
                    0.000319016369758,
                    -0.000931289396249,
                    0.00109205255285,
                    -0.000384137791116,
                    0.000613896292634
                ],
                [
                    -0.000230686579016,
                    -0.00015549537784,
                    -0.00102329393849,
                    0.00534167792648,
                    -0.00202132668346,
                    9.12520990823e-05,
                    0.00100839463994,
                    -0.000476249115309,
                    -0.000888995302375,
                    0.00105573912151,
                    -0.000990110100247,
                    -0.000234847626416,
                    -0.000358650810085
                ],
                [
                    0.000219471432501,
                    -0.00111840292811,
                    -0.000310386851197,
                    -0.00202132668346,
                    0.00620301859453,
                    -0.00108017283492,
                    -0.00119980366435,
                    -0.000875305791851,
                    -0.000819644192234,
                    -0.000379774835892,
                    0.00118440482765,
                    -0.00243309466168,
                    0.00151343422476
                ],
                [
                    -0.000369723711628,
                    0.00105583423283,
                    -0.00131456309464,
                    9.12520990823e-05,
                    -0.00108017283492,
                    0.00727188633755,
                    -0.00331863528118,
                    -0.00040904947673,
                    0.000684733269736,
                    0.000759150017984,
                    -0.00278703169897,
                    0.00200573215261,
                    -0.00148280605208
                ],
                [
                    0.000228359422181,
                    -0.00100833561737,
                    0.000507004908286,
                    0.00100839463994,
                    -0.00119980366435,
                    -0.00331863528118,
                    0.00700364541262,
                    -0.000966282503214,
                    -0.000892671989277,
                    -0.00162972824182,
                    0.00222333124839,
                    -0.00263619353063,
                    0.00126470800024
                ],
                [
                    -0.000108372318209,
                    0.000731670821551,
                    0.000125287027913,
                    -0.000476249115309,
                    -0.000875305791851,
                    -0.00040904947673,
                    -0.000966282503214,
                    0.00884705223143,
                    -0.00510548986495,
                    0.00268660788424,
                    -0.00139556557406,
                    0.00155000947416,
                    -0.00255276472308
                ],
                [
                    0.000220213201828,
                    -9.95505033643e-05,
                    0.000319016369758,
                    -0.000888995302375,
                    -0.000819644192234,
                    0.000684733269736,
                    -0.000892671989277,
                    -0.00510548986495,
                    0.0125431986526,
                    -0.00577469635755,
                    0.00235478999093,
                    -0.00287764309905,
                    0.00125727895647
                ],
                [
                    -0.000255181948887,
                    0.00120354560204,
                    -0.000931289396249,
                    0.00105573912151,
                    -0.000379774835892,
                    0.000759150017984,
                    -0.00162972824182,
                    0.00268660788424,
                    -0.00577469635755,
                    0.0171393454075,
                    -0.00855612475425,
                    0.00247571803629,
                    -0.00162810576148
                ],
                [
                    0.000393037276808,
                    -0.00162154599093,
                    0.00109205255285,
                    -0.000990110100247,
                    0.00118440482765,
                    -0.00278703169897,
                    0.00222333124839,
                    -0.00139556557406,
                    0.00235478999093,
                    -0.00855612475425,
                    0.0158533770591,
                    -0.00801136530936,
                    0.00301181478426
                ],
                [
                    -0.000475783454021,
                    0.00219874456525,
                    -0.000384137791116,
                    -0.000234847626416,
                    -0.00243309466168,
                    0.00200573215261,
                    -0.00263619353063,
                    0.00155000947416,
                    -0.00287764309905,
                    0.00247571803629,
                    -0.00801136530936,
                    0.0188892092556,
                    -0.00801762659103
                ],
                [
                    0.000287399860099,
                    -0.00120474747382,
                    0.000613896292634,
                    -0.000358650810085,
                    0.00151343422476,
                    -0.00148280605208,
                    0.00126470800024,
                    -0.00255276472308,
                    0.00125727895647,
                    -0.00162810576148,
                    0.00301181478426,
                    -0.00801762659103,
                    0.016129238531
                ]
            ],
            "mean": [
                6.44322252274,
                60.0711593628,
                -106.478904724,
                21.6392860413,
                -41.2323760986,
                20.2970027924,
                -24.1967430115,
                16.7777462006,
                -14.0305528641,
                5.06808376312,
                -10.5431213379,
                3.03016257286,
                -7.71368551254
            ]
        },
        "hfc": {
            "dmean": 10.1458673477,
            "dmean2": 15.7274274826,
            "dvar": 319.890136719,
            "dvar2": 836.073608398,
            "max": 235.708374023,
            "mean": 28.4637050629,
            "median": 21.8567638397,
            "min": 1.08235775824e-16,
            "var": 635.355895996
        },
        "melbands": {
            "dmean": [
                0.00281889992766,
                0.00225674407557,
                0.000796155771241,
                0.0005586076295,
                0.000123775651446,
                0.000148621300468,
                0.000144918187289,
                0.00011525885202,
                9.24902487895e-05,
                0.000136861432111,
                0.000109415654151,
                0.000113202040666,
                6.9502289989e-05,
                4.65939519927e-05,
                3.71593050659e-05,
                4.95905951539e-05,
                3.74172559532e-05,
                4.21976219513e-05,
                2.74415306194e-05,
                3.16049336107e-05,
                3.20834224112e-05,
                1.77874408109e-05,
                2.46953404712e-05,
                1.08806043499e-05,
                9.36728974921e-06,
                5.69446001464e-06,
                5.10804602527e-06,
                5.09013580086e-06,
