{
    "lowlevel": {
        "average_loudness": 0.96902859211,
        "barkbands": {
            "dmean": [
                0.000769896549173,
                0.01481112279,
                0.0113865537569,
                0.0029849766288,
                0.00190720777027,
                0.000866104499437,
                0.000849122356158,
                0.000638812955003,
                0.000826376897749,
                0.00103386119008,
                0.000502117560245,
                0.000436186091974,
                0.000511371181346,
                0.000394864066038,
                0.00044555607019,
                0.000381493329769,
                0.000337898934959,
                0.000303626933601,
                0.000220200585318,
                0.000253294390859,
                0.00026997042005,
                0.00034035166027,
                0.000324849417666,
                0.000230147867114,
                0.000198448586161,
                0.000138569739647,
                3.56178752554e-05
            ],
            "dmean2": [
                0.00112261448521,
                0.021020591259,
                0.0192683059722,
                0.00545509997755,
                0.00320678553544,
                0.00133112363983,
                0.00133923615795,
                0.0010123840766,
                0.00133125728462,
                0.00162448210176,
                0.000773858802859,
                0.000675936171319,
                0.00082045031013,
                0.000637696357444,
                0.000706248625647,
                0.00061474571703,
                0.000544186797924,
                0.000488447316457,
                0.000366309424862,
                0.000424763042247,
                0.000462732859887,
                0.000593641074374,
                0.000503022340126,
                0.000349002308212,
                0.000292987533612,
                0.00020638629212,
                5.8498870203e-05
            ],
            "dvar": [
                2.52720519711e-06,
                0.000541755347513,
                0.000948819098994,
                8.0969890405e-05,
                1.27738921947e-05,
                2.83781332655e-06,
                3.13931627716e-06,
                1.69125382854e-06,
                2.02828687179e-06,
                3.61115053238e-06,
                1.7833236825e-06,
                1.04002799617e-06,
                1.02606315977e-06,
                5.47909337456e-07,
                6.23988228199e-07,
                5.82393340665e-07,
                2.95618946211e-07,
                2.05540899856e-07,
                1.49077393985e-07,
                2.39730496787e-07,
                2.71760313808e-07,
                4.00178095106e-07,
                2.35469997278e-07,
                1.28866176397e-07,
                1.8551229175e-07,
                6.01764469366e-08,
                6.97786362025e-09
            ],
            "dvar2": [
                4.46292824563e-06,
                0.00106109329499,
                0.0024436104577,
                0.00022800359875,
                3.22562409565e-05,
                5.95049914409e-06,
                7.53354197514e-06,
                3.78803588319e-06,
                4.86044791614e-06,
                7.68556037656e-06,
                3.57714725396e-06,
                2.18392051465e-06,
                2.50265406976e-06,
                1.28308784042e-06,
                1.4314297232e-06,
                1.31916999635e-06,
                6.72298028803e-07,
                5.00944850046e-07,
                3.57860955091e-07,
                6.27068914127e-07,
                7.39724157484e-07,
                1.12704719868e-06,
                5.23719279499e-07,
                2.78210478655e-07,
                3.72652152691e-07,
                1.35033317861e-07,
                1.80600725486e-08
            ],
            "max": [
                0.0137578742579,
                0.20349663496,
                0.206722617149,
                0.100174546242,
                0.0433735027909,
                0.0272887162864,
                0.0254619345069,
                0.0248936843127,
                0.0186359137297,
                0.0303793288767,
                0.0318092592061,
                0.0253309141845,
                0.0257656741887,
                0.0170280225575,
                0.0164691191167,
                0.0139631284401,
                0.0114180007949,
                0.00757185835391,
                0.00849794317037,
                0.0108735458925,
                0.00578096695244,
                0.00602449057624,
                0.00772816780955,
                0.00613841693848,
                0.0111558809876,
                0.00474032247439,
                0.00142433994915
            ],
            "mean": [
                0.00104452017695,
                0.0215900316834,
                0.00858564302325,
                0.00222781859338,
                0.00241295504384,
                0.00132976612076,
                0.00110243854579,
                0.000988155254163,
                0.00124154926743,
                0.00188039941713,
                0.000971888424829,
                0.000720055541024,
                0.000743432610761,
                0.000592190772295,
                0.000692420348059,
                0.000555213773623,
                0.000536531326361,
                0.000506380281877,
                0.00033433403587,
                0.000387109117582,
                0.000325778324623,
                0.000438537274022,
                0.000626927474514,
                0.000455720321042,
                0.000361384300049,
                0.000209868871025,
                3.9621067117e-05
            ],
            "median": [
                3.7529207475e-05,
                0.00229527847841,
                0.000646737636998,
                0.000155051646288,
                0.000682899262756,
                0.000393119495129,
                0.000289319898002,
                0.00023184804013,
                0.000397346942918,
                0.000490769045427,
                0.000174731656443,
                0.000201331567951,
                0.000278040854027,
                0.000233133439906,
                0.000302407424897,
                0.000209306977922,
                0.00025506952079,
                0.000303472741507,
                0.000183772179298,
                0.000233095546719,
                0.000162654556334,
                0.000263466034085,
                0.000386853964301,
                0.00028430117527,
                0.000194268737687,
                8.36938997963e-05,
                4.53215807283e-06
            ],
            "min": [
                9.9454605218e-24,
                3.47393958494e-23,
                3.30092830725e-24,
                2.64125556316e-23,
                1.67388868795e-23,
                2.62066976452e-23,
                2.45586425742e-23,
                3.15522621082e-23,
                9.38552152924e-24,
                6.71831181121e-23,
                5.3098252774e-23,
                9.45071204782e-23,
                1.48394164738e-22,
                1.04156725817e-22,
                9.08218463189e-23,
                9.03998499108e-23,
                1.26347294729e-22,
                2.11956979275e-22,
                2.05824652276e-22,
                2.32250268289e-22,
                3.21597512695e-22,
                4.95302816002e-22,
                6.9137067252e-22,
                8.82300103671e-22,
                1.19035248335e-21,
                1.59800076112e-21,
                2.29234567907e-21
            ],
            "var": [
                4.87423494633e-06,
                0.00123992632143,
                0.00070325168781,
                5.6399989262e-05,
                2.13174589589e-05,
                6.54880568618e-06,
                4.78998208564e-06,
                4.4350722419e-06,
                4.79871278003e-06,
                1.42390927067e-05,
                8.38210235088e-06,
                3.05364460473e-06,
                2.03961644729e-06,
                1.15210912099e-06,
                1.21494360883e-06,
                1.07128744276e-06,
                6.54227847008e-07,
                3.83083403221e-07,
                2.37528070102e-07,
                2.91810465569e-07,
                2.35531771864e-07,
                3.33054344992e-07,
                5.78830110953e-07,
                3.3610160699e-07,
                3.8991001361e-07,
                1.03974855392e-07,
                8.00815769253e-09
            ]
        },
        "barkbands_crest": {
            "dmean": 3.6752243042,
            "dmean2": 5.68932723999,
            "dvar": 10.6754961014,
            "dvar2": 22.4079437256,
            "max": 26.2175712585,
            "mean": 12.6342248917,
            "median": 11.3980579376,
            "min": 2.48869085312,
            "var": 36.3285446167
        },
        "barkbands_flatness_db": {
            "dmean": 0.0324291549623,
            "dmean2": 0.0506549067795,
            "dvar": 0.00123365398031,
            "dvar2": 0.00251432531513,
            "max": 0.693027079105,
            "mean": 0.140436157584,
            "median": 0.12324809283,
            "min": 0.0140470108017,
            "var": 0.00573883485049
        },
        "barkbands_kurtosis": {
            "dmean": 6.58820438385,
            "dmean2": 10.553943634,
            "dvar": 235.952972412,
            "dvar2": 545.385009766,
            "max": 479.20980835,
            "mean": 7.39771270752,
            "median": 1.27788686752,
            "min": -1.95256721973,
            "var": 345.517608643
        },
        "barkbands_skewness": {
            "dmean": 0.949031591415,
            "dmean2": 1.41534638405,
            "dvar": 1.50274837017,
            "dvar2": 2.99444746971,
            "max": 18.8431243896,
            "mean": 1.82654285431,
            "median": 1.2526717186,
            "min": -4.96734714508,
            "var": 3.97913122177
        },
        "barkbands_spread": {
            "dmean": 9.28142642975,
            "dmean2": 14.5402317047,
            "dvar": 105.791671753,
            "dvar2": 245.027069092,
            "max": 119.463012695,
            "mean": 27.5022964478,
            "median": 25.642824173,
            "min": 0.394452989101,
            "var": 272.947692871
        },
        "dissonance": {
            "dmean": 0.0201041158289,
            "dmean2": 0.0335374809802,
            "dvar": 0.000527575495653,
            "dvar2": 0.00142951635644,
            "max": 0.500000059605,
            "mean": 0.464804083109,
            "median": 0.472643911839,
            "min": 0.0281880889088,
            "var": 0.00125053024385
        },
        "dynamic_complexity": 1.86847114563,
        "erbbands": {
            "dmean": [
                0.505027890205,
                3.68269848824,
                12.2462091446,
                11.5929813385,
                7.22969436646,
                6.37791347504,
                7.37451314926,
                7.21600437164,
                12.3148155212,
                9.65835762024,
                15.2585725784,
                13.7924413681,
                27.7714824677,
                31.9762401581,
                18.3152236938,
                17.7299671173,
                19.7428188324,
                21.6487865448,
                19.1856231689,
                20.9077777863,
                21.7025108337,
                17.8322544098,
                15.3862056732,
                11.8684854507,
                12.6901350021,
                11.8385648727,
                8.7285194397,
                13.6448945999,
                11.9813632965,
                10.7959814072,
                8.14145183563,
                6.21842670441,
                3.33448410034,
                2.20171952248,
                1.51133179665,
                0.621780335903,
                0.258528202772,
                0.0641053766012,
                0.00670052180067,
                0.000183209063835
            ],
            "dmean2": [
                0.77184599638,
                5.35014677048,
                19.847738266,
                20.4509429932,
                12.8095693588,
                10.4895200729,
                11.3269815445,
                11.2506465912,
                19.1930732727,
                15.6176576614,
                24.0857067108,
                22.0490589142,
                44.7001991272,
                48.5892677307,
                27.7207565308,
                27.2030105591,
                31.1033668518,
                34.8812294006,
                30.7641277313,
                33.4276542664,
                34.1856803894,
                28.6304588318,
                25.0474319458,
                18.6714420319,
                21.1212539673,
                19.8361930847,
                14.8131809235,
                23.7905464172,
                21.2837181091,
                17.1393260956,
                12.5498495102,
                9.59523582458,
                5.0505900383,
                3.26444602013,
                2.2788848877,
                0.946340203285,
                0.386692464352,
                0.0978527888656,
                0.0112645961344,
                0.000302810833091
            ],
            "dvar": [
                0.695418119431,
                34.6061782837,
                893.920349121,
                1091.04284668,
                375.942810059,
                163.688415527,
                270.629638672,
                232.760650635,
                673.500366211,
                356.647338867,
                1031.79077148,
                609.123474121,
                2327.28491211,
                4040.6796875,
                1659.78381348,
                1802.51147461,
                1999.70837402,
                1546.34033203,
                1295.23498535,
                1417.10583496,
                2157.75,
                851.74395752,
                563.755126953,
                385.347473145,
                513.558349609,
                569.98626709,
                274.006958008,
                761.19934082,
                703.937988281,
                235.18788147,
                160.122497559,
                106.239532471,
                27.8440475464,
                21.9638748169,
                11.9705953598,
                1.27062785625,
                0.217782154679,
                0.0171032007784,
                0.00026552946656,
                1.86612922448e-07
            ],
            "dvar2": [
                1.6830804348,
                68.7791290283,
                2189.37353516,
                3012.91430664,
                998.355895996,
                378.80291748,
                556.694580078,
                501.506530762,
                1572.41601563,
                863.664916992,
                2394.38305664,
                1390.40466309,
                5762.30419922,
                8386.20019531,
                3252.33276367,
                3586.15405273,
                4852.10107422,
                3706.1809082,
                2897.27709961,
                3332.99291992,
                4670.87548828,
                1942.65039063,
                1418.66027832,
                864.793212891,
                1300.33215332,
                1492.37426758,
                735.693847656,
                2093.5715332,
                2013.63562012,
                547.233154297,
                350.25390625,
                237.892684937,
                59.9856185913,
                44.6482887268,
                25.3715667725,
                2.75984573364,
                0.4963978827,
                0.041274048388,
                0.000702311983332,
                5.02474790665e-07
            ],
            "max": [
                5.41932725906,
                52.3114929199,
                205.020278931,
                231.651062012,
                296.285827637,
                246.254547119,
                404.870361328,
                291.146789551,
                371.078857422,
                420.370391846,
                672.172058105,
                504.866699219,
                1104.47619629,
                1180.23864746,
                1019.18231201,
                1296.31115723,
                1261.89489746,
                981.957641602,
                912.474121094,
                760.326965332,
                957.228820801,
                646.54296875,
                410.506835938,
                464.401245117,
                565.54486084,
                587.403503418,
                425.742950439,
                232.909851074,
                278.335662842,
                209.150680542,
                222.964233398,
                181.473907471,
                109.004547119,
                87.4497375488,
                108.852867126,
                29.0514469147,
                9.31412315369,
                2.1690967083,
                0.262942790985,
                0.00511820055544
            ],
            "mean": [
                0.646639943123,
                4.70697879791,
                10.4067726135,
                8.63268661499,
                6.15998411179,
                8.68950271606,
                11.9875917435,
                10.7523460388,
                16.5329685211,
                13.8512811661,
                23.7284755707,
                21.7851715088,
                43.9674568176,
                67.6009750366,
                38.0318260193,
                30.8126411438,
                32.1160774231,
                36.8101997375,
                30.2762851715,
                33.6084976196,
                33.7301750183,
                29.7924976349,
                26.8066368103,
                20.1494483948,
                20.1141338348,
                18.5002098083,
                12.992518425,
                14.1233167648,
                13.969909668,
                19.7823925018,
                16.1588783264,
                11.345243454,
                6.70568084717,
                4.01341676712,
                2.60140371323,
                1.02444982529,
                0.369817703962,
                0.0836464911699,
                0.00690843118355,
                0.000236272186157
            ],
            "median": [
                0.0509179309011,
                0.509088933468,
                1.28013968468,
                0.889225006104,
                1.03327775002,
                2.12907457352,
                3.02437877655,
                3.58965349197,
                4.62738800049,
                5.24663066864,
                6.48531913757,
                8.74030685425,
                18.8354930878,
                16.8369750977,
                12.7114782333,
                10.50715065,
                13.2077722549,
                15.5586433411,
                13.6570682526,
                16.0752830505,
                14.017332077,
                14.7676048279,
                16.7919425964,
                12.2997465134,
                11.3293828964,
                11.3001689911,
                8.19167137146,
                5.89198160172,
                7.48508644104,
                12.4330615997,
                10.0222759247,
                6.72667789459,
                4.03335952759,
                2.22950291634,
                1.20330691338,
                0.47467905283,
                0.126278802752,
                0.0192949771881,
                0.000699137395713,
                9.46638756432e-05
            ],
            "min": [
                1.21370852167e-21,
                5.81846718857e-21,
                5.73334392197e-21,
                5.15580092529e-20,
                4.4589752531e-20,
                5.20425529149e-20,
                9.3572357565e-20,
                2.70311302148e-19,
                4.42213754001e-19,
                2.98387880089e-19,
                8.91684260117e-19,
                3.7684210963e-19,
                2.01893611701e-18,
                3.24043186641e-18,
                2.94949631495e-18,
                3.63196354049e-18,
                6.18107610803e-18,
                4.43730782564e-18,
                6.34697131578e-18,
                5.87459783286e-18,
                4.60014908257e-18,
                7.03444070928e-18,
                1.02956234353e-17,
                1.11405909126e-17,
                1.39896557139e-17,
                9.92076503406e-18,
                7.81067857663e-18,
                1.655642197e-17,
                1.66186458044e-17,
                1.98383305335e-17,
                1.9139844335e-17,
                1.47359479887e-17,
                1.7339518819e-17,
                1.16463440284e-17,
                8.17631060535e-18,
                4.46107561978e-18,
                2.66238068356e-18,
                1.30518791922e-18,
                3.32813120931e-19,
                3.11581811525e-20
            ],
            "var": [
                1.28145301342,
                64.7423553467,
                759.977478027,
                723.448120117,
                306.958190918,
                437.018127441,
                779.298706055,
                475.276977539,
                1046.96081543,
                635.306213379,
                2477.6628418,
                1420.57922363,
                4853.29248047,
                19097.4296875,
                7737.59130859,
                5697.93701172,
                4259.07568359,
                3976.25341797,
                2637.86035156,
                2752.70776367,
                4099.70214844,
                1917.88842773,
                1008.94732666,
                649.022766113,
                781.797485352,
                683.30682373,
                300.234405518,
                576.859863281,
                485.890594482,
                555.32824707,
                393.825317383,
                233.197601318,
                74.7734909058,
                46.3530921936,
                22.6183662415,
                2.43166255951,
                0.351855516434,
                0.0241101477295,
                0.000268687697826,
                1.77036937998e-07
            ]
        },
        "erbbands_crest": {
            "dmean": 3.21634411812,
            "dmean2": 5.28150224686,
            "dvar": 8.74823760986,
            "dvar2": 22.2876167297,
            "max": 32.2523651123,
            "mean": 9.90285778046,
            "median": 8.44415950775,
            "min": 2.31080818176,
            "var": 27.2022705078
        },
        "erbbands_flatness_db": {
            "dmean": 0.0243492908776,
            "dmean2": 0.0344448722899,
            "dvar": 0.000565918628126,
            "dvar2": 0.00105691398494,
            "max": 0.633584439754,
            "mean": 0.148145765066,
            "median": 0.131234705448,
            "min": 0.0463270172477,
            "var": 0.00510401977226
        },
        "erbbands_kurtosis": {
            "dmean": 1.17985343933,
            "dmean2": 1.84010112286,
            "dvar": 5.13819885254,
            "dvar2": 12.3569030762,
            "max": 55.7504653931,
            "mean": 0.631889879704,
            "median": -0.277137875557,
            "min": -1.89723086357,
            "var": 10.8970327377
        },
        "erbbands_skewness": {
            "dmean": 0.449885070324,
            "dmean2": 0.697187244892,
            "dvar": 0.186750873923,
            "dvar2": 0.447500944138,
            "max": 5.86046743393,
            "mean": 0.242892801762,
            "median": 0.170097738504,
            "min": -4.98123693466,
            "var": 0.78291362524
        },
        "erbbands_spread": {
            "dmean": 13.9814949036,
            "dmean2": 19.4997348785,
            "dvar": 214.510635376,
            "dvar2": 381.762451172,
            "max": 218.738265991,
            "mean": 49.7994384766,
            "median": 44.6834335327,
            "min": 1.10330975056,
            "var": 835.43951416
        },
        "gfcc": {
            "cov": [
                [
                    14699.640625,
                    -1470.72924805,
                    704.668334961,
                    1740.69067383,
                    110.23349762,
                    921.146972656,
                    -162.614959717,
                    491.443817139,
                    -4.08194160461,
                    275.611694336,
                    -334.677520752,
                    134.667617798,
                    -214.779067993
                ],
                [
                    -1470.72924805,
                    2131.7331543,
                    162.334854126,
                    -29.2802333832,
                    408.039520264,
                    -95.5914535522,
                    256.419219971,
                    -137.17124939,
                    68.610534668,
                    -161.910964966,
                    43.0756111145,
                    -151.744857788,
                    23.8873653412
                ],
                [
                    704.668334961,
                    162.334854126,
                    1898.29724121,
                    821.101867676,
                    531.20098877,
                    282.295654297,
                    202.779449463,
                    196.745391846,
                    129.673171997,
                    126.720970154,
                    -73.3819580078,
                    -26.9545879364,
                    -78.5647583008
                ],
                [
                    1740.69067383,
                    -29.2802333832,
                    821.101867676,
                    1121.32971191,
                    466.058288574,
                    400.681213379,
                    165.180740356,
                    268.517211914,
                    192.428817749,
                    76.8464431763,
                    -38.4160804749,
                    -26.4471225739,
                    -9.57837295532
                ],
                [
                    110.23349762,
                    408.039520264,
                    531.20098877,
                    466.058288574,
                    610.119567871,
                    256.034881592,
                    248.768066406,
                    114.415657043,
                    125.676544189,
                    40.5910606384,
                    3.80038738251,
                    -29.9814052582,
                    -7.74536323547
                ],
                [
                    921.146972656,
                    -95.5914535522,
                    282.295654297,
                    400.681213379,
                    256.034881592,
                    549.814453125,
                    303.77331543,
                    187.587738037,
                    87.7707443237,
                    66.4717788696,
                    30.6432285309,
                    43.1315231323,
                    4.39607715607
                ],
                [
                    -162.614959717,
                    256.419219971,
                    202.779449463,
                    165.180740356,
                    248.768066406,
                    303.77331543,
                    474.458465576,
                    78.9807434082,
                    77.1670074463,
                    10.1113882065,
                    24.0701847076,
                    21.1392860413,
                    3.92062211037
                ],
                [
                    491.443817139,
                    -137.17124939,
                    196.745391846,
                    268.517211914,
                    114.415657043,
                    187.587738037,
                    78.9807434082,
                    302.194458008,
                    144.499481201,
                    85.1133956909,
                    28.6969718933,
                    31.9804935455,
                    20.7811203003
                ],
                [
                    -4.08194160461,
                    68.610534668,
                    129.673171997,
                    192.428817749,
                    125.676544189,
                    87.7707443237,
                    77.1670074463,
                    144.499481201,
                    235.949707031,
                    67.7874145508,
                    22.8982906342,
                    6.75097036362,
                    39.7397193909
                ],
                [
                    275.611694336,
                    -161.910964966,
                    126.720970154,
                    76.8464431763,
                    40.5910606384,
                    66.4717788696,
                    10.1113882065,
                    85.1133956909,
                    67.7874145508,
                    162.100616455,
                    48.0685577393,
                    26.983751297,
                    -5.8104557991
                ],
                [
                    -334.677520752,
                    43.0756111145,
                    -73.3819580078,
                    -38.4160804749,
                    3.80038738251,
                    30.6432285309,
                    24.0701847076,
                    28.6969718933,
                    22.8982906342,
                    48.0685577393,
                    160.434356689,
                    55.297454834,
                    10.568564415
                ],
                [
                    134.667617798,
                    -151.744857788,
                    -26.9545879364,
                    -26.4471225739,
                    -29.9814052582,
                    43.1315231323,
                    21.1392860413,
                    31.9804935455,
                    6.75097036362,
                    26.983751297,
                    55.297454834,
                    129.861282349,
                    34.928855896
                ],
                [
                    -214.779067993,
                    23.8873653412,
                    -78.5647583008,
                    -9.57837295532,
                    -7.74536323547,
                    4.39607715607,
                    3.92062211037,
                    20.7811203003,
                    39.7397193909,
                    -5.8104557991,
                    10.568564415,
                    34.928855896,
                    113.113487244
                ]
            ],
            "icov": [
                [
                    0.000126161772641,
                    -3.51356284227e-05,
                    7.49471655581e-05,
                    -0.00024075039255,
                    0.000117282586871,
                    -0.000203779476578,
                    0.000163456046721,
                    -3.8764297642e-05,
                    0.000139785173815,
                    -0.000244602968451,
                    0.000419831572799,
                    -0.000343932566466,
                    0.000301354273688
                ],
                [
                    -3.51356284227e-05,
                    0.000875454687048,
                    -0.000119663898658,
                    0.000261886510998,
                    -0.000658232776914,
                    0.000462499010609,
                    -0.000481529539684,
                    0.000300187442917,
                    -0.000393566326238,
                    0.000992178916931,
                    -0.000956275383942,
                    0.00113935477566,
                    -0.000487281096866
                ],
                [
                    7.49471655581e-05,
                    -0.000119663898658,
                    0.000984917627648,
                    -0.000690281100105,
                    -0.000307250011247,
                    9.74245194811e-05,
                    -2.68806288659e-05,
                    -0.000122917743283,
                    0.000319409620715,
                    -0.000843989080749,
                    0.000864627654664,
                    -0.000633822230157,
                    0.000751271145418
                ],
                [
                    -0.00024075039255,
                    0.000261886510998,
                    -0.000690281100105,
                    0.002659361111,
                    -0.00115426431876,
                    -0.000667081214488,
                    0.000386271305615,
                    -0.000518348766491,
                    -0.00100838032085,
                    0.00114423292689,
                    -0.000644606072456,
                    0.00123692082707,
                    -0.000646642176434
                ],
                [
                    0.000117282586871,
                    -0.000658232776914,
                    -0.000307250011247,
                    -0.00115426431876,
                    0.00381650077179,
                    -0.000684244907461,
                    -0.000622147112153,
                    0.000163262011483,
                    -0.00024757484789,
                    -0.000771051214542,
                    0.000389855384128,
                    -0.000114302201837,
                    0.000376290554414
                ],
                [
                    -0.000203779476578,
                    0.000462499010609,
                    9.74245194811e-05,
                    -0.000667081214488,
                    -0.000684244907461,
                    0.00485470704734,
                    -0.00275075389072,
                    -0.00119413563516,
                    0.000751782266889,
                    -2.25205549214e-05,
                    -0.00107741332613,
                    0.000198786903638,
                    -0.000620220263954
                ],
                [
                    0.000163456046721,
                    -0.000481529539684,
                    -2.68806288659e-05,
                    0.000386271305615,
                    -0.000622147112153,
                    -0.00275075389072,
                    0.00446281954646,
                    0.000200988142751,
                    -0.000640999758616,
                    0.000255047954852,
                    0.000772287719883,
                    -0.00124179944396,
                    0.00084839691408
                ],
                [
                    -3.8764297642e-05,
                    0.000300187442917,
                    -0.000122917743283,
                    -0.000518348766491,
                    0.000163262011483,
                    -0.00119413563516,
                    0.000200988142751,
                    0.00637802481651,
                    -0.00287347380072,
                    -0.000811448087916,
                    -0.000514598272275,
                    -0.000296828889987,
                    -0.000279827188933
                ],
                [
                    0.000139785173815,
                    -0.000393566326238,
                    0.000319409620715,
                    -0.00100838032085,
                    -0.00024757484789,
                    0.000751782266889,
                    -0.000640999758616,
                    -0.00287347380072,
                    0.00787286646664,
                    -0.00265221274458,
                    0.000497133296449,
                    0.000238234919379,
                    -0.00203323899768
                ],
                [
                    -0.000244602968451,
                    0.000992178916931,
                    -0.000843989080749,
                    0.00114423292689,
                    -0.000771051214542,
                    -2.25205549214e-05,
                    0.000255047954852,
                    -0.000811448087916,
                    -0.00265221274458,
                    0.0104174697772,
                    -0.00386042450555,
                    0.000952413887717,
                    0.000458535854705
                ],
                [
                    0.000419831572799,
                    -0.000956275383942,
                    0.000864627654664,
                    -0.000644606072456,
                    0.000389855384128,
                    -0.00107741332613,
                    0.000772287719883,
                    -0.000514598272275,
                    0.000497133296449,
                    -0.00386042450555,
                    0.0105646224692,
                    -0.00530511373654,
                    0.00195956160314
                ],
                [
                    -0.000343932566466,
                    0.00113935477566,
                    -0.000633822230157,
                    0.00123692082707,
                    -0.000114302201837,
                    0.000198786903638,
                    -0.00124179944396,
                    -0.000296828889987,
                    0.000238234919379,
                    0.000952413887717,
                    -0.00530511373654,
                    0.0130051979795,
                    -0.00470217037946
                ],
                [
                    0.000301354273688,
                    -0.000487281096866,
                    0.000751271145418,
                    -0.000646642176434,
                    0.000376290554414,
                    -0.000620220263954,
                    0.00084839691408,
                    -0.000279827188933,
                    -0.00203323899768,
                    0.000458535854705,
                    0.00195956160314,
                    -0.00470217037946,
                    0.0120615176857
                ]
            ],
            "mean": [
                24.6502151489,
                41.7190093994,
                -111.146110535,
                24.2441368103,
                -58.7171058655,
                23.1143417358,
                -35.2882804871,
                15.0418510437,
                -20.839176178,
                2.74303531647,
                -15.6158046722,
                6.32663393021,
                -11.8270702362
            ]
        },
        "hfc": {
            "dmean": 12.1492347717,
            "dmean2": 18.9704418182,
            "dvar": 273.326263428,
            "dvar2": 678.829162598,
            "max": 170.336746216,
            "mean": 38.856880188,
            "median": 35.8034706116,
            "min": 1.15706315251e-16,
            "var": 563.165771484
        },
        "melbands": {
            "dmean": [
                0.00408747466281,
                0.00552479736507,
                0.00193328119349,
                0.000449026032584,
                0.000261379522271,
                0.000161631571245,
                0.000183907483006,
                0.000109832915768,
                0.000117534968012,
                0.000105130588054,
                0.000145014433656,
                0.000138029354275,
                7.26990110707e-05,
                5.37672640348e-05,
                4.20913347625e-05,
                4.90995371365e-05,
                3.93678274122e-05,
                3.14416429319e-05,
                3.14706594509e-05,
                2.59174594248e-05,
                2.57904448517e-05,
                1.96844812308e-05,
                1.74795732164e-05,
                1.54378376465e-05,
                9.499502994e-06,
                9.38110497373e-06,
                9.8193586382e-06,
                8.00975249149e-06,
