{
    "lowlevel": {
        "average_loudness": 0.906120061874,
        "barkbands": {
            "dmean": [
                0.00011052753689,
                0.0041957241483,
                0.0026303299237,
                0.0022291908972,
                0.0027000461705,
                0.000727547099814,
                0.000874310091604,
                0.000690881570335,
                0.000713602232281,
                0.000385632622056,
                0.000295015110169,
                0.000490961247124,
                0.000365266751032,
                0.00037457072176,
                0.000337356643286,
                0.000244671478868,
                0.000211328282603,
                0.000137051640195,
                0.000266780378297,
                0.000156529305968,
                0.000166792437085,
                0.000173069478478,
                0.000134266112582,
                0.000169733350049,
                0.000124373211293,
                5.16325999342e-05,
                5.24198912899e-06
            ],
            "dmean2": [
                0.000167181162396,
                0.00679382262751,
                0.00445402227342,
                0.00370453158394,
                0.00465359957889,
                0.00112821743824,
                0.00131351849996,
                0.00104986492079,
                0.00103186664637,
                0.000578109757043,
                0.000445184618002,
                0.00073752127355,
                0.000562477915082,
                0.00059155584313,
                0.000527203490492,
                0.000391449197195,
                0.000340546743246,
                0.000229469398619,
                0.000425909645855,
                0.000263703841483,
                0.000284506299067,
                0.000279557483736,
                0.000207337361644,
                0.000255133199971,
                0.000184165299288,
                7.80440241215e-05,
                8.20938203105e-06
            ],
            "dvar": [
                1.02839912586e-07,
                0.000137076873216,
                6.7808352469e-05,
                3.3920739952e-05,
                5.56318336749e-05,
                1.94214635485e-06,
                2.7630032946e-06,
                3.62022501577e-06,
                2.44060379373e-06,
                1.04419279978e-06,
                6.71724762924e-07,
                2.90370849143e-06,
                6.96186134519e-07,
                7.88484328496e-07,
                4.50889643844e-07,
                2.06615212051e-07,
                1.8450438688e-07,
                5.4984056419e-08,
                1.83610254112e-07,
                9.46454292716e-08,
                1.46956551816e-07,
                1.52385084107e-07,
                7.19380324199e-08,
                1.92318353243e-07,
                1.23741259017e-07,
                1.0496781222e-08,
                1.50162854373e-10
            ],
            "dvar2": [
                2.27994433999e-07,
                0.000367078202544,
                0.000174938744749,
                7.7790398791e-05,
                0.000153403918375,
                4.49032086181e-06,
                5.64122137803e-06,
                6.87935471433e-06,
                4.60854289486e-06,
                2.32840761782e-06,
                1.35724678785e-06,
                5.57021530767e-06,
                1.6004283907e-06,
                1.82913686331e-06,
                1.06400045752e-06,
                5.27253121163e-07,
                4.58172252138e-07,
                1.44114196132e-07,
                4.42898794972e-07,
                2.50714009553e-07,
                4.15770102791e-07,
                3.95477741222e-07,
                1.65330021673e-07,
                3.95207706561e-07,
                2.61181185124e-07,
                2.32159074187e-08,
                3.55201562607e-10
            ],
            "max": [
                0.0100142573938,
                0.152842506766,
                0.0892797261477,
                0.0758183822036,
                0.0840186104178,
                0.0270254574716,
                0.0362899526954,
                0.0589416697621,
                0.0339274331927,
                0.0301087554544,
                0.037495136261,
                0.062048945576,
                0.0147323412821,
                0.0142710208893,
                0.0106003461406,
                0.0132748866454,
                0.0110363680869,
                0.00448946049437,
                0.00669642770663,
                0.00623909197748,
                0.00453493185341,
                0.00532014667988,
                0.00440044188872,
                0.00663135852665,
                0.0069724842906,
                0.0013842972694,
                0.000217910623178
            ],
            "mean": [
                0.000134324989631,
                0.0072591342032,
                0.00328958150931,
                0.00294687994756,
                0.00365682831034,
                0.00158612418454,
                0.00185462762602,
                0.00119705102406,
                0.00145589222666,
                0.000751461309846,
                0.000508502940647,
                0.000828507181723,
                0.000583266082685,
                0.000584473658819,
                0.000604008091614,
                0.000446101010311,
                0.000408394524129,
                0.000254416838288,
                0.000506971904542,
                0.000270931457635,
                0.000276992999716,
                0.000310586940031,
                0.000263378431555,
                0.000300190469716,
                0.000203601855901,
                7.48885577195e-05,
                5.78735807721e-06
            ],
            "median": [
                2.43734921241e-05,
                0.00288413837552,
                0.00113193318248,
                0.000881918822415,
                0.00175576459151,
                0.000632063311059,
                0.00064744381234,
                0.000318451115163,
                0.000464010576252,
                0.000254020880675,
                0.000150023086462,
                0.000270195450867,
                0.000222405156819,
                0.000144292149344,
                0.000267698807875,
                0.000213343359064,
                0.000230164820096,
                0.000175078501343,
                0.000290700205369,
                0.000147503989865,
                0.000125007733004,
                0.000106257444713,
                9.07663488761e-05,
                7.07666331436e-05,
                4.60621158709e-05,
                1.78759219125e-05,
                9.59158001024e-07
            ],
            "min": [
                3.96349987851e-24,
                8.53187068902e-24,
                3.28235635218e-24,
                2.37464921285e-24,
                2.13712279986e-23,
                2.83693377288e-23,
                2.61332357623e-23,
                3.1233978821e-23,
                3.86515527158e-23,
                1.27582844966e-23,
                2.64580602841e-23,
                2.40497389379e-23,
                6.67168003429e-23,
                4.23553461737e-23,
                7.97345514464e-23,
                9.12286145561e-23,
                1.1479235049e-22,
                1.55626921144e-22,
                1.6168717781e-22,
                1.30211425743e-22,
                3.43925002616e-22,
                3.51583844886e-22,
                3.78696855359e-22,
                6.08235133452e-22,
                1.05152932185e-21,
                1.41400376387e-21,
                2.17517118321e-21
            ],
            "var": [
                1.49577545017e-07,
                0.000183662516065,
                6.50846486678e-05,
                4.71654493595e-05,
                4.57489004475e-05,
                6.4238856794e-06,
                1.03996571852e-05,
                1.06201614472e-05,
                7.32595435693e-06,
                2.68212011179e-06,
                1.55267684931e-06,
                6.85541499479e-06,
                1.1766969692e-06,
                1.62382082181e-06,
                9.64805053627e-07,
                5.01062856983e-07,
                3.91366171471e-07,
                8.63087166181e-08,
                3.88539490359e-07,
                1.36278998752e-07,
                1.77655522293e-07,
                2.83483814201e-07,
                1.75862908236e-07,
                4.17979492795e-07,
                2.44977144348e-07,
                2.01482670548e-08,
                1.81845191682e-10
            ]
        },
        "barkbands_crest": {
            "dmean": 2.48297119141,
            "dmean2": 4.0520772934,
            "dvar": 6.00607347488,
            "dvar2": 15.3541698456,
            "max": 25.3083648682,
            "mean": 9.99090862274,
            "median": 9.08411598206,
            "min": 2.29037928581,
            "var": 18.8324451447
        },
        "barkbands_flatness_db": {
            "dmean": 0.019427312538,
            "dmean2": 0.0299544576555,
            "dvar": 0.000411389104556,
            "dvar2": 0.00100485165603,
            "max": 0.556527793407,
            "mean": 0.124611146748,
            "median": 0.110974311829,
            "min": 0.0224577691406,
            "var": 0.00471437396482
        },
        "barkbands_kurtosis": {
            "dmean": 2.6793255806,
            "dmean2": 4.44957208633,
            "dvar": 53.5943717957,
            "dvar2": 162.352035522,
            "max": 350.595397949,
            "mean": 3.69329595566,
            "median": 0.966596126556,
            "min": -1.90092515945,
            "var": 221.358398438
        },
        "barkbands_skewness": {
            "dmean": 0.534235715866,
            "dmean2": 0.836464524269,
            "dvar": 0.406468898058,
            "dvar2": 1.00273346901,
            "max": 14.2258386612,
            "mean": 1.37287533283,
            "median": 1.21597969532,
            "min": -5.03134489059,
            "var": 1.48668801785
        },
        "barkbands_spread": {
            "dmean": 7.17885017395,
            "dmean2": 11.034368515,
            "dvar": 94.7871551514,
            "dvar2": 192.001251221,
            "max": 113.549743652,
            "mean": 28.4072399139,
            "median": 24.6815643311,
            "min": 0.286407262087,
            "var": 341.207489014
        },
        "dissonance": {
            "dmean": 0.0157985184342,
            "dmean2": 0.0262226108462,
            "dvar": 0.000263237190666,
            "dvar2": 0.000679193763062,
            "max": 0.499921739101,
            "mean": 0.46290576458,
            "median": 0.471802383661,
            "min": 0.261320620775,
            "var": 0.00102533434983
        },
        "dynamic_complexity": 3.19998288155,
        "erbbands": {
            "dmean": [
                0.121688202024,
                0.979879617691,
                2.56796717644,
                5.3060092926,
                9.93850326538,
                7.78912591934,
                7.37005472183,
                6.2994017601,
                10.6461200714,
                13.9439201355,
                14.2401943207,
                16.5545063019,
                11.5159883499,
                11.8129339218,
                15.2636728287,
                14.0475931168,
                16.4097824097,
                17.2447452545,
                18.6338920593,
                15.7405834198,
                13.8487606049,
                11.8561038971,
                7.20422077179,
                9.44773387909,
                13.0983753204,
                7.18348312378,
                6.68879795074,
                7.06083106995,
                6.67610216141,
                4.39272022247,
                3.82547187805,
                3.25321102142,
                3.02983283997,
                1.73394525051,
                0.724516093731,
                0.285058766603,
                0.0846955552697,
                0.0151483016089,
                0.000777559005655,
                2.923442662e-05
            ],
            "dmean2": [
                0.197837591171,
                1.61826837063,
                4.41297483444,
                8.90215873718,
                16.9550876617,
                13.1234102249,
                12.1686477661,
                9.59103488922,
                16.4207649231,
                20.5199279785,
                21.5395412445,
                24.1362247467,
                16.9575271606,
                17.5374908447,
                23.1549682617,
                20.7961616516,
                24.9425258636,
                26.7635364532,
                29.2143192291,
                24.4530353546,
                22.1610107422,
                19.028263092,
                11.9196386337,
                15.0416975021,
                21.0608062744,
                12.0397033691,
                11.5114459991,
                12.0672473907,
                10.8956947327,
                6.72162294388,
                6.01597213745,
                4.97220897675,
                4.56691980362,
                2.58948326111,
                1.07472217083,
                0.429620951414,
                0.129530414939,
                0.0232294350863,
                0.00119596417062,
                4.59087459603e-05
            ],
            "dvar": [
                0.121487826109,
                7.57113599777,
                51.5476913452,
                168.260925293,
                1414.10009766,
                213.893035889,
                167.461288452,
                175.808334351,
                482.614990234,
                881.062866211,
                1498.63195801,
                1487.75610352,
                819.962219238,
                891.237243652,
                1930.78942871,
                1645.38342285,
                1433.08666992,
                1927.42163086,
                1643.03857422,
                1002.1361084,
                709.720153809,
                676.699523926,
                193.230148315,
                254.426376343,
                477.324462891,
                207.170318604,
                227.62727356,
                291.023284912,
                241.67930603,
                79.8455429077,
                58.3810691833,
                59.3020057678,
                70.6548080444,
                26.2648200989,
                3.69050002098,
                0.337897658348,
                0.03066419065,
                0.00111418275628,
                3.29320050696e-06,
                3.39275141314e-09
            ],
            "dvar2": [
                0.320700436831,
                20.8595790863,
                137.093917847,
                421.294921875,
                3764.62939453,
                556.174316406,
                426.198791504,
                395.197387695,
                1063.7791748,
                1661.90356445,
                2993.37011719,
                2880.20214844,
                1626.55615234,
                2119.6105957,
                3981.36816406,
                3265.48754883,
                3279.34765625,
                4336.09863281,
                3948.39404297,
                2395.68432617,
                1847.15270996,
                1643.88232422,
                517.102783203,
                622.175537109,
                1158.59521484,
                553.91204834,
                629.624328613,
                838.517211914,
                651.92755127,
                172.289291382,
                136.748794556,
                124.383277893,
                150.030014038,
                56.5016136169,
                7.72055673599,
                0.72476619482,
                0.0695890411735,
                0.00257109291852,
                7.83542327554e-06,
                8.28561663724e-09
            ],
            "max": [
                3.89241600037,
                36.6194839478,
                80.5601196289,
                141.784072876,
                422.782531738,
                190.189620972,
                197.951980591,
                295.851593018,
                503.891906738,
                940.034057617,
                1230.28503418,
                939.991088867,
                647.954101562,
                960.150390625,
                1381.4362793,
                1395.39562988,
                685.513244629,
                844.719726562,
                616.940490723,
                696.11907959,
                701.461486816,
                764.824768066,
                253.268096924,
                362.612701416,
                372.957000732,
                210.923477173,
                231.965438843,
                210.765396118,
                190.24118042,
                182.368835449,
                127.047187805,
                130.309646606,
                143.317382812,
                103.987838745,
                36.5541534424,
                8.77390384674,
                2.45917987823,
                0.49247816205,
                0.0363338068128,
                0.00127260317095
            ],
            "mean": [
                0.164101421833,
                1.77114403248,
                3.96177577972,
                7.10489654541,
                10.9158687592,
                11.9377527237,
                12.9180202484,
                14.4426021576,
                22.8837146759,
                29.7461681366,
                26.4760055542,
                33.1809120178,
                23.1541309357,
                25.2278614044,
                28.8011016846,
                26.6458911896,
                29.3138141632,
                29.057264328,
                32.2470932007,
                28.2193908691,
                26.3437309265,
                24.1252212524,
                15.2919015884,
                19.3234710693,
                24.8271617889,
                12.8773975372,
                10.8365545273,
                11.5581865311,
                11.34278965,
                9.13593959808,
                7.24573802948,
                5.86509037018,
                5.11696243286,
                2.77549624443,
                1.19250428677,
                0.44323900342,
                0.116338610649,
                0.018527423963,
                0.000902879808564,
                6.199679774e-05
            ],
            "median": [
                0.0461195632815,
                0.765489816666,
                1.67476415634,
                2.49354481697,
                3.35445976257,
                6.0337677002,
                6.40934371948,
                4.99461317062,
                8.68192005157,
                11.2358283997,
                9.26764392853,
                10.4903278351,
                9.13869571686,
                11.5915241241,
                11.3312778473,
                11.4330816269,
                11.7388420105,
                8.12089920044,
                12.4515571594,
                13.612578392,
                13.1999940872,
                13.4753074646,
                11.1064300537,
                12.4869337082,
                14.5539178848,
                7.36049413681,
                4.80831766129,
                4.8030257225,
                3.85067105293,
                3.07928276062,
                2.56907343864,
                1.53147089481,
                1.19158196449,
                0.622431337833,
                0.275729447603,
                0.115372687578,
                0.0247847773135,
                0.00346434372477,
                0.000162285054103,
                3.98023003072e-05
            ],
            "min": [
                2.37574082279e-22,
                1.10848230242e-21,
                4.91017763955e-21,
                5.18020202635e-21,
                2.11279085981e-20,
                5.49817130394e-20,
                1.05895862352e-19,
                2.40342160814e-19,
                3.39400192793e-19,
                3.85639976776e-19,
                6.56322114332e-19,
                8.33191682366e-19,
                5.038615605e-19,
                6.56860247019e-19,
                1.41616350418e-18,
                1.12661389384e-18,
                3.34212875964e-18,
                2.68789444917e-18,
                2.98838910658e-18,
                4.32697971631e-18,
                6.32628435584e-18,
                5.7099789648e-18,
                7.23945907847e-18,
                8.62903069051e-18,
                7.74590785313e-18,
                5.6404420266e-18,
                1.25065837413e-17,
                1.61415098291e-17,
                1.38917704689e-17,
                1.39772248436e-17,
                1.25581849222e-17,
                1.16865177092e-17,
                1.05631443988e-17,
                9.46248050492e-18,
                7.31265546369e-18,
                4.75041595342e-18,
                2.73583349477e-18,
                1.00160674076e-18,
                2.52146726089e-19,
                3.25900501799e-20
            ],
            "var": [
                0.142498850822,
                9.94658851624,
                59.0389595032,
                193.287765503,
                1141.97839355,
                299.865570068,
                341.546386719,
                627.121826172,
                1555.21630859,
                3765.63598633,
                4092.56152344,
                4079.08642578,
                2173.59326172,
                2084.54248047,
                5010.87890625,
                4074.76196289,
                2720.5168457,
                4073.51416016,
                3363.85546875,
                2097.83740234,
                1647.98522949,
                1529.13085938,
                294.08026123,
                499.986572266,
                954.835693359,
                297.068359375,
                280.971099854,
                336.696380615,
                386.225097656,
                233.356369019,
                134.427429199,
                135.741836548,
                139.817581177,
                49.226146698,
                7.64634752274,
                0.736687242985,
                0.0514562167227,
                0.00157119194046,
                4.10286293118e-06,
                4.99368857376e-09
            ]
        },
        "erbbands_crest": {
            "dmean": 2.50681114197,
            "dmean2": 4.07074689865,
            "dvar": 5.74389266968,
            "dvar2": 14.5145645142,
            "max": 28.7180690765,
            "mean": 8.76108455658,
            "median": 7.80024623871,
            "min": 2.09433269501,
            "var": 17.855178833
        },
        "erbbands_flatness_db": {
            "dmean": 0.0160471145064,
            "dmean2": 0.0231908261776,
            "dvar": 0.00028325614403,
            "dvar2": 0.00052661751397,
            "max": 0.402802854776,
            "mean": 0.142963051796,
            "median": 0.133292511106,
            "min": 0.0304475538433,
            "var": 0.00270593492314
        },
        "erbbands_kurtosis": {
            "dmean": 0.842038214207,
            "dmean2": 1.35775339603,
            "dvar": 3.37036848068,
            "dvar2": 10.51167202,
            "max": 121.439727783,
            "mean": 0.594372212887,
            "median": -0.275756835938,
            "min": -1.85869467258,
            "var": 19.8400268555
        },
        "erbbands_skewness": {
            "dmean": 0.336875677109,
            "dmean2": 0.512904703617,
            "dvar": 0.122615456581,
            "dvar2": 0.26640984416,
            "max": 8.96427822113,
            "mean": 0.151769518852,
            "median": 0.0981381684542,
            "min": -4.63329792023,
            "var": 0.759004771709
        },
        "erbbands_spread": {
            "dmean": 8.88507175446,
            "dmean2": 13.4833536148,
            "dvar": 109.022865295,
            "dvar2": 229.849624634,
            "max": 145.995925903,
            "mean": 42.8107414246,
            "median": 39.6450958252,
            "min": 1.60363686085,
            "var": 442.166748047
        },
        "gfcc": {
            "cov": [
                [
                    17637.6660156,
                    -1845.11181641,
                    -1253.99658203,
                    731.594482422,
                    -629.597412109,
                    491.399963379,
                    -350.020477295,
                    389.259246826,
                    -302.916381836,
                    278.311340332,
                    -234.904968262,
                    248.443374634,
                    -335.770843506
                ],
                [
                    -1845.11181641,
                    1747.8717041,
                    -142.246948242,
                    -210.209014893,
                    310.325256348,
                    -199.787887573,
                    147.99659729,
                    -52.2190551758,
                    180.201538086,
                    -70.8889007568,
                    172.555404663,
                    -59.668586731,
                    140.629882812
                ],
                [
                    -1253.99658203,
                    -142.246948242,
                    1035.64196777,
                    222.776062012,
                    122.774398804,
                    148.634155273,
                    72.756942749,
                    26.299161911,
                    44.0678749084,
                    1.43723499775,
                    -13.182975769,
                    65.5189056396,
                    10.2403059006
                ],
                [
                    731.594482422,
                    -210.209014893,
                    222.776062012,
                    468.032409668,
                    94.8558197021,
                    94.8124313354,
                    32.3946495056,
                    59.5789604187,
                    39.5475502014,
                    11.6956863403,
                    -28.2189331055,
                    57.463684082,
                    22.7028751373
                ],
                [
                    -629.597412109,
                    310.325256348,
                    122.774398804,
                    94.8558197021,
                    308.529937744,
                    52.5591545105,
                    87.7130432129,
                    50.5635032654,
                    88.593788147,
                    6.88762187958,
                    35.5905456543,
                    11.7985124588,
                    36.6128540039
                ],
                [
                    491.399963379,
                    -199.787887573,
                    148.634155273,
                    94.8124313354,
                    52.5591545105,
                    261.891479492,
                    98.4259872437,
                    67.8607177734,
                    2.74978542328,
                    25.5318622589,
                    -10.6615419388,
                    31.5229911804,
                    -30.638589859
                ],
                [
                    -350.020477295,
                    147.99659729,
                    72.756942749,
                    32.3946495056,
                    87.7130432129,
                    98.4259872437,
                    206.336013794,
                    62.4418296814,
                    24.5437374115,
                    -3.17356038094,
                    28.8220329285,
                    7.77142858505,
                    7.64777803421
                ],
                [
                    389.259246826,
                    -52.2190551758,
                    26.299161911,
                    59.5789604187,
                    50.5635032654,
                    67.8607177734,
                    62.4418296814,
                    138.413528442,
                    44.7405548096,
                    22.9133815765,
                    5.24709320068,
                    21.3589859009,
                    -4.93891954422
                ],
                [
                    -302.916381836,
                    180.201538086,
                    44.0678749084,
                    39.5475502014,
                    88.593788147,
                    2.74978542328,
                    24.5437374115,
                    44.7405548096,
                    133.05847168,
                    34.7189865112,
                    16.8719940186,
                    -8.60434150696,
                    17.7340183258
                ],
                [
                    278.311340332,
                    -70.8889007568,
                    1.43723499775,
                    11.6956863403,
                    6.88762187958,
                    25.5318622589,
                    -3.17356038094,
                    22.9133815765,
                    34.7189865112,
                    98.9802627563,
                    27.2100353241,
                    -13.5438585281,
                    -19.4462413788
                ],
                [
                    -234.904968262,
                    172.555404663,
                    -13.182975769,
                    -28.2189331055,
                    35.5905456543,
                    -10.6615419388,
                    28.8220329285,
                    5.24709320068,
                    16.8719940186,
                    27.2100353241,
                    104.724517822,
                    26.0984153748,
                    17.7499790192
                ],
                [
                    248.443374634,
                    -59.668586731,
                    65.5189056396,
                    57.463684082,
                    11.7985124588,
                    31.5229911804,
                    7.77142858505,
                    21.3589859009,
                    -8.60434150696,
                    -13.5438585281,
                    26.0984153748,
                    111.532669067,
                    26.3506221771
                ],
                [
                    -335.770843506,
                    140.629882812,
                    10.2403059006,
                    22.7028751373,
                    36.6128540039,
                    -30.638589859,
                    7.64777803421,
                    -4.93891954422,
                    17.7340183258,
                    -19.4462413788,
                    17.7499790192,
                    26.3506221771,
                    96.0021896362
                ]
            ],
            "icov": [
                [
                    0.00014586513862,
                    -0.000176749599632,
                    0.000232663966017,
                    -0.000334192503942,
                    0.00029462002567,
                    -0.000317333993735,
                    0.000387877546018,
                    -0.000497777946293,
                    0.00051795609761,
                    -0.000618169957306,
                    0.000479426264064,
                    -0.000494036765303,
                    0.000379215576686
                ],
                [
                    -0.000176749599632,
                    0.00188040605281,
                    -0.000124848113046,
                    0.000968893349636,
                    -0.00144369760528,
                    0.00119385274593,
                    -0.00146604620386,
                    0.00159522809554,
                    -0.00259521999396,
                    0.00275111896917,
                    -0.00280164508149,
                    0.00169886881486,
                    -0.00136970600579
                ],
                [
                    0.000232663966017,
                    -0.000124848113046,
                    0.00157834449783,
                    -0.00084967026487,
                    0.000127839666675,
                    -0.000904179527424,
                    0.000355974043487,
                    -0.000185142824193,
                    0.000288202718366,
                    -0.000759730522987,
                    0.000824382645078,
                    -0.00123433873523,
                    0.000633257674053
                ],
                [
                    -0.000334192503942,
                    0.000968893349636,
                    -0.00084967026487,
                    0.00385119812563,
                    -0.00165985757485,
                    0.000578291655984,
                    -0.00105969642755,
                    0.000959564757068,
                    -0.00203756731935,
                    0.00137760408688,
                    -0.000321479368722,
                    0.000189064623555,
                    -0.00179390062112
                ],
                [
                    0.00029462002567,
                    -0.00144369760528,
                    0.000127839666675,
                    -0.00165985757485,
                    0.0062684728764,
                    -0.00171258929186,
                    0.000371601694496,
                    -0.00181056756992,
                    -0.000379285600502,
                    -0.00141704478301,
                    0.000911958632059,
                    -0.00100528111216,
                    0.000354540825356
                ],
                [
                    -0.000317333993735,
                    0.00119385274593,
                    -0.000904179527424,
                    0.000578291655984,
                    -0.00171258929186,
                    0.00753447320312,
                    -0.00404351949692,
                    0.000329301488819,
                    -0.000711860135198,
                    4.91851351399e-05,
                    -0.000131430060719,
                    -0.000348424335243,
                    0.000759157061111
                ],
                [
                    0.000387877546018,
                    -0.00146604620386,
                    0.000355974043487,
                    -0.00105969642755,
                    0.000371601694496,
                    -0.00404351949692,
                    0.00939662847668,
                    -0.00442211702466,
                    0.00269223866053,
                    -0.00036925758468,
                    -0.000338952755556,
                    4.01517536375e-05,
                    0.000788079050835
                ],
                [
                    -0.000497777946293,
                    0.00159522809554,
                    -0.000185142824193,
                    0.000959564757068,
                    -0.00181056756992,
                    0.000329301488819,
                    -0.00442211702466,
                    0.0131084900349,
                    -0.00608971714973,
                    0.00171030499041,
                    -0.00159111071844,
                    -0.000269698997727,
                    -0.000623125524726
                ],
                [
                    0.00051795609761,
                    -0.00259521999396,
                    0.000288202718366,
                    -0.00203756731935,
                    -0.000379285600502,
                    -0.000711860135198,
                    0.00269223866053,
                    -0.00608971714973,
                    0.0160135999322,
                    -0.00830738898367,
                    0.00439373543486,
                    -0.00132970127743,
                    0.000365764804883
                ],
                [
                    -0.000618169957306,
                    0.00275111896917,
                    -0.000759730522987,
                    0.00137760408688,
                    -0.00141704478301,
                    4.91851351399e-05,
                    -0.00036925758468,
                    0.00171030499041,
                    -0.00830738898367,
                    0.0201099980623,
                    -0.0107014765963,
                    0.00673048524186,
                    -2.39872479142e-05
                ],
                [
                    0.000479426264064,
                    -0.00280164508149,
                    0.000824382645078,
                    -0.000321479368722,
                    0.000911958632059,
                    -0.000131430060719,
                    -0.000338952755556,
                    -0.00159111071844,
                    0.00439373543486,
                    -0.0107014765963,
                    0.019061576575,
                    -0.00829676911235,
                    0.00109796412289
                ],
                [
                    -0.000494036765303,
                    0.00169886881486,
                    -0.00123433873523,
                    0.000189064623555,
                    -0.00100528111216,
                    -0.000348424335243,
                    4.01517536375e-05,
                    -0.000269698997727,
                    -0.00132970127743,
                    0.00673048524186,
                    -0.00829676911235,
                    0.0157040636986,
                    -0.00504192709923
                ],
                [
                    0.000379215576686,
                    -0.00136970600579,
                    0.000633257674053,
                    -0.00179390062112,
                    0.000354540825356,
                    0.000759157061111,
                    0.000788079050835,
                    -0.000623125524726,
                    0.000365764804883,
                    -2.39872479142e-05,
                    0.00109796412289,
                    -0.00504192709923,
                    0.0152265625075
                ]
            ],
            "mean": [
                7.93020772934,
                79.4307479858,
                -108.791236877,
                35.7258262634,
                -58.3637657166,
                16.4371414185,
                -39.1914978027,
                11.5252962112,
                -24.6175346375,
                3.41184926033,
                -16.637172699,
                -0.0477124154568,
                -12.7415180206
            ]
        },
        "hfc": {
            "dmean": 8.00275802612,
            "dmean2": 12.3298130035,
            "dvar": 184.263824463,
            "dvar2": 434.058502197,
            "max": 172.796142578,
            "mean": 26.5393180847,
            "median": 20.7878513336,
            "min": 1.1277188872e-16,
            "var": 487.713470459
        },
        "melbands": {
            "dmean": [
                0.00112159084529,
                0.00126052217092,
                0.0010693015065,
                0.000631381350104,
                0.000277289625956,
                0.000137454844662,
                0.000167454883922,
                0.000156879250426,
                0.00011546749738,
                0.000100513832876,
                5.99916529609e-05,
                5.18815177202e-05,
                4.97108158015e-05,
                5.700834663e-05,
                3.7861707824e-05,
                3.33829120791e-05,
                3.41648083122e-05,
                3.37972014677e-05,
                1.96859036805e-05,
                1.82940839295e-05,
                1.68682436197e-05,
                1.37423749038e-05,
                9.07252615434e-06,
                7.7673830674e-06,
                8.20551940706e-06,
                1.21780158224e-05,
                6.90858087182e-06,
