{
    "lowlevel": {
        "average_loudness": 0.957321941853,
        "barkbands": {
            "dmean": [
                0.00115228258073,
                0.00834016408771,
                0.00299483467825,
                0.00289327371866,
                0.00237090652809,
                0.00171460269485,
                0.00135859427974,
                0.00100578914862,
                0.00114490825217,
                0.000846570997965,
                0.000525051320437,
                0.00034151392174,
                0.000448242033599,
                0.000446659483714,
                0.000334135314915,
                0.000290110066999,
                0.000281220127363,
                0.000218618864892,
                0.000210585625609,
                0.000113590016554,
                6.32406154182e-05,
                7.81090493547e-05,
                8.99029837456e-05,
                8.30499920994e-05,
                6.84427941451e-05,
                3.23718413711e-05,
                1.30773594265e-06
            ],
            "dmean2": [
                0.00134170695674,
                0.0128559889272,
                0.00534515175968,
                0.00547926826403,
                0.0043439832516,
                0.0029038072098,
                0.00216184230521,
                0.00163899967447,
                0.00180678302422,
                0.00130394345615,
                0.000806746305898,
                0.000569169467781,
                0.00068915396696,
                0.00071047176607,
                0.000520246685483,
                0.000447404687293,
                0.000434063753346,
                0.000348284404026,
                0.000339019839885,
                0.000177261856152,
                9.59342942224e-05,
                0.000123193211039,
                0.000143544981256,
                0.000127575200167,
                0.000107572421257,
                5.02737057104e-05,
                2.02906903723e-06
            ],
            "dvar": [
                3.02598118651e-06,
                0.0004382141924,
                0.000136256348924,
                0.000137666647788,
                6.85878185323e-05,
                1.77155288839e-05,
                8.85030294739e-06,
                6.4537630351e-06,
                7.53995755076e-06,
                5.49927972315e-06,
                3.82305506719e-06,
                1.16004628126e-06,
                1.66589120454e-06,
                2.38860843638e-06,
                1.06435948055e-06,
                7.5648586062e-07,
                5.4804058891e-07,
                3.89160419445e-07,
                2.90766649869e-07,
                5.97823159865e-08,
                2.69522342222e-08,
                4.597616865e-08,
                5.96777809392e-08,
                4.41595524592e-08,
                3.05967944314e-08,
                8.41036662536e-09,
                1.98788468325e-11
            ],
            "dvar2": [
                3.98532711188e-06,
                0.00114819547161,
                0.000405082071666,
                0.000402941775974,
                0.000198733818252,
                4.67529098387e-05,
                2.08403562283e-05,
                1.53175224114e-05,
                1.63203822012e-05,
                1.0690477211e-05,
                7.2108095992e-06,
                2.82682640318e-06,
                3.46653018823e-06,
                4.96909478898e-06,
                2.28561816584e-06,
                1.80222355084e-06,
                1.23135839658e-06,
                9.07013713913e-07,
                7.08368816049e-07,
                1.37284601465e-07,
                5.42432871953e-08,
                1.05041252141e-07,
                1.40063022513e-07,
                9.23561458421e-08,
                7.00937121678e-08,
                1.99736156503e-08,
                4.39032837862e-11
            ],
            "max": [
                0.0365536697209,
                0.171768069267,
                0.0949222743511,
                0.0933569297194,
                0.0724067986012,
                0.0726429000497,
                0.0616294592619,
                0.0669895261526,
                0.0569723285735,
                0.0423168614507,
                0.0536920204759,
                0.0262733306736,
                0.034166302532,
                0.0357909202576,
                0.0337466560304,
                0.0219579711556,
                0.0174654349685,
                0.0234002377838,
                0.00943526346236,
                0.00375227141194,
                0.0034009325318,
                0.00435437401757,
                0.00504491524771,
                0.00378175242804,
                0.00322949164547,
                0.00164987205062,
                0.000111482178909
            ],
            "mean": [
                0.00704022636637,
                0.0366353653371,
                0.00295860948972,
                0.00203173537739,
                0.00193649961147,
                0.00182493031025,
                0.0015873212833,
                0.00101300200913,
                0.00155315396842,
                0.00136107462458,
                0.000647647655569,
                0.000321127532516,
                0.000629980349913,
                0.000502018083353,
                0.000370323221432,
                0.000337584002409,
                0.000328532740241,
                0.000266545917839,
                0.000262749439571,
                0.000173858177732,
                0.00011108545732,
                9.04347543838e-05,
                9.29229499889e-05,
                9.04519692995e-05,
                6.84253463987e-05,
                3.04267014144e-05,
                1.33546086545e-06
            ],
            "median": [
                0.00510852923617,
                0.0458078384399,
                9.75721122813e-05,
                0.0002380576625,
                0.000262363028014,
                0.00020923554257,
                0.0001707552874,
                7.05835991539e-05,
                0.000104160630144,
                8.9115848823e-05,
                4.57158312201e-05,
                1.98748784896e-05,
                7.67792807892e-05,
                2.18531040446e-05,
                2.71772678389e-05,
                6.63610408083e-05,
                3.87063773815e-05,
                5.91349671595e-05,
                6.66470150463e-05,
                5.60545195185e-05,
                3.51011367457e-05,
                1.45268104461e-05,
                1.04106402432e-05,
                9.6094008768e-06,
                5.86369469602e-06,
                2.11745987144e-06,
                1.40305303375e-07
            ],
            "min": [
                5.56195354519e-25,
                6.01319795741e-24,
                6.16972373822e-24,
                2.94469035815e-24,
                1.29493915729e-23,
                1.39685619971e-23,
                1.21085471006e-23,
                2.93945666048e-23,
                2.5866704906e-23,
                1.85581168784e-23,
                1.38615246164e-23,
                3.15067890102e-23,
                3.07543797897e-23,
                4.07043612733e-23,
                6.20034321649e-23,
                9.39899054034e-23,
                6.24093294996e-23,
                1.41737996233e-22,
                1.46290872238e-22,
                1.95422580919e-22,
                2.92134605492e-22,
                3.64583414323e-22,
                4.87449749867e-22,
                6.10151573202e-22,
                9.98986086365e-22,
                1.40600327541e-21,
                2.09658902502e-21
            ],
            "var": [
                5.05831485498e-05,
                0.00090480822837,
                8.90436494956e-05,
                7.53470667405e-05,
                4.17174269387e-05,
                1.95010416064e-05,
                1.34437632369e-05,
                8.37070547277e-06,
                1.37330589496e-05,
                1.27468656501e-05,
                6.38796109342e-06,
                1.16852504561e-06,
                4.12686358686e-06,
                3.80035612579e-06,
                1.76149228537e-06,
                9.47733951762e-07,
                7.41976236895e-07,
                7.20857883607e-07,
                3.50152191686e-07,
                9.33146822035e-08,
                4.68334064863e-08,
                5.87975215183e-08,
                7.45601411722e-08,
                7.06115699245e-08,
                3.52108244783e-08,
                8.28915247553e-09,
                2.38886844334e-11
            ]
        },
        "barkbands_crest": {
            "dmean": 2.52313709259,
            "dmean2": 3.95552754402,
            "dvar": 10.3756313324,
            "dvar2": 23.894739151,
            "max": 26.9751110077,
            "mean": 16.4957847595,
            "median": 17.4866447449,
            "min": 1.99813485146,
            "var": 26.8036060333
        },
        "barkbands_flatness_db": {
            "dmean": 0.0494094751775,
            "dmean2": 0.0681324377656,
            "dvar": 0.00300947832875,
            "dvar2": 0.00602613901719,
            "max": 0.871971130371,
            "mean": 0.269160300493,
            "median": 0.24321141839,
            "min": 0.024307101965,
            "var": 0.0149811767042
        },
        "barkbands_kurtosis": {
            "dmean": 27.6045475006,
            "dmean2": 43.7459526062,
            "dvar": 12806.0410156,
            "dvar2": 27185.3574219,
            "max": 4475.25244141,
            "mean": 37.0697250366,
            "median": 9.24837875366,
            "min": -1.96599626541,
            "var": 18621.2539063
        },
        "barkbands_skewness": {
            "dmean": 1.54092085361,
            "dmean2": 2.30552577972,
            "dvar": 6.13586950302,
            "dvar2": 13.615737915,
            "max": 52.5199203491,
            "mean": 3.42418408394,
            "median": 2.60118246078,
            "min": -19.0615940094,
            "var": 13.4449939728
        },
        "barkbands_spread": {
            "dmean": 6.1703209877,
            "dmean2": 9.5424489975,
            "dvar": 86.2259063721,
            "dvar2": 203.247375488,
            "max": 135.266799927,
            "mean": 13.1455554962,
            "median": 8.9489364624,
            "min": 0.0102878184989,
            "var": 199.048706055
        },
        "dissonance": {
            "dmean": 0.0353265702724,
            "dmean2": 0.0573580637574,
            "dvar": 0.00164154078811,
            "dvar2": 0.00399413984269,
            "max": 0.500000178814,
            "mean": 0.437359720469,
            "median": 0.459156155586,
            "min": 0.0370342023671,
            "var": 0.00439455825835
        },
        "dynamic_complexity": 4.01394557953,
        "erbbands": {
            "dmean": [
                0.321625679731,
                1.64065551758,
                2.72359728813,
                7.69015645981,
                8.56103897095,
                7.4512462616,
                9.75876045227,
                15.4428005219,
                18.8500232697,
                21.4425926208,
                22.630865097,
                24.6786003113,
                31.0938568115,
                23.4832248688,
                18.4062690735,
                12.9980163574,
                20.062587738,
                22.6627693176,
                17.4611682892,
                16.9082965851,
                15.5799980164,
                14.7062911987,
                11.662735939,
                10.2934408188,
                10.2161817551,
                5.50693893433,
                2.84933447838,
                2.55502939224,
                2.65933156013,
                2.53918838501,
                2.76343727112,
                1.84733068943,
                1.31481933594,
                0.780491650105,
                0.475534021854,
                0.229423612356,
                0.0433395020664,
                0.00265591219068,
                0.00027342728572,
                2.75463844446e-05
            ],
            "dmean2": [
                0.440273046494,
                2.57524418831,
                4.50103330612,
                14.5165786743,
                15.8952665329,
                13.522690773,
                17.0836372375,
                25.6732597351,
                29.7953186035,
                34.6627578735,
                35.5671615601,
                36.9426193237,
                45.0643424988,
                31.824224472,
                26.815826416,
                20.9039306641,
                29.2034721375,
                34.1069602966,
                26.6516361237,
                25.5589733124,
                23.4394207001,
                22.2997932434,
                17.9712944031,
                16.2623138428,
                16.509180069,
                8.56186389923,
                4.26606607437,
                3.93455815315,
                4.16521072388,
                4.07140207291,
                4.42570352554,
                2.87035155296,
                2.02866101265,
                1.21635496616,
                0.754585146904,
                0.362148761749,
                0.066375233233,
                0.00399278104305,
                0.000423193705501,
                4.23654273618e-05
            ],
            "dvar": [
                0.357291102409,
                23.8519306183,
                94.236076355,
                990.804992676,
                1046.56555176,
                657.25012207,
                872.832336426,
                1422.8704834,
                1774.96130371,
                2337.86645508,
                3513.93286133,
                3523.41479492,
                7138.06640625,
                4641.98779297,
                4068.84741211,
                1494.34765625,
                3103.46850586,
                5754.33300781,
                2385.76586914,
                2658.76977539,
                1528.36669922,
                1388.0802002,
                973.581237793,
                813.516784668,
                641.708374023,
                136.278488159,
                54.1077156067,
                48.6927490234,
                57.3479766846,
                52.9066085815,
                57.6780471802,
                23.4788627625,
                11.4810476303,
                3.89042663574,
                1.6330024004,
                0.426112920046,
                0.0150206414983,
                6.05703171459e-05,
                6.89176317792e-07,
                2.98402591525e-09
            ],
            "dvar2": [
                0.744340896606,
                63.871295929,
                266.087463379,
                2904.21533203,
                3053.72021484,
                1885.75524902,
                2419.10791016,
                3666.38354492,
                4260.98779297,
                5409.00488281,
                8342.5390625,
                7325.67138672,
                14815.2158203,
                8929.36035156,
                8685.06542969,
                3547.1027832,
                6172.18505859,
                12175.6054688,
                5048.95800781,
                5671.59228516,
                3342.4387207,
                3062.86547852,
                2165.38476563,
                1838.7767334,
                1648.74719238,
                309.110900879,
                118.048606873,
                100.972427368,
                132.298431396,
                123.52469635,
                137.685287476,
                49.6639556885,
                24.5494499207,
                8.45307731628,
                3.90708470345,
                1.03536474705,
                0.0344783961773,
                0.000132103523356,
                1.5534966451e-06,
                7.0503842764e-09
            ],
            "max": [
                4.95053482056,
                40.8695259094,
                84.9887542725,
                230.088043213,
                296.8855896,
                201.231018066,
                310.850830078,
                808.94342041,
                766.698547363,
                805.379516602,
                1703.64013672,
                1164.04077148,
                1617.45349121,
                2306.09545898,
                1488.1072998,
                914.804931641,
                1639.82055664,
                2030.07897949,
                1185.17834473,
                1396.02368164,
                1033.11608887,
                682.750427246,
                1132.31774902,
                688.68572998,
                448.445770264,
                200.812026978,
                218.739105225,
                126.022499084,
                174.468215942,
                163.578125,
                132.890457153,
                117.028076172,
                58.1530303955,
                39.9731330872,
                26.6279506683,
                9.29083061218,
                2.55517578125,
                0.173779398203,
                0.0180553030223,
                0.000895432254765
            ],
            "mean": [
                2.04135489464,
                4.20887470245,
                3.73897171021,
                5.72678184509,
                6.63937234879,
                6.09481811523,
                8.71067905426,
                16.8101959229,
                21.8515129089,
                23.1133594513,
                24.8350715637,
                32.7899055481,
                48.4630050659,
                33.8333778381,
                21.2054824829,
                14.2489318848,
                28.3013801575,
                28.8661518097,
                19.9925422668,
                19.3253955841,
                19.5954780579,
                18.0065231323,
                14.4046554565,
                12.6401720047,
                13.6503887177,
                9.43852043152,
                5.29177284241,
                3.47232317924,
                3.11237978935,
                2.83180141449,
                2.76120495796,
                1.96603751183,
                1.43672764301,
                0.817103683949,
                0.453748434782,
                0.209117382765,
                0.0418789237738,
                0.0029439155478,
                0.000302703730995,
                8.29785931273e-05
            ],
            "median": [
                2.58193492889,
                3.59056401253,
                0.498309254646,
                0.64792817831,
                1.06597411633,
                0.693991839886,
                0.911072432995,
                2.18493199348,
                2.93464589119,
                3.13131952286,
                2.53103613853,
                2.96823453903,
                3.16772699356,
                3.67454266548,
                2.14926290512,
                1.47312295437,
                4.01672363281,
                1.37498033047,
                1.72532141209,
                1.3863401413,
                4.44571352005,
                2.28948354721,
                2.20462799072,
                3.23060798645,
                3.56007790565,
                2.86935520172,
                1.53802931309,
                1.18662261963,
                0.470381587744,
                0.458063960075,
                0.289617836475,
                0.174791827798,
                0.160086214542,
                0.076796874404,
                0.0354544967413,
                0.012579780072,
                0.00313702807762,
                0.000407759274822,
                6.53630268062e-05,
                8.60083891894e-05
            ],
            "min": [
                2.18135691294e-22,
                1.38527236423e-21,
                6.63053398349e-21,
                1.34289500884e-20,
                2.57694758935e-20,
                2.88862326649e-20,
                6.92010640915e-20,
                1.17790389981e-19,
                1.96481968659e-19,
                1.82434063713e-19,
                6.79044610662e-19,
                5.12127834855e-19,
                6.94938369145e-19,
                1.22742808196e-18,
                1.1737782848e-18,
                1.44162608799e-18,
                1.81845669464e-18,
                2.58208357316e-18,
                2.43675104147e-18,
                2.64115378148e-18,
                4.45457191221e-18,
                4.7245611826e-18,
                7.79578601688e-18,
                7.84920782238e-18,
                6.38882293246e-18,
                1.01049872555e-17,
                1.10853484826e-17,
                1.07104222525e-17,
                1.31927672825e-17,
                1.24862375797e-17,
                1.37262780981e-17,
                1.09153165446e-17,
                1.05134060285e-17,
                7.91727155191e-18,
                7.05426326548e-18,
                4.96487989802e-18,
                2.43145294964e-18,
                9.83957291424e-19,
                2.64753268817e-19,
                3.05324222503e-20
            ],
            "var": [
                2.53369355202,
                26.2645568848,
                83.9973602295,
                552.239379883,
                594.747680664,
                436.344818115,
                663.144226074,
                1776.11938477,
                2602.87524414,
                3016.18139648,
                4605.03466797,
                6641.67285156,
                15998.1835938,
                10130.046875,
                5699.765625,
                1746.03735352,
                7783.17529297,
                11414.4267578,
                4108.45361328,
                4471.35888672,
                2325.67895508,
                2020.0032959,
                2006.6081543,
                1093.02844238,
                747.587341309,
                237.135375977,
                93.4907455444,
                72.4528961182,
                71.3862838745,
                69.5682754517,
                67.4572601318,
                37.9419364929,
                16.731842041,
                5.02883052826,
                1.694237113,
                0.400486946106,
                0.0157275218517,
                7.7629898442e-05,
                8.07819674264e-07,
                4.33169011771e-09
            ]
        },
        "erbbands_crest": {
            "dmean": 4.10057592392,
            "dmean2": 6.58193635941,
            "dvar": 17.1305713654,
            "dvar2": 41.9940986633,
            "max": 34.9573554993,
            "mean": 12.8304815292,
            "median": 10.7814025879,
            "min": 2.28544092178,
            "var": 47.1563606262
        },
        "erbbands_flatness_db": {
            "dmean": 0.0324351228774,
            "dmean2": 0.0465394333005,
            "dvar": 0.0013873357093,
            "dvar2": 0.00272670388222,
            "max": 0.701883018017,
            "mean": 0.211392387748,
            "median": 0.195621833205,
            "min": 0.0354328975081,
            "var": 0.00744026945904
        },
        "erbbands_kurtosis": {
            "dmean": 5.28550863266,
            "dmean2": 8.57710456848,
            "dvar": 246.884872437,
            "dvar2": 594.40423584,
            "max": 325.441955566,
            "mean": 5.80597019196,
            "median": 1.10748231411,
            "min": -1.94525825977,
            "var": 330.144500732
        },
        "erbbands_skewness": {
            "dmean": 0.863017559052,
            "dmean2": 1.31737744808,
            "dvar": 1.27005505562,
            "dvar2": 2.93718147278,
            "max": 12.4863586426,
            "mean": 0.373854190111,
            "median": 0.253515779972,
            "min": -12.2291727066,
            "var": 3.15886664391
        },
        "erbbands_spread": {
            "dmean": 13.9642753601,
            "dmean2": 21.6403751373,
            "dvar": 410.615234375,
            "dvar2": 979.487731934,
            "max": 226.81022644,
            "mean": 37.2104415894,
            "median": 29.6260471344,
            "min": 0.159158229828,
            "var": 875.793823242
        },
        "gfcc": {
            "cov": [
                [
                    26787.0625,
                    1359.06933594,
                    -1028.68151855,
                    1809.91503906,
                    -148.450942993,
                    690.842712402,
                    -462.113647461,
                    905.182861328,
                    -60.3355789185,
                    448.110137939,
                    -145.506393433,
                    -37.373134613,
                    -50.3041000366
                ],
                [
                    1359.06933594,
                    3590.70751953,
                    713.920532227,
                    59.7386665344,
                    681.126220703,
                    -179.657409668,
                    621.347595215,
                    -2.13070321083,
                    319.522491455,
                    -113.404945374,
                    377.34286499,
                    -200.989273071,
                    204.611785889
                ],
                [
                    -1028.68151855,
                    713.920532227,
                    2994.66650391,
                    668.229003906,
                    299.107910156,
                    553.123718262,
                    214.215484619,
                    368.203155518,
                    300.948364258,
                    105.408912659,
                    111.658363342,
                    103.940544128,
                    70.1807785034
                ],
                [
                    1809.91503906,
                    59.7386665344,
                    668.229003906,
                    1935.85388184,
                    821.374389648,
                    260.660003662,
                    413.06930542,
                    122.809936523,
                    290.93057251,
                    257.077911377,
                    307.548309326,
                    80.7950973511,
                    163.281021118
                ],
                [
                    -148.450942993,
                    681.126220703,
                    299.107910156,
                    821.374389648,
                    1138.26196289,
                    388.276641846,
                    560.896850586,
                    101.15838623,
                    272.026611328,
                    180.348770142,
                    333.710845947,
                    15.4870557785,
                    151.519119263
                ],
                [
                    690.842712402,
                    -179.657409668,
                    553.123718262,
                    260.660003662,
                    388.276641846,
                    827.219177246,
                    378.432434082,
                    229.234970093,
                    100.140228271,
                    106.229026794,
                    48.6531562805,
                    89.061668396,
                    46.1502456665
                ],
                [
                    -462.113647461,
                    621.347595215,
                    214.215484619,
                    413.06930542,
                    560.896850586,
                    378.432434082,
                    985.259216309,
                    203.445205688,
                    192.783782959,
                    17.4691677094,
                    222.539337158,
                    38.1920013428,
                    200.424484253
                ],
                [
                    905.182861328,
                    -2.13070321083,
                    368.203155518,
                    122.809936523,
                    101.15838623,
                    229.234970093,
                    203.445205688,
                    586.274291992,
                    212.663894653,
                    33.5574150085,
                    4.48515939713,
                    68.1035003662,
                    87.961517334
                ],
                [
                    -60.3355789185,
                    319.522491455,
                    300.948364258,
                    290.93057251,
                    272.026611328,
                    100.140228271,
                    192.783782959,
                    212.663894653,
                    390.202575684,
                    116.063201904,
                    105.187812805,
                    18.3714313507,
                    78.9813537598
                ],
                [
                    448.110137939,
                    -113.404945374,
                    105.408912659,
                    257.077911377,
                    180.348770142,
                    106.229026794,
                    17.4691677094,
                    33.5574150085,
                    116.063201904,
                    321.713195801,
                    141.027664185,
                    32.3592720032,
                    -22.1310405731
                ],
                [
                    -145.506393433,
                    377.34286499,
                    111.658363342,
                    307.548309326,
                    333.710845947,
                    48.6531562805,
                    222.539337158,
                    4.48515939713,
                    105.187812805,
                    141.027664185,
                    340.828338623,
                    67.7912750244,
                    65.232383728
                ],
                [
                    -37.373134613,
                    -200.989273071,
                    103.940544128,
                    80.7950973511,
                    15.4870557785,
                    89.061668396,
                    38.1920013428,
                    68.1035003662,
                    18.3714313507,
                    32.3592720032,
                    67.7912750244,
                    196.549209595,
                    57.027256012
                ],
                [
                    -50.3041000366,
                    204.611785889,
                    70.1807785034,
                    163.281021118,
                    151.519119263,
                    46.1502456665,
                    200.424484253,
                    87.961517334,
                    78.9813537598,
                    -22.1310405731,
                    65.232383728,
                    57.027256012,
                    201.496261597
                ]
            ],
            "icov": [
                [
                    0.000101250880107,
                    -0.000220198999159,
                    0.000178666246939,
                    -0.000272836594377,
                    0.000243023692747,
                    -0.000301570893498,
                    0.000207656165003,
                    -0.000281046610326,
                    0.000232065140153,
                    -0.000225778479944,
                    0.000173251421074,
                    -7.53053245717e-05,
                    5.96676400164e-05
                ],
                [
                    -0.000220198999159,
                    0.00105677789543,
                    -0.000596071069594,
                    0.000836866849568,
                    -0.00081767066149,
                    0.000996267073788,
                    -0.000650712870993,
                    0.000718679395504,
                    -0.000779280962888,
                    0.000886452675331,
                    -0.000973305257503,
                    0.000881999207195,
                    -0.00041013470036
                ],
                [
                    0.000178666246939,
                    -0.000596071069594,
                    0.000830775708891,
                    -0.000711677188519,
                    0.00065895775333,
                    -0.000970245047938,
                    0.000549186312128,
                    -0.000644803163595,
                    0.000256475468632,
                    -0.000363638071576,
                    0.000347000779584,
                    -0.000374964409275,
                    0.000252473982982
                ],
                [
                    -0.000272836594377,
                    0.000836866849568,
                    -0.000711677188519,
                    0.00169024639763,
                    -0.00130299816374,
                    0.0011238316074,
                    -0.00068379950244,
                    0.000853282923345,
                    -0.000784600968473,
                    0.000365760613931,
                    -0.000652306829579,
                    0.000310462666675,
                    -0.000538612366654
                ],
                [
                    0.000243023692747,
                    -0.00081767066149,
                    0.00065895775333,
                    -0.00130299816374,
                    0.00296214269474,
                    -0.00172057712916,
                    0.000271497119684,
                    -0.000446220015874,
                    4.24108729931e-05,
                    -0.000648033746984,
                    -0.00065089261625,
                    0.000427469611168,
                    -0.000189339960343
                ],
                [
                    -0.000301570893498,
                    0.000996267073788,
                    -0.000970245047938,
                    0.0011238316074,
                    -0.00172057712916,
                    0.00337716913782,
                    -0.00150357221719,
                    0.000436317379354,
                    -0.0002702260972,
                    9.67926753219e-05,
                    0.000322067557136,
                    -0.000429887877544,
                    0.000299666397041
                ],
                [
                    0.000207656165003,
                    -0.000650712870993,
                    0.000549186312128,
                    -0.00068379950244,
                    0.000271497119684,
                    -0.00150357221719,
                    0.00250682258047,
                    -0.000867007649504,
                    0.000342261337209,
                    0.000138192568556,
                    -0.000457119895145,
                    0.000210702302866,
                    -0.00092996325111
                ],
                [
                    -0.000281046610326,
                    0.000718679395504,
                    -0.000644803163595,
                    0.000853282923345,
                    -0.000446220015874,
                    0.000436317379354,
                    -0.000867007649504,
                    0.00340382335708,
                    -0.00204078597017,
                    0.000711353728548,
                    -6.93812107784e-05,
                    -0.00020197404956,
                    -0.000697037379723
                ],
                [
                    0.000232065140153,
                    -0.000779280962888,
                    0.000256475468632,
                    -0.000784600968473,
                    4.24108729931e-05,
                    -0.0002702260972,
                    0.000342261337209,
                    -0.00204078597017,
                    0.00509239500389,
                    -0.00197806512006,
                    0.000735434994567,
                    -7.86919263192e-05,
                    -0.000452984881122
                ],
                [
                    -0.000225778479944,
                    0.000886452675331,
                    -0.000363638071576,
                    0.000365760613931,
                    -0.000648033746984,
                    9.67926753219e-05,
                    0.000138192568556,
                    0.000711353728548,
                    -0.00197806512006,
                    0.00580473942682,
                    -0.00287441536784,
                    0.000546746770851,
                    0.00107960635796
                ],
                [
                    0.000173251421074,
                    -0.000973305257503,
                    0.000347000779584,
                    -0.000652306829579,
                    -0.00065089261625,
                    0.000322067557136,
                    -0.000457119895145,
                    -6.93812107784e-05,
                    0.000735434994567,
                    -0.00287441536784,
                    0.00693686120212,
                    -0.00294120586477,
                    0.000322701089317
                ],
                [
                    -7.53053245717e-05,
                    0.000881999207195,
                    -0.000374964409275,
                    0.000310462666675,
                    0.000427469611168,
                    -0.000429887877544,
                    0.000210702302866,
                    -0.00020197404956,
                    -7.86919263192e-05,
                    0.000546746770851,
                    -0.00294120586477,
                    0.00791569985449,
                    -0.00257702451199
                ],
                [
                    5.96676400164e-05,
                    -0.00041013470036,
                    0.000252473982982,
                    -0.000538612366654,
                    -0.000189339960343,
                    0.000299666397041,
                    -0.00092996325111,
                    -0.000697037379723,
                    -0.000452984881122,
                    0.00107960635796,
                    0.000322701089317,
                    -0.00257702451199,
                    0.00796682480723
                ]
            ],
            "mean": [
                -84.5584182739,
                88.0664978027,
                -101.498435974,
                33.7388877869,
                -47.0838470459,
                13.3056240082,
                -21.1964912415,
                16.9139251709,
                -11.3600816727,
                4.95149707794,
                -4.79431724548,
                1.0551122427,
                -3.27502560616
            ]
        },
        "hfc": {
            "dmean": 8.58910560608,
            "dmean2": 13.3481864929,
            "dvar": 152.203811646,
            "dvar2": 354.72177124,
            "max": 190.04258728,
            "mean": 18.1749763489,
            "median": 13.2613964081,
            "min": 1.10861154444e-16,
            "var": 280.477233887
        },
        "melbands": {
            "dmean": [
                0.00257450877689,
                0.00145288079511,
                0.00135127932299,
                0.000558905245271,
                0.000337073084665,
                0.000344496307662,
                0.000284696026938,
                0.000229125289479,
                0.000190852428204,
                0.000160273120855,
                0.000156621346832,
                9.87072562566e-05,
                7.11995307938e-05,
                3.85258390452e-05,
                3.82246144e-05,
                4.92971485073e-05,
                4.37713351857e-05,
                2.98997165373e-05,
                2.57911506196e-05,
                2.09290556086e-05,
                1.9054108634e-05,
                1.71856299858e-05,
                1.10441924335e-05,
                1.11531544462e-05,
                8.26366158435e-06,
                8.5396659415e-06,
                5.66908465771e-06,
