{
    "lowlevel": {
        "average_loudness": 0.949565172195,
        "barkbands": {
            "dmean": [
                0.000532890029717,
                0.0061185057275,
                0.00406649429351,
                0.00249983393587,
                0.00259382184595,
                0.00147433963139,
                0.0009340904071,
                0.000704439356923,
                0.000729421968572,
                0.000541093759239,
                0.000430248765042,
                0.000499568413943,
                0.000388074491639,
                0.000420215976192,
                0.000379261822673,
                0.000232906983001,
                0.000269367708825,
                0.000178340138518,
                0.000145609563333,
                0.000138803879963,
                0.000173783817445,
                0.000186896635569,
                0.00015558078303,
                0.000214910993236,
                0.000140282572829,
                6.87978172209e-05,
                2.37605454458e-05
            ],
            "dmean2": [
                0.000672024558298,
                0.00905931647867,
                0.00715623795986,
                0.00451557710767,
                0.00448205554858,
                0.00245509762317,
                0.00146037270315,
                0.00110961508472,
                0.00116007262841,
                0.000840189633891,
                0.000694130139891,
                0.000787599710748,
                0.000626931956504,
                0.000677111791447,
                0.000621500599664,
                0.000377801625291,
                0.000440131669166,
                0.00028308480978,
                0.000225273135584,
                0.000218107408728,
                0.000258398242295,
                0.000277681741863,
                0.000222578586545,
                0.000307019567117,
                0.000205940930755,
                9.84180151136e-05,
                3.64370025636e-05
            ],
            "dvar": [
                1.18398349969e-06,
                0.000208328317967,
                0.000274990219623,
                7.97347456682e-05,
                3.02816879412e-05,
                1.21995708469e-05,
                3.4401728044e-06,
                1.98601787815e-06,
                2.56664066001e-06,
                1.10349958504e-06,
                1.12303314381e-06,
                1.54590406964e-06,
                6.93529329965e-07,
                9.22018443816e-07,
                5.70995268845e-07,
                2.05866044212e-07,
                2.34038239455e-07,
                1.00365184608e-07,
                6.45841780056e-08,
                8.30437087984e-08,
                1.67144463603e-07,
                1.70351327711e-07,
                1.26606963136e-07,
                2.07430716159e-07,
                8.4878394091e-08,
                2.84993006971e-08,
                1.14986900002e-08
            ],
            "dvar2": [
                1.94298968381e-06,
                0.000459149334347,
                0.000760891474783,
                0.00022668064048,
                8.51326331031e-05,
                3.30865696014e-05,
                7.33023853172e-06,
                4.62401521872e-06,
                5.92345440964e-06,
                2.29427246268e-06,
                2.74259650723e-06,
                3.48436901731e-06,
                1.7192606947e-06,
                2.21611094275e-06,
                1.45669491758e-06,
                4.56052276832e-07,
                5.94525829456e-07,
                2.53630844327e-07,
                1.4882974142e-07,
                1.87948572261e-07,
                3.63004687642e-07,
                3.586844457e-07,
                2.30568161896e-07,
                4.0857500494e-07,
                1.83168907597e-07,
                5.52076002691e-08,
                2.62439900922e-08
            ],
            "max": [
                0.028603669256,
                0.151986673474,
                0.15019634366,
                0.0804006457329,
                0.0679263994098,
                0.0640070065856,
                0.0644236057997,
                0.0261292494833,
                0.03264939785,
                0.0248723737895,
                0.020348392427,
                0.0429101847112,
                0.0171066224575,
                0.0185560397804,
                0.0123069118708,
                0.00814748276025,
                0.00733341416344,
                0.00769698852673,
                0.00554864900187,
                0.00456024892628,
                0.00665175355971,
                0.00828299950808,
                0.00618090434,
                0.00644202763215,
                0.00340212066658,
                0.00293227401562,
                0.00234816782176
            ],
            "mean": [
                0.00127657898702,
                0.0108527224511,
                0.00395253300667,
                0.00211814651266,
                0.00365959107876,
                0.00205482752062,
                0.0014675402781,
                0.00104796420783,
                0.0010877441382,
                0.00093736697454,
                0.000633702089544,
                0.00083179451758,
                0.000569942058064,
                0.000693475012667,
                0.000574415142182,
                0.00037548947148,
                0.000451942003565,
                0.000302202097373,
                0.000262407033006,
                0.000226968681091,
                0.000283256551484,
                0.000307238282403,
                0.000245519826422,
                0.000335522840032,
                0.000208970493986,
                9.15502023418e-05,
                2.15979835048e-05
            ],
            "median": [
                0.000620788428932,
                0.00538757117465,
                0.000965409970377,
                0.000473869033158,
                0.0017102449201,
                0.00100087677129,
                0.000619595055468,
                0.000372402893845,
                0.000330736103933,
                0.00038715248229,
                0.000173636537511,
                0.000282538268948,
                0.000184896096471,
                0.000208795914659,
                0.000225150142796,
                0.000156579597387,
                0.000228804536164,
                0.000170525672729,
                0.00014547794126,
                0.000109033782792,
                9.40030004131e-05,
                0.000107801926788,
                6.87368155923e-05,
                8.11846839497e-05,
                5.45681104995e-05,
                1.79492781172e-05,
                4.80843993955e-07
            ],
            "min": [
                1.83986383912e-24,
                1.42042925683e-23,
                9.93661660219e-24,
                7.87653948036e-24,
                3.76876246431e-23,
                4.4461948734e-23,
                7.15938129826e-24,
                3.24241679786e-23,
                4.60206242868e-23,
                3.00003297385e-23,
                4.3625753019e-23,
                1.04175443909e-22,
                8.95592839064e-23,
                1.37246196995e-22,
                5.73896119222e-23,
                9.1872255635e-23,
                1.09091044468e-22,
                1.20042806727e-22,
                2.02002955668e-22,
                2.46772250921e-22,
                3.48757728605e-22,
                3.68714394894e-22,
                5.1997904145e-22,
                8.99737741452e-22,
                1.06607788594e-21,
                1.6789206739e-21,
                1.98561797987e-21
            ],
            "var": [
                4.67443214802e-06,
                0.000387472886359,
                0.000177503097802,
                4.86005301354e-05,
                3.00690808217e-05,
                1.1045393876e-05,
                6.80813036524e-06,
                3.81918698622e-06,
                4.95125186717e-06,
                2.54360475083e-06,
                2.20341325985e-06,
                4.23048459197e-06,
                1.14206181934e-06,
                2.40256190409e-06,
                9.91137540041e-07,
                3.9638385374e-07,
                4.06451874824e-07,
                1.80862826937e-07,
                1.22966639537e-07,
                1.22073373632e-07,
                3.30833444195e-07,
                3.51803407739e-07,
                2.55250540704e-07,
                4.62082738295e-07,
                1.45391112483e-07,
                4.42813252732e-08,
                1.18010294869e-08
            ]
        },
        "barkbands_crest": {
            "dmean": 2.54354953766,
            "dmean2": 3.83036875725,
            "dvar": 5.65933084488,
            "dvar2": 12.9048509598,
            "max": 26.4642772675,
            "mean": 10.2134561539,
            "median": 9.08632469177,
            "min": 2.12031006813,
            "var": 20.8369693756
        },
        "barkbands_flatness_db": {
            "dmean": 0.0245633982122,
            "dmean2": 0.036650236696,
            "dvar": 0.000745507772081,
            "dvar2": 0.00171924883034,
            "max": 0.442837685347,
            "mean": 0.132537946105,
            "median": 0.122805833817,
            "min": 0.017043935135,
            "var": 0.00398367969319
        },
        "barkbands_kurtosis": {
            "dmean": 4.39425706863,
            "dmean2": 7.28832006454,
            "dvar": 136.34866333,
            "dvar2": 358.999969482,
            "max": 433.390319824,
            "mean": 5.38615512848,
            "median": 1.51488208771,
            "min": -1.91520726681,
            "var": 217.519241333
        },
        "barkbands_skewness": {
            "dmean": 0.655593395233,
            "dmean2": 1.00582695007,
            "dvar": 0.758750796318,
            "dvar2": 1.82824659348,
            "max": 18.3603363037,
            "mean": 1.63306188583,
            "median": 1.35232937336,
            "min": -4.18368816376,
            "var": 2.38437342644
        },
        "barkbands_spread": {
            "dmean": 7.52499675751,
            "dmean2": 11.3650588989,
            "dvar": 94.4809112549,
            "dvar2": 182.508483887,
            "max": 118.350296021,
            "mean": 26.4978160858,
            "median": 22.4192657471,
            "min": 0.638743877411,
            "var": 324.20690918
        },
        "dissonance": {
            "dmean": 0.0195340123028,
            "dmean2": 0.0324772931635,
            "dvar": 0.00039658145397,
            "dvar2": 0.00103892781772,
            "max": 0.499998837709,
            "mean": 0.460657477379,
            "median": 0.468767315149,
            "min": 0.230184108019,
            "var": 0.0010423384374
        },
        "dynamic_complexity": 2.65847468376,
        "erbbands": {
            "dmean": [
                0.244275569916,
                1.28986537457,
                4.0994591713,
                6.82569217682,
                9.49198246002,
                8.19561481476,
                6.63546800613,
                14.1644287109,
                14.0187292099,
                13.6118955612,
                16.7683620453,
                16.3678894043,
                16.3721370697,
                16.0640144348,
                16.266368866,
                21.980840683,
                17.496137619,
                21.913734436,
                19.0121173859,
                15.4020605087,
                12.4202737808,
                13.1393680573,
                10.2849187851,
                6.58601331711,
                7.87202739716,
                6.46088457108,
                5.38048028946,
                8.82583236694,
                7.60709619522,
                4.4581193924,
                4.93892621994,
                4.79771089554,
                3.33620071411,
                1.97129464149,
                0.838084816933,
                0.33755621314,
                0.11744980514,
                0.032804608345,
                0.00466808117926,
                0.000123514982988
            ],
            "dmean2": [
                0.324455291033,
                2.04820871353,
                7.06614780426,
                12.056479454,
                16.7128982544,
                14.0794687271,
                10.6188955307,
                24.0829353333,
                21.6526699066,
                22.3769569397,
                25.9257698059,
                25.9065189362,
                25.455871582,
                25.3844661713,
                26.1559963226,
                34.5855484009,
                28.0774230957,
                35.6287956238,
                30.830078125,
                24.572681427,
                20.2500686646,
                21.4346981049,
                16.387342453,
                10.278339386,
                12.154460907,
                10.168838501,
                8.04139614105,
                13.3221359253,
                11.5532865524,
                6.4156832695,
                6.97496032715,
                6.89030742645,
                4.75998973846,
                2.94027757645,
                1.22816407681,
                0.493243455887,
                0.167285844684,
                0.0500390641391,
                0.00727589381859,
                0.000183386786375
            ],
            "dvar": [
                0.309304893017,
                11.359621048,
                265.151092529,
                650.401306152,
                537.936279297,
                286.966674805,
                156.559951782,
                1495.28259277,
                833.692932129,
                871.045776367,
                1137.39733887,
                1530.68786621,
                1133.18444824,
                1015.6083374,
                1493.91052246,
                3124.61401367,
                1363.4119873,
                2684.92480469,
                1334.58154297,
                1230.9777832,
                444.57510376,
                643.952697754,
                298.813781738,
                117.30266571,
                232.325881958,
                175.57182312,
                140.325912476,
                470.8934021,
                318.714019775,
                102.340278625,
                130.012939453,
                119.121025085,
                46.4652519226,
                17.9408073425,
                3.03020191193,
                0.489715754986,
                0.103557288647,
                0.0160911679268,
                0.000476128654554,
                2.36701254153e-07
            ],
            "dvar2": [
                0.562341272831,
                29.4412784576,
                728.836669922,
                1784.10644531,
                1513.45214844,
                793.842956543,
                401.118652344,
                4107.08447266,
                1711.30114746,
                2294.38037109,
                2501.72583008,
                3441.4309082,
                2420.63549805,
                2335.60571289,
                3689.59594727,
                6621.14941406,
                3366.47070312,
                6639.03369141,
                3317.24291992,
                3060.41162109,
                1100.14501953,
                1676.98974609,
                733.736206055,
                275.835571289,
                557.558166504,
                392.903869629,
                295.851013184,
                1072.49523926,
                728.892150879,
                196.614135742,
                259.115692139,
                244.227798462,
                90.0650177002,
                40.429359436,
                6.45410680771,
                0.945048034191,
                0.207312896848,
                0.036835372448,
                0.00109812139999,
                4.65928252424e-07
            ],
            "max": [
                6.53991699219,
                30.5539207458,
                152.238113403,
                229.663238525,
                229.687774658,
                250.802963257,
                247.734161377,
                721.245666504,
                1030.82507324,
                395.572631836,
                715.75213623,
                944.956481934,
                802.360900879,
                784.72064209,
                883.559692383,
                2193.84863281,
                787.75769043,
                1028.36645508,
                711.985717773,
                1061.12316895,
                345.722564697,
                448.741088867,
                376.174682617,
                211.085678101,
                241.011383057,
                199.136016846,
                202.107772827,
                328.198272705,
                315.846069336,
                178.130340576,
                192.457992554,
                209.565795898,
                96.0977020264,
                53.5408859253,
                21.403295517,
                9.20700359344,
                6.81917619705,
                2.20697116852,
                0.5132843256,
                0.0127649698406
            ],
            "mean": [
                0.436296641827,
                1.96349275112,
                4.54091119766,
                6.13921499252,
                11.1093301773,
                11.5165758133,
                10.9428453445,
                17.5032711029,
                22.1012172699,
                19.5155906677,
                27.2023506165,
                25.7023086548,
                29.1030063629,
                27.6684303284,
                26.4579029083,
                38.1500244141,
                28.9539108276,
                37.1325187683,
                31.5708999634,
                26.4628105164,
                21.980638504,
                22.9112472534,
                18.759513855,
                12.4842948914,
                13.5302553177,
                10.7731809616,
                9.03321075439,
                13.802365303,
                11.897567749,
                7.03810596466,
                7.41802358627,
                7.19377183914,
                5.28577613831,
                2.86052823067,
                1.21127235889,
                0.495601654053,
                0.145345404744,
                0.0332342237234,
                0.00416395440698,
                0.000152309221448
            ],
            "median": [
                0.214667767286,
                0.831110596657,
                1.45847296715,
                1.81076586246,
                3.78844070435,
                5.43867874146,
                5.47113180161,
                7.60067033768,
                9.47334098816,
                7.85842657089,
                10.5176830292,
                9.6089515686,
                13.0827035904,
                10.979139328,
                9.2172870636,
                14.2032871246,
                11.1757793427,
                12.7407875061,
                13.2782039642,
                10.1504631042,
                11.2773666382,
                11.8264026642,
                10.8335666656,
                7.49633216858,
                7.78903150558,
                5.2712726593,
                3.5770740509,
                4.26623821259,
                3.96834278107,
                2.42486047745,
                1.95937418938,
                1.69604325294,
                1.25029778481,
                0.728489935398,
                0.298862606287,
                0.121422670782,
                0.0221905224025,
                0.00211680447683,
                0.000110830646008,
                4.32524611824e-05
            ],
            "min": [
                4.57340708785e-22,
                3.30480343972e-21,
                8.55853325991e-21,
                3.2552746273e-20,
                6.18158792603e-20,
                1.03222214279e-19,
                2.23297509756e-19,
                3.23857262288e-19,
                1.67860653509e-19,
                6.25388040964e-19,
                7.83727470807e-19,
                1.01397340111e-18,
                1.19427675096e-18,
                1.05634314305e-18,
                1.98142182186e-18,
                4.54182499117e-18,
                4.84232481846e-18,
                7.06299581121e-18,
                6.57088373092e-18,
                5.24803664299e-18,
                6.00295475724e-18,
                7.49267726194e-18,
                9.47070764329e-18,
                9.44007631803e-18,
                7.71540970394e-18,
                1.32721592505e-17,
                1.35014735687e-17,
                1.47924593138e-17,
                1.54403534916e-17,
                1.58293087049e-17,
                1.38583093588e-17,
                1.25960011383e-17,
                1.46550331811e-17,
                9.75494840846e-18,
                8.73671471701e-18,
                5.94828721773e-18,
                3.0546396562e-18,
                1.20886945774e-18,
                2.841285271e-19,
                2.70150499529e-20
            ],
            "var": [
                0.580323815346,
                16.569978714,
                182.000747681,
                425.767242432,
                429.907470703,
                378.5965271,
                277.416534424,
                1166.21569824,
                1592.85778809,
                1141.61462402,
                2563.26367188,
                2803.65991211,
                2684.1328125,
                2251.13256836,
                3099.93774414,
                8765.45800781,
                2496.37841797,
                5861.37353516,
                2802.62573242,
                3102.85913086,
                843.165466309,
                1053.76074219,
                601.000732422,
                228.35774231,
                357.069458008,
                269.681732178,
                277.202087402,
                854.52557373,
                580.446289062,
                184.710296631,
                243.737945557,
                233.838134766,
                111.608924866,
                29.4550304413,
                4.99895191193,
                0.877100229263,
                0.146114617586,
                0.0174543708563,
                0.000475269625895,
                3.04876294877e-07
            ]
        },
        "erbbands_crest": {
            "dmean": 2.7681183815,
            "dmean2": 4.42375421524,
            "dvar": 6.69845342636,
            "dvar2": 16.3721256256,
            "max": 30.0653839111,
            "mean": 8.95428276062,
            "median": 8.04745483398,
            "min": 2.17529559135,
            "var": 18.4397945404
        },
        "erbbands_flatness_db": {
            "dmean": 0.0181696694344,
            "dmean2": 0.02494677715,
            "dvar": 0.000324791210005,
            "dvar2": 0.000577601720579,
            "max": 0.483474165201,
            "mean": 0.149140566587,
            "median": 0.137615919113,
            "min": 0.0470809787512,
            "var": 0.00407182844356
        },
        "erbbands_kurtosis": {
            "dmean": 1.00111532211,
            "dmean2": 1.53591883183,
            "dvar": 1.83688461781,
            "dvar2": 4.03416156769,
            "max": 19.94181633,
            "mean": 0.682595491409,
            "median": -0.0575387477875,
            "min": -1.88693296909,
            "var": 5.06336355209
        },
        "erbbands_skewness": {
            "dmean": 0.39671716094,
            "dmean2": 0.587757408619,
            "dvar": 0.159676834941,
            "dvar2": 0.319197267294,
            "max": 3.72317767143,
            "mean": 0.234709918499,
            "median": 0.235475555062,
            "min": -3.47613358498,
            "var": 0.730546236038
        },
        "erbbands_spread": {
            "dmean": 10.4434595108,
            "dmean2": 15.4472618103,
            "dvar": 146.52961731,
            "dvar2": 321.91317749,
            "max": 144.793640137,
            "mean": 42.0301856995,
            "median": 38.0241584778,
            "min": 4.04208993912,
            "var": 486.587341309
        },
        "gfcc": {
            "cov": [
                [
                    14165.0957031,
                    -2273.64624023,
                    1010.69482422,
                    1584.13464355,
                    -285.883544922,
                    1301.30700684,
                    -80.3371582031,
                    542.235900879,
                    -104.222198486,
                    444.256225586,
                    -149.341567993,
                    209.017211914,
                    -124.318397522
                ],
                [
                    -2273.64624023,
                    2264.25170898,
                    -971.504394531,
                    -433.954803467,
                    526.573059082,
                    -592.535095215,
                    250.043457031,
                    -122.653968811,
                    185.350265503,
                    -184.450393677,
                    160.87437439,
                    -118.58013916,
                    82.5929260254
                ],
                [
                    1010.69482422,
                    -971.504394531,
                    1523.57556152,
                    513.156433105,
                    -147.393218994,
                    592.239013672,
                    -61.2999992371,
                    225.382003784,
                    8.31554508209,
                    184.632339478,
                    -16.0971889496,
                    150.65335083,
                    -40.6853141785
                ],
                [
                    1584.13464355,
                    -433.954803467,
                    513.156433105,
                    719.907958984,
                    28.4549732208,
                    290.769134521,
                    14.0527620316,
                    158.158248901,
                    69.2066574097,
                    104.045349121,
                    4.33753824234,
                    67.8830337524,
                    61.8297462463
                ],
                [
                    -285.883544922,
                    526.573059082,
                    -147.393218994,
                    28.4549732208,
                    466.819763184,
                    -66.7741317749,
                    161.98324585,
                    43.8939437866,
                    125.864219666,
                    -2.97270607948,
                    70.9486618042,
                    2.12780356407,
                    48.4084892273
                ],
                [
                    1301.30700684,
                    -592.535095215,
                    592.239013672,
                    290.769134521,
                    -66.7741317749,
                    671.908569336,
                    90.418510437,
                    190.119506836,
                    6.71290493011,
                    172.163787842,
                    24.4647941589,
                    98.4514541626,
                    9.25141716003
                ],
                [
                    -80.3371582031,
                    250.043457031,
                    -61.2999992371,
                    14.0527620316,
                    161.98324585,
                    90.418510437,
                    294.155578613,
                    51.3715667725,
                    66.5986251831,
                    34.4508781433,
                    58.6215934753,
                    18.8984260559,
                    43.2115898132
                ],
                [
                    542.235900879,
                    -122.653968811,
                    225.382003784,
                    158.158248901,
                    43.8939437866,
                    190.119506836,
                    51.3715667725,
                    218.973327637,
                    68.6598968506,
                    71.6697158813,
                    29.3720550537,
                    52.1433372498,
                    24.7527542114
                ],
                [
                    -104.222198486,
                    185.350265503,
                    8.31554508209,
                    69.2066574097,
                    125.864219666,
                    6.71290493011,
                    66.5986251831,
                    68.6598968506,
                    160.444335938,
                    51.6528320312,
                    42.1444015503,
                    15.4432783127,
                    40.0627365112
                ],
                [
                    444.256225586,
                    -184.450393677,
                    184.632339478,
                    104.045349121,
                    -2.97270607948,
                    172.163787842,
                    34.4508781433,
                    71.6697158813,
                    51.6528320312,
                    138.193710327,
                    41.1117553711,
                    41.2914428711,
                    13.4194869995
                ],
                [
                    -149.341567993,
                    160.87437439,
                    -16.0971889496,
                    4.33753824234,
                    70.9486618042,
                    24.4647941589,
                    58.6215934753,
                    29.3720550537,
                    42.1444015503,
                    41.1117553711,
                    119.795150757,
                    40.4806938171,
                    27.5313014984
                ],
                [
                    209.017211914,
                    -118.58013916,
                    150.65335083,
                    67.8830337524,
                    2.12780356407,
                    98.4514541626,
                    18.8984260559,
                    52.1433372498,
                    15.4432783127,
                    41.2914428711,
                    40.4806938171,
                    105.424766541,
                    28.2307319641
                ],
                [
                    -124.318397522,
                    82.5929260254,
                    -40.6853141785,
                    61.8297462463,
                    48.4084892273,
                    9.25141716003,
                    43.2115898132,
                    24.7527542114,
                    40.0627365112,
                    13.4194869995,
                    27.5313014984,
                    28.2307319641,
                    96.0858001709
                ]
            ],
            "icov": [
                [
                    0.00013528445561,
                    2.55300365097e-05,
                    0.000175580120413,
                    -0.000315030512866,
                    -2.51918954746e-05,
                    -0.000131881548441,
                    4.12028894061e-05,
                    -0.000165412871866,
                    0.000208609097172,
                    -0.000283286208287,
                    0.000228373348364,
                    -0.000211625054362,
                    0.000428951287176
                ],
                [
                    2.55300365097e-05,
                    0.00123350101057,
                    0.000194680076675,
                    0.000293524673907,
                    -0.000624625419732,
                    0.000324641092448,
                    -0.000440773292212,
                    5.11617108714e-05,
                    -0.000957641575951,
                    0.00129683164414,
                    -0.00144635105971,
                    0.000900022452697,
                    -0.00029706856003
                ],
                [
                    0.000175580120413,
                    0.000194680076675,
                    0.00164864165708,
                    -0.00095599796623,
                    -1.49945517478e-05,
                    -0.00083267968148,
                    0.000399653828936,
                    -0.000470097118523,
                    2.75966522167e-05,
                    -0.000532119185664,
                    0.000564878981095,
                    -0.0014025545679,
                    0.0017152124783
                ],
                [
                    -0.000315030512866,
                    0.000293524673907,
                    -0.00095599796623,
                    0.0030751992017,
                    -0.000388329906855,
                    6.10285715084e-05,
                    0.000105493236333,
                    -0.000100790195575,
                    -0.00107554369606,
                    0.000791370635852,
                    -0.000468632002594,
                    0.00107841519639,
                    -0.00271990057081
                ],
                [
                    -2.51918954746e-05,
                    -0.000624625419732,
                    -1.49945517478e-05,
                    -0.000388329906855,
                    0.00380986416712,
                    0.000189054757357,
                    -0.00120399880689,
                    -0.000245448434725,
                    -0.00162711844314,
                    0.000608988688327,
                    -0.000446322956122,
                    -0.000176509987796,
                    0.000188028905541
                ],
                [
                    -0.000131881548441,
                    0.000324641092448,
                    -0.00083267968148,
                    6.10285715084e-05,
                    0.000189054757357,
                    0.00394779862836,
                    -0.0015067642089,
                    -0.00137013301719,
                    0.00134969584178,
                    -0.00230372976512,
                    -0.000103448634036,
                    -9.54112474574e-05,
                    -0.000469642283861
                ],
                [
                    4.12028894061e-05,
                    -0.000440773292212,
                    0.000399653828936,
                    0.000105493236333,
                    -0.00120399880689,
                    -0.0015067642089,
                    0.00531894573942,
                    -0.000165842415299,
                    -0.000214487867197,
                    -0.000414136477048,
                    -0.000421938195359,
                    -9.52648260863e-05,
                    -0.000767967314459
                ],
                [
                    -0.000165412871866,
                    5.11617108714e-05,
                    -0.000470097118523,
                    -0.000100790195575,
                    -0.000245448434725,
                    -0.00137013301719,
                    -0.000165842415299,
                    0.00796099659055,
                    -0.00301080290228,
                    0.000512951693963,
                    -0.000457641814137,
                    -0.000946043175645,
                    -0.000520077592228
                ],
                [
                    0.000208609097172,
                    -0.000957641575951,
                    2.75966522167e-05,
                    -0.00107554369606,
                    -0.00162711844314,
                    0.00134969584178,
                    -0.000214487867197,
                    -0.00301080290228,
                    0.0125569244847,
                    -0.00616788538173,
                    0.00113897572737,
                    -4.26549668191e-05,
                    -0.00132925668731
                ],
                [
                    -0.000283286208287,
                    0.00129683164414,
                    -0.000532119185664,
                    0.000791370635852,
                    0.000608988688327,
                    -0.00230372976512,
                    -0.000414136477048,
                    0.000512951693963,
                    -0.00616788538173,
                    0.0164625495672,
                    -0.00569194508716,
                    0.00104621786159,
                    -0.000650677306112
                ],
                [
                    0.000228373348364,
                    -0.00144635105971,
                    0.000564878981095,
                    -0.000468632002594,
                    -0.000446322956122,
                    -0.000103448634036,
                    -0.000421938195359,
                    -0.000457641814137,
                    0.00113897572737,
                    -0.00569194508716,
                    0.0147078987211,
                    -0.00588477542624,
                    0.000456746551208
                ],
                [
                    -0.000211625054362,
                    0.000900022452697,
                    -0.0014025545679,
                    0.00107841519639,
                    -0.000176509987796,
                    -9.54112474574e-05,
                    -9.52648260863e-05,
                    -0.000946043175645,
                    -4.26549668191e-05,
                    0.00104621786159,
                    -0.00588477542624,
                    0.0160270966589,
                    -0.00510165793821
                ],
                [
                    0.000428951287176,
                    -0.00029706856003,
                    0.0017152124783,
                    -0.00271990057081,
                    0.000188028905541,
                    -0.000469642283861,
                    -0.000767967314459,
                    -0.000520077592228,
                    -0.00132925668731,
                    -0.000650677306112,
                    0.000456746551208,
                    -0.00510165793821,
                    0.0161371640861
                ]
            ],
            "mean": [
                5.81682443619,
                82.4907531738,
                -111.409484863,
                28.1580295563,
                -58.6459999084,
                15.8478984833,
                -40.0338897705,
                9.29316616058,
                -23.7766609192,
                3.50804924965,
                -15.0482387543,
                1.43211686611,
                -9.58030033112
            ]
        },
        "hfc": {
            "dmean": 10.3167114258,
            "dmean2": 14.4887943268,
            "dvar": 382.366638184,
            "dvar2": 766.078674316,
            "max": 220.57258606,
            "mean": 26.4511680603,
            "median": 19.8239364624,
            "min": 1.13007774161e-16,
            "var": 717.192687988
        },
        "melbands": {
            "dmean": [
                0.00185770902317,
                0.00188481900841,
                0.00120543211233,
                0.000666548963636,
                0.000237342421315,
                0.000307204172714,
                0.000212207945879,
                0.000142236516695,
                0.000142046337714,
                0.000100871715404,
                8.19661872811e-05,
                6.61264712107e-05,
                6.19640486548e-05,
                5.34015234734e-05,
                4.93110019306e-05,
                3.87825457437e-05,
                4.30796608271e-05,
                3.07834379782e-05,
                2.44233415287e-05,
                1.78647569555e-05,
                1.59387054737e-05,
                1.4338429537e-05,
                1.54273348016e-05,
                7.21037667972e-06,
                5.49130800209e-06,
                6.13488646195e-06,
                5.37454161531e-06,
                4.25592088504e-06,
