{
    "lowlevel": {
        "average_loudness": 0.778392612934,
        "barkbands": {
            "dmean": [
                0.000925788132008,
                0.00674570770934,
                0.00414070766419,
                0.00107872462831,
                0.00147401995491,
                0.000876243051607,
                0.000682857236825,
                0.000896517653018,
                0.000596429395955,
                0.000384928658605,
                0.000509715115186,
                0.000382243626518,
                0.000412400346249,
                0.00025926870876,
                0.000162604497746,
                0.000168697340996,
                0.000184385600733,
                0.000190714141354,
                0.00018982734764,
                0.000188342746696,
                0.000159705465194,
                0.000159925766638,
                0.000255711231148,
                0.000193657586351,
                0.000110745932034,
                5.38895255886e-05,
                1.02446729215e-05
            ],
            "dmean2": [
                0.00153739494272,
                0.00957302562892,
                0.00642973836511,
                0.00182019430213,
                0.00262162694708,
                0.00151496636681,
                0.00111692340579,
                0.00147370551713,
                0.000912132381927,
                0.000571576936636,
                0.000767231511418,
                0.000565339520108,
                0.000632586947177,
                0.000405070604756,
                0.000243203103309,
                0.000257434876403,
                0.000276689010207,
                0.000288323382847,
                0.000273779121926,
                0.000301474065054,
                0.000236808278714,
                0.000228673103265,
                0.00038719875738,
                0.000289491756121,
                0.000168455037056,
                8.34893726278e-05,
                1.54615609063e-05
            ],
            "dvar": [
                3.54758731191e-06,
                0.000257836771198,
                0.000194777850993,
                1.54446952365e-05,
                2.87977836706e-05,
                8.836465895e-06,
                2.65015250989e-06,
                6.46143735139e-06,
                3.45132207258e-06,
                1.37501899644e-06,
                1.89201784906e-06,
                7.72756550305e-07,
                8.74981708421e-07,
                5.68894677144e-07,
                1.99908129161e-07,
                1.89490449998e-07,
                1.92225769524e-07,
                1.7511710837e-07,
                1.58426331609e-07,
                4.30663277484e-07,
                2.29495910276e-07,
                2.19680188707e-07,
                4.89243461743e-07,
                2.37271038372e-07,
                7.93316559111e-08,
                2.25261107545e-08,
                9.19122278287e-10
            ],
            "dvar2": [
                1.07683908936e-05,
                0.000610055576544,
                0.000446455058409,
                4.22683042416e-05,
                8.16744068288e-05,
                2.4143151677e-05,
                6.6542525019e-06,
                1.68468050106e-05,
                8.00785437605e-06,
                2.97228234558e-06,
                4.26651422458e-06,
                1.57272700108e-06,
                2.03231547857e-06,
                1.29371608182e-06,
                4.29148997227e-07,
                4.40418858716e-07,
                4.32469079215e-07,
                3.55040185696e-07,
                3.31730717562e-07,
                1.0846006262e-06,
                4.26645698326e-07,
                4.27751672305e-07,
                9.76619958237e-07,
                4.69558784744e-07,
                1.51452667296e-07,
                4.74047681109e-08,
                1.72569947221e-09
            ],
            "max": [
                0.0338669791818,
                0.210030719638,
                0.143855005503,
                0.0761428549886,
                0.0615725331008,
                0.0293348692358,
                0.0327662453055,
                0.0502669028938,
                0.0506859980524,
                0.0400423593819,
                0.0364207029343,
                0.0186292901635,
                0.013331817463,
                0.0242261178792,
                0.0173342023045,
                0.00691805267707,
                0.00987517088652,
                0.00730089703575,
                0.00542630907148,
                0.00765946740285,
                0.00483184074983,
                0.00552284438163,
                0.00771342683583,
                0.00593930436298,
                0.00261216657236,
                0.00143292977009,
                0.000327745074173
            ],
            "mean": [
                0.00352406175807,
                0.0203149802983,
                0.00431322352961,
                0.00119143363554,
                0.001465781359,
                0.00083070382243,
                0.000818267348222,
                0.000993238645606,
                0.000762337993365,
                0.000556572398636,
                0.000728676037397,
                0.000526071176864,
                0.000532095204107,
                0.000297103106277,
                0.000206634475035,
                0.000202149662073,
                0.000233681930695,
                0.000258760497672,
                0.000280713051325,
                0.00016874706489,
                0.000163257762324,
                0.00018494365213,
                0.000262059824308,
                0.000213490173337,
                0.000113110865641,
                4.92353283335e-05,
                1.01015184555e-05
            ],
            "median": [
                0.000523611961398,
                0.0069219795987,
                0.000697812647559,
                0.000203600589884,
                0.0004769001971,
                0.000150554493302,
                0.000194391424884,
                9.85661099548e-05,
                7.56204244681e-05,
                5.57834864594e-05,
                7.68294121372e-05,
                5.70928168599e-05,
                5.27300508111e-05,
                3.11670082738e-05,
                2.1330833988e-05,
                2.23772676691e-05,
                3.1967083487e-05,
                4.84171832795e-05,
                7.01582393958e-05,
                1.79947637662e-05,
                5.01761132909e-06,
                1.84523560165e-05,
                1.86421530088e-05,
                3.38489189744e-05,
                1.33828698381e-05,
                4.38463257524e-06,
                4.64480166329e-07
            ],
            "min": [
                3.77763402157e-12,
                4.15482616844e-13,
                6.60406093282e-15,
                9.98488155696e-16,
                5.12644261893e-14,
                2.87747595391e-14,
                1.99859931122e-14,
                2.86922957995e-14,
                7.18494342256e-14,
                3.13557570208e-14,
                8.31165309647e-14,
                3.06353792161e-14,
                1.01134310887e-13,
                4.68616471853e-14,
                9.56306905951e-14,
                1.54230076518e-13,
                1.8037288785e-13,
                1.84286505327e-13,
                2.63925708545e-13,
                4.23953298682e-13,
                4.48905669581e-13,
                5.63827467787e-13,
                6.66464225387e-13,
                1.02523317527e-12,
                1.98399153009e-12,
                2.52241435204e-12,
                2.90287488491e-10
            ],
            "var": [
                3.32324125338e-05,
                0.000743323354982,
                0.000190068574739,
                1.16955297926e-05,
                1.80146798812e-05,
                6.37743505649e-06,
                3.02291573462e-06,
                6.39100971966e-06,
                4.69729366159e-06,
                2.41946327151e-06,
                3.40974088431e-06,
                1.70680380052e-06,
                1.40968484175e-06,
                7.83379960012e-07,
                3.40938782983e-07,
                2.57259927139e-07,
                2.71820169928e-07,
                2.66558544126e-07,
                2.49098235372e-07,
                3.46738147528e-07,
                2.8359502835e-07,
                2.81223094589e-07,
                5.86645057865e-07,
                2.95047669852e-07,
                9.44004270309e-08,
                2.34165842272e-08,
                1.11792819446e-09
            ]
        },
        "barkbands_crest": {
            "dmean": 2.84085893631,
            "dmean2": 4.40726613998,
            "dvar": 8.36008167267,
            "dvar2": 18.8223819733,
            "max": 26.7929229736,
            "mean": 13.9115457535,
            "median": 14.0240163803,
            "min": 2.02370786667,
            "var": 31.4526233673
        },
        "barkbands_flatness_db": {
            "dmean": 0.0377575866878,
            "dmean2": 0.0516289845109,
            "dvar": 0.00168744206894,
            "dvar2": 0.00279583828524,
            "max": 0.593304693699,
            "mean": 0.214212611318,
            "median": 0.2011949718,
            "min": 0.015370064415,
            "var": 0.0102365706116
        },
        "barkbands_kurtosis": {
            "dmean": 17.6777267456,
            "dmean2": 27.2561244965,
            "dvar": 3191.97265625,
            "dvar2": 6944.16845703,
            "max": 2359.68579102,
            "mean": 26.3615951538,
            "median": 6.73534154892,
            "min": -1.94424772263,
            "var": 4680.74023438
        },
        "barkbands_skewness": {
            "dmean": 1.18030107021,
            "dmean2": 1.74741303921,
            "dvar": 2.79517912865,
            "dvar2": 5.59461784363,
            "max": 45.3364639282,
            "mean": 3.20283651352,
            "median": 2.45057678223,
            "min": -4.25233697891,
            "var": 9.03401374817
        },
        "barkbands_spread": {
            "dmean": 6.70883321762,
            "dmean2": 10.152838707,
            "dvar": 88.1343994141,
            "dvar2": 186.275253296,
            "max": 140.199768066,
            "mean": 16.4323921204,
            "median": 12.7349443436,
            "min": 0.0549812242389,
            "var": 221.979782104
        },
        "dissonance": {
            "dmean": 0.0271362382919,
            "dmean2": 0.0441477708519,
            "dvar": 0.000750727602281,
            "dvar2": 0.00187484396156,
            "max": 0.5,
            "mean": 0.446056753397,
            "median": 0.458171665668,
            "min": 0.207747966051,
            "var": 0.00195475900546
        },
        "dynamic_complexity": 5.35874843597,
        "erbbands": {
            "dmean": [
                0.263748854399,
                1.48085200787,
                4.56483030319,
                4.10562705994,
                3.55290341377,
                5.41204547882,
                3.91789841652,
                9.01439285278,
                8.43680763245,
                17.5081119537,
                14.7661180496,
                13.8968830109,
                13.6838960648,
                14.3301820755,
                19.0134277344,
                14.8843193054,
                17.4167346954,
                13.974770546,
                9.54675960541,
                8.13312911987,
                8.64082050323,
                9.94412899017,
                10.8214702606,
                10.0313978195,
                9.78264522552,
                8.10178756714,
                6.44089794159,
                5.65141105652,
                5.54574728012,
                6.67168426514,
                7.30610561371,
                5.50034666061,
                2.6330037117,
                1.31652128696,
                0.723013401031,
                0.297145098448,
                0.0926442593336,
                0.0155664784834,
                0.00180881109554,
                9.73393034656e-05
            ],
            "dmean2": [
                0.393837571144,
                2.04539227486,
                6.90525102615,
                6.41647338867,
                6.13864135742,
                9.66095066071,
                6.50534248352,
                15.6808767319,
                13.864566803,
                28.4952468872,
                23.9165668488,
                21.4013385773,
                20.1117210388,
                21.5024986267,
                27.9621810913,
                21.6525306702,
                26.4032001495,
                21.4032878876,
                14.5638656616,
                12.0725364685,
                12.9898176193,
                14.8427171707,
                15.8205604553,
                14.3149938583,
                14.6330070496,
                12.7016525269,
                9.81187438965,
                8.17330169678,
                8.03701496124,
                9.74948310852,
                11.1437044144,
                8.29686355591,
                3.90818142891,
                2.01870560646,
                1.09288132191,
                0.46111702919,
                0.143465474248,
                0.0237562544644,
                0.0027087489143,
                0.000142605611472
            ],
            "dvar": [
                0.326585173607,
                15.2508802414,
                229.998550415,
                175.971038818,
                173.279998779,
                392.495269775,
                100.060691833,
                1088.61181641,
                399.434051514,
                1765.97692871,
                2121.50292969,
                2102.28735352,
                1489.99621582,
                2150.77832031,
                2159.95458984,
                1071.13916016,
                1583.05383301,
                1298.57495117,
                852.960205078,
                465.661773682,
                452.132202148,
                593.635253906,
                563.05255127,
                483.072509766,
                611.088317871,
                741.866333008,
                392.787811279,
                270.78717041,
                242.166046143,
                376.60635376,
                415.91998291,
                233.068054199,
                36.2696342468,
                10.6948347092,
                3.48540019989,
                0.674198627472,
                0.0673393532634,
                0.00194995466154,
                2.97452024824e-05,
                7.71922401555e-08
            ],
            "dvar2": [
                0.95661598444,
                33.0737838745,
                514.581420898,
                419.77041626,
                470.149688721,
                1122.45996094,
                268.236785889,
                2989.87011719,
                1018.1539917,
                4447.36572266,
                5588.42675781,
                4921.32910156,
                3336.81030273,
                4959.37646484,
                4565.55615234,
                2142.49560547,
                3653.63037109,
                2933.15820313,
                1665.0480957,
                1070.34130859,
                989.060668945,
                1330.79040527,
                1135.87109375,
                930.382873535,
                1379.24768066,
                1841.86279297,
                803.749511719,
                499.737670898,
                453.984710693,
                787.400024414,
                838.926147461,
                479.953582764,
                67.0447921753,
                20.5270385742,
                6.65243196487,
                1.44124305248,
                0.139988169074,
                0.00364139140584,
                5.92254655203e-05,
                1.44755958331e-07
            ],
            "max": [
                7.21614313126,
                54.5277366638,
                152.164108276,
                215.724655151,
                193.06362915,
                214.288833618,
                171.640014648,
                325.266845703,
                323.733642578,
                609.334106445,
                1080.23327637,
                1303.97839355,
                1363.16540527,
                1135.29931641,
                962.45715332,
                469.715637207,
                636.965881348,
                840.069274902,
                1217.18164063,
                385.177215576,
                366.707885742,
                519.01574707,
                496.967254639,
                365.338928223,
                282.782592773,
                352.489837646,
                197.846786499,
                191.973220825,
                167.344482422,
                224.46697998,
                231.113693237,
                189.318740845,
                54.8059959412,
                35.1586151123,
                18.8472957611,
                7.71032810211,
                2.66701245308,
                0.434361070395,
                0.0646824166179,
                0.00295523204841
            ],
            "mean": [
                0.959665834904,
                3.02932953835,
                5.11049413681,
                5.00241518021,
                3.35792374611,
                5.38120365143,
                5.11736869812,
                8.23076629639,
                10.1177444458,
                20.74243927,
                16.2540168762,
                17.9708328247,
                20.7071418762,
                18.5114612579,
                30.5718364716,
                21.9224414825,
                23.8505783081,
                17.4107341766,
                12.533370018,
                10.4411792755,
                11.1558046341,
                12.8078365326,
                15.0674161911,
                14.2464780807,
                12.8919115067,
                7.64023065567,
                6.30871009827,
                6.04541158676,
                6.43387937546,
                7.12435102463,
                7.37406349182,
                5.82483816147,
                2.93400406837,
                1.37817800045,
                0.725324690342,
                0.270257055759,
                0.0845825597644,
                0.0156229650602,
                0.00173028826248,
                0.000127614519442
            ],
            "median": [
                0.276997834444,
                0.893935441971,
                0.93246203661,
                1.09745442867,
                0.748904407024,
                1.61781847477,
                1.39394438267,
                1.45559835434,
                2.52186059952,
                3.73263216019,
                2.31843042374,
                2.14455938339,
                2.17579245567,
                2.51003336906,
                3.60805463791,
                2.75337409973,
                2.68668317795,
                2.04836583138,
                1.6190508604,
                1.15941107273,
                1.40170574188,
                2.21395945549,
                2.88905072212,
                3.40781474113,
                2.8716146946,
                0.970818161964,
                0.292456775904,
                0.205582916737,
                0.583031952381,
                0.694491446018,
                0.533192455769,
                0.714759528637,
                0.455662161112,
                0.179488778114,
                0.0821664109826,
                0.0241071097553,
                0.0070441593416,
                0.00102952984162,
                0.000107056410343,
                3.95186216338e-05
            ],
            "min": [
                4.25889490341e-10,
                4.19018396369e-11,
                1.25761866199e-11,
                1.22788853738e-11,
                5.52726926728e-11,
                1.6674664427e-10,
                2.22898408064e-10,
                2.57707050144e-10,
                2.65921645815e-10,
                6.48861298025e-10,
                7.80068121209e-10,
                1.37643130227e-09,
                1.58555635288e-09,
                2.27372853878e-09,
                3.25525251199e-09,
                2.60788346473e-09,
                5.40695221929e-09,
                3.73944875065e-09,
                3.43907569089e-09,
                7.69107710852e-09,
                1.1032272873e-08,
                1.10949249787e-08,
                9.33729360497e-09,
                1.45614631464e-08,
                1.42177194462e-08,
                1.99307450544e-08,
                1.94887608274e-08,
                1.69253357996e-08,
                1.9725549194e-08,
                1.53755586041e-08,
                2.21083951146e-08,
                2.02287111506e-08,
                1.80649006865e-08,
                1.98081302472e-08,
                1.32198403335e-08,
                8.1785733741e-09,
                4.92839502542e-09,
                2.7534343694e-09,
                8.13996425819e-09,
                9.26525611789e-09
            ],
            "var": [
                1.61279416084,
                28.6483898163,
                246.259002686,
                175.29486084,
                120.818328857,
                243.320465088,
                98.6740341187,
                767.655700684,
                427.219360352,
                1999.00061035,
                1875.20947266,
                2841.06665039,
                2455.05615234,
                2970.22436523,
                5067.06396484,
                2071.8894043,
                2667.29711914,
                1906.88842773,
                1419.36425781,
                677.514831543,
                652.986328125,
                787.879333496,
                878.710510254,
                753.424438477,
                719.504882813,
                623.522033691,
                427.392669678,
                356.727050781,
                319.547119141,
                436.243011475,
                485.313049316,
                272.342529297,
                49.198600769,
                12.8232707977,
                4.14986467361,
                0.688738942146,
                0.0708715394139,
                0.00235569826327,
                3.38907193509e-05,
                9.79502345899e-08
            ]
        },
        "erbbands_crest": {
            "dmean": 2.97828960419,
            "dmean2": 4.78444623947,
            "dvar": 7.60136842728,
            "dvar2": 18.4467563629,
            "max": 28.017414093,
            "mean": 9.44830226898,
            "median": 8.63966178894,
            "min": 2.34689068794,
            "var": 17.8011188507
        },
        "erbbands_flatness_db": {
            "dmean": 0.0226505659521,
            "dmean2": 0.0335680991411,
            "dvar": 0.000560253451113,
            "dvar2": 0.00106371473521,
            "max": 0.502516031265,
            "mean": 0.169311568141,
            "median": 0.155116006732,
            "min": 0.0265291444957,
            "var": 0.00503855571151
        },
        "erbbands_kurtosis": {
            "dmean": 1.30698978901,
            "dmean2": 2.07243108749,
            "dvar": 6.26250982285,
            "dvar2": 15.7824039459,
            "max": 128.851852417,
            "mean": 0.820137500763,
            "median": 0.0879497081041,
            "min": -1.89732801914,
            "var": 7.97080802917
        },
        "erbbands_skewness": {
            "dmean": 0.492310166359,
            "dmean2": 0.757101237774,
            "dvar": 0.273641735315,
            "dvar2": 0.609696924686,
            "max": 9.8825302124,
            "mean": 0.406955987215,
            "median": 0.35232296586,
            "min": -3.70558238029,
            "var": 0.799979031086
        },
        "erbbands_spread": {
            "dmean": 13.0372419357,
            "dmean2": 19.6081428528,
            "dvar": 263.666870117,
            "dvar2": 588.548522949,
            "max": 217.478820801,
            "mean": 43.2972106934,
            "median": 37.1472625732,
            "min": 2.10763144493,
            "var": 688.625305176
        },
        "gfcc": {
            "cov": [
                [
                    22868.1464844,
                    -4231.72460938,
                    370.650299072,
                    1573.34020996,
                    -1207.59094238,
                    1787.83215332,
                    -524.64440918,
                    1197.59484863,
                    -315.105621338,
                    437.020446777,
                    -188.772857666,
                    521.509094238,
                    -697.096679688
                ],
                [
                    -4231.72460938,
                    3664.88452148,
                    211.191879272,
                    -133.161499023,
                    897.660461426,
                    -360.429748535,
                    661.936950684,
                    -192.484298706,
                    398.926849365,
                    -117.041816711,
                    302.518310547,
                    -173.674560547,
                    436.339996338
                ],
                [
                    370.650299072,
                    211.191879272,
                    2657.66259766,
                    1111.06616211,
                    534.825622559,
                    1032.11047363,
                    216.129074097,
                    435.489959717,
                    247.417877197,
                    206.309265137,
                    200.583526611,
                    108.681892395,
                    18.8206882477
                ],
                [
                    1573.34020996,
                    -133.161499023,
                    1111.06616211,
                    1178.36572266,
                    401.924682617,
                    607.933166504,
                    147.45690918,
                    166.337493896,
                    249.902755737,
                    217.087936401,
                    64.9409484863,
                    89.0195922852,
                    80.4008407593
                ],
                [
                    -1207.59094238,
                    897.660461426,
                    534.825622559,
                    401.924682617,
                    724.980773926,
                    179.890106201,
                    260.015686035,
                    18.3934135437,
                    255.319503784,
                    117.648262024,
                    113.916481018,
                    -4.91376876831,
                    184.815078735
                ],
                [
                    1787.83215332,
                    -360.429748535,
                    1032.11047363,
                    607.933166504,
                    179.890106201,
                    974.727050781,
                    276.902648926,
                    360.17388916,
                    135.53616333,
                    146.172485352,
                    140.192077637,
                    102.114997864,
                    -55.7991447449
                ],
                [
                    -524.64440918,
                    661.936950684,
                    216.129074097,
                    147.45690918,
                    260.015686035,
                    276.902648926,
                    630.376342773,
                    107.065849304,
                    150.337219238,
                    41.8699531555,
                    152.943191528,
                    14.9627046585,
                    136.231216431
                ],
                [
                    1197.59484863,
                    -192.484298706,
                    435.489959717,
                    166.337493896,
                    18.3934135437,
                    360.17388916,
                    107.065849304,
                    361.496276855,
                    33.9044036865,
                    41.303691864,
                    96.6917724609,
                    72.4404678345,
                    -63.4636116028
                ],
                [
                    -315.105621338,
                    398.926849365,
                    247.417877197,
                    249.902755737,
                    255.319503784,
                    135.53616333,
                    150.337219238,
                    33.9044036865,
                    302.277404785,
                    124.689285278,
                    72.5114135742,
                    6.26907205582,
                    107.635887146
                ],
                [
                    437.020446777,
                    -117.041816711,
                    206.309265137,
                    217.087936401,
                    117.648262024,
                    146.172485352,
                    41.8699531555,
                    41.303691864,
                    124.689285278,
                    181.90411377,
                    39.4043502808,
                    33.7570381165,
                    30.9663944244
                ],
                [
                    -188.772857666,
                    302.518310547,
                    200.583526611,
                    64.9409484863,
                    113.916481018,
                    140.192077637,
                    152.943191528,
                    96.6917724609,
                    72.5114135742,
                    39.4043502808,
                    176.148483276,
                    37.2281913757,
                    43.2601280212
                ],
                [
                    521.509094238,
                    -173.674560547,
                    108.681892395,
                    89.0195922852,
                    -4.91376876831,
                    102.114997864,
                    14.9627046585,
                    72.4404678345,
                    6.26907205582,
                    33.7570381165,
                    37.2281913757,
                    126.568107605,
                    11.1037559509
                ],
                [
                    -697.096679688,
                    436.339996338,
                    18.8206882477,
                    80.4008407593,
                    184.815078735,
                    -55.7991447449,
                    136.231216431,
                    -63.4636116028,
                    107.635887146,
                    30.9663944244,
                    43.2601280212,
                    11.1037559509,
                    207.387359619
                ]
            ],
            "icov": [
                [
                    0.000107378778921,
                    -7.49936662032e-05,
                    0.000157548565767,
                    -0.000234741979511,
                    0.000220811300096,
                    -0.000189406244317,
                    0.000121031422168,
                    -0.000338117533829,
                    0.000204966985621,
                    -0.000318435835652,
                    0.000248492986429,
                    -0.000178826929186,
                    6.362413842e-05
                ],
                [
                    -7.49936662032e-05,
                    0.00105485110544,
                    -0.000362203631084,
                    0.000441875949036,
                    -0.000950729998294,
                    0.000764450815041,
                    -0.000628902285825,
                    0.000537099898793,
                    -0.00104578386527,
                    0.00169370078947,
                    -0.00142019987106,
                    0.000926622247789,
                    -0.000442984281108
                ],
                [
                    0.000157548565767,
                    -0.000362203631084,
                    0.00118268909864,
                    -0.000884835026227,
                    0.000166247365996,
                    -0.000997519236989,
                    0.000634378113318,
                    -0.000945079489611,
                    0.000651482318062,
                    -0.000625200453214,
                    0.000319181155646,
                    -0.000230917852605,
                    0.000105891362182
                ],
                [
                    -0.000234741979511,
                    0.000441875949036,
                    -0.000884835026227,
                    0.002625240013,
                    -0.00112214905676,
                    -0.000170798593899,
                    -0.000237047439441,
                    0.00111268192995,
                    -0.00114568334538,
                    0.000269366340945,
                    6.09312301094e-05,
                    -2.39818609771e-06,
                    -0.000664122053422
                ],
                [
                    0.000220811300096,
                    -0.000950729998294,
                    0.000166247365996,
                    -0.00112214905676,
                    0.00382388336584,
                    -0.000629053276498,
                    0.000244336668402,
                    -0.000669732748065,
                    0.000161245785421,
                    -0.00199800217524,
                    0.000887213740498,
                    -0.000228813951253,
                    -0.000738067668863
                ],
                [
                    -0.000189406244317,
                    0.000764450815041,
                    -0.000997519236989,
                    -0.000170798593899,
                    -0.000629053276498,
                    0.00381557131186,
                    -0.00164776470046,
                    -0.000475282198749,
                    -0.000954864779487,
                    0.000821774709038,
                    -0.00137629767414,
                    0.000308325601509,
                    0.00107930868398
                ],
                [
                    0.000121031422168,
                    -0.000628902285825,
                    0.000634378113318,
                    -0.000237047439441,
                    0.000244336668402,
                    -0.00164776470046,
                    0.00327690551057,
                    -0.000868048227858,
                    0.000423118472099,
                    -0.000506795651745,
                    -0.000372842565412,
                    5.39530337846e-05,
                    -0.0013839850435
                ],
                [
                    -0.000338117533829,
                    0.000537099898793,
                    -0.000945079489611,
                    0.00111268192995,
                    -0.000669732748065,
                    -0.000475282198749,
                    -0.000868048227858,
                    0.00667362241074,
                    -0.00138024927583,
                    0.00185761530884,
                    -0.00273815728724,
                    -0.000956388597842,
                    0.00153058883734
                ],
                [
                    0.000204966985621,
                    -0.00104578386527,
                    0.000651482318062,
                    -0.00114568334538,
                    0.000161245785421,
                    -0.000954864779487,
                    0.000423118472099,
                    -0.00138024927583,
                    0.00793252605945,
                    -0.00511143775657,
                    0.000893988006283,
                    0.000312230811687,
                    -0.00138364185113
                ],
                [
                    -0.000318435835652,
                    0.00169370078947,
                    -0.000625200453214,
                    0.000269366340945,
                    -0.00199800217524,
                    0.000821774709038,
                    -0.000506795651745,
                    0.00185761530884,
                    -0.00511143775657,
                    0.0122783491388,
                    -0.0031851567328,
                    0.000181663272087,
                    -0.000304367102217
                ],
                [
                    0.000248492986429,
                    -0.00142019987106,
                    0.000319181155646,
                    6.09312301094e-05,
                    0.000887213740498,
                    -0.00137629767414,
                    -0.000372842565412,
                    -0.00273815728724,
                    0.000893988006283,
                    -0.0031851567328,
                    0.01138062682,
                    -0.00305977882817,
                    -0.000181710376637
                ],
                [
                    -0.000178826929186,
                    0.000926622247789,
                    -0.000230917852605,
                    -2.39818609771e-06,
                    -0.000228813951253,
                    0.000308325601509,
                    5.39530337846e-05,
                    -0.000956388597842,
                    0.000312230811687,
                    0.000181663272087,
                    -0.00305977882817,
                    0.0114685660228,
                    -0.00273501221091
                ],
                [
                    6.362413842e-05,
                    -0.000442984281108,
                    0.000105891362182,
                    -0.000664122053422,
                    -0.000738067668863,
                    0.00107930868398,
                    -0.0013839850435,
                    0.00153058883734,
                    -0.00138364185113,
                    -0.000304367102217,
                    -0.000181710376637,
                    -0.00273501221091,
                    0.0094892019406
                ]
            ],
            "mean": [
                -77.8831710815,
                91.3455505371,
                -102.460830688,
                25.1143894196,
                -50.0315628052,
                13.7213716507,
                -30.4214248657,
                11.8538341522,
                -17.4901542664,
                -4.06940031052,
                -1.74428629875,
                0.346101462841,
                -14.0240392685
            ]
        },
        "hfc": {
            "dmean": 11.7244243622,
            "dmean2": 16.7471294403,
            "dvar": 739.730651855,
            "dvar2": 1319.97473145,
            "max": 270.785552979,
            "mean": 18.3281745911,
            "median": 7.72226190567,
            "min": 8.45688555273e-06,
            "var": 1089.06176758
        },
        "melbands": {
            "dmean": [
                0.00195579277351,
                0.00211081211455,
                0.000643000937998,
                0.00033737209742,
                0.000158261071192,
                0.000191202212591,
                0.000135162670631,
                0.000203062896617,
                0.000110568274977,
                9.08731090021e-05,
                6.84434489813e-05,
                5.55865044589e-05,
                6.54493560432e-05,
                4.60289047624e-05,
                4.37927628809e-05,
                3.5904282413e-05,
                2.66867045866e-05,
                1.68287406268e-05,
                1.24528505694e-05,
                1.17529025374e-05,
                1.0024529729e-05,
                1.04477176137e-05,
                1.04320133687e-05,
                9.42158567341e-06,
                8.41952623887e-06,
                7.16892100172e-06,
