{
    "lowlevel": {
        "average_loudness": 0.84244954586,
        "barkbands": {
            "dmean": [
                0.000160714640515,
                0.00530910072848,
                0.00142003013752,
                0.000985465827398,
                0.00150937493891,
                0.00148274970707,
                0.000786925840657,
                0.00063807918923,
                0.00105272163637,
                0.000478941074107,
                0.000218212036998,
                0.00025811814703,
                0.000338818790624,
                0.00036993494723,
                0.000619629397988,
                0.000359243742423,
                0.000245001516305,
                0.000118161755381,
                6.63258397253e-05,
                0.000161338437465,
                0.000137624345371,
                0.000148027495015,
                7.79109977884e-05,
                0.000129927080707,
                0.000136933536851,
                5.14834973728e-05,
                3.2486175769e-05
            ],
            "dmean2": [
                0.000276472506812,
                0.00897672213614,
                0.00238982611336,
                0.00166125583928,
                0.00243854010478,
                0.00228673731908,
                0.00121710193343,
                0.00088406476425,
                0.00156430783682,
                0.000727065780666,
                0.000296796235489,
                0.000395036535338,
                0.000526013143826,
                0.000564307556488,
                0.000952264177613,
                0.000548942363821,
                0.000379033153877,
                0.000185768541996,
                0.000106818944914,
                0.000247340620263,
                0.000203829928068,
                0.000217206019443,
                0.000117001407489,
                0.000190564242075,
                0.000203885370865,
                7.99838235253e-05,
                5.35932194907e-05
            ],
            "dvar": [
                1.8852566086e-07,
                7.30130050215e-05,
                5.49851802134e-06,
                3.54378903467e-06,
                7.13390227247e-06,
                9.57862448558e-06,
                5.08933999299e-06,
                4.500243449e-06,
                8.85661484062e-06,
                3.44814952769e-06,
                6.91964430644e-07,
                8.57130658005e-07,
                7.80546031365e-07,
                1.10628764105e-06,
                1.94619133254e-06,
                1.01186481061e-06,
                2.75936088201e-07,
                7.08653402626e-08,
                2.06401384872e-08,
                1.55318176098e-07,
                7.1948441871e-08,
                1.13095325105e-07,
                3.24899289694e-08,
                1.42510316437e-07,
                2.14030521306e-07,
                2.09460928602e-08,
                1.03477058033e-08
            ],
            "dvar2": [
                5.4957553175e-07,
                0.000224834875553,
                1.5350195099e-05,
                9.59091994446e-06,
                1.53402961587e-05,
                2.21810951189e-05,
                1.15162793008e-05,
                7.58697933634e-06,
                2.01606071641e-05,
                8.28261454444e-06,
                1.15032571557e-06,
                2.13471162169e-06,
                1.81656650966e-06,
                2.42116652771e-06,
                4.44897159468e-06,
                2.28005842473e-06,
                6.25105485597e-07,
                1.71610835764e-07,
                4.94104490656e-08,
                3.82182548719e-07,
                1.5955045285e-07,
                2.52602404771e-07,
                7.18488237794e-08,
                2.58484789128e-07,
                4.06584291568e-07,
                4.98604357801e-08,
                2.70363127441e-08
            ],
            "max": [
                0.011613721028,
                0.112252682447,
                0.0417094528675,
                0.0571738034487,
                0.0716852322221,
                0.047424800694,
                0.0476830042899,
                0.0683893486857,
                0.0654627755284,
                0.0483714789152,
                0.0256041511893,
                0.0239552780986,
                0.0230445638299,
                0.0231710392982,
                0.021017530933,
                0.0175658036023,
                0.0119828460738,
                0.00580419786274,
                0.00402731634676,
                0.00782078225166,
                0.00461038900539,
                0.00906623713672,
                0.00406265212223,
                0.0110386256129,
                0.0126793943346,
                0.00342426495627,
                0.00173323194031
            ],
            "mean": [
                0.000488204270368,
                0.0204675737768,
                0.0039612618275,
                0.00201286608353,
                0.00317148049362,
                0.00297874142416,
                0.00128132523969,
                0.00147621438373,
                0.00189876672812,
                0.00079727784032,
                0.000366771622794,
                0.000458001712104,
                0.000537447922397,
                0.000545738497749,
                0.0010060344357,
                0.000611173978541,
                0.000464765675133,
                0.000205976029974,
                0.000126899671159,
                0.000304602901451,
                0.000298515544273,
                0.000289994524792,
                0.000138801755384,
                0.000210749916732,
                0.000204801035579,
                5.95349301875e-05,
                2.82498367596e-05
            ],
            "median": [
                2.19582852878e-05,
                0.0201364122331,
                0.00160849629901,
                0.000951715861447,
                0.0018264570972,
                0.00106023030821,
                0.000409805652453,
                0.000206189914024,
                0.000331080984324,
                0.000181793351658,
                4.97624387208e-05,
                0.000158460214152,
                0.000157671631314,
                0.000121695935377,
                0.000358308869181,
                0.000130975226057,
                0.000148279606947,
                0.000102405829239,
                7.27678780095e-05,
                8.74954203027e-05,
                9.94453366729e-05,
                0.000106760642666,
                5.59699692531e-05,
                6.0693724663e-05,
                4.15977992816e-05,
                1.05027065729e-05,
                2.63352330876e-06
            ],
            "min": [
                9.12594621729e-23,
                7.4599120596e-24,
                7.46048240603e-24,
                1.0165991321e-23,
                3.12573890573e-23,
                5.59729123997e-23,
                2.30305006717e-23,
                8.5718597838e-23,
                4.98971214849e-23,
                1.8365552776e-23,
                8.9448938043e-23,
                6.09290919644e-23,
                8.95631019932e-23,
                6.68324157972e-23,
                1.95078852134e-22,
                1.50809076228e-22,
                2.92086794211e-22,
                2.50131788636e-22,
                2.36144514858e-22,
                4.01619310485e-22,
                6.52070556233e-22,
                4.16710888556e-22,
                4.60102403529e-22,
                7.58629735849e-22,
                1.27928591026e-21,
                1.89346085078e-21,
                2.69419813897e-21
            ],
            "var": [
                1.14573595056e-06,
                0.000459717644844,
                3.04333116219e-05,
                1.00020497484e-05,
                2.30114728765e-05,
                2.15499476326e-05,
                1.00929128166e-05,
                2.6330617402e-05,
                1.95763277588e-05,
                5.6945959841e-06,
                2.22028188546e-06,
                1.29451188968e-06,
                1.64208370279e-06,
                2.03206195692e-06,
                3.79402217732e-06,
                2.38657162299e-06,
                7.22084735116e-07,
                1.21460558944e-07,
                4.15243874841e-08,
                3.08292896989e-07,
                2.56279122368e-07,
                2.2438501901e-07,
                5.99917058253e-08,
                3.38613148188e-07,
                4.61026132825e-07,
                2.49698732802e-08,
                8.01183652754e-09
            ]
        },
        "barkbands_crest": {
            "dmean": 2.33733034134,
            "dmean2": 3.72715497017,
            "dvar": 5.04322576523,
            "dvar2": 12.241812706,
            "max": 26.5116462708,
            "mean": 13.5456066132,
            "median": 13.345580101,
            "min": 3.13448619843,
            "var": 18.6966133118
        },
        "barkbands_flatness_db": {
            "dmean": 0.0200448874384,
            "dmean2": 0.0294746980071,
            "dvar": 0.00038607721217,
            "dvar2": 0.000767538615037,
            "max": 0.383184015751,
            "mean": 0.155337035656,
            "median": 0.149094536901,
            "min": 0.0288383699954,
            "var": 0.00223346985877
        },
        "barkbands_kurtosis": {
            "dmean": 4.58247756958,
            "dmean2": 6.95001602173,
            "dvar": 56.3969650269,
            "dvar2": 112.282142639,
            "max": 258.103851318,
            "mean": 9.94866085052,
            "median": 4.5154004097,
            "min": -1.93210411072,
            "var": 224.194259644
        },
        "barkbands_skewness": {
            "dmean": 0.618061423302,
            "dmean2": 0.905276656151,
            "dvar": 0.487279444933,
            "dvar2": 0.905246436596,
            "max": 14.2558860779,
            "mean": 2.3716199398,
            "median": 2.04232239723,
            "min": -8.51404094696,
            "var": 2.83967018127
        },
        "barkbands_spread": {
            "dmean": 6.09291505814,
            "dmean2": 9.17848396301,
            "dvar": 87.1969604492,
            "dvar2": 180.249755859,
            "max": 105.108566284,
            "mean": 20.8011188507,
            "median": 16.698474884,
            "min": 0.472482949495,
            "var": 261.537200928
        },
        "dissonance": {
            "dmean": 0.0199849270284,
            "dmean2": 0.0332677438855,
            "dvar": 0.000442490185378,
            "dvar2": 0.00117972795852,
            "max": 0.499870806932,
            "mean": 0.450419068336,
            "median": 0.462572664022,
            "min": 0.177861407399,
            "var": 0.00156856852118
        },
        "dynamic_complexity": 3.84852695465,
        "erbbands": {
            "dmean": [
                0.115481704473,
                1.33610093594,
                1.94661641121,
                2.37762260437,
                4.608335495,
                5.24656867981,
                6.46542406082,
                13.9263839722,
                14.0536060333,
                6.49173736572,
                18.3616085052,
                22.1345844269,
                19.5615177155,
                14.0802211761,
                9.47023487091,
                9.44093322754,
                14.7138795853,
                17.933259964,
                24.4036006927,
                24.6876430511,
                19.2511940002,
                10.8323774338,
                7.68051052094,
                3.3436422348,
                4.29537773132,
                8.24287319183,
                5.88346719742,
                5.26359367371,
                6.03049850464,
                2.96632003784,
                2.22275805473,
                2.28565812111,
                2.52197122574,
                1.87873196602,
                0.782997608185,
                0.238354459405,
                0.0937935635448,
                0.0296895746142,
                0.00566288968548,
                0.000337247562129
            ],
            "dmean2": [
                0.185868218541,
                2.27773857117,
                3.36419773102,
                3.99484610558,
                7.59473562241,
                8.52142429352,
                9.61465835571,
                21.9511890411,
                21.9510746002,
                10.1420326233,
                25.5293712616,
                32.729133606,
                29.4561691284,
                20.7715377808,
                13.3339681625,
                14.3752183914,
                22.5677032471,
                27.2527732849,
                38.1443099976,
                37.3074569702,
                28.7554588318,
                16.4572982788,
                12.109796524,
                5.21108436584,
                6.82456016541,
                12.6310453415,
                8.81960964203,
                7.9173541069,
                8.89070510864,
                4.35953092575,
                3.34476447105,
                3.34562730789,
                3.70195770264,
                2.81177997589,
                1.16659080982,
                0.36326572299,
                0.14717926085,
                0.0471546687186,
                0.00949538033456,
                0.000559787324164
            ],
            "dvar": [
                0.0466936230659,
                4.62892818451,
                8.87803459167,
                18.5970077515,
                62.4349594116,
                131.774536133,
                213.217941284,
                987.455322266,
                1206.15466309,
                435.964599609,
                3492.40771484,
                4276.05810547,
                4674.58789063,
                2667.19067383,
                1111.65563965,
                937.460144043,
                1516.37182617,
                2939.48657227,
                2831.5390625,
                3719.37426758,
                3301.33959961,
                510.856781006,
                252.728942871,
                30.3902378082,
                136.21963501,
                422.672393799,
                137.467803955,
                124.244232178,
                191.761825562,
                40.1185760498,
                27.4541549683,
                38.6007804871,
                60.4617729187,
                39.3125610352,
                7.45367002487,
                0.46705532074,
                0.0738186463714,
                0.0073867533356,
                0.000362259015674,
                1.06805248379e-06
            ],
            "dvar2": [
                0.119353942573,
                14.8359336853,
                26.7114658356,
                51.9575958252,
                143.65296936,
                287.743225098,
                425.09274292,
                2362.76879883,
                2736.90136719,
                1028.30004883,
                5935.44628906,
                9899.05761719,
                10964.5673828,
                6092.57666016,
                2382.26098633,
                2385.94238281,
                3499.21582031,
                6417.94824219,
                6808.93017578,
                8436.07910156,
                7136.61035156,
                1107.45361328,
                620.703125,
                70.6990890503,
                331.702453613,
                1029.64770508,
                314.112365723,
                287.321929932,
                428.919250488,
                89.2510452271,
                60.653553009,
                76.0860671997,
                112.228713989,
                74.7002487183,
                15.2711267471,
                0.999753475189,
                0.181708082557,
                0.0190090779215,
                0.000963473052252,
                2.79969003714e-06
            ],
            "max": [
                3.85403776169,
                28.4912395477,
                47.4962463379,
                90.8874206543,
                210.908950806,
                361.234680176,
                408.791687012,
                603.460632324,
                792.623779297,
                688.849121094,
                1867.04345703,
                1380.67297363,
                1575.9017334,
                1834.15771484,
                825.698852539,
                868.740600586,
                885.294128418,
                1283.16674805,
                1218.0871582,
                1336.26794434,
                1052.12329102,
                381.637908936,
                368.966064453,
                122.825668335,
                278.311828613,
                429.025146484,
                232.243011475,
                262.979949951,
                314.812347412,
                150.051742554,
                122.71774292,
                183.734115601,
                224.213882446,
                160.873931885,
                93.4119110107,
                14.8782863617,
                6.30179309845,
                1.27877116203,
                0.386357277632,
                0.0142963994294
            ],
            "mean": [
                0.5812073946,
                4.54011297226,
                5.5865445137,
                6.36563301086,
                8.95065116882,
                10.0333747864,
                14.571975708,
                26.0420093536,
                24.4050483704,
                11.8606481552,
                42.7881164551,
                39.5378723145,
                35.7274169922,
                25.499124527,
                18.0663757324,
                18.1395149231,
                24.7070922852,
                29.7264194489,
                40.1990623474,
                42.4459686279,
                36.5865287781,
                22.8977165222,
                15.1282606125,
                7.64816188812,
                8.36080932617,
                15.7732019424,
                12.9033708572,
                10.9120349884,
                11.3767127991,
                5.84156847,
                3.94527578354,
                3.72211766243,
                3.96638512611,
                2.86343884468,
                1.0865572691,
                0.298427760601,
                0.104579091072,
                0.0290579535067,
                0.00485240155831,
                0.000328028632794
            ],
            "median": [
                0.442533761263,
                3.56878519058,
                3.51298856735,
                3.4501786232,
                5.22181177139,
                4.85696601868,
                5.8889799118,
                8.16841220856,
                8.66973018646,
                4.77447748184,
                7.35352897644,
                8.23628425598,
                6.77582931519,
                6.33727693558,
                4.82025146484,
                7.84537696838,
                8.65139865875,
                7.72252321243,
                15.9706134796,
                14.06387043,
                7.95606088638,
                7.58840942383,
                7.21809434891,
                5.27154874802,
                4.18861484528,
                4.52399015427,
                4.07150506973,
                3.94211339951,
                3.80601787567,
                2.38941049576,
                1.55604636669,
                1.18209648132,
                1.01545703411,
                0.599589526653,
                0.206586360931,
                0.0570555590093,
                0.0177040118724,
                0.00372017733753,
                0.000493363535497,
                9.41155376495e-05
            ],
            "min": [
                5.63246686328e-22,
                1.2417606679e-21,
                5.10753857162e-21,
                3.3999701653e-20,
                4.52426080607e-20,
                1.26722131139e-19,
                1.96141402891e-19,
                6.29864535644e-19,
                4.19029975232e-19,
                4.6459540022e-19,
                2.36463950361e-18,
                1.25657740976e-18,
                3.17423658279e-19,
                1.958794503e-18,
                3.21950502409e-18,
                2.59538381023e-18,
                3.53314854452e-18,
                3.89303208157e-18,
                9.54024871739e-18,
                7.68442434538e-18,
                1.10223694323e-17,
                1.60027155398e-17,
                1.28277266879e-17,
                1.38280634997e-17,
                9.87096710682e-18,
                2.12024969474e-17,
                2.67292645055e-17,
                1.94779841889e-17,
                1.51035669052e-17,
                1.64560766899e-17,
                1.24724195276e-17,
                1.62399592113e-17,
                1.25496178126e-17,
                1.34692606741e-17,
                9.31579243099e-18,
                8.11398999082e-18,
                3.23922252835e-18,
                1.18523091058e-18,
                3.61254692318e-19,
                4.03280340046e-20
            ],
            "var": [
                0.463914811611,
                24.2089614868,
                52.3457984924,
                69.0591506958,
                163.439025879,
                380.410583496,
                753.536010742,
                1970.4987793,
                2522.03271484,
                955.233398438,
                19730.0351563,
                7671.79345703,
                9192.84863281,
                5581.12890625,
                2754.04394531,
                1552.24743652,
                3135.91772461,
                6035.62402344,
                4973.76269531,
                7252.46337891,
                9330.8359375,
                1613.26721191,
                510.482635498,
                77.7740325928,
                247.692184448,
                849.320861816,
                520.646240234,
                310.529205322,
                374.414459229,
                82.1846008301,
                50.8873443604,
                82.0771026611,
                138.530578613,
                87.6882247925,
                13.8547153473,
                0.725480020046,
                0.0801424011588,
                0.00644255848601,
                0.000265691196546,
                8.2882957031e-07
            ]
        },
        "erbbands_crest": {
            "dmean": 2.72250270844,
            "dmean2": 4.2851433754,
            "dvar": 7.51897144318,
            "dvar2": 17.2109794617,
            "max": 30.3590221405,
            "mean": 10.1196432114,
            "median": 8.89248752594,
            "min": 2.12880373001,
            "var": 26.2617683411
        },
        "erbbands_flatness_db": {
            "dmean": 0.0175061896443,
            "dmean2": 0.0247553158551,
            "dvar": 0.000314883713145,
            "dvar2": 0.000575975107495,
            "max": 0.330630809069,
            "mean": 0.142514660954,
            "median": 0.135333359241,
            "min": 0.0194320604205,
            "var": 0.00267753261141
        },
        "erbbands_kurtosis": {
            "dmean": 1.0781236887,
            "dmean2": 1.66020286083,
            "dvar": 4.09852838516,
            "dvar2": 9.19765663147,
            "max": 58.6964263916,
            "mean": 0.906910538673,
            "median": -0.133789673448,
            "min": -1.84560835361,
            "var": 11.8196983337
        },
        "erbbands_skewness": {
            "dmean": 0.375298529863,
            "dmean2": 0.553044915199,
            "dvar": 0.18954820931,
            "dvar2": 0.362221330404,
            "max": 6.02378988266,
            "mean": 0.413449883461,
            "median": 0.279263138771,
            "min": -5.76221418381,
            "var": 1.04798221588
        },
        "erbbands_spread": {
            "dmean": 9.71946811676,
            "dmean2": 14.6823215485,
            "dvar": 139.428909302,
            "dvar2": 307.3331604,
            "max": 171.155822754,
            "mean": 45.7018127441,
            "median": 42.9388389587,
            "min": 2.37851428986,
            "var": 499.695709229
        },
        "gfcc": {
            "cov": [
                [
                    10400.2148438,
                    -766.576538086,
                    15.3852119446,
                    597.774108887,
                    738.026672363,
                    1072.05871582,
                    626.195129395,
                    452.506011963,
                    462.208465576,
                    609.348327637,
                    -23.3109912872,
                    228.717071533,
                    289.138214111
                ],
                [
                    -766.576538086,
                    1206.60498047,
                    -260.612884521,
                    -61.9441795349,
                    161.063415527,
                    -164.303878784,
                    127.577003479,
                    -53.7076072693,
                    37.0412826538,
                    -68.2235717773,
                    49.3732757568,
                    -40.374294281,
                    -25.1249046326
                ],
                [
                    15.3852119446,
                    -260.612884521,
                    809.501403809,
                    185.202270508,
                    253.773544312,
                    120.392074585,
                    -7.11328125,
                    77.6114120483,
                    21.520357132,
                    54.5852050781,
                    34.1793556213,
                    53.8249969482,
                    -34.0804252625
                ],
                [
                    597.774108887,
                    -61.9441795349,
                    185.202270508,
                    477.083709717,
                    211.931854248,
                    53.3835144043,
                    11.2338447571,
                    57.0131034851,
                    123.652030945,
                    51.707485199,
                    -14.0873184204,
                    54.3307876587,
                    86.0597305298
                ],
                [
                    738.026672363,
                    161.063415527,
                    253.773544312,
                    211.931854248,
                    608.456481934,
                    202.848052979,
                    230.069580078,
                    114.55115509,
                    132.226394653,
                    131.536422729,
                    32.2721366882,
                    69.9961700439,
                    62.4994468689
                ],
                [
                    1072.05871582,
                    -164.303878784,
                    120.392074585,
                    53.3835144043,
                    202.848052979,
                    391.08972168,
                    218.108779907,
                    86.7615127563,
                    49.5342979431,
                    128.598220825,
                    23.5188503265,
                    19.6045207977,
                    37.8317680359
                ],
                [
                    626.195129395,
                    127.577003479,
                    -7.11328125,
                    11.2338447571,
                    230.069580078,
                    218.108779907,
                    391.8565979,
                    71.001121521,
                    46.5225944519,
                    112.510887146,
                    19.6083068848,
                    10.4875450134,
                    20.7177047729
                ],
                [
                    452.506011963,
                    -53.7076072693,
                    77.6114120483,
                    57.0131034851,
                    114.55115509,
                    86.7615127563,
                    71.001121521,
                    163.269714355,
                    61.2794494629,
                    39.8578720093,
                    3.24521303177,
                    4.21715402603,
                    17.1697540283
                ],
                [
                    462.208465576,
                    37.0412826538,
                    21.520357132,
                    123.652030945,
                    132.226394653,
                    49.5342979431,
                    46.5225944519,
                    61.2794494629,
                    177.9165802,
                    70.6644592285,
                    -4.23042583466,
                    41.9013214111,
                    56.8519668579
                ],
                [
                    609.348327637,
                    -68.2235717773,
                    54.5852050781,
                    51.707485199,
                    131.536422729,
                    128.598220825,
                    112.510887146,
                    39.8578720093,
                    70.6644592285,
                    155.589569092,
                    33.3712501526,
                    22.7347545624,
                    35.8379592896
                ],
                [
                    -23.3109912872,
                    49.3732757568,
                    34.1793556213,
                    -14.0873184204,
                    32.2721366882,
                    23.5188503265,
                    19.6083068848,
                    3.24521303177,
                    -4.23042583466,
                    33.3712501526,
                    93.8649597168,
                    32.1607322693,
                    -7.9189453125
                ],
                [
                    228.717071533,
                    -40.374294281,
                    53.8249969482,
                    54.3307876587,
                    69.9961700439,
                    19.6045207977,
                    10.4875450134,
                    4.21715402603,
                    41.9013214111,
                    22.7347545624,
                    32.1607322693,
                    120.618293762,
                    47.992641449
                ],
                [
                    289.138214111,
                    -25.1249046326,
                    -34.0804252625,
                    86.0597305298,
                    62.4994468689,
                    37.8317680359,
                    20.7177047729,
                    17.1697540283,
                    56.8519668579,
                    35.8379592896,
                    -7.9189453125,
                    47.992641449,
                    121.74785614
                ]
            ],
            "icov": [
                [
                    0.000181597788469,
                    2.61687000602e-05,
                    0.000163474833244,
                    -0.000147877959535,
                    6.23335654382e-06,
                    -0.000374022783944,
                    7.25289428374e-05,
                    -0.000260491593508,
                    -9.90588341665e-06,
                    -0.000438907096395,
                    0.000320308899973,
                    -0.000341277976986,
                    0.000151021988131
                ],
                [
                    2.61687000602e-05,
                    0.00156668026466,
                    0.000462616037112,
                    0.00016877084272,
                    -0.000954852614086,
                    0.000918970326893,
                    -0.00090235035168,
                    0.000767074641772,
                    -0.00107603019569,
                    0.00155491544865,
                    -0.00171159894671,
                    0.00119177938905,
                    -1.50107489389e-05
                ],
                [
                    0.000163474833244,
                    0.000462616037112,
                    0.00215950421989,
                    -0.000705295067746,
                    -0.00100314733572,
                    -0.000581108673941,
                    0.000670711160637,
                    -0.000589687610045,
                    0.000470510625746,
                    -0.000426084297942,
                    -9.34289491852e-05,
                    -0.00091008056188,
                    0.00173323997296
                ],
                [
                    -0.000147877959535,
                    0.00016877084272,
                    -0.000705295067746,
                    0.00339669338427,
                    -0.000797011714894,
                    0.000520980509464,
                    0.000219292691327,
                    0.000357021170203,
                    -0.00152817484923,
                    0.000780489877798,
                    4.11087457906e-05,
                    0.000550242490135,
                    -0.00178320391569
                ],
                [
                    6.23335654382e-06,
                    -0.000954852614086,
                    -0.00100314733572,
                    -0.000797011714894,
                    0.00385898188688,
                    -0.000735520734452,
                    -0.000945090781897,
                    -0.00100503850263,
                    -0.000281670014374,
                    -0.00130146869924,
                    0.000683705264237,
                    -0.00123368005734,
                    -0.000333759468049
                ],
                [
                    -0.000374022783944,
                    0.000918970326893,
                    -0.000581108673941,
                    0.000520980509464,
                    -0.000735520734452,
                    0.00609559146687,
                    -0.00248391344212,
                    -4.53704924439e-05,
                    0.000130651766085,
                    -0.000389934226405,
                    -0.00155739416368,
                    0.00162776431534,
                    -0.0012296801433
                ],
                [
                    7.25289428374e-05,
                    -0.00090235035168,
                    0.000670711160637,
                    0.000219292691327,
                    -0.000945090781897,
                    -0.00248391344212,
                    0.00541581818834,
                    -0.00115676433779,
                    0.00119831378106,
                    -0.00269899982959,
                    0.00157063396182,
                    -0.00100237189326,
                    0.000905021326616
                ],
                [
                    -0.000260491593508,
                    0.000767074641772,
                    -0.000589687610045,
                    0.000357021170203,
                    -0.00100503850263,
                    -4.53704924439e-05,
                    -0.00115676433779,
                    0.00911600422114,
                    -0.00317267957143,
                    0.00242645875551,
                    -0.0018599977484,
                    0.00259543675929,
                    -0.000576041406021
                ],
                [
                    -9.90588341665e-06,
                    -0.00107603019569,
                    0.000470510625746,
                    -0.00152817484923,
                    -0.000281670014374,
                    0.000130651766085,
                    0.00119831378106,
                    -0.00317267957143,
                    0.010906024836,
                    -0.00505282031372,
                    0.00338350073434,
                    -0.00313936197199,
                    -0.00078685907647
                ],
                [
                    -0.000438907096395,
                    0.00155491544865,
                    -0.000426084297942,
                    0.000780489877798,
                    -0.00130146869924,
                    -0.000389934226405,
                    -0.00269899982959,
                    0.00242645875551,
                    -0.00505282031372,
                    0.0152345392853,
                    -0.0068006394431,
                    0.00384542439133,
                    -0.0024845416192
                ],
                [
                    0.000320308899973,
                    -0.00171159894671,
                    -9.34289491852e-05,
                    4.11087457906e-05,
                    0.000683705264237,
                    -0.00155739416368,
                    0.00157063396182,
                    -0.0018599977484,
                    0.00338350073434,
                    -0.0068006394431,
                    0.0168237276375,
                    -0.00704569742084,
                    0.00325241452083
                ],
                [
                    -0.000341277976986,
                    0.00119177938905,
                    -0.00091008056188,
                    0.000550242490135,
                    -0.00123368005734,
                    0.00162776431534,
                    -0.00100237189326,
                    0.00259543675929,
                    -0.00313936197199,
                    0.00384542439133,
                    -0.00704569742084,
                    0.0143500976264,
                    -0.00543623277918
                ],
                [
                    0.000151021988131,
                    -1.50107489389e-05,
                    0.00173323997296,
                    -0.00178320391569,
                    -0.000333759468049,
                    -0.0012296801433,
                    0.000905021326616,
                    -0.000576041406021,
                    -0.00078685907647,
                    -0.0024845416192,
                    0.00325241452083,
                    -0.00543623277918,
                    0.0135315712541
                ]
            ],
            "mean": [
                0.182207778096,
                79.3061447144,
                -95.6851882935,
                33.598487854,
                -54.4431648254,
                12.7525434494,
                -38.9603805542,
                4.51658439636,
                -17.3069324493,
                3.30746746063,
                -17.3794803619,
                -2.54534435272,
                -6.65414619446
            ]
        },
        "hfc": {
            "dmean": 6.97600746155,
            "dmean2": 9.88765621185,
            "dvar": 128.863555908,
            "dvar2": 247.323074341,
            "max": 215.605865479,
            "mean": 25.758398056,
            "median": 18.8875083923,
            "min": 1.25658237698e-16,
            "var": 546.015563965
        },
        "melbands": {
            "dmean": [
                0.00127425719984,
                0.00128352502361,
                0.000436710834038,
                0.000378350698156,
                0.000202876864932,
                0.000303725682897,
                0.000206389027881,
                7.08665320417e-05,
                0.000159176270245,
                0.000145605197758,
                9.82604688033e-05,
                6.05352652201e-05,
                3.37993951689e-05,
                3.26976405631e-05,
                2.76899172604e-05,
                3.38884492521e-05,
                3.36298217007e-05,
                3.60949306923e-05,
                4.73069412692e-05,
                2.37255717366e-05,
                2.43730264629e-05,
                1.05220142359e-05,
                1.34666679514e-05,
                6.12899248154e-06,
                2.61506284005e-06,
                2.73334467238e-06,
                4.36260415881e-06,
                6.34496427665e-06,
