{
    "lowlevel": {
        "average_loudness": 0.741628170013,
        "barkbands": {
            "dmean": [
                0.000517390668392,
                0.00409433571622,
                0.00181353080552,
                0.000585322966799,
                0.000529512763023,
                0.000963374215644,
                0.000444062374299,
                0.000693017791491,
                0.00141633662861,
                0.000573804893065,
                0.000340520928148,
                0.000479881040519,
                0.000652223010547,
                0.000508494675159,
                0.000444867357146,
                0.000284708396066,
                0.000353740208084,
                0.000190525694052,
                0.000156537382281,
                0.000112217043352,
                6.48301574984e-05,
                0.000126865037601,
                0.000387631036574,
                0.000242114358116,
                9.34026829782e-05,
                4.32718479715e-05,
                4.70744453196e-06
            ],
            "dmean2": [
                0.000654337927699,
                0.00526752509177,
                0.00253767939284,
                0.00091590260854,
                0.000874874705914,
                0.00151414319407,
                0.000631588220131,
                0.00102725671604,
                0.00203766999766,
                0.000799395143986,
                0.000497253146023,
                0.000710283406079,
                0.000952146074269,
                0.000737946829759,
                0.000657087191939,
                0.000433642999269,
                0.000532445556019,
                0.000299073406495,
                0.000232688733377,
                0.000178302987479,
                9.78025273071e-05,
                0.000204213676625,
                0.000689312117174,
                0.000420172844315,
                0.000152259759489,
                6.92688699928e-05,
                7.64769720263e-06
            ],
            "dvar": [
                1.83487327376e-06,
                0.000131291686557,
                5.25195428054e-05,
                6.3855359258e-06,
                3.12730526275e-06,
                7.3081159826e-06,
                1.41962379985e-06,
                3.20633739648e-06,
                1.14701115308e-05,
                2.43815861722e-06,
                1.26113593524e-06,
                2.01557600121e-06,
                2.48481819654e-06,
                1.90611262951e-06,
                1.59758667451e-06,
                6.87175997882e-07,
                7.83269058502e-07,
                3.46486501712e-07,
                1.6158537619e-07,
                7.4165043884e-08,
                3.98186976724e-08,
                1.46445572113e-07,
                5.4346367051e-07,
                1.81769934215e-07,
                2.64164441433e-08,
                5.63652413632e-09,
                1.28670699096e-10
            ],
            "dvar2": [
                2.80731978819e-06,
                0.00031019106973,
                0.000106066661829,
                1.74960296135e-05,
                7.83852192399e-06,
                1.80507195182e-05,
                3.10572113449e-06,
                6.97147834217e-06,
                2.4190187105e-05,
                4.54530845673e-06,
                2.56556973e-06,
                4.41130214313e-06,
                5.450941444e-06,
                3.82707457902e-06,
                3.55677275365e-06,
                1.60925367254e-06,
                1.80594588528e-06,
                7.68659617734e-07,
                3.54935309588e-07,
                1.76749082925e-07,
                7.32892857513e-08,
                2.59204540498e-07,
                1.3526901057e-06,
                4.64059070282e-07,
                5.72316878333e-08,
                1.2270726657e-08,
                2.79494455357e-10
            ],
            "max": [
                0.0313027650118,
                0.178611442447,
                0.0925893634558,
                0.0439519062638,
                0.0519480891526,
                0.0555549897254,
                0.0223732367158,
                0.0378464534879,
                0.0574468895793,
                0.0389073044062,
                0.0403808653355,
                0.035004619509,
                0.0254216622561,
                0.0284454487264,
                0.0308088846505,
                0.0198337882757,
                0.0205835085362,
                0.0142400506884,
                0.0151504650712,
                0.00592244742438,
                0.00367102539167,
                0.0045148441568,
                0.00479243695736,
                0.00404971465468,
                0.00265302043408,
                0.00128038984258,
                0.000289340503514
            ],
            "mean": [
                0.00274555385113,
                0.0192932542413,
                0.00342430057935,
                0.00105739652645,
                0.000962195859756,
                0.00163267273456,
                0.00134315155447,
                0.00158887344878,
                0.0030031320639,
                0.0012267989805,
                0.000568433024455,
                0.000701409589965,
                0.00110929331277,
                0.000921782047953,
                0.000868335017003,
                0.000478529458633,
                0.000681221834384,
                0.000300576124573,
                0.000255277584074,
                0.000160291005159,
                8.33273588796e-05,
                0.000159307979629,
                0.000296362239169,
                0.000217798093217,
                0.000103964805021,
                5.24609640706e-05,
                5.59232694286e-06
            ],
            "median": [
                7.24367794191e-07,
                4.21614749939e-05,
                0.000110158514872,
                0.000115053393529,
                0.000427086197305,
                0.000654863892123,
                0.000259917171206,
                0.00054995570099,
                0.000852123368531,
                0.000134309899295,
                7.23056145944e-05,
                8.49840798764e-05,
                0.00016169733135,
                0.000139293202665,
                7.66393932281e-05,
                5.89755582041e-05,
                0.000142107339343,
                4.34717876487e-05,
                5.73110737605e-05,
                2.31600206462e-05,
                9.89841828414e-06,
                2.94851015497e-05,
                2.31937447097e-05,
                3.95558090531e-05,
                2.41984616878e-05,
                1.49200814121e-05,
                1.19120340969e-06
            ],
            "min": [
                4.04665725641e-24,
                2.52244979762e-23,
                9.13956022102e-24,
                5.99382235028e-24,
                4.18742419957e-23,
                1.92475970868e-23,
                1.65611738725e-23,
                2.49462588463e-23,
                4.81389461647e-23,
                3.72469606306e-23,
                4.86649428391e-23,
                6.98249438639e-23,
                7.47735377421e-23,
                1.07394223594e-22,
                1.03759827808e-22,
                5.43107256744e-23,
                6.96456326247e-23,
                1.10587734487e-22,
                2.52832722157e-22,
                2.93166486044e-22,
                3.55686653656e-22,
                3.40753478855e-22,
                6.9237046852e-22,
                6.36638265982e-22,
                1.05249261568e-21,
                1.43026616299e-21,
                2.35859848405e-21
            ],
            "var": [
                3.66124259017e-05,
                0.00105070194695,
                9.50501489569e-05,
                8.2491651483e-06,
                3.58278589374e-06,
                9.45292686083e-06,
                6.65084371576e-06,
                7.7936820162e-06,
                2.79537252936e-05,
                8.0728696048e-06,
                2.56987823377e-06,
                3.69067197425e-06,
                5.86042506256e-06,
                5.37520054422e-06,
                4.08475443692e-06,
                1.13723785944e-06,
                1.67270582097e-06,
                7.62183105962e-07,
                2.99756038658e-07,
                1.45022667652e-07,
                6.04971788221e-08,
                1.9721711908e-07,
                4.52059225609e-07,
                1.75808636982e-07,
                4.00635187248e-08,
                9.98612836867e-09,
                2.12924747278e-10
            ]
        },
        "barkbands_crest": {
            "dmean": 2.16763973236,
            "dmean2": 3.25164246559,
            "dvar": 5.65249729156,
            "dvar2": 12.8728656769,
            "max": 26.5018596649,
            "mean": 12.3817605972,
            "median": 11.4807128906,
            "min": 2.17016792297,
            "var": 26.7751121521
        },
        "barkbands_flatness_db": {
            "dmean": 0.0315852798522,
            "dmean2": 0.0426364019513,
            "dvar": 0.00155548995826,
            "dvar2": 0.00240695942193,
            "max": 0.645429253578,
            "mean": 0.20531001687,
            "median": 0.177948415279,
            "min": 0.0358295217156,
            "var": 0.0104162637144
        },
        "barkbands_kurtosis": {
            "dmean": 4.83398628235,
            "dmean2": 7.91045331955,
            "dvar": 250.122741699,
            "dvar2": 724.395141602,
            "max": 577.969665527,
            "mean": 7.36366939545,
            "median": 2.34602355957,
            "min": -1.90513706207,
            "var": 345.466644287
        },
        "barkbands_skewness": {
            "dmean": 0.635763049126,
            "dmean2": 0.974228620529,
            "dvar": 0.73729300499,
            "dvar2": 1.8716429472,
            "max": 18.8151302338,
            "mean": 1.64168393612,
            "median": 1.32583498955,
            "min": -8.77374649048,
            "var": 2.93368864059
        },
        "barkbands_spread": {
            "dmean": 6.71276283264,
            "dmean2": 10.7443351746,
            "dvar": 117.663543701,
            "dvar2": 265.36630249,
            "max": 128.935241699,
            "mean": 16.6288051605,
            "median": 12.7947368622,
            "min": 0.213400110602,
            "var": 210.238082886
        },
        "dissonance": {
            "dmean": 0.0312567427754,
            "dmean2": 0.0519021674991,
            "dvar": 0.000937165226787,
            "dvar2": 0.00248788739555,
            "max": 0.500000178814,
            "mean": 0.433881878853,
            "median": 0.44587662816,
            "min": 0.162193357944,
            "var": 0.0024681549985
        },
        "dynamic_complexity": 3.27738857269,
        "erbbands": {
            "dmean": [
                0.171885699034,
                0.821230351925,
                2.03633761406,
                2.04685115814,
                1.57697057724,
                1.8010661602,
                4.23090600967,
                9.13227558136,
                5.64044523239,
                8.55163669586,
                20.2274971008,
                31.0216712952,
                23.1359481812,
                14.5384845734,
                14.7950496674,
                21.1742725372,
                27.2491855621,
                26.7278156281,
                19.5376758575,
                18.2716064453,
                16.2244777679,
                17.2916507721,
                11.4462146759,
                6.53528690338,
                8.12903881073,
                4.8058052063,
                2.95717906952,
                2.61563491821,
                4.51702451706,
                6.97284412384,
                10.8311414719,
                7.92184734344,
                2.58592391014,
                1.20236885548,
                0.627155005932,
                0.208355426788,
                0.0906650274992,
                0.0128401601687,
                0.000786057091318,
                2.6951171094e-05
            ],
            "dmean2": [
                0.20121859014,
                1.12107300758,
                2.94795155525,
                3.11397171021,
                2.63489961624,
                2.985257864,
                6.64818286896,
                14.3419389725,
                8.94981956482,
                11.6918029785,
                29.3548069,
                43.7928199768,
                32.7275466919,
                20.1844749451,
                21.6272335052,
                30.5189056396,
                39.717124939,
                38.6422615051,
                27.6565876007,
                25.9635906219,
                23.8303947449,
                25.8318328857,
                17.209104538,
                9.67755222321,
                11.8820915222,
                7.50345039368,
                4.5774769783,
                4.05595874786,
                7.14281463623,
                11.9935770035,
                19.21159935,
                14.0740938187,
                4.39533042908,
                1.98991119862,
                1.01424205303,
                0.326860547066,
                0.150140196085,
                0.0211084932089,
                0.00127258221619,
                4.11621840612e-05
            ],
            "dvar": [
                0.188183933496,
                7.37431955338,
                67.4527740479,
                75.2261505127,
                38.4686698914,
                53.071346283,
                145.767379761,
                784.98638916,
                340.454650879,
                573.286376953,
                2430.75195312,
                5447.58837891,
                5171.60253906,
                1296.44665527,
                2026.68273926,
                3730.9519043,
                5086.79980469,
                5824.53515625,
                2983.49316406,
                2691.84204102,
                1859.49462891,
                2057.43432617,
                1027.51928711,
                235.280700684,
                539.178588867,
                134.579589844,
                80.4064254761,
                68.4686431885,
                180.115127563,
                233.877151489,
                421.313446045,
                216.982925415,
                20.0222053528,
                4.5357503891,
                1.23929655552,
                0.138285696507,
                0.024056378752,
                0.000651442853268,
                3.52565280082e-06,
                2.47820919341e-09
            ],
            "dvar2": [
                0.4184499681,
                16.6294841766,
                135.599700928,
                186.828262329,
                110.520500183,
                120.761146545,
                373.241394043,
                1912.70300293,
                901.532592773,
                1112.07226562,
                5250.26074219,
                11115.1728516,
                10483.6142578,
                2318.92138672,
                4478.62353516,
                7781.95214844,
                11132.8769531,
                11469.3134766,
                6844.44824219,
                5248.24023438,
                4043.7421875,
                4624.45019531,
                2171.99414062,
                484.577484131,
                1188.08154297,
                316.697387695,
                170.533599854,
                123.257583618,
                335.10824585,
                462.404144287,
                1043.7010498,
                576.244445801,
                47.3826332092,
                9.95478725433,
                2.81081938744,
                0.28819873929,
                0.0563631057739,
                0.00145030405838,
                7.7317818068e-06,
                5.79679326762e-09
            ],
            "max": [
                6.11260652542,
                40.7683029175,
                115.310562134,
                120.066131592,
                104.306655884,
                307.356231689,
                304.789581299,
                517.995117188,
                406.33581543,
                570.530212402,
                1151.14697266,
                1473.09350586,
                1333.83288574,
                1429.66577148,
                1750.8605957,
                1797.51940918,
                1334.37634277,
                1700.38598633,
                1798.44238281,
                1193.44177246,
                1246.28918457,
                1138.42834473,
                772.7265625,
                245.240905762,
                1019.14642334,
                159.695877075,
                165.615905762,
                99.998008728,
                168.019638062,
                178.179000854,
                135.12286377,
                108.116241455,
                70.7271499634,
                39.6142654419,
                19.6465740204,
                8.14153671265,
                2.23957371712,
                0.679959714413,
                0.0516279153526,
                0.00113611121196
            ],
            "mean": [
                0.9501298666,
                2.80593180656,
                4.11801099777,
                3.79034376144,
                2.93200182915,
                3.09420919418,
                6.99844884872,
                15.2546949387,
                13.1678276062,
                27.660867691,
                47.5321121216,
                67.9482879639,
                47.9591255188,
                36.2326850891,
                26.0897655487,
                33.8185310364,
                48.7312164307,
                51.9973640442,
                41.353187561,
                39.1944770813,
                31.7630329132,
                33.6513023376,
                21.7175197601,
                10.6143608093,
                14.4610624313,
                7.22575855255,
                3.88642215729,
                3.41062545776,
                5.5241112709,
                6.87217617035,
                8.30815219879,
                6.23286676407,
                2.70551872253,
                1.34904718399,
                0.656992316246,
                0.255438864231,
                0.101138100028,
                0.0147078214213,
                0.000950966845267,
                7.34892237233e-05
            ],
            "median": [
                0.000322646839777,
                0.0137846544385,
                0.111015871167,
                0.360296785831,
                0.921971440315,
                1.222032547,
                2.63913488388,
                5.31253814697,
                4.14005947113,
                6.50991344452,
                20.6006889343,
                20.8098526001,
                13.3865451813,
                7.4584903717,
                6.26559066772,
                5.66692972183,
                8.79176425934,
                10.8099212646,
                5.1715722084,
                4.2185459137,
                4.77518320084,
                7.87827682495,
                4.12748479843,
                2.93606853485,
                3.00587320328,
                1.29981148243,
                0.590785682201,
                0.426258921623,
                0.96136879921,
                1.10625648499,
                0.606166005135,
                0.734559178352,
                0.62838602066,
                0.336994767189,
                0.119889602065,
                0.0617593899369,
                0.0284296832979,
                0.00377137167379,
                0.000241596513661,
                5.27217962372e-05
            ],
            "min": [
                1.40168501295e-21,
                3.12321205172e-21,
                9.53350212892e-21,
                2.65571877124e-20,
                8.61358939982e-20,
                1.55394731486e-19,
                7.88999054077e-20,
                2.18786790478e-19,
                1.75478082222e-19,
                3.07572557569e-19,
                8.60273989211e-19,
                1.16061132721e-18,
                1.21682000759e-18,
                1.91209209241e-18,
                2.28446460915e-18,
                3.48787612241e-18,
                4.17144494574e-18,
                5.55421217006e-18,
                4.45740914171e-18,
                3.47749624649e-18,
                3.72367636373e-18,
                4.20953082268e-18,
                5.30426052282e-18,
                9.35226778729e-18,
                1.43725907066e-17,
                1.19677202399e-17,
                1.41842979294e-17,
                9.61992937144e-18,
                1.14715218874e-17,
                1.6961712346e-17,
                1.93387581113e-17,
                1.24622832564e-17,
                1.14499109668e-17,
                1.29972242672e-17,
                6.20452006095e-18,
                4.77219065587e-18,
                2.94803034411e-18,
                1.17866578485e-18,
                3.17852086138e-19,
                3.27278726871e-20
            ],
            "var": [
                2.58753204346,
                28.0967102051,
                126.648971558,
                93.7228164673,
                38.4996337891,
                63.2048988342,
                182.072265625,
                1026.34655762,
                784.005981445,
                2864.89550781,
                5786.1875,
                14760.3378906,
                11739.5527344,
                6610.42773438,
                4281.38378906,
                7390.33203125,
                11252.7636719,
                17547.1757812,
                8890.82421875,
                8037.14160156,
                4158.64208984,
                4136.70019531,
                2596.76025391,
                405.988189697,
                1140.03198242,
                250.035446167,
                111.433425903,
                101.32975769,
                237.477859497,
                274.725067139,
                356.793395996,
                172.237487793,
                25.5284137726,
                6.51924324036,
                1.81870186329,
                0.260775715113,
                0.0352560058236,
                0.00108663737774,
                5.53162908545e-06,
                5.68408298207e-09
            ]
        },
        "erbbands_crest": {
            "dmean": 2.9625992775,
            "dmean2": 4.54489421844,
            "dvar": 8.78659439087,
            "dvar2": 19.3206310272,
            "max": 34.0894851685,
            "mean": 12.6833667755,
            "median": 11.6177463531,
            "min": 2.78061890602,
            "var": 30.7292690277
        },
        "erbbands_flatness_db": {
            "dmean": 0.0284013655037,
            "dmean2": 0.0394005216658,
            "dvar": 0.00125394039787,
            "dvar2": 0.00196094159037,
            "max": 0.556154668331,
            "mean": 0.218867108226,
            "median": 0.202000617981,
            "min": 0.0572663992643,
            "var": 0.00698982644826
        },
        "erbbands_kurtosis": {
            "dmean": 1.62696611881,
            "dmean2": 2.6018986702,
            "dvar": 8.99006843567,
            "dvar2": 19.5758056641,
            "max": 117.735336304,
            "mean": 1.92039835453,
            "median": 0.729192376137,
            "min": -1.91360509396,
            "var": 20.8435726166
        },
        "erbbands_skewness": {
            "dmean": 0.50010484457,
            "dmean2": 0.780146062374,
            "dvar": 0.336066573858,
            "dvar2": 0.856098175049,
            "max": 5.20885562897,
            "mean": 0.455991238356,
            "median": 0.419235229492,
            "min": -7.95897006989,
            "var": 1.03126072884
        },
        "erbbands_spread": {
            "dmean": 11.1184310913,
            "dmean2": 17.7702560425,
            "dvar": 332.229248047,
            "dvar2": 744.057922363,
            "max": 175.97555542,
            "mean": 28.4727840424,
            "median": 22.4398231506,
            "min": 0.36759698391,
            "var": 511.289550781
        },
        "gfcc": {
            "cov": [
                [
                    14761.8037109,
                    -6031.39599609,
                    -827.29107666,
                    2169.39208984,
                    -577.435119629,
                    1433.96069336,
                    -682.413696289,
                    1096.63366699,
                    -129.284545898,
                    522.786987305,
                    -359.199920654,
                    860.832397461,
                    -109.354377747
                ],
                [
                    -6031.39599609,
                    5660.59570312,
                    833.476013184,
                    -826.567504883,
                    1340.50292969,
                    -546.070922852,
                    901.438415527,
                    -360.343597412,
                    411.468078613,
                    -216.04725647,
                    428.041015625,
                    -625.027832031,
                    173.066574097
                ],
                [
                    -827.29107666,
                    833.476013184,
                    1954.43505859,
                    478.760681152,
                    253.910827637,
                    588.010681152,
                    453.293243408,
                    127.42351532,
                    317.818084717,
                    143.604476929,
                    139.452331543,
                    -23.3614902496,
                    -6.20458269119
                ],
                [
                    2169.39208984,
                    -826.567504883,
                    478.760681152,
                    1050.4543457,
                    200.222320557,
                    558.141723633,
                    182.766372681,
                    333.43371582,
                    149.106277466,
                    198.697906494,
                    16.812297821,
                    133.993469238,
                    22.0915985107
                ],
                [
                    -577.435119629,
                    1340.50292969,
                    253.910827637,
                    200.222320557,
                    993.37677002,
                    163.552566528,
                    379.37487793,
                    148.723800659,
                    271.850250244,
                    79.0404052734,
                    143.488632202,
                    -123.656150818,
                    111.244888306
                ],
                [
                    1433.96069336,
                    -546.070922852,
                    588.010681152,
                    558.141723633,
                    163.552566528,
                    801.042236328,
                    277.949493408,
                    211.99180603,
                    134.638031006,
                    152.502670288,
                    32.7189865112,
                    92.0565109253,
                    -15.6829595566
                ],
                [
                    -682.413696289,
                    901.438415527,
                    453.293243408,
                    182.766372681,
                    379.37487793,
                    277.949493408,
                    604.815795898,
                    100.560157776,
                    116.186904907,
                    39.509677887,
                    144.461990356,
                    -69.4013290405,
                    56.9977798462
                ],
                [
                    1096.63366699,
                    -360.343597412,
                    127.42351532,
                    333.43371582,
                    148.723800659,
                    211.99180603,
                    100.560157776,
                    316.915161133,
                    102.111869812,
                    67.9066467285,
                    13.4670581818,
                    91.1818847656,
                    39.5332946777
                ],
                [
                    -129.284545898,
                    411.468078613,
                    317.818084717,
                    149.106277466,
                    271.850250244,
                    134.638031006,
                    116.186904907,
                    102.111869812,
                    286.963317871,
                    65.4770126343,
                    41.2102165222,
                    -1.98070108891,
                    61.2325248718
                ],
                [
                    522.786987305,
                    -216.04725647,
                    143.604476929,
                    198.697906494,
                    79.0404052734,
                    152.502670288,
                    39.509677887,
                    67.9066467285,
                    65.4770126343,
                    172.056610107,
                    29.3909606934,
                    33.4352493286,
                    11.1009616852
                ],
                [
                    -359.199920654,
                    428.041015625,
                    139.452331543,
                    16.812297821,
                    143.488632202,
                    32.7189865112,
                    144.461990356,
                    13.4670581818,
                    41.2102165222,
                    29.3909606934,
                    177.357879639,
                    0.183651402593,
                    10.6526765823
                ],
                [
                    860.832397461,
                    -625.027832031,
                    -23.3614902496,
                    133.993469238,
                    -123.656150818,
                    92.0565109253,
                    -69.4013290405,
                    91.1818847656,
                    -1.98070108891,
                    33.4352493286,
                    0.183651402593,
                    204.797683716,
                    16.7620544434
                ],
                [
                    -109.354377747,
                    173.066574097,
                    -6.20458269119,
                    22.0915985107,
                    111.244888306,
                    -15.6829595566,
                    56.9977798462,
                    39.5332946777,
                    61.2325248718,
                    11.1009616852,
                    10.6526765823,
                    16.7620544434,
                    123.833938599
                ]
            ],
            "icov": [
                [
                    0.000219445879338,
                    -3.2773539715e-05,
                    0.000189829312149,
                    -0.000260145752691,
                    6.69420114718e-05,
                    -0.000324549415382,
                    0.000301548279822,
                    -0.00045642934856,
                    0.000197260145796,
                    -0.000254108366789,
                    0.000181123745278,
                    -0.000308112998027,
                    0.000152552733198
                ],
                [
                    -3.2773539715e-05,
                    0.00130092981271,
                    -0.000509764417075,
                    0.00056322227465,
                    -0.00105551979505,
                    0.00105086294934,
                    -0.00112033868209,
                    0.00108672399074,
                    -0.00102754705586,
                    0.0012342359405,
                    -0.00131065887399,
                    0.00153240736108,
                    -0.000420289230533
                ],
                [
                    0.000189829312149,
                    -0.000509764417075,
                    0.0012296657078,
                    -0.00060057110386,
                    0.000731837353669,
                    -0.00101704243571,
                    0.000251688587014,
                    -0.000497327011544,
                    -0.000397803814849,
                    -0.000677018193528,
                    0.000301522988593,
                    -0.000558438594453,
                    0.000612542149611
                ],
                [
                    -0.000260145752691,
                    0.00056322227465,
                    -0.00060057110386,
                    0.00261597009376,
                    -0.000664881721605,
                    1.47923356053e-05,
                    -0.000724738289136,
                    -0.000374408962671,
                    -0.000379717588658,
                    -0.000311835465254,
                    -0.000350771093508,
                    0.000617353944108,
                    -0.00029904753319
                ],
                [
                    6.69420114718e-05,
                    -0.00105551979505,
                    0.000731837353669,
                    -0.000664881721605,
                    0.00297177489847,
                    -0.000979157746769,
                    0.000358577701263,
                    -0.00146718125325,
                    -0.000540169479791,
                    -0.00120648543816,
                    0.000119734249893,
                    0.000255104794633,
                    -0.000470342201879
                ],
                [
                    -0.000324549415382,
                    0.00105086294934,
                    -0.00101704243571,
                    1.47923356053e-05,
                    -0.000979157746769,
                    0.00406303210184,
                    -0.00236217281781,
                    0.00127643032465,
                    -0.00121518096421,
                    0.000396253686631,
                    -0.000356824166374,
                    0.000518456101418,
                    0.00079095485853
                ],
                [
                    0.000301548279822,
                    -0.00112033868209,
                    0.000251688587014,
                    -0.000724738289136,
                    0.000358577701263,
                    -0.00236217281781,
                    0.00482345093042,
                    -0.00204075081274,
                    0.00181607611012,
                    -0.000540749053471,
                    -0.000716111855581,
                    -0.00017564134032,
                    -0.000980107812211
                ],
                [
                    -0.00045642934856,
                    0.00108672399074,
                    -0.000497327011544,
                    -0.000374408962671,
                    -0.00146718125325,
                    0.00127643032465,
                    -0.00204075081274,
                    0.00763787236065,
                    -0.00221494515426,
                    0.00169941387139,
                    -0.000803002854809,
                    -0.000357926095603,
                    -0.000838902953546
                ],
                [
                    0.000197260145796,
                    -0.00102754705586,
                    -0.000397803814849,
                    -0.000379717588658,
                    -0.000540169479791,
                    -0.00121518096421,
                    0.00181607611012,
                    -0.00221494515426,
                    0.00741168716922,
                    -0.00200136238709,
                    0.00128201046027,
                    -0.0014168410562,
                    -0.00154332537204
                ],
                [
                    -0.000254108366789,
                    0.0012342359405,
                    -0.000677018193528,
                    -0.000311835465254,
                    -0.00120648543816,
                    0.000396253686631,
                    -0.000540749053471,
                    0.00169941387139,
                    -0.00200136238709,
                    0.00970823038369,
                    -0.00280595524237,
                    0.0015905139735,
                    -0.000941811711527
                ],
                [
                    0.000181123745278,
                    -0.00131065887399,
                    0.000301522988593,
                    -0.000350771093508,
                    0.000119734249893,
                    -0.000356824166374,
                    -0.000716111855581,
                    -0.000803002854809,
                    0.00128201046027,
                    -0.00280595524237,
                    0.00964007340372,
                    -0.00383623549715,
                    0.0018101882888
                ],
                [
                    -0.000308112998027,
                    0.00153240736108,
                    -0.000558438594453,
                    0.000617353944108,
                    0.000255104794633,
                    0.000518456101418,
                    -0.00017564134032,
                    -0.000357926095603,
                    -0.0014168410562,
                    0.0015905139735,
                    -0.00383623549715,
                    0.0103867044672,
                    -0.00303816585802
                ],
                [
                    0.000152552733198,
                    -0.000420289230533,
                    0.000612542149611,
                    -0.00029904753319,
                    -0.000470342201879,
                    0.00079095485853,
                    -0.000980107812211,
                    -0.000838902953546,
                    -0.00154332537204,
                    -0.000941811711527,
                    0.0018101882888,
                    -0.00303816585802,
                    0.0112261865288
                ]
            ],
            "mean": [
                -44.6326065063,
                93.814956665,
                -116.300926208,
                -8.91855239868,
                -60.3526611328,
                8.33950710297,
                -41.0883903503,
                11.5120077133,
                -17.2738723755,
                -2.96263933182,
                -14.3310985565,
                -4.83917951584,
                -17.380279541
            ]
        },
        "hfc": {
            "dmean": 10.3188524246,
            "dmean2": 16.1660785675,
            "dvar": 280.322662354,
            "dvar2": 565.961914062,
            "max": 175.368972778,
            "mean": 25.3641872406,
            "median": 19.3936729431,
            "min": 1.12789821995e-16,
            "var": 605.135681152
        },
        "melbands": {
            "dmean": [
                0.00126435421407,
                0.000992161105387,
                0.000335984281264,
                0.000118634707178,
                0.000130237240228,
                0.000195700413315,
                8.95166522241e-05,
                9.46595901041e-05,
                0.000185264245374,
                0.000196817010874,
                0.000115599563287,
                6.04611450399e-05,
                5.17951193615e-05,
                5.44379836356e-05,
                6.04859305895e-05,
                6.22915176791e-05,
                5.02026377944e-05,
                3.17370941048e-05,
                3.21487568726e-05,
                1.98427678697e-05,
                2.13832772715e-05,
                1.78814734682e-05,
                1.93612449948e-05,
                6.84665019435e-06,
                5.36407105756e-06,
                6.0182269408e-06,
                5.35461276741e-06,
