{
    "lowlevel": {
        "average_loudness": 0.898802161217,
        "barkbands": {
            "dmean": [
                0.000353597512003,
                0.00634457543492,
                0.00261942320503,
                0.00172047235537,
                0.000995267764665,
                0.000614285178017,
                0.000442389573436,
                0.000685664475895,
                0.000789249083027,
                0.000565353839193,
                0.000465078424895,
                0.000557358958758,
                0.000434623769252,
                0.000321275292663,
                0.000284614419797,
                0.000271349359537,
                0.000208542260225,
                0.00017244083574,
                0.00021843855211,
                0.000173633787199,
                0.000155984263984,
                0.000170880346559,
                0.000206285330933,
                0.000176466724952,
                0.000125673119328,
                6.24671956757e-05,
                1.582209552e-05
            ],
            "dmean2": [
                0.00052064441843,
                0.00796154513955,
                0.00454834289849,
                0.00313659128733,
                0.00175721489359,
                0.000979751814157,
                0.000712541688699,
                0.00108060368802,
                0.00119538838044,
                0.000847666233312,
                0.000735995767172,
                0.000816898653284,
                0.000684855505824,
                0.000492746243253,
                0.000433315930422,
                0.000404312915634,
                0.000304718618281,
                0.000254973856499,
                0.00031350919744,
                0.000243611939368,
                0.000240916313487,
                0.000233163998928,
                0.00030487019103,
                0.000246985844569,
                0.000178184171091,
                9.01249732124e-05,
                2.19411449507e-05
            ],
            "dvar": [
                1.63094694017e-06,
                0.000400377815822,
                0.000192349965801,
                8.20275818114e-05,
                1.50236228365e-05,
                1.83512054264e-06,
                1.54574081535e-06,
                3.17691774399e-06,
                2.52259110312e-06,
                2.04400953407e-06,
                1.97757935894e-06,
                2.72231363851e-06,
                1.68276949353e-06,
                5.50010270217e-07,
                3.94551932459e-07,
                3.86704385846e-07,
                1.99168127324e-07,
                1.15755355523e-07,
                2.1153596208e-07,
                1.75642739464e-07,
                3.26165434217e-07,
                2.93443605415e-07,
                4.81108543227e-07,
                2.70617988463e-07,
                1.34296456622e-07,
                4.23993640197e-08,
                3.93926979925e-09
            ],
            "dvar2": [
                3.6303295019e-06,
                0.000618038815446,
                0.00050326861674,
                0.000231823258218,
                4.38839961134e-05,
                4.38237384515e-06,
                3.77756555281e-06,
                7.72260409576e-06,
                5.76573256694e-06,
                4.26804535891e-06,
                4.85556802232e-06,
                5.31477644472e-06,
                3.82529151466e-06,
                1.22575659134e-06,
                8.53408948842e-07,
                8.15706812318e-07,
                4.18007829239e-07,
                2.2172262959e-07,
                4.43018933538e-07,
                3.03543856717e-07,
                7.48522893446e-07,
                4.73138669577e-07,
                1.11314670903e-06,
                4.43144244855e-07,
                2.37653623003e-07,
                7.90357148617e-08,
                6.3365424019e-09
            ],
            "max": [
                0.0143953179941,
                0.221252590418,
                0.160809025168,
                0.108844548464,
                0.0528188720345,
                0.0226744059473,
                0.0285215396434,
                0.0336884297431,
                0.0300852004439,
                0.0277793090791,
                0.0202890448272,
                0.0248552430421,
                0.0187347885221,
                0.0108004389331,
                0.0123082026839,
                0.0124279884622,
                0.00913494639099,
                0.00470225606114,
                0.00705474056304,
                0.00569768343121,
                0.00772137753665,
                0.00775453587994,
                0.0111223673448,
                0.0131539553404,
                0.00630080513656,
                0.00379058741964,
                0.000952209811658
            ],
            "mean": [
                0.000423770776251,
                0.0181153565645,
                0.00211735442281,
                0.00126293720677,
                0.00100425560959,
                0.000877307960764,
                0.000574082194362,
                0.000848929805215,
                0.00151279452257,
                0.00083282997366,
                0.000534222112037,
                0.000640332407784,
                0.000513616425451,
                0.000413069647038,
                0.000373663729988,
                0.000365876010619,
                0.000297213409794,
                0.000244605762418,
                0.000318318314385,
                0.000232345846598,
                0.000184763339348,
                0.000227553246077,
                0.000256344967056,
                0.000263750553131,
                0.000186078861589,
                8.78571154317e-05,
                2.25313378905e-05
            ],
            "median": [
                1.67393900483e-05,
                0.00422731554136,
                8.99754741113e-05,
                9.11366951186e-05,
                0.000188436519238,
                0.000254521670286,
                0.000126709841425,
                0.000189855403733,
                0.000419330928707,
                0.000124347148812,
                5.74370060349e-05,
                8.00511916168e-05,
                7.73361971369e-05,
                6.44569881842e-05,
                5.40590444871e-05,
                6.80696393829e-05,
                5.26500080014e-05,
                6.63938044454e-05,
                8.04729934316e-05,
                3.48586327164e-05,
                1.33578969326e-05,
                1.71880656126e-05,
                2.60037304542e-05,
                2.90768457489e-05,
                2.32504662563e-05,
                1.1156974324e-05,
                1.27729356336e-06
            ],
            "min": [
                8.95709057997e-25,
                4.78775145052e-24,
                1.2624979231e-24,
                1.89918933464e-24,
                1.90693965637e-23,
                1.73281423099e-23,
                1.55618275229e-23,
                5.66664465643e-24,
                2.56076918941e-23,
                1.68690867942e-23,
                2.46561994246e-23,
                3.47310623228e-23,
                3.75202504471e-23,
                3.31151501782e-23,
                4.61043855377e-23,
                7.14995377935e-23,
                1.0657407331e-22,
                1.07484481903e-22,
                1.63571772823e-22,
                1.51403978325e-22,
                2.54864222004e-22,
                3.77310858303e-22,
                5.04590674974e-22,
                6.41108646068e-22,
                9.69429121699e-22,
                1.30703200369e-21,
                2.04404992948e-21
            ],
            "var": [
                2.12006534639e-06,
                0.00102745729964,
                0.000136500166263,
                4.87924990011e-05,
                9.78462958301e-06,
                2.77548451777e-06,
                1.88342562524e-06,
                3.8409652916e-06,
                7.27330780137e-06,
                4.52543599749e-06,
                2.31858757616e-06,
                3.61791580872e-06,
                1.99971827897e-06,
                8.49220270993e-07,
                5.85838108691e-07,
                6.30733552498e-07,
                4.08798342733e-07,
                2.15869334852e-07,
                3.66230295867e-07,
                3.22933544794e-07,
                4.14255765691e-07,
                5.32957528776e-07,
                6.37601601738e-07,
                5.69219707813e-07,
                2.57841634266e-07,
                7.30184481768e-08,
                7.44222061755e-09
            ]
        },
        "barkbands_crest": {
            "dmean": 2.8748152256,
            "dmean2": 4.18232679367,
            "dvar": 9.70484542847,
            "dvar2": 18.4019699097,
            "max": 26.798664093,
            "mean": 14.7658510208,
            "median": 14.4987468719,
            "min": 2.54941391945,
            "var": 45.1641616821
        },
        "barkbands_flatness_db": {
            "dmean": 0.030705396086,
            "dmean2": 0.0414077080786,
            "dvar": 0.00133488373831,
            "dvar2": 0.00224808300845,
            "max": 0.692767322063,
            "mean": 0.184433028102,
            "median": 0.170704692602,
            "min": 0.0204318780452,
            "var": 0.00843479856849
        },
        "barkbands_kurtosis": {
            "dmean": 11.3014469147,
            "dmean2": 17.2392501831,
            "dvar": 2740.23413086,
            "dvar2": 6726.79833984,
            "max": 2442.02587891,
            "mean": 15.2641582489,
            "median": 3.09507536888,
            "min": -1.95194351673,
            "var": 4040.90869141
        },
        "barkbands_skewness": {
            "dmean": 0.983047306538,
            "dmean2": 1.37479650974,
            "dvar": 2.15335130692,
            "dvar2": 4.14518547058,
            "max": 41.4495162964,
            "mean": 2.31557416916,
            "median": 1.67761492729,
            "min": -6.55418777466,
            "var": 7.22829389572
        },
        "barkbands_spread": {
            "dmean": 7.44481801987,
            "dmean2": 10.8078069687,
            "dvar": 107.803741455,
            "dvar2": 209.881103516,
            "max": 116.450515747,
            "mean": 21.0400848389,
            "median": 17.184387207,
            "min": 0.0378753133118,
            "var": 279.372528076
        },
        "dissonance": {
            "dmean": 0.0271360240877,
            "dmean2": 0.0444208532572,
            "dvar": 0.000828492280561,
            "dvar2": 0.00206386414357,
            "max": 0.500000059605,
            "mean": 0.445209443569,
            "median": 0.458156555891,
            "min": 0.0865006074309,
            "var": 0.0022633629851
        },
        "dynamic_complexity": 4.23560476303,
        "erbbands": {
            "dmean": [
                0.250150442123,
                1.28545439243,
                2.37895965576,
                5.26477098465,
                3.77022910118,
                3.29631900787,
                2.9684882164,
                6.24420642853,
                6.89784908295,
                7.84155988693,
                15.5377845764,
                15.1632032394,
                20.1238975525,
                17.5713939667,
                22.1362514496,
                17.805896759,
                18.5275421143,
                15.4660053253,
                14.4859104156,
                14.7209882736,
                13.6536979675,
                12.0789518356,
                10.0864210129,
                8.49791526794,
                11.3575029373,
                8.1504983902,
                5.81572151184,
                6.54509878159,
                5.96395111084,
                7.22653102875,
                5.12583494186,
                3.827927351,
                2.88150286674,
                1.54881262779,
                0.853867828846,
                0.34251999855,
                0.106663510203,
                0.0205670204014,
                0.00267882831395,
                0.000149406958371
            ],
            "dmean2": [
                0.342642873526,
                1.62057650089,
                3.88992786407,
                9.29442214966,
                6.73447275162,
                5.79797029495,
                5.06868600845,
                9.79575252533,
                10.8943748474,
                12.5226259232,
                24.2493343353,
                23.1269855499,
                30.0185260773,
                26.4638652802,
                32.9813270569,
                26.2264175415,
                28.6288414001,
                23.7373714447,
                22.0730800629,
                21.8644790649,
                19.8127841949,
                17.3201141357,
                14.5764961243,
                12.6338100433,
                16.4131603241,
                11.3887872696,
                8.7967376709,
                9.28053951263,
                7.94645500183,
                10.4530096054,
                7.11629581451,
                5.33188438416,
                4.08522796631,
                2.22444653511,
                1.22174942493,
                0.485000610352,
                0.154545202851,
                0.0297774281353,
                0.00363896787167,
                0.000208029930945
            ],
            "dvar": [
                0.687456250191,
                16.7839393616,
                129.094665527,
                755.258178711,
                303.048858643,
                151.671066284,
                90.9482269287,
                191.280685425,
                361.504699707,
                405.208312988,
                1672.41259766,
                1099.49682617,
                2007.37414551,
                1828.85961914,
                5501.42626953,
                2805.53295898,
                3267.12670898,
                1300.76635742,
                1143.609375,
                1035.04541016,
                955.143676758,
                650.344482422,
                396.356994629,
                302.705627441,
                631.165771484,
                433.694732666,
                413.981323242,
                551.61126709,
                374.854064941,
                577.58972168,
                272.645355225,
                141.160140991,
                67.7235717773,
                19.3159427643,
                6.7623000145,
                1.15069067478,
                0.123686283827,
                0.00607634708285,
                0.000108026550151,
                3.37120042104e-07
            ],
            "dvar2": [
                1.13930797577,
                25.5106201172,
                329.175476074,
                2037.32397461,
                872.718444824,
                434.371582031,
                245.35118103,
                438.958862305,
                862.408203125,
                999.003723145,
                4150.91503906,
                2644.59912109,
                4613.46777344,
                3804.60717773,
                12712.8935547,
                5086.30224609,
                7595.35351563,
                2726.55737305,
                2676.27294922,
                2143.11035156,
                1933.80712891,
                1385.48596191,
                773.044433594,
                652.092224121,
                1233.16418457,
                783.410949707,
                938.894226074,
                1203.46264648,
                606.174316406,
                1304.88598633,
                557.354614258,
                226.09526062,
                121.527412415,
                35.7889938354,
                11.8624343872,
                2.16600751877,
                0.22178080678,
                0.0111243259162,
                0.000161557996762,
                5.38961785423e-07
            ],
            "max": [
                8.28359699249,
                51.9023666382,
                138.114547729,
                323.703796387,
                208.655975342,
                159.800506592,
                140.64213562,
                248.126495361,
                494.098846436,
                551.136535645,
                846.815856934,
                832.200073242,
                688.847412109,
                776.235168457,
                1167.87939453,
                699.713867188,
                836.983764648,
                444.252685547,
                832.991638184,
                486.105285645,
                717.171936035,
                552.628662109,
                320.428283691,
                269.867858887,
                439.00012207,
                294.816833496,
                266.725921631,
                332.003143311,
                271.867340088,
                373.395965576,
                286.170562744,
                207.206451416,
                245.488571167,
                89.0233154297,
                45.9518356323,
                18.577167511,
                6.31220912933,
                1.14069581032,
                0.164366796613,
                0.0102133732289
            ],
            "mean": [
                0.587447047234,
                3.77922582626,
                3.0129301548,
                4.07697582245,
                3.27396965027,
                3.29462361336,
                3.43648886681,
                9.47189712524,
                9.68157672882,
                10.270280838,
                19.8257350922,
                29.1696987152,
                35.1758956909,
                26.3291492462,
                24.931596756,
                21.7158660889,
                22.257932663,
                21.2617015839,
                19.5559482574,
                19.7330932617,
                19.8191566467,
                17.867275238,
                14.49913311,
                12.7886238098,
                17.4189987183,
                10.8968772888,
                7.18593549728,
                7.46294689178,
                7.73126029968,
                9.01894664764,
                6.80513334274,
                5.58737802505,
                4.24105834961,
                2.28049945831,
                1.23951542377,
                0.469159781933,
                0.148819610476,
                0.029060088098,
                0.00383600010537,
                0.000242895839619
            ],
            "median": [
                0.0980611070991,
                0.965801775455,
                0.899841070175,
                0.37352925539,
                0.550200462341,
                0.443082392216,
                0.654991388321,
                2.79488420486,
                3.10756874084,
                3.79234027863,
                5.09290885925,
                8.57865715027,
                10.2084770203,
                4.62961244583,
                3.58115386963,
                3.05855894089,
                3.52740764618,
                4.28807926178,
                3.59463500977,
                3.51675963402,
                4.12345981598,
                3.70951223373,
                4.00769376755,
                4.07749032974,
                3.79091215134,
                1.7083170414,
                0.737830162048,
                0.465983092785,
                0.564442873001,
                0.769760787487,
                0.73600769043,
                0.516885578632,
                0.504913449287,
                0.299695670605,
                0.140194132924,
                0.056184168905,
                0.0193629339337,
                0.0022217608057,
                0.000231104742852,
                4.5745207899e-05
            ],
            "min": [
                2.0548190799e-22,
                1.4227083454e-21,
                2.3194269584e-21,
                8.04903523902e-21,
                1.04563973934e-20,
                7.45205269015e-20,
                5.86656329833e-20,
                1.4095323074e-19,
                2.05762069177e-19,
                2.10366259864e-19,
                2.32464868142e-19,
                5.836423034e-19,
                7.57678467643e-19,
                7.33873812276e-19,
                6.89764871401e-19,
                1.84540148271e-18,
                2.24373072027e-18,
                1.43839946321e-18,
                2.04812442569e-18,
                2.43474698964e-18,
                4.53710096269e-18,
                6.46073553338e-18,
                6.36317785193e-18,
                6.61270722347e-18,
                9.24838051979e-18,
                8.09125741323e-18,
                8.88410258573e-18,
                1.15278115281e-17,
                1.26164366353e-17,
                1.35986879702e-17,
                1.29430050596e-17,
                1.11838872002e-17,
                1.1385533154e-17,
                1.03892354653e-17,
                7.51689214719e-18,
                4.43075407365e-18,
                2.29520844454e-18,
                1.0535843923e-18,
                2.48017311224e-19,
                3.21727472544e-20
            ],
            "var": [
                1.47226035595,
                41.8373527527,
                112.387069702,
                500.216796875,
                182.153442383,
                110.001014709,
                94.10987854,
                330.446563721,
                464.776794434,
                445.537384033,
                1935.81774902,
                2760.4675293,
                4339.60986328,
                3535.71630859,
                6076.36572266,
                4070.70068359,
                3740.91796875,
                2081.33789063,
                1546.30322266,
                1550.9230957,
                1728.7265625,
                1322.22924805,
                741.522888184,
                516.121337891,
                1214.48266602,
                745.28503418,
                551.742370605,
                714.758300781,
                671.350524902,
                758.79296875,
                435.834503174,
                291.52130127,
                136.168930054,
                36.2298736572,
                12.7970323563,
                1.98593854904,
                0.213986858726,
                0.0105602629483,
                0.000211587670492,
                6.60759610582e-07
            ]
        },
        "erbbands_crest": {
            "dmean": 3.14492583275,
            "dmean2": 5.03151655197,
            "dvar": 8.54463577271,
            "dvar2": 20.5527057648,
            "max": 30.0134029388,
            "mean": 10.4118337631,
            "median": 9.2805891037,
            "min": 2.24310421944,
            "var": 23.4098186493
        },
        "erbbands_flatness_db": {
            "dmean": 0.0218888781965,
            "dmean2": 0.0324971228838,
            "dvar": 0.000488236430101,
            "dvar2": 0.00101104006171,
            "max": 0.509923279285,
            "mean": 0.169397503138,
            "median": 0.162996128201,
            "min": 0.0330943763256,
            "var": 0.0035287369974
        },
        "erbbands_kurtosis": {
            "dmean": 1.47755420208,
            "dmean2": 2.32509207726,
            "dvar": 5.11311340332,
            "dvar2": 11.5663576126,
            "max": 54.5911712646,
            "mean": 1.2695775032,
            "median": 0.344919353724,
            "min": -1.87075185776,
            "var": 10.142449379
        },
        "erbbands_skewness": {
            "dmean": 0.50498175621,
            "dmean2": 0.746415674686,
            "dvar": 0.263996243477,
            "dvar2": 0.547965824604,
            "max": 5.01438188553,
            "mean": 0.346085339785,
            "median": 0.343786895275,
            "min": -5.27178812027,
            "var": 0.93402838707
        },
        "erbbands_spread": {
            "dmean": 10.3495397568,
            "dmean2": 15.8223333359,
            "dvar": 169.960769653,
            "dvar2": 397.928070068,
            "max": 199.510467529,
            "mean": 37.4302444458,
            "median": 33.0400772095,
            "min": 2.36574435234,
            "var": 452.83404541
        },
        "gfcc": {
            "cov": [
                [
                    19342.5800781,
                    -1661.09875488,
                    -545.97668457,
                    939.428283691,
                    -156.991851807,
                    511.804748535,
                    -563.114318848,
                    308.818481445,
                    -112.259658813,
                    -143.020782471,
                    -531.3125,
                    -12.5234136581,
                    0.963727116585
                ],
                [
                    -1661.09875488,
                    2509.63745117,
                    452.242248535,
                    169.039627075,
                    634.05279541,
                    -91.736656189,
                    248.980484009,
                    144.555587769,
                    61.7791519165,
                    10.0897541046,
                    273.597625732,
                    -61.1829605103,
                    38.8832473755
                ],
                [
                    -545.97668457,
                    452.242248535,
                    1703.03210449,
                    565.712097168,
                    288.959197998,
                    503.306488037,
                    280.44241333,
                    170.737075806,
                    209.727371216,
                    105.906990051,
                    63.0260124207,
                    134.474258423,
                    107.642997742
                ],
                [
                    939.428283691,
                    169.039627075,
                    565.712097168,
                    892.617614746,
                    276.573760986,
                    130.329879761,
                    96.0300064087,
                    140.738220215,
                    112.829017639,
                    53.5777015686,
                    46.3363685608,
                    27.3082523346,
                    120.058654785
                ],
                [
                    -156.991851807,
                    634.05279541,
                    288.959197998,
                    276.573760986,
                    645.756225586,
                    252.013305664,
                    269.597076416,
                    153.894378662,
                    150.866577148,
                    60.8177337646,
                    101.371353149,
                    -8.92607784271,
                    17.9217834473
                ],
                [
                    511.804748535,
                    -91.736656189,
                    503.306488037,
                    130.329879761,
                    252.013305664,
                    657.855407715,
                    356.162628174,
                    66.9553375244,
                    192.450042725,
                    97.3658905029,
                    -34.9361457825,
                    46.7478599548,
                    -20.9033222198
                ],
                [
                    -563.114318848,
                    248.980484009,
                    280.44241333,
                    96.0300064087,
                    269.597076416,
                    356.162628174,
                    565.781616211,
                    146.908294678,
                    144.138809204,
                    126.533439636,
                    76.5427322388,
                    54.6913528442,
                    -7.37146711349
                ],
                [
                    308.818481445,
                    144.555587769,
                    170.737075806,
                    140.738220215,
                    153.894378662,
                    66.9553375244,
                    146.908294678,
                    379.718719482,
                    170.265731812,
                    61.4753608704,
                    76.4340133667,
                    23.3351078033,
                    95.5135345459
                ],
                [
                    -112.259658813,
                    61.7791519165,
                    209.727371216,
                    112.829017639,
                    150.866577148,
                    192.450042725,
                    144.138809204,
                    170.265731812,
                    342.854034424,
                    91.6855392456,
                    -22.2993240356,
                    24.7302455902,
                    39.0699729919
                ],
                [
                    -143.020782471,
                    10.0897541046,
                    105.906990051,
                    53.5777015686,
                    60.8177337646,
                    97.3658905029,
                    126.533439636,
                    61.4753608704,
                    91.6855392456,
                    173.240310669,
                    61.6635360718,
                    41.3704872131,
                    36.8269882202
                ],
                [
                    -531.3125,
                    273.597625732,
                    63.0260124207,
                    46.3363685608,
                    101.371353149,
                    -34.9361457825,
                    76.5427322388,
                    76.4340133667,
                    -22.2993240356,
                    61.6635360718,
                    243.758026123,
                    57.107334137,
                    43.8098297119
                ],
                [
                    -12.5234136581,
                    -61.1829605103,
                    134.474258423,
                    27.3082523346,
                    -8.92607784271,
                    46.7478599548,
                    54.6913528442,
                    23.3351078033,
                    24.7302455902,
                    41.3704872131,
                    57.107334137,
                    141.778305054,
                    49.3928871155
                ],
                [
                    0.963727116585,
                    38.8832473755,
                    107.642997742,
                    120.058654785,
                    17.9217834473,
                    -20.9033222198,
                    -7.37146711349,
                    95.5135345459,
                    39.0699729919,
                    36.8269882202,
                    43.8098297119,
                    49.3928871155,
                    191.799911499
                ]
            ],
            "icov": [
                [
                    8.70466174092e-05,
                    -1.76928988367e-05,
                    0.000128557512653,
                    -0.000170204759343,
                    4.44666620751e-05,
                    -0.00027198396856,
                    0.000226779069635,
                    -0.0002598077117,
                    0.000205663935049,
                    -5.42127781955e-05,
                    0.000218339759158,
                    -0.000187203797395,
                    0.000108692343929
                ],
                [
                    -1.76928988367e-05,
                    0.000782633025665,
                    -0.000380061741453,
                    0.000284336420009,
                    -0.000790428777691,
                    0.000785978510976,
                    -0.000420567695983,
                    0.000311788229737,
                    -0.000242056485149,
                    0.000342523737345,
                    -0.000638117606286,
                    0.000708830077201,
                    -0.000188411897398
                ],
                [
                    0.000128557512653,
                    -0.000380061741453,
                    0.0013559878571,
                    -0.000868935021572,
                    0.000468972953968,
                    -0.00143682735506,
                    0.000598222832195,
                    -0.000595201563556,
                    0.000331307790475,
                    -9.28050867515e-05,
                    0.000418163748691,
                    -0.00114462873898,
                    0.000127869614516
                ],
                [
                    -0.000170204759343,
                    0.000284336420009,
                    -0.000868935021572,
                    0.00209621316753,
                    -0.000941708392929,
                    0.000993463560008,
                    -0.000459745613625,
                    0.000503496907186,
                    -0.000453602406196,
                    5.86800633755e-05,
                    -0.000411621760577,
                    0.000807028089184,
                    -0.000986073398963
                ],
                [
                    4.44666620751e-05,
                    -0.000790428777691,
                    0.000468972953968,
                    -0.000941708392929,
                    0.00346103799529,
                    -0.00148139195517,
                    -0.000177369249286,
                    -0.00053417152958,
                    -0.000351673283149,
                    0.000275504629826,
                    -0.000637490302324,
                    0.000386430328945,
                    0.000325467437506
                ],
                [
                    -0.00027198396856,
                    0.000785978510976,
                    -0.00143682735506,
                    0.000993463560008,
                    -0.00148139195517,
                    0.00494160410017,
                    -0.00257569923997,
                    0.00158572487999,
                    -0.00155106140301,
                    1.61998752901e-06,
                    3.22901832988e-05,
                    0.0007807854563,
                    -7.79360707384e-05
                ],
                [
                    0.000226779069635,
                    -0.000420567695983,
                    0.000598222832195,
                    -0.000459745613625,
                    -0.000177369249286,
                    -0.00257569923997,
                    0.00433983420953,
                    -0.00171563832555,
                    0.000905088149011,
                    -0.00158645329066,
                    0.000390204921132,
                    -0.00146462605335,
                    0.00120147073176
                ],
                [
                    -0.0002598077117,
                    0.000311788229737,
                    -0.000595201563556,
                    0.000503496907186,
                    -0.00053417152958,
                    0.00158572487999,
                    -0.00171563832555,
                    0.00534423440695,
                    -0.00277215102687,
                    0.000882766384166,
                    -0.00201412080787,
                    0.00157279812265,
                    -0.00209736591205
                ],
                [
                    0.000205663935049,
                    -0.000242056485149,
                    0.000331307790475,
                    -0.000453602406196,
                    -0.000351673283149,
                    -0.00155106140301,
                    0.000905088149011,
                    -0.00277215102687,
                    0.00583525886759,
                    -0.0023602489382,
                    0.00257292762399,
                    -0.00122792390175,
                    0.000418187642936
                ],
                [
                    -5.42127781955e-05,
                    0.000342523737345,
                    -9.28050867515e-05,
                    5.86800633755e-05,
                    0.000275504629826,
                    1.61998752901e-06,
                    -0.00158645329066,
                    0.000882766384166,
                    -0.0023602489382,
                    0.00894282013178,
                    -0.00264127622359,
                    -8.89074726729e-06,
                    -0.00121066265274
                ],
                [
                    0.000218339759158,
                    -0.000638117606286,
                    0.000418163748691,
                    -0.000411621760577,
                    -0.000637490302324,
                    3.22901832988e-05,
                    0.000390204921132,
                    -0.00201412080787,
                    0.00257292762399,
                    -0.00264127622359,
                    0.00766767654568,
                    -0.00332099036314,
                    0.000319186190609
                ],
                [
                    -0.000187203797395,
                    0.000708830077201,
                    -0.00114462873898,
                    0.000807028089184,
                    0.000386430328945,
                    0.0007807854563,
                    -0.00146462605335,
                    0.00157279812265,
                    -0.00122792390175,
                    -8.89074726729e-06,
                    -0.00332099036314,
                    0.0107940174639,
                    -0.00256537343375
                ],
                [
                    0.000108692343929,
                    -0.000188411897398,
                    0.000127869614516,
                    -0.000986073398963,
                    0.000325467437506,
                    -7.79360707384e-05,
                    0.00120147073176,
                    -0.00209736591205,
                    0.000418187642936,
                    -0.00121066265274,
                    0.000319186190609,
                    -0.00256537343375,
                    0.00758362840861
                ]
            ],
            "mean": [
                -51.9357032776,
                69.643951416,
                -104.847755432,
                16.1208496094,
                -50.4046554565,
                18.8479938507,
                -28.248046875,
                26.2487487793,
                -14.0875062943,
                5.05377531052,
                -8.77769565582,
                0.521055936813,
                -11.6823062897
            ]
        },
        "hfc": {
            "dmean": 11.0979757309,
            "dmean2": 15.1853723526,
            "dvar": 787.018188477,
            "dvar2": 1281.62255859,
            "max": 409.801147461,
            "mean": 21.9785919189,
            "median": 11.8432378769,
            "min": 1.11582455938e-16,
            "var": 1588.12451172
        },
        "melbands": {
            "dmean": [
                0.00195504305884,
                0.00110937841237,
                0.0008269235841,
                0.000243844959186,
                0.000112495268695,
                0.000135112248245,
                0.000102360987512,
                0.000103832309833,
                0.00012330278696,
                0.000107113766717,
                0.000104265833215,
                7.52913038014e-05,
                6.48855057079e-05,
                7.14180641808e-05,
                3.85399725928e-05,
                4.13568523072e-05,
                2.79830419458e-05,
                2.51398341788e-05,
                2.39170203713e-05,
                1.99633250304e-05,
                1.58631828526e-05,
                1.31647657327e-05,
                1.11507542897e-05,
                7.67037181504e-06,
                7.15632722859e-06,
                9.01979819901e-06,
                7.97764096205e-06,
