{
    "lowlevel": {
        "average_loudness": 0.824978709221,
        "barkbands": {
            "dmean": [
                0.000518005283084,
                0.00855144299567,
                0.00275514065288,
                0.00169971422292,
                0.00241756858304,
                0.000822091824375,
                0.000989297055639,
                0.000519751396496,
                0.00138019898441,
                0.00107913301326,
                0.000723044853657,
                0.000433501554653,
                0.000500639318489,
                0.000267410825472,
                0.00036759590148,
                0.00020109518664,
                0.000106545296148,
                0.000157859321916,
                9.97869719868e-05,
                0.000124152837088,
                0.000199821151909,
                0.000253553385846,
                0.00021425318846,
                0.000102126563434,
                2.01060920517e-05,
                1.21855777024e-07,
                2.45016479994e-07
            ],
            "dmean2": [
                0.000847926246934,
                0.0139349279925,
                0.00483676791191,
                0.00305631873198,
                0.00424869172275,
                0.00129829719663,
                0.00160060997587,
                0.000816312327515,
                0.00202541425824,
                0.00155979278497,
                0.00113201735076,
                0.000711863453034,
                0.000770698883571,
                0.000397405965487,
                0.00055800616974,
                0.000310903153149,
                0.000163437929587,
                0.000247046526056,
                0.000153114160639,
                0.000192903651623,
                0.000290981784929,
                0.000385693565477,
                0.000308601214783,
                0.000148564198753,
                2.94603632938e-05,
                1.95105911871e-07,
                3.39897525237e-07
            ],
            "dvar": [
                1.27810119466e-06,
                0.000370015535736,
                8.26677351142e-05,
                2.99129224004e-05,
                5.65849986742e-05,
                4.89049398311e-06,
                6.47246952212e-06,
                3.44665409102e-06,
                1.43623237818e-05,
                1.01174518932e-05,
                3.17668946082e-06,
                2.21565255742e-06,
                1.27727400923e-06,
                1.09804420845e-06,
                1.65946073594e-06,
                2.88518549496e-07,
                7.16461272532e-08,
                8.57553601463e-08,
                4.34478835132e-08,
                6.06173955475e-08,
                1.19219038197e-07,
                2.73111766091e-07,
                1.91872189248e-07,
                4.11606713158e-08,
                1.68870162298e-09,
                3.25029413106e-11,
                1.61285998446e-10
            ],
            "dvar2": [
                3.08178869091e-06,
                0.000937421573326,
                0.000231081445236,
                8.57001941768e-05,
                0.000158153066877,
                1.19197275126e-05,
                1.67815924215e-05,
                8.10202527646e-06,
                3.14271455863e-05,
                2.15774125536e-05,
                7.34007016945e-06,
                5.73431907469e-06,
                2.98834902424e-06,
                2.37499557443e-06,
                3.74100977751e-06,
                5.83812777677e-07,
                1.39961571222e-07,
                1.8756547604e-07,
                9.22097669331e-08,
                1.34645333105e-07,
                2.46890607514e-07,
                5.91295531649e-07,
                3.69983951032e-07,
                8.59184297042e-08,
                3.62858254555e-09,
                5.33284041926e-11,
                2.67218913663e-10
            ],
            "max": [
                0.0175379551947,
                0.179921135306,
                0.0977471321821,
                0.0596228092909,
                0.115503586829,
                0.0513815134764,
                0.0610465630889,
                0.0465012863278,
                0.0711978301406,
                0.0767036750913,
                0.0470459535718,
                0.0380882658064,
                0.0266017634422,
                0.0333865247667,
                0.0367164202034,
                0.0196593981236,
                0.0118744010106,
                0.00826992373914,
                0.00523304380476,
                0.00569437164813,
                0.00657718768343,
                0.010159839876,
                0.011928669177,
                0.00793704204261,
                0.000781433540396,
                0.000517909007613,
                0.00124032585882
            ],
            "mean": [
                0.00129502068739,
                0.0187529176474,
                0.00255419895984,
                0.00148853438441,
                0.00256262696348,
                0.00124305929057,
                0.00170501845423,
                0.000828883028589,
                0.00259615504183,
                0.002405178966,
                0.00136892299633,
                0.000652410788462,
                0.00104891776573,
                0.00039383902913,
                0.000630473194178,
                0.000342053215718,
                0.000199896167032,
                0.000290656229481,
                0.000154378954903,
                0.000184985052329,
                0.0003033511166,
                0.000398984353524,
                0.000400486809667,
                0.000185594966752,
                3.29381146003e-05,
                1.39603642424e-07,
                2.65396096211e-07
            ],
            "median": [
                8.29607233754e-05,
                0.00136569654569,
                0.000342387822457,
                0.00035503070103,
                0.00058586418163,
                0.000361733487807,
                0.000804665731266,
                0.000216507673031,
                0.000549505348317,
                0.000292995944619,
                0.00020395455067,
                0.000115735689178,
                0.000215329870116,
                5.19179302501e-05,
                0.000106788298581,
                0.000110656328616,
                7.15724891052e-05,
                0.000143771481817,
                6.93763140589e-05,
                7.53077183617e-05,
                9.73629284999e-05,
                0.000109268868982,
                0.000127744235215,
                4.95804779348e-05,
                9.78886964731e-06,
                3.80762699148e-10,
                4.21818358021e-10
            ],
            "min": [
                3.21419896718e-25,
                1.63062814756e-24,
                7.68652408893e-25,
                1.01416184773e-24,
                1.65432761963e-23,
                1.29262621712e-23,
                6.71466885155e-24,
                8.36036207303e-24,
                1.40153446043e-23,
                2.60268499806e-23,
                1.35094512612e-23,
                3.77655199243e-23,
                2.03433927262e-23,
                2.01585925928e-23,
                5.11219605689e-23,
                5.43754438231e-23,
                6.65197681323e-23,
                6.25780258265e-23,
                1.16901095596e-22,
                1.32401884218e-22,
                2.2269149555e-22,
                3.48031345483e-22,
                4.19943754142e-22,
                5.83071354099e-22,
                9.53609595406e-22,
                1.27114193746e-21,
                1.85551131485e-21
            ],
            "var": [
                7.4454951573e-06,
                0.000823284382932,
                6.08123737038e-05,
                1.97377939912e-05,
                4.48806094937e-05,
                7.52653886593e-06,
                9.35289608606e-06,
                5.89770525039e-06,
                4.09212516388e-05,
                3.96113900933e-05,
                1.11938852569e-05,
                2.85473015538e-06,
                4.27794429925e-06,
                2.57441979556e-06,
                3.55208726432e-06,
                7.11463826519e-07,
                2.16994877178e-07,
                2.37774756329e-07,
                7.96656749458e-08,
                1.0908179604e-07,
                2.38655900375e-07,
                5.80077880841e-07,
                5.74348177906e-07,
                1.46382078015e-07,
                4.0646357391e-09,
                4.86514682707e-11,
                2.31531224748e-10
            ]
        },
        "barkbands_crest": {
            "dmean": 2.7716729641,
            "dmean2": 4.44557905197,
            "dvar": 7.81441116333,
            "dvar2": 19.4270839691,
            "max": 26.4312133789,
            "mean": 12.7401475906,
            "median": 12.0280952454,
            "min": 2.17927742004,
            "var": 27.8472652435
        },
        "barkbands_flatness_db": {
            "dmean": 0.0241961218417,
            "dmean2": 0.0378947928548,
            "dvar": 0.000557047198527,
            "dvar2": 0.00129740929697,
            "max": 0.495301663876,
            "mean": 0.197843655944,
            "median": 0.192143380642,
            "min": 0.047441855073,
            "var": 0.00293091405183
        },
        "barkbands_kurtosis": {
            "dmean": 4.56492900848,
            "dmean2": 7.26150035858,
            "dvar": 150.951034546,
            "dvar2": 375.557373047,
            "max": 425.298950195,
            "mean": 6.07864189148,
            "median": 2.24403071404,
            "min": -1.91100847721,
            "var": 227.219787598
        },
        "barkbands_skewness": {
            "dmean": 0.666465342045,
            "dmean2": 1.00952517986,
            "dvar": 0.655480921268,
            "dvar2": 1.44168353081,
            "max": 18.2629909515,
            "mean": 1.52984631062,
            "median": 1.38841032982,
            "min": -4.33583116531,
            "var": 2.88417196274
        },
        "barkbands_spread": {
            "dmean": 6.46198606491,
            "dmean2": 9.84526252747,
            "dvar": 70.0373535156,
            "dvar2": 150.703933716,
            "max": 98.5091171265,
            "mean": 23.2936038971,
            "median": 18.2933654785,
            "min": 0.21141064167,
            "var": 328.380645752
        },
        "dissonance": {
            "dmean": 0.0241905581206,
            "dmean2": 0.0401171520352,
            "dvar": 0.000555769714992,
            "dvar2": 0.00144519540481,
            "max": 0.5,
            "mean": 0.449039429426,
            "median": 0.458837687969,
            "min": 0.250736147165,
            "var": 0.00151802587789
        },
        "dynamic_complexity": 5.58076381683,
        "erbbands": {
            "dmean": [
                0.27217438817,
                1.92852246761,
                3.29817700386,
                3.93449568748,
                8.28060913086,
                7.29658460617,
                6.46646165848,
                7.39181280136,
                13.3926286697,
                13.1029853821,
                9.18081188202,
                36.1511878967,
                27.3674049377,
                31.6099967957,
                35.534488678,
                12.7387056351,
                23.653087616,
                14.5872974396,
                18.1050682068,
                13.7717866898,
                7.89556741714,
                5.34597921371,
                8.55356025696,
                5.8391456604,
                4.93093347549,
                6.06495428085,
                5.79553985596,
                10.0525817871,
                9.3310546875,
                7.61083126068,
                6.08220338821,
                3.03307890892,
                1.31480538845,
                0.422226458788,
                0.029950030148,
                0.00138003833126,
                0.000308213027893,
                0.000316375982948,
                3.99308337364e-05,
                1.5326513676e-05
            ],
            "dmean2": [
                0.439118802547,
                3.10211443901,
                5.51035928726,
                6.92521429062,
                15.0676555634,
                12.5413036346,
                10.7189817429,
                11.5852174759,
                21.2430553436,
                20.8762302399,
                14.4775972366,
                52.861240387,
                38.7212142944,
                45.4825134277,
                57.0810890198,
                19.9110736847,
                36.1303749084,
                21.4807739258,
                26.9527111053,
                20.5455150604,
                11.889585495,
                7.92866230011,
                13.3824644089,
                8.92311000824,
                7.48300218582,
                9.52312755585,
                8.48289775848,
                14.705862999,
                14.0997247696,
                11.3104782104,
                8.78478431702,
                4.3709821701,
                1.92921817303,
                0.607547283173,
                0.0438580662012,
                0.0021173118148,
                0.000440953474026,
                0.000434944202425,
                5.49589567527e-05,
                2.38034590438e-05
            ],
            "dvar": [
                0.472097277641,
                19.6744880676,
                99.7761383057,
                160.974807739,
                800.632263184,
                463.399719238,
                273.879425049,
                475.118377686,
                1246.52148438,
                1433.63867188,
                1055.91015625,
                11193.1445312,
                7616.60839844,
                9271.05859375,
                7235.03271484,
                2973.3684082,
                2761.69311523,
                2549.55102539,
                4188.02441406,
                3229.27514648,
                440.894836426,
                168.913208008,
                265.610961914,
                129.228469849,
                122.719795227,
                139.360473633,
                111.702903748,
                314.468048096,
                378.122039795,
                242.235794067,
                164.862121582,
                39.0379295349,
                7.08855247498,
                0.689257800579,
                0.00901492126286,
                0.000711165484972,
                0.000111393514089,
                0.000244046081207,
                2.62944513452e-06,
                1.15345544227e-09
            ],
            "dvar2": [
                1.23376429081,
                47.9214324951,
                269.374816895,
                449.312164307,
                2284.04248047,
                1257.76367188,
                683.291259766,
                1162.65393066,
                3162.90405273,
                3536.49072266,
                2469.41162109,
                24234.8515625,
                15399.5869141,
                19921.3203125,
                18985.3769531,
                7177.47851562,
                6480.67724609,
                5421.04638672,
                9725.04492188,
                6712.45605469,
                859.461486816,
                318.017242432,
                581.754394531,
                273.114257812,
                256.551544189,
                317.814880371,
                227.23828125,
                656.394897461,
                825.242492676,
                523.185852051,
                331.751800537,
                82.5473098755,
                15.8070335388,
                1.43349802494,
                0.0183842610568,
                0.00128164794296,
                0.000186874749488,
                0.000426757585956,
                4.23242818215e-06,
                2.28272778457e-09
            ],
            "max": [
                8.23250102997,
                42.8306808472,
                102.827056885,
                146.829391479,
                291.910797119,
                392.753295898,
                255.223190308,
                607.656677246,
                900.809265137,
                939.455688477,
                997.926452637,
                2113.55175781,
                2454.28173828,
                3319.44995117,
                2379.41870117,
                1765.04199219,
                1161.81970215,
                1766.77038574,
                2218.48876953,
                2177.04101562,
                1226.27575684,
                625.833862305,
                528.1640625,
                239.427062988,
                283.100524902,
                232.577972412,
                252.288345337,
                392.18737793,
                365.042114258,
                312.400909424,
                336.386779785,
                248.412857056,
                58.7355499268,
                14.7332115173,
                6.28604888916,
                2.25835227966,
                1.0392639637,
                1.52571427822,
                0.160822987556,
                0.00243353052065
            ],
            "mean": [
                0.659414291382,
                3.65492367744,
                4.05051088333,
                3.74785161018,
                7.11414051056,
                8.58198642731,
                7.74250411987,
                12.2715492249,
                25.215795517,
                22.8896808624,
                14.5961513519,
                71.484336853,
                58.8102264404,
                72.6424026489,
                68.6405105591,
                24.4016780853,
                50.952419281,
                26.9752025604,
                33.3788299561,
                24.2085285187,
                16.2055416107,
                11.059794426,
                16.1003723145,
                10.5157709122,
                7.66154193878,
                8.98354530334,
                9.01718521118,
                15.4955301285,
                14.3384180069,
                13.3988389969,
                11.0185642242,
                5.30151224136,
                2.37053394318,
                0.743956267834,
                0.0491911359131,
                0.00212811050005,
                0.000407434388762,
                0.000351682479959,
                6.21047802269e-05,
                5.13664635946e-05
            ],
            "median": [
                0.029790295288,
                0.344110697508,
                0.599388599396,
                1.01867997646,
                1.57245659828,
                1.8696937561,
                2.07868623734,
                4.126932621,
                11.5886631012,
                9.26679229736,
                4.63719940186,
                16.1462059021,
                12.3677616119,
                12.8179244995,
                13.340303421,
                6.94737529755,
                11.3571720123,
                6.51928806305,
                6.69243001938,
                6.13872718811,
                5.98207330704,
                4.7884311676,
                8.29487037659,
                4.84887266159,
                3.51873707771,
                3.76291465759,
                3.33894848824,
                4.55616760254,
                4.03732585907,
                4.47820234299,
                3.33044505119,
                1.23727524281,
                0.710411071777,
                0.241395130754,
                0.0148827554658,
                0.000547959003597,
                7.09067680873e-05,
                1.63930089911e-05,
                2.52256068052e-05,
                4.22599259764e-05
            ],
            "min": [
                9.96117573543e-23,
                6.80208480038e-22,
                1.11496757209e-21,
                4.20873373076e-21,
                1.13721146043e-20,
                4.58790847679e-20,
                5.49417046396e-20,
                1.21657071603e-19,
                1.03487661708e-19,
                3.05438095546e-19,
                2.43930366914e-19,
                3.74746085657e-19,
                8.11947047597e-19,
                8.81291976492e-19,
                7.07884159322e-19,
                1.53775119601e-18,
                1.14732391144e-18,
                1.71035711328e-18,
                2.2264498833e-18,
                2.24214977133e-18,
                3.61629839405e-18,
                5.20616600116e-18,
                2.68433095509e-18,
                5.43715453285e-18,
                6.64175367068e-18,
                6.74778871263e-18,
                8.78934160194e-18,
                1.10370725677e-17,
                1.15169498195e-17,
                1.08363770444e-17,
                1.17635133349e-17,
                1.01443271382e-17,
                1.01196515134e-17,
                8.31444480457e-18,
                6.65759748813e-18,
                4.28479391866e-18,
                2.56874921489e-18,
                1.07522271335e-18,
                2.58627453544e-19,
                2.51230972527e-20
            ],
            "var": [
                1.24175655842,
                37.6465835571,
                93.5174255371,
                116.194923401,
                505.732635498,
                476.18170166,
                331.643249512,
                736.761779785,
                2025.37304688,
                2336.06787109,
                1629.12841797,
                33425.5507812,
                23803.0585938,
                40860.2148438,
                20867.1601562,
                4758.95947266,
                9476.3359375,
                6828.02978516,
                10107.4326172,
                6225.76074219,
                1546.80725098,
                590.58392334,
                731.110839844,
                319.263275146,
                216.867218018,
                240.514297485,
                228.242889404,
                651.310974121,
                763.299438477,
                585.943969727,
                471.382568359,
                133.929840088,
                20.0118637085,
                1.8761702776,
                0.0145421763882,
                0.000926413398702,
                0.000166722791619,
                0.000334263517288,
                3.89949627788e-06,
                2.88449575336e-09
            ]
        },
        "erbbands_crest": {
            "dmean": 2.98401999474,
            "dmean2": 4.6812415123,
            "dvar": 8.56481933594,
            "dvar2": 19.5983257294,
            "max": 32.3331069946,
            "mean": 11.5807008743,
            "median": 10.1347103119,
            "min": 2.49178767204,
            "var": 36.601764679
        },
        "erbbands_flatness_db": {
            "dmean": 0.0182351619005,
            "dmean2": 0.0266765560955,
            "dvar": 0.000319491460687,
            "dvar2": 0.000644170679152,
            "max": 0.357776761055,
            "mean": 0.197198361158,
            "median": 0.191268712282,
            "min": 0.0407010763884,
            "var": 0.00224747601897
        },
        "erbbands_kurtosis": {
            "dmean": 1.55730926991,
            "dmean2": 2.40337991714,
            "dvar": 5.24381494522,
            "dvar2": 11.876742363,
            "max": 54.8864746094,
            "mean": 1.79359400272,
            "median": 0.768769025803,
            "min": -1.80934023857,
            "var": 12.0013370514
        },
        "erbbands_skewness": {
            "dmean": 0.44513836503,
            "dmean2": 0.667327284813,
            "dvar": 0.214316889644,
            "dvar2": 0.451845735312,
            "max": 5.16063785553,
            "mean": 0.420782446861,
            "median": 0.481521368027,
            "min": -3.88551950455,
            "var": 1.25295782089
        },
        "erbbands_spread": {
            "dmean": 9.59183311462,
            "dmean2": 14.4250354767,
            "dvar": 120.841522217,
            "dvar2": 256.220367432,
            "max": 143.172134399,
            "mean": 37.2434997559,
            "median": 30.7440414429,
            "min": 2.63141512871,
            "var": 545.350097656
        },
        "gfcc": {
            "cov": [
                [
                    28114.6503906,
                    2077.4152832,
                    -3190.94482422,
                    2420.9609375,
                    -2047.27233887,
                    1767.23840332,
                    -623.538085938,
                    273.726898193,
                    205.934692383,
                    -641.240966797,
                    262.193786621,
                    -694.919921875,
                    419.034423828
                ],
                [
                    2077.4152832,
                    1825.75805664,
                    -434.189788818,
                    -164.578079224,
                    90.0791397095,
                    -9.6097869873,
                    30.2395572662,
                    -87.1743087769,
                    104.109016418,
                    -178.198059082,
                    135.741989136,
                    -159.083114624,
                    54.5027961731
                ],
                [
                    -3190.94482422,
                    -434.189788818,
                    1408.7175293,
                    64.5998840332,
                    518.312683105,
                    -87.2555770874,
                    170.833099365,
                    52.1070709229,
                    -31.4750137329,
                    127.042961121,
                    -72.3968734741,
                    160.110305786,
                    -101.662567139
                ],
                [
                    2420.9609375,
                    -164.578079224,
                    64.5998840332,
                    856.076782227,
                    -106.342781067,
                    188.983932495,
                    -66.6081848145,
                    56.2481765747,
                    0.46145015955,
                    -32.724822998,
                    -16.1772899628,
                    -62.98802948,
                    19.8878822327
                ],
                [
                    -2047.27233887,
                    90.0791397095,
                    518.312683105,
                    -106.342781067,
                    729.89239502,
                    45.7328681946,
                    294.266235352,
                    70.7732162476,
                    43.9477462769,
                    73.078742981,
                    5.91549062729,
                    138.582702637,
                    -10.9136819839
                ],
                [
                    1767.23840332,
                    -9.6097869873,
                    -87.2555770874,
                    188.983932495,
                    45.7328681946,
                    500.554656982,
                    162.094512939,
                    108.366699219,
                    82.0284347534,
                    19.1246871948,
                    61.5372276306,
                    9.1541519165,
                    71.5579452515
                ],
                [
                    -623.538085938,
                    30.2395572662,
                    170.833099365,
                    -66.6081848145,
                    294.266235352,
                    162.094512939,
                    363.338165283,
                    74.9223403931,
                    58.4720840454,
                    55.5304069519,
                    39.6515045166,
                    90.3584060669,
                    34.7478294373
                ],
                [
                    273.726898193,
                    -87.1743087769,
                    52.1070709229,
                    56.2481765747,
                    70.7732162476,
                    108.366699219,
                    74.9223403931,
                    170.111938477,
                    59.7750358582,
                    20.2072162628,
                    27.8887825012,
                    30.8204135895,
                    26.5196399689
                ],
                [
                    205.934692383,
                    104.109016418,
                    -31.4750137329,
                    0.46145015955,
                    43.9477462769,
                    82.0284347534,
                    58.4720840454,
                    59.7750358582,
                    173.459182739,
                    42.8049354553,
                    55.0737800598,
                    20.6796665192,
                    39.9920005798
                ],
                [
                    -641.240966797,
                    -178.198059082,
                    127.042961121,
                    -32.724822998,
                    73.078742981,
                    19.1246871948,
                    55.5304069519,
                    20.2072162628,
                    42.8049354553,
                    140.300567627,
                    47.581413269,
                    45.9897956848,
                    -0.885822415352
                ],
                [
                    262.193786621,
                    135.741989136,
                    -72.3968734741,
                    -16.1772899628,
                    5.91549062729,
                    61.5372276306,
                    39.6515045166,
                    27.8887825012,
                    55.0737800598,
                    47.581413269,
                    148.370788574,
                    37.9524803162,
                    27.4259357452
                ],
                [
                    -694.919921875,
                    -159.083114624,
                    160.110305786,
                    -62.98802948,
                    138.582702637,
                    9.1541519165,
                    90.3584060669,
                    30.8204135895,
                    20.6796665192,
                    45.9897956848,
                    37.9524803162,
                    150.871322632,
                    35.4007873535
                ],
                [
                    419.034423828,
                    54.5027961731,
                    -101.662567139,
                    19.8878822327,
                    -10.9136819839,
                    71.5579452515,
                    34.7478294373,
                    26.5196399689,
                    39.9920005798,
                    -0.885822415352,
                    27.4259357452,
                    35.4007873535,
                    106.088302612
                ]
            ],
            "icov": [
                [
                    0.000144115881994,
                    -0.00022937990434,
                    0.000177352238097,
                    -0.000324156979332,
                    0.000297449034406,
                    -0.000434297457105,
                    0.000145625584992,
                    -0.000246255600359,
                    0.00010928644042,
                    8.14588747744e-06,
                    0.000187845682376,
                    -0.000278234132566,
                    0.000119879776321
                ],
                [
                    -0.00022937990434,
                    0.00171769049484,
                    -0.000269591022516,
                    0.000773678882979,
                    -0.0012626752723,
                    0.000999106327072,
                    -0.000461389950942,
                    0.00137475831434,
                    -0.00110054074321,
                    0.00232889223844,
                    -0.00254742894322,
                    0.00282812165096,
                    -0.00122701120563
                ],
                [
                    0.000177352238097,
                    -0.000269591022516,
                    0.00158771395218,
                    -0.000757494242862,
                    -0.000327042740537,
                    -0.000309108872898,
                    0.000158793773153,
                    -0.000533199694473,
                    0.000311294163112,
                    -0.000881383602973,
                    0.00111411535181,
                    -0.00153146043885,
                    0.00145590514876
                ],
                [
                    -0.000324156979332,
                    0.000773678882979,
                    -0.000757494242862,
                    0.00228681974113,
                    -0.000639006844722,
                    0.000324901688145,
                    0.000135799622512,
                    0.000379986333428,
                    -0.000279825064354,
                    0.000698405085132,
                    -0.000866366724949,
                    0.00175508460961,
                    -0.000946415646467
                ],
                [
                    0.000297449034406,
                    -0.0012626752723,
                    -0.000327042740537,
                    -0.000639006844722,
                    0.00383112137206,
                    -0.000944390543737,
                    -0.00130053190514,
                    -0.00124905968551,
                    0.000384887040127,
                    -0.00109945435543,
                    0.00190439808648,
                    -0.00282084639184,
                    0.00134423829149
                ],
                [
                    -0.000434297457105,
                    0.000999106327072,
                    -0.000309108872898,
                    0.000324901688145,
                    -0.000944390543737,
                    0.00466653285548,
                    -0.00204239552841,
                    -9.38222146942e-05,
                    -0.000834077422041,
                    0.000423099903855,
                    -0.00166019739117,
                    0.00213927542791,
                    -0.00167408271227
                ],
                [
                    0.000145625584992,
                    -0.000461389950942,
                    0.000158793773153,
                    0.000135799622512,
                    -0.00130053190514,
                    -0.00204239552841,
                    0.00561888795346,
                    -0.000897316145711,
                    0.00014140647545,
                    -0.000854984624311,
                    0.000502576120198,
                    -0.00162145809736,
                    -0.000233007100178
                ],
                [
                    -0.000246255600359,
                    0.00137475831434,
                    -0.000533199694473,
                    0.000379986333428,
                    -0.00124905968551,
                    -9.38222146942e-05,
                    -0.000897316145711,
                    0.00900278240442,
                    -0.00277094985358,
                    0.00200019194745,
                    -0.00217576511204,
                    0.00149294256698,
                    -0.00121203134768
                ],
                [
                    0.00010928644042,
                    -0.00110054074321,
                    0.000311294163112,
                    -0.000279825064354,
                    0.000384887040127,
                    -0.000834077422041,
                    0.00014140647545,
                    -0.00277094985358,
                    0.00880233105272,
                    -0.00344232912175,
                    3.51090493496e-05,
                    -0.000771425256971,
                    -0.0013655575458
                ],
                [
                    8.14588747744e-06,
                    0.00232889223844,
                    -0.000881383602973,
                    0.000698405085132,
                    -0.00109945435543,
                    0.000423099903855,
                    -0.000854984624311,
                    0.00200019194745,
                    -0.00344232912175,
                    0.0140074118972,
                    -0.00659465231001,
                    0.0028198400978,
                    -0.000644134823233
                ],
                [
                    0.000187845682376,
                    -0.00254742894322,
                    0.00111411535181,
                    -0.000866366724949,
                    0.00190439808648,
                    -0.00166019739117,
                    0.000502576120198,
                    -0.00217576511204,
                    3.51090493496e-05,
                    -0.00659465231001,
                    0.0135047212243,
                    -0.00677643995732,
                    0.00219354568981
                ],
                [
                    -0.000278234132566,
                    0.00282812165096,
                    -0.00153146043885,
                    0.00175508460961,
                    -0.00282084639184,
                    0.00213927542791,
                    -0.00162145809736,
                    0.00149294256698,
                    -0.000771425256971,
                    0.0028198400978,
                    -0.00677643995732,
                    0.0164416432381,
                    -0.00714606884867
                ],
                [
                    0.000119879776321,
                    -0.00122701120563,
                    0.00145590514876,
                    -0.000946415646467,
                    0.00134423829149,
                    -0.00167408271227,
                    -0.000233007100178,
                    -0.00121203134768,
                    -0.0013655575458,
                    -0.000644134823233,
                    0.00219354568981,
                    -0.00714606884867,
                    0.0151292448863
                ]
            ],
            "mean": [
                -58.3261375427,
                112.857803345,
                -139.982879639,
                51.088344574,
                -79.9293823242,
                28.2405071259,
                -23.590259552,
                -1.5765182972,
                1.62737321854,
                -13.8533906937,
                6.87020587921,
                -11.9452266693,
                4.98193264008
            ]
        },
        "hfc": {
            "dmean": 7.31324911118,
            "dmean2": 10.4157505035,
            "dvar": 106.235572815,
            "dvar2": 200.548568726,
            "max": 162.18939209,
            "mean": 24.9779453278,
            "median": 19.9600353241,
            "min": 1.06095455915e-16,
            "var": 503.575073242
        },
        "melbands": {
            "dmean": [
                0.00238226307556,
                0.00181302591227,
                0.00083370343782,
                0.000577157363296,
                0.000239161759964,
                0.000162346637808,
                0.000208066616324,
                0.000141759592225,
                7.93716462795e-05,
                0.000241464847932,
                0.000137427166919,
                0.000135295951623,
                0.000103144564491,
                6.65250117891e-05,
                3.08089620376e-05,
                5.61579217901e-05,
                2.66135230049e-05,
                3.02346124954e-05,
                2.09402351175e-05,
                1.91361286852e-05,
                8.24264952826e-06,
                6.04218485023e-06,
                7.91078036855e-06,
                6.94919572197e-06,
                4.90575757794e-06,
                4.01661236538e-06,
