{
    "lowlevel": {
        "average_loudness": 0.824171304703,
        "barkbands": {
            "dmean": [
                0.00267568719573,
                0.0100894123316,
                0.00243126600981,
                0.00170813454315,
                0.00221781083383,
                0.00144264416303,
                0.000962800870184,
                0.00178676110227,
                0.00110041734297,
                0.000689278938808,
                0.000940176367294,
                0.000696261879057,
                0.000667996180709,
                0.00042713797302,
                0.000409077503718,
                0.000226016141823,
                0.000209743506275,
                0.000144957419252,
                0.000198727968382,
                0.000191611834452,
                0.000145993515616,
                0.000292786600767,
                0.00021509185899,
                0.000289315008558,
                0.000247233430855,
                5.27129777765e-05,
                1.17451336337e-05
            ],
            "dmean2": [
                0.00442868378013,
                0.0165611207485,
                0.00416159676388,
                0.00313634169288,
                0.00374274887145,
                0.00239778100513,
                0.00159080291633,
                0.00279201264493,
                0.00168032024521,
                0.00104697770439,
                0.00139739993028,
                0.00105464854278,
                0.001013165107,
                0.00065490975976,
                0.000622366787866,
                0.000336539465934,
                0.000315506447805,
                0.000222311733523,
                0.000301589810988,
                0.000296296930173,
                0.000225256124395,
                0.000466039346065,
                0.000364419800462,
                0.0004685712629,
                0.000408388790675,
                8.75370606082e-05,
                2.06267413887e-05
            ],
            "dvar": [
                2.36459545704e-05,
                0.000456565234344,
                5.74168079766e-05,
                5.28484488314e-05,
                3.69754779967e-05,
                1.04587688838e-05,
                5.43231317351e-06,
                1.18128164104e-05,
                4.79363370687e-06,
                2.10353005059e-06,
                6.11152700003e-06,
                2.5986134915e-06,
                2.82623227577e-06,
                1.13960527415e-06,
                1.00913109691e-06,
                3.54823583848e-07,
                1.95158506244e-07,
                1.8570980842e-07,
                2.20761194214e-07,
                2.74567042879e-07,
                1.80904876856e-07,
                5.69167866615e-07,
                2.92333254492e-07,
                5.07849335918e-07,
                3.37226168767e-07,
                1.90618738571e-08,
                1.822720197e-09
            ],
            "dvar2": [
                6.57301279716e-05,
                0.00129359844141,
                0.000163937293109,
                0.000154920315254,
                0.000102274563687,
                2.77926810668e-05,
                1.36385406222e-05,
                2.7462538128e-05,
                1.06512770799e-05,
                4.34504090663e-06,
                1.31683173095e-05,
                5.65295295019e-06,
                6.32283990853e-06,
                2.58070599557e-06,
                2.28436101679e-06,
                7.33832678179e-07,
                4.1549907337e-07,
                3.93244221186e-07,
                4.94688777053e-07,
                5.94651396568e-07,
                3.69426885527e-07,
                1.29083230149e-06,
                7.0453461376e-07,
                1.10563496492e-06,
                7.9754596527e-07,
                4.70211531933e-08,
                4.65995597665e-09
            ],
            "max": [
                0.0681751817465,
                0.218362152576,
                0.0897338539362,
                0.0848134756088,
                0.089093580842,
                0.0485962368548,
                0.0415133722126,
                0.0684542134404,
                0.0432519316673,
                0.032106295228,
                0.0523747317493,
                0.0287012420595,
                0.0390112176538,
                0.023192377761,
                0.0158984493464,
                0.0119544593617,
                0.00892519112676,
                0.00762236118317,
                0.00805860478431,
                0.00979172438383,
                0.00589477038011,
                0.014265623875,
                0.00530511280522,
                0.0148547496647,
                0.00970088038594,
                0.00169360288419,
                0.000495444517583
            ],
            "mean": [
                0.00963290780783,
                0.0248926673084,
                0.00350430607796,
                0.00173631461803,
                0.00294671254233,
                0.00210925377905,
                0.00128386716824,
                0.00296286214143,
                0.00191280490253,
                0.00128012383357,
                0.00152796099428,
                0.00103371741716,
                0.000954410526901,
                0.000548115698621,
                0.000543528061826,
                0.000290078722173,
                0.000311473209877,
                0.000171458741534,
                0.000269069132628,
                0.000235977146076,
                0.000167153993971,
                0.000352090777596,
                0.000197421541088,
                0.000307047652313,
                0.000239662316744,
                5.02483198943e-05,
                8.31090892461e-06
            ],
            "median": [
                4.42888958787e-05,
                0.00325962831266,
                0.00175255094655,
                0.000557605409995,
                0.00106381962541,
                0.000673516071402,
                0.000349540292518,
                0.00107573589776,
                0.000579437240958,
                0.000427372462582,
                0.000361407815944,
                0.000226683332585,
                0.000131711669383,
                5.54304933758e-05,
                4.32725428254e-05,
                3.92861766159e-05,
                5.82670072617e-05,
                2.78002153209e-05,
                6.31230723229e-05,
                3.41877785104e-05,
                1.4346928765e-05,
                6.42518498353e-05,
                1.3606389075e-05,
                2.65571270575e-05,
                2.21221434913e-05,
                6.46727357889e-06,
                2.82075234281e-07
            ],
            "min": [
                1.25462706341e-24,
                1.25491472154e-23,
                9.06988960359e-24,
                7.22828593175e-24,
                4.90373798496e-23,
                1.47195181359e-23,
                3.72985805327e-23,
                2.30982906447e-23,
                3.94914371444e-23,
                8.34817417204e-23,
                3.66072543898e-23,
                7.36481992618e-23,
                5.71331311538e-23,
                8.47721667001e-23,
                9.03991241588e-23,
                9.90906358403e-23,
                8.96183916763e-23,
                2.32610695681e-22,
                3.2129332793e-22,
                2.13253336488e-22,
                3.64873260752e-22,
                5.36406937272e-22,
                4.47824749105e-22,
                8.47179056916e-22,
                1.17212300592e-21,
                1.59747519043e-21,
                2.29037425887e-21
            ],
            "var": [
                0.000154659879627,
                0.00108009018004,
                4.33786335634e-05,
                3.08150119963e-05,
                3.23464228131e-05,
                1.33199528136e-05,
                7.48659795136e-06,
                2.69645661319e-05,
                1.2130117284e-05,
                5.97216012466e-06,
                1.26303675643e-05,
                5.53068002773e-06,
                5.39795382792e-06,
                1.80387712589e-06,
                1.72354543793e-06,
                5.74426110234e-07,
                3.4833598761e-07,
                2.5369857326e-07,
                3.09046043867e-07,
                3.62264131581e-07,
                2.51420487984e-07,
                7.41107555768e-07,
                2.93925978667e-07,
                7.70753956658e-07,
                4.40981466454e-07,
                2.04086774147e-08,
                1.3833713064e-09
            ]
        },
        "barkbands_crest": {
            "dmean": 2.63015007973,
            "dmean2": 4.22313022614,
            "dvar": 7.17717456818,
            "dvar2": 18.0155391693,
            "max": 26.0005741119,
            "mean": 12.1578359604,
            "median": 11.6392660141,
            "min": 2.14523863792,
            "var": 19.027589798
        },
        "barkbands_flatness_db": {
            "dmean": 0.0314022600651,
            "dmean2": 0.0468752980232,
            "dvar": 0.00128408032469,
            "dvar2": 0.00249913730659,
            "max": 0.565924406052,
            "mean": 0.220917835832,
            "median": 0.197603300214,
            "min": 0.0300580803305,
            "var": 0.00999538693577
        },
        "barkbands_kurtosis": {
            "dmean": 5.85856676102,
            "dmean2": 9.54448604584,
            "dvar": 144.30015564,
            "dvar2": 371.767089844,
            "max": 630.122741699,
            "mean": 9.14618110657,
            "median": 3.59653568268,
            "min": -1.87999045849,
            "var": 472.097229004
        },
        "barkbands_skewness": {
            "dmean": 0.745279788971,
            "dmean2": 1.16982913017,
            "dvar": 0.734379589558,
            "dvar2": 1.84946262836,
            "max": 18.8266563416,
            "mean": 1.89139580727,
            "median": 1.68209517002,
            "min": -5.64958429337,
            "var": 3.10310411453
        },
        "barkbands_spread": {
            "dmean": 6.22621107101,
            "dmean2": 9.84453582764,
            "dvar": 96.8612747192,
            "dvar2": 214.340164185,
            "max": 106.931877136,
            "mean": 15.5535125732,
            "median": 11.5029668808,
            "min": 0.133339196444,
            "var": 217.756362915
        },
        "dissonance": {
            "dmean": 0.0380024202168,
            "dmean2": 0.0633200109005,
            "dvar": 0.001325396006,
            "dvar2": 0.00366593105718,
            "max": 0.499999910593,
            "mean": 0.422450691462,
            "median": 0.439003139734,
            "min": 0.104816704988,
            "var": 0.00384579156525
        },
        "dynamic_complexity": 3.12776017189,
        "erbbands": {
            "dmean": [
                0.521609306335,
                1.51794111729,
                2.45139622688,
                4.4783706665,
                5.92193603516,
                7.84515523911,
                10.5889215469,
                12.454618454,
                12.9161462784,
                16.9130115509,
                46.2927322388,
                25.4555683136,
                20.4200382233,
                22.3352222443,
                39.3480415344,
                29.1232795715,
                26.0652179718,
                26.0104408264,
                22.2370433807,
                12.5371589661,
                10.9796485901,
                9.99730587006,
                8.928565979,
                7.32264852524,
                10.9807128906,
                8.66591739655,
                6.18153953552,
                6.25223398209,
                10.803609848,
                9.07330226898,
                5.57790613174,
                4.86522769928,
                5.68331766129,
                3.49693202972,
                1.21134018898,
                0.355433404446,
                0.0720053315163,
                0.0139373932034,
                0.00200459151529,
                0.000117224408314
            ],
            "dmean2": [
                0.849387228489,
                2.49491333961,
                4.16778898239,
                8.1337556839,
                10.6524896622,
                12.8935527802,
                17.5408992767,
                20.4306468964,
                21.7845153809,
                26.9028282166,
                71.7168045044,
                38.1585731506,
                30.9079189301,
                32.7323036194,
                57.6760444641,
                42.3972358704,
                38.9976119995,
                38.7792663574,
                32.7427482605,
                18.8283653259,
                16.2461948395,
                15.0031290054,
                13.661646843,
                10.8999729156,
                16.4440937042,
                13.3533668518,
                9.61131668091,
                9.56050872803,
                17.1254062653,
                15.0083999634,
                9.40414905548,
                7.81899261475,
                9.30049228668,
                5.75311136246,
                1.99504601955,
                0.591610312462,
                0.119532391429,
                0.0237998757511,
                0.00352594489232,
                0.000201784641831
            ],
            "dvar": [
                1.19456398487,
                13.9736919403,
                57.170337677,
                332.992950439,
                490.121734619,
                414.219818115,
                655.724731445,
                811.090026855,
                1050.97753906,
                943.719665527,
                8796.08691406,
                2521.74829102,
                2061.17602539,
                2742.91186523,
                12271.9326172,
                4258.83642578,
                4758.22558594,
                3789.25585938,
                2789.12329102,
                954.963256836,
                737.366149902,
                490.030609131,
                635.217773438,
                382.033569336,
                568.665771484,
                631.713562012,
                429.598449707,
                292.354736328,
                810.764953613,
                512.104187012,
                195.739501953,
                138.754348755,
                208.310379028,
                71.9245452881,
                8.08036804199,
                0.796760618687,
                0.0367823243141,
                0.00216340180486,
                5.34390965186e-05,
                1.46900987374e-07
            ],
            "dvar2": [
                3.33124494553,
                38.5249938965,
                156.852890015,
                971.694702148,
                1422.68408203,
                1092.82080078,
                1685.30163574,
                2109.26708984,
                2801.47045898,
                2258.7722168,
                20500.3046875,
                5578.44042969,
                4317.73632812,
                5553.26318359,
                26188.5117188,
                8579.72851562,
                10511.2675781,
                8131.47607422,
                6198.52539062,
                2168.7109375,
                1601.03466797,
                1024.0637207,
                1353.56445312,
                808.332824707,
                1235.9864502,
                1425.65393066,
                911.78717041,
                580.170410156,
                1877.56103516,
                1220.90246582,
                466.804199219,
                311.8359375,
                458.160736084,
                166.843338013,
                18.6619358063,
                1.95313346386,
                0.0896671190858,
                0.00544854812324,
                0.000138709816383,
                3.76977538963e-07
            ],
            "max": [
                11.1623754501,
                49.7039985657,
                101.727127075,
                222.925170898,
                331.432373047,
                259.329711914,
                410.448944092,
                440.861419678,
                654.623840332,
                452.379760742,
                1878.34680176,
                1205.91918945,
                980.957763672,
                1283.12487793,
                2636.77758789,
                1458.15576172,
                1974.93029785,
                1067.34887695,
                1007.84368896,
                688.31262207,
                481.291931152,
                445.027374268,
                497.562957764,
                330.637756348,
                409.792297363,
                460.450775146,
                271.577423096,
                335.109039307,
                536.537536621,
                253.224121094,
                150.875518799,
                200.590606689,
                404.894622803,
                145.990081787,
                56.1082191467,
                13.3064966202,
                3.08449149132,
                0.612627923489,
                0.0838831588626,
                0.00475602643564
            ],
            "mean": [
                1.42285585403,
                2.83627200127,
                4.00360393524,
                5.33512592316,
                6.88320159912,
                10.7243471146,
                13.8056583405,
                19.1549491882,
                17.1454372406,
                26.9694786072,
                78.5039215088,
                48.7561721802,
                36.9352531433,
                43.4660758972,
                64.7319946289,
                48.831401825,
                39.1805725098,
                38.8625679016,
                32.5683135986,
                18.0373191833,
                15.0999708176,
                14.7952699661,
                11.536028862,
                9.34436321259,
                15.9678001404,
                10.5641517639,
                6.78193092346,
                7.5996389389,
                12.7739143372,
                9.7576007843,
                5.06010198593,
                5.01140642166,
                5.87314462662,
                3.38324451447,
                1.22488248348,
                0.349658548832,
                0.0673528388143,
                0.0112518565729,
                0.00145102746319,
                0.000142889519338
            ],
            "median": [
                0.0412982665002,
                0.728734374046,
                2.06448435783,
                2.48812294006,
                2.44563627243,
                3.22957587242,
                4.48032522202,
                6.18740701675,
                6.33133268356,
                10.9974346161,
                28.8189239502,
                19.1943531036,
                14.5395755768,
                17.3967952728,
                14.3223590851,
                12.6062831879,
                7.10221815109,
                5.29676008224,
                3.0714328289,
                2.15516877174,
                2.63555049896,
                3.12901353836,
                2.28952717781,
                2.54676628113,
                3.99664235115,
                1.87402188778,
                0.678213655949,
                0.824467122555,
                2.25562524796,
                1.40746557713,
                0.300223052502,
                0.321292340755,
                0.516956448555,
                0.281225055456,
                0.125323519111,
                0.0470886826515,
                0.00775411026552,
                0.00080696598161,
                8.87749120011e-05,
                6.7730761657e-05
            ],
            "min": [
                4.4112056737e-22,
                2.40864452669e-21,
                6.63237090606e-21,
                2.31722321677e-20,
                4.06563956273e-20,
                2.09070558982e-19,
                1.57461804138e-19,
                2.05503601085e-19,
                4.87200798795e-19,
                5.61637231155e-19,
                4.52307373726e-19,
                6.77948389556e-19,
                1.84545628342e-18,
                2.11801519039e-18,
                2.22758250035e-18,
                3.08818410479e-18,
                2.39297726383e-18,
                4.93518907711e-18,
                4.23382222214e-18,
                5.08449931358e-18,
                5.01360786713e-18,
                6.58603602538e-18,
                1.18589567427e-17,
                1.44773564399e-17,
                1.57562289521e-17,
                1.06462371729e-17,
                1.21287723052e-17,
                1.41453972796e-17,
                1.96679147837e-17,
                1.27454139452e-17,
                1.32993147629e-17,
                1.74172374006e-17,
                1.39182766444e-17,
                1.17244133346e-17,
                8.78141555731e-18,
                5.35549484919e-18,
                2.6340317564e-18,
                1.17914906512e-18,
                3.05758162745e-19,
                2.99262571888e-20
            ],
            "var": [
                3.49535536766,
                21.563129425,
                51.0620193481,
                200.707885742,
                320.015289307,
                469.773895264,
                795.722595215,
                1191.51428223,
                1044.47485352,
                1677.47253418,
                20203.1699219,
                6913.19628906,
                4568.55761719,
                7875.10058594,
                26152.5683594,
                11223.359375,
                8696.10253906,
                7884.01318359,
                5419.7578125,
                1527.28039551,
                1163.49450684,
                811.940551758,
                909.647399902,
                479.783905029,
                952.909851074,
                759.926757812,
                515.287658691,
                451.732543945,
                1010.15509033,
                599.096740723,
                198.305221558,
                190.950424194,
                308.844085693,
                94.6447525024,
                11.8167028427,
                0.936852991581,
                0.0386770702899,
                0.00177071930375,
                3.95927854697e-05,
                1.19307060231e-07
            ]
        },
        "erbbands_crest": {
            "dmean": 3.44400167465,
            "dmean2": 5.43731451035,
            "dvar": 10.7611227036,
            "dvar2": 25.1144542694,
            "max": 32.3321533203,
            "mean": 11.999127388,
            "median": 10.9894580841,
            "min": 2.48540234566,
            "var": 31.7265090942
        },
        "erbbands_flatness_db": {
            "dmean": 0.0246182549745,
            "dmean2": 0.0368642657995,
            "dvar": 0.000696685514413,
            "dvar2": 0.00139166682493,
            "max": 0.585635900497,
            "mean": 0.213572010398,
            "median": 0.187467381358,
            "min": 0.0392212718725,
            "var": 0.0109841637313
        },
        "erbbands_kurtosis": {
            "dmean": 2.01676487923,
            "dmean2": 3.14771366119,
            "dvar": 8.37345314026,
            "dvar2": 19.442193985,
            "max": 159.123931885,
            "mean": 3.00898766518,
            "median": 1.32069730759,
            "min": -1.78338253498,
            "var": 45.4975624084
        },
        "erbbands_skewness": {
            "dmean": 0.523022115231,
            "dmean2": 0.809464931488,
            "dvar": 0.255651652813,
            "dvar2": 0.59697329998,
            "max": 9.99294281006,
            "mean": 0.51772236824,
            "median": 0.465772658587,
            "min": -3.2292881012,
            "var": 1.08604562283
        },
        "erbbands_spread": {
            "dmean": 10.4702129364,
            "dmean2": 16.4995079041,
            "dvar": 231.215606689,
            "dvar2": 555.434326172,
            "max": 167.102386475,
            "mean": 28.6448135376,
            "median": 22.2408885956,
            "min": 0.743078947067,
            "var": 586.672180176
        },
        "gfcc": {
            "cov": [
                [
                    22552.1738281,
                    -5160.69726562,
                    -1387.08508301,
                    5114.94140625,
                    559.655700684,
                    2677.86352539,
                    -446.967132568,
                    1354.04284668,
                    94.0372161865,
                    890.315979004,
                    -375.594482422,
                    411.012695312,
                    -339.010009766
                ],
                [
                    -5160.69726562,
                    4192.44189453,
                    615.284667969,
                    -1812.27734375,
                    550.630065918,
                    -487.785552979,
                    527.804016113,
                    -412.258911133,
                    83.6460113525,
                    -326.845092773,
                    201.112060547,
                    -247.028457642,
                    66.1073760986
                ],
                [
                    -1387.08508301,
                    615.284667969,
                    1425.83459473,
                    -12.6387586594,
                    75.1634597778,
                    102.350708008,
                    138.250549316,
                    -15.8855466843,
                    63.0926399231,
                    20.0140895844,
                    83.2978134155,
                    15.4460258484,
                    94.6775436401
                ],
                [
                    5114.94140625,
                    -1812.27734375,
                    -12.6387586594,
                    2102.67480469,
                    328.959320068,
                    704.629882812,
                    -54.0365142822,
                    458.24005127,
                    150.510131836,
                    299.264923096,
                    -24.5188007355,
                    148.317398071,
                    4.97125196457
                ],
                [
                    559.655700684,
                    550.630065918,
                    75.1634597778,
                    328.959320068,
                    758.116271973,
                    388.19744873,
                    263.545074463,
                    131.960922241,
                    244.046829224,
                    107.309661865,
                    100.706535339,
                    -10.5858335495,
                    31.8340110779
                ],
                [
                    2677.86352539,
                    -487.785552979,
                    102.350708008,
                    704.629882812,
                    388.19744873,
                    810.380065918,
                    244.859390259,
                    245.248077393,
                    169.271026611,
                    183.020065308,
                    28.6884593964,
                    61.5051879883,
                    -25.9147129059
                ],
                [
                    -446.967132568,
                    527.804016113,
                    138.250549316,
                    -54.0365142822,
                    263.545074463,
                    244.859390259,
                    541.144348145,
                    61.2619171143,
                    85.4799423218,
                    8.38728713989,
                    110.243904114,
                    22.3789920807,
                    7.09036588669
                ],
                [
                    1354.04284668,
                    -412.258911133,
                    -15.8855466843,
                    458.24005127,
                    131.960922241,
                    245.248077393,
                    61.2619171143,
                    264.346862793,
                    83.5943832397,
                    82.6611557007,
                    5.40126943588,
                    44.3157730103,
                    0.69956600666
                ],
                [
                    94.0372161865,
                    83.6460113525,
                    63.0926399231,
                    150.510131836,
                    244.046829224,
                    169.271026611,
                    85.4799423218,
                    83.5943832397,
                    306.194366455,
                    92.4927825928,
                    25.3441448212,
                    -19.7032680511,
                    24.0751190186
                ],
                [
                    890.315979004,
                    -326.845092773,
                    20.0140895844,
                    299.264923096,
                    107.309661865,
                    183.020065308,
                    8.38728713989,
                    82.6611557007,
                    92.4927825928,
                    179.440460205,
                    4.81260967255,
                    7.74716424942,
                    5.23132514954
                ],
                [
                    -375.594482422,
                    201.112060547,
                    83.2978134155,
                    -24.5188007355,
                    100.706535339,
                    28.6884593964,
                    110.243904114,
                    5.40126943588,
                    25.3441448212,
                    4.81260967255,
                    133.972015381,
                    24.8625144958,
                    18.1077384949
                ],
                [
                    411.012695312,
                    -247.028457642,
                    15.4460258484,
                    148.317398071,
                    -10.5858335495,
                    61.5051879883,
                    22.3789920807,
                    44.3157730103,
                    -19.7032680511,
                    7.74716424942,
                    24.8625144958,
                    133.162338257,
                    23.0975952148
                ],
                [
                    -339.010009766,
                    66.1073760986,
                    94.6775436401,
                    4.97125196457,
                    31.8340110779,
                    -25.9147129059,
                    7.09036588669,
                    0.69956600666,
                    24.0751190186,
                    5.23132514954,
                    18.1077384949,
                    23.0975952148,
                    122.528640747
                ]
            ],
            "icov": [
                [
                    0.000266291230218,
                    -0.000241642352194,
                    0.000301422085613,
                    -0.000498954555951,
                    0.000356171221938,
                    -0.000778239220381,
                    0.000437612558017,
                    -0.000331516494043,
                    0.000328383059241,
                    -0.000422462821007,
                    0.000359363242751,
                    -0.000378758704755,
                    0.000345719017787
                ],
                [
                    -0.000241642352194,
                    0.00117512000725,
                    -0.000612441683188,
                    0.00103556609247,
                    -0.00144201738294,
                    0.00115184532478,
                    -0.000896206940524,
                    0.000604228640441,
                    -0.000260831729975,
                    0.00123834284022,
                    -0.000488101242809,
                    0.00118893850595,
                    -0.000358300050721
                ],
                [
                    0.000301422085613,
                    -0.000612441683188,
                    0.00124878878705,
                    -0.000782629766036,
                    0.000932149472646,
                    -0.00122177391313,
                    0.000563525769394,
                    -0.00027344582486,
                    0.000252910860581,
                    -0.000756942725275,
                    7.27387887309e-05,
                    -0.000599672319368,
                    -0.000215501218918
                ],
                [
                    -0.000498954555951,
                    0.00103556609247,
                    -0.000782629766036,
                    0.00236566038802,
                    -0.00155056174845,
                    0.00125630071852,
                    -0.000606329645962,
                    -0.000373902876163,
                    -0.000337615143508,
                    0.000535228406079,
                    -0.000593148928601,
                    0.00059176736977,
                    -0.000705089652911
                ],
                [
                    0.000356171221938,
                    -0.00144201738294,
                    0.000932149472646,
                    -0.00155056174845,
                    0.00432035978884,
                    -0.00233025918715,
                    0.000641922175419,
                    -0.000677036528941,
                    -0.000859683088493,
                    -0.0013505165698,
                    -0.000623583444394,
                    -0.000529010780156,
                    -0.000124048339785
                ],
                [
                    -0.000778239220381,
                    0.00115184532478,
                    -0.00122177391313,
                    0.00125630071852,
                    -0.00233025918715,
                    0.00542968837544,
                    -0.00251677096821,
                    0.000340096157743,
                    -0.00100642372854,
                    0.000306793110212,
                    -0.000249734293902,
                    0.000761534436606,
                    9.39157689572e-05
                ],
                [
                    0.000437612558017,
                    -0.000896206940524,
                    0.000563525769394,
                    -0.000606329645962,
                    0.000641922175419,
                    -0.00251677096821,
                    0.00403115618974,
                    -0.00124394707382,
                    0.000477797177155,
                    -0.000470795173896,
                    -0.00102712400258,
                    -0.00128099450376,
                    0.000677719421219
                ],
                [
                    -0.000331516494043,
                    0.000604228640441,
                    -0.00027344582486,
                    -0.000373902876163,
                    -0.000677036528941,
                    0.000340096157743,
                    -0.00124394707382,
                    0.00757670542225,
                    -0.0013636443764,
                    0.000750987266656,
                    -0.000279762316495,
                    -4.54271939816e-05,
                    -0.000454433757113
                ],
                [
                    0.000328383059241,
                    -0.000260831729975,
                    0.000252910860581,
                    -0.000337615143508,
                    -0.000859683088493,
                    -0.00100642372854,
                    0.000477797177155,
                    -0.0013636443764,
                    0.00553549453616,
                    -0.00230547459796,
                    0.000599474878982,
                    0.000515492109116,
                    -0.000316784280585
                ],
                [
                    -0.000422462821007,
                    0.00123834284022,
                    -0.000756942725275,
                    0.000535228406079,
                    -0.0013505165698,
                    0.000306793110212,
                    -0.000470795173896,
                    0.000750987266656,
                    -0.00230547459796,
                    0.0104491319507,
                    -0.00136831973214,
                    0.00215858616866,
                    -0.00103291484993
                ],
                [
                    0.000359363242751,
                    -0.000488101242809,
                    7.27387887309e-05,
                    -0.000593148928601,
                    -0.000623583444394,
                    -0.000249734293902,
                    -0.00102712400258,
                    -0.000279762316495,
                    0.000599474878982,
                    -0.00136831973214,
                    0.0108726872131,
                    -0.00294194906019,
                    0.000284116656985
                ],
                [
                    -0.000378758704755,
                    0.00118893850595,
                    -0.000599672319368,
                    0.00059176736977,
                    -0.000529010780156,
                    0.000761534436606,
                    -0.00128099450376,
                    -4.54271939816e-05,
                    0.000515492109116,
                    0.00215858616866,
                    -0.00294194906019,
                    0.0111046917737,
                    -0.0027291525621
                ],
                [
                    0.000345719017787,
                    -0.000358300050721,
                    -0.000215501218918,
                    -0.000705089652911,
                    -0.000124048339785,
                    9.39157689572e-05,
                    0.000677719421219,
                    -0.000454433757113,
                    -0.000316784280585,
                    -0.00103291484993,
                    0.000284116656985,
                    -0.0027291525621,
                    0.0101006133482
                ]
            ],
            "mean": [
                -39.5398330688,
                114.379760742,
                -94.7287216187,
                2.36193609238,
                -63.8267822266,
                16.5363693237,
                -27.1089096069,
                12.039978981,
                -22.2197628021,
                1.23142743111,
                -10.928850174,
                -2.4914252758,
                -8.998919487
            ]
        },
        "hfc": {
            "dmean": 13.4353237152,
            "dmean2": 21.1066055298,
            "dvar": 646.846679688,
            "dvar2": 1430.88671875,
            "max": 306.779968262,
            "mean": 28.0655384064,
            "median": 21.4760189056,
            "min": 1.13386437593e-16,
            "var": 993.503601074
        },
        "melbands": {
            "dmean": [
                0.00351248052903,
                0.00126134161837,
                0.00080174417235,
                0.000479553942569,
                0.000367733300664,
                0.000276638806099,
                0.000201291652047,
                0.00020755532023,
                0.000382004101994,
                0.000149478393723,
                0.000101813930087,
                9.05077540665e-05,
                0.000119892800285,
                9.37736622291e-05,
                6.13655720372e-05,
                6.61809681333e-05,
                4.88032237627e-05,
                3.59758960258e-05,
                2.65469407168e-05,
                1.79195467354e-05,
                1.25711621877e-05,
                1.05972194433e-05,
                1.1719494978e-05,
                6.04275965088e-06,
                5.89973888054e-06,
                8.8695624072e-06,
                8.10005076346e-06,
