{
    "lowlevel": {
        "average_loudness": 0.832326889038,
        "barkbands": {
            "dmean": [
                0.00068353646202,
                0.00843875203282,
                0.00471745384857,
                0.00186160672456,
                0.00131881819107,
                0.000921254162677,
                0.000427374063293,
                0.000466600409709,
                0.000313073571306,
                0.000547902658582,
                0.000344603438862,
                0.000178476271685,
                0.00016238373064,
                0.000189228157979,
                0.000151574131451,
                0.000235234430875,
                0.000144789170008,
                0.000146505015437,
                0.000111338413262,
                9.44562198129e-05,
                0.00012204657105,
                0.000132924615173,
                0.000434893299825,
                0.000161410076544,
                3.29064605467e-05,
                6.28628868071e-06,
                2.25535472964e-07
            ],
            "dmean2": [
                0.00118235801347,
                0.015091185458,
                0.00882356986403,
                0.00346022308804,
                0.00209256866947,
                0.00148144306149,
                0.000713469169568,
                0.00072188366903,
                0.000502268143464,
                0.000827635987662,
                0.000583302229643,
                0.000293774850434,
                0.000271775323199,
                0.000311766780214,
                0.000250666256761,
                0.000313710334012,
                0.000214490413782,
                0.000218800763832,
                0.000155480083777,
                0.000146053993376,
                0.000188039950444,
                0.000218686313019,
                0.000790065503679,
                0.00028673192719,
                5.24884999322e-05,
                9.59296903602e-06,
                3.79372153247e-07
            ],
            "dvar": [
                3.1315328215e-06,
                0.000474051543279,
                0.000361312704626,
                3.38335012202e-05,
                1.22662750073e-05,
                6.34377147435e-06,
                1.63078925652e-06,
                2.17798606172e-06,
                7.88321813161e-07,
                4.47819684268e-06,
                2.39924179368e-06,
                4.22612259854e-07,
                3.57032888587e-07,
                5.88041018545e-07,
                3.72032644691e-07,
                1.4241001054e-06,
                4.78403705984e-07,
                5.43785233731e-07,
                1.85909726724e-07,
                9.65710782452e-08,
                2.35915365465e-07,
                1.25949924268e-07,
                1.43436250255e-06,
                1.68720973193e-07,
                8.40722158557e-09,
                5.66804436719e-10,
                1.17498643194e-12
            ],
            "dvar2": [
                8.75726709637e-06,
                0.00135315058287,
                0.00104403914884,
                0.000103257792944,
                2.82958553726e-05,
                1.65634264704e-05,
                4.22871016781e-06,
                5.24272627445e-06,
                2.00321801458e-06,
                9.68165386439e-06,
                5.73270926907e-06,
                1.10627593131e-06,
                9.95138407234e-07,
                1.48982223891e-06,
                9.24816220049e-07,
                2.19138428292e-06,
                9.5811662959e-07,
                1.2665069562e-06,
                3.15936830475e-07,
                2.16339557824e-07,
                5.36360346359e-07,
                2.97973713259e-07,
                4.35471429228e-06,
                4.86266628741e-07,
                1.80503665348e-08,
                1.28157007229e-09,
                3.07406704259e-12
            ],
            "max": [
                0.0298651196063,
                0.196052342653,
                0.186214566231,
                0.0529974400997,
                0.0637187436223,
                0.0561665222049,
                0.0232877098024,
                0.0258205477148,
                0.0185153093189,
                0.0371498093009,
                0.0353848785162,
                0.0134321600199,
                0.00726399151608,
                0.00964894331992,
                0.00813612062484,
                0.0166635103524,
                0.00805149413645,
                0.00975165981799,
                0.00602131616324,
                0.00357742514461,
                0.00969876535237,
                0.00589868240058,
                0.00855185836554,
                0.00416010292247,
                0.00194430432748,
                0.000465196266305,
                2.7288308047e-05
            ],
            "mean": [
                0.000750949431676,
                0.00906683411449,
                0.0033482031431,
                0.00159341760445,
                0.00218659616075,
                0.00138832873199,
                0.000452490232419,
                0.000674054841511,
                0.000409277941799,
                0.000849165779073,
                0.000472542538773,
                0.000234390055994,
                0.000191889805137,
                0.000225439245696,
                0.000183166499482,
                0.000277206447208,
                0.000156356632942,
                0.000151559928781,
                0.000146171470988,
                0.000117056901217,
                0.000148843304487,
                0.000146870763274,
                0.000326064415276,
                0.000146218051668,
                3.81113750336e-05,
                7.55596465751e-06,
                1.90869741346e-07
            ],
            "median": [
                9.81083212537e-05,
                0.00152948778123,
                0.000256710511167,
                0.00027689721901,
                0.000559035805054,
                0.00032138597453,
                5.69539261051e-05,
                4.23432138632e-05,
                3.55397460226e-05,
                2.97773949569e-05,
                3.85846651625e-05,
                2.6728868761e-05,
                1.16329083539e-05,
                1.38956020237e-05,
                1.95999382413e-05,
                9.22448361962e-06,
                9.08282345335e-06,
                1.12508123493e-05,
                1.03790744106e-05,
                7.60431521485e-06,
                2.70690316029e-06,
                1.55827956405e-06,
                2.51627557191e-06,
                2.6111272291e-06,
                4.46969522727e-07,
                1.15342714935e-07,
                1.99925609401e-09
            ],
            "min": [
                5.02740906986e-25,
                8.43461676118e-24,
                2.43973142082e-24,
                5.86418804887e-24,
                1.39113743147e-23,
                1.8052548546e-23,
                2.63290957256e-23,
                5.4248370953e-24,
                1.67454738681e-23,
                1.74326332477e-23,
                1.48522092733e-23,
                3.10012553877e-23,
                4.42739978902e-23,
                4.36775022944e-23,
                3.94584722249e-23,
                5.02802144286e-23,
                1.1721857109e-22,
                1.33748147928e-22,
                1.7799968537e-22,
                1.9641761851e-22,
                3.26246440404e-22,
                3.57736783242e-22,
                4.62486909164e-22,
                5.39329887807e-22,
                8.9559991988e-22,
                1.26348839634e-21,
                2.14143590632e-21
            ],
            "var": [
                3.60785156772e-06,
                0.000471340987133,
                0.000213786333916,
                2.16654989345e-05,
                2.13628100028e-05,
                8.23581922305e-06,
                1.50691391809e-06,
                2.99891598843e-06,
                1.21046878121e-06,
                1.08758868009e-05,
                4.36556138084e-06,
                4.83824749153e-07,
                3.73980213908e-07,
                6.67833035095e-07,
                4.69970586892e-07,
                2.33588230003e-06,
                6.05860350333e-07,
                5.64902052247e-07,
                3.04008096919e-07,
                1.31013635496e-07,
                3.55694794507e-07,
                1.89267467476e-07,
                1.00733484487e-06,
                1.63939944287e-07,
                1.70519278697e-08,
                8.93623341991e-10,
                1.05786419121e-12
            ]
        },
        "barkbands_crest": {
            "dmean": 3.69249033928,
            "dmean2": 6.18917751312,
            "dvar": 9.31637477875,
            "dvar2": 26.4494495392,
            "max": 25.3166351318,
            "mean": 13.1734571457,
            "median": 12.8029994965,
            "min": 2.39460587502,
            "var": 24.6428165436
        },
        "barkbands_flatness_db": {
            "dmean": 0.035750515759,
            "dmean2": 0.057638309896,
            "dvar": 0.00120451068506,
            "dvar2": 0.00296752923168,
            "max": 0.671785950661,
            "mean": 0.263102829456,
            "median": 0.220798194408,
            "min": 0.0235598366708,
            "var": 0.0204752441496
        },
        "barkbands_kurtosis": {
            "dmean": 9.23133277893,
            "dmean2": 15.6718978882,
            "dvar": 305.771881104,
            "dvar2": 894.797546387,
            "max": 352.452331543,
            "mean": 12.3419418335,
            "median": 6.17126893997,
            "min": -1.95516574383,
            "var": 378.706207275
        },
        "barkbands_skewness": {
            "dmean": 1.0359044075,
            "dmean2": 1.67337155342,
            "dvar": 1.30884885788,
            "dvar2": 3.58706140518,
            "max": 16.2832603455,
            "mean": 2.10671114922,
            "median": 1.91882228851,
            "min": -4.90061807632,
            "var": 3.64433479309
        },
        "barkbands_spread": {
            "dmean": 8.00255680084,
            "dmean2": 13.5304222107,
            "dvar": 226.067596436,
            "dvar2": 591.238769531,
            "max": 106.705093384,
            "mean": 15.6291065216,
            "median": 8.44012069702,
            "min": 0.0680159553885,
            "var": 421.98739624
        },
        "dissonance": {
            "dmean": 0.0341951623559,
            "dmean2": 0.0574540235102,
            "dvar": 0.00202160258777,
            "dvar2": 0.0054905177094,
            "max": 0.500000178814,
            "mean": 0.43480142951,
            "median": 0.454710185528,
            "min": 0,
            "var": 0.00418567005545
        },
        "dynamic_complexity": 7.6774969101,
        "erbbands": {
            "dmean": [
                0.226834446192,
                2.09455895424,
                5.20516014099,
                5.90314769745,
                5.36585044861,
                3.93673586845,
                7.30951595306,
                6.67043495178,
                6.70743751526,
                6.37312936783,
                10.2648868561,
                7.13131570816,
                16.1545085907,
                14.3989372253,
                9.42670440674,
                7.25431156158,
                6.86343622208,
                10.3990707397,
                7.73079252243,
                7.81949901581,
                13.6687316895,
                8.22587680817,
                8.10665512085,
                6.68436002731,
                5.17202472687,
                4.79357433319,
                4.31402730942,
                5.11904191971,
                5.02794694901,
                7.984811306,
                12.0038375854,
                5.5941362381,
                1.76765632629,
                0.574289083481,
                0.142406657338,
                0.0426666066051,
                0.00902502331883,
                0.000963738013525,
                3.99840282626e-05,
                2.02230494324e-05
            ],
            "dmean2": [
                0.396795272827,
                3.79580616951,
                9.54100131989,
                11.1314029694,
                9.36003494263,
                6.19150924683,
                11.4829311371,
                10.7997331619,
                10.9285879135,
                9.77348136902,
                15.8905420303,
                11.2409887314,
                23.5264091492,
                23.0419082642,
                16.0287075043,
                11.7024412155,
                11.2066555023,
                17.6803150177,
                12.2016115189,
                12.5235204697,
                17.7758235931,
                12.5178060532,
                12.0465278625,
                9.27244853973,
                7.56769561768,
                7.44232940674,
                6.7654709816,
                7.86711788177,
                8.27967071533,
                14.0741624832,
                21.8699874878,
                10.0678873062,
                3.05698060989,
                0.940845906734,
                0.228012084961,
                0.0671249702573,
                0.0135099915788,
                0.00151821610052,
                6.47773122182e-05,
                3.31499541062e-05
            ],
            "dvar": [
                0.308293282986,
                32.0793533325,
                405.47354126,
                439.2840271,
                194.484283447,
                121.171737671,
                473.033721924,
                385.009796143,
                357.708770752,
                383.838592529,
                944.736938477,
                400.393737793,
                3512.74926758,
                3739.97290039,
                1485.81591797,
                637.246948242,
                628.752990723,
                2036.77355957,
                912.895019531,
                1361.71325684,
                4713.93164062,
                1598.83911133,
                1590.53588867,
                969.759033203,
                274.842895508,
                278.003814697,
                355.794616699,
                338.522766113,
                188.889251709,
                396.485778809,
                1107.3684082,
                210.38949585,
                22.1497650146,
                2.64967703819,
                0.157400548458,
                0.0248752068728,
                0.0011401734082,
                1.41328691825e-05,
                1.58106185921e-08,
                1.75517611556e-09
            ],
            "dvar2": [
                0.84927636385,
                93.9423065186,
                1158.75317383,
                1310.40148926,
                544.956970215,
                269.934844971,
                1193.10827637,
                975.885253906,
                891.033325195,
                896.140563965,
                2169.80541992,
                1043.56005859,
                7349.07519531,
                9075.15820312,
                4176.14257812,
                1620.78210449,
                1675.40246582,
                5474.62451172,
                2141.55200195,
                2884.09472656,
                7859.30712891,
                3149.0847168,
                3638.76123047,
                1924.15783691,
                538.555664062,
                627.937988281,
                883.800231934,
                711.274658203,
                456.4972229,
                1142.6706543,
                3362.21020508,
                634.286987305,
                56.9618988037,
                5.88518476486,
                0.350710600615,
                0.0585048049688,
                0.00241088867188,
                3.19131504511e-05,
                3.88786460803e-08,
                4.31418323288e-09
            ],
            "max": [
                6.37410211563,
                48.8040008545,
                195.643249512,
                192.804428101,
                205.374298096,
                205.251907349,
                473.879821777,
                370.994995117,
                286.355895996,
                399.898468018,
                703.524536133,
                318.585479736,
                1382.91833496,
                1567.46289062,
                516.273803711,
                640.286132812,
                276.047058105,
                520.755065918,
                387.198425293,
                484.737487793,
                974.192199707,
                456.324554443,
                512.870361328,
                442.176605225,
                223.503295898,
                192.874404907,
                410.205596924,
                368.636901855,
                213.942977905,
                193.237792969,
                235.984481812,
                106.497894287,
                82.4212188721,
                36.2017936707,
                6.81019687653,
                2.69663715363,
                0.705311834812,
                0.0689483731985,
                0.00211534020491,
                0.000348010275047
            ],
            "mean": [
                0.255156725645,
                2.01954722404,
                4.15912914276,
                4.77917337418,
                7.18196105957,
                6.28283977509,
                10.7597894669,
                9.31982803345,
                7.96196842194,
                8.86195087433,
                14.4589986801,
                10.1472377777,
                27.4187927246,
                22.6405544281,
                11.7508420944,
                10.2844190598,
                9.11263179779,
                11.8866262436,
                9.75519943237,
                10.5753040314,
                14.8493280411,
                9.39143371582,
                8.53950214386,
                7.64404964447,
                7.07578134537,
                5.68311738968,
                5.00529146194,
                6.26472043991,
                5.52222490311,
                6.85696220398,
                8.95484447479,
                4.60390710831,
                1.71373355389,
                0.638904988766,
                0.168435797095,
                0.0498982444406,
                0.0113395284861,
                0.00106664921623,
                4.57160458609e-05,
                3.04453515128e-05
            ],
            "median": [
                0.0433443039656,
                0.293312013149,
                0.412988424301,
                0.820131659508,
                1.62766981125,
                1.3405725956,
                1.54060912132,
                1.88191020489,
                1.33120954037,
                0.926686763763,
                1.1550886631,
                0.954767942429,
                0.992013216019,
                1.36661887169,
                1.40059518814,
                1.1392428875,
                0.695337533951,
                0.790304064751,
                0.922096371651,
                0.856463074684,
                0.514429569244,
                0.607677221298,
                0.661794126034,
                0.552408754826,
                0.525496840477,
                0.373195648193,
                0.153124034405,
                0.095394231379,
                0.0632644966245,
                0.0571238324046,
                0.0736414194107,
                0.0619722753763,
                0.033888541162,
                0.00885527860373,
                0.00219942815602,
                0.000786286313087,
                0.000158107592142,
                1.65732199093e-05,
                7.54267784941e-06,
                1.22323144751e-05
            ],
            "min": [
                3.87297029569e-22,
                1.64815424031e-21,
                3.16593867685e-21,
                1.37698607841e-20,
                2.70841922355e-20,
                3.97405289746e-20,
                5.98727479909e-20,
                1.05849811656e-19,
                1.81965181553e-19,
                4.06929305147e-19,
                3.10957949322e-19,
                4.77643760793e-19,
                6.20221108967e-19,
                8.00125912861e-19,
                1.16668107515e-18,
                1.39164835237e-18,
                1.5559571311e-18,
                2.79497835614e-18,
                2.91609682977e-18,
                3.76489394647e-18,
                5.28511170523e-18,
                6.95222805538e-18,
                7.34320324371e-18,
                8.3937251032e-18,
                8.30590912782e-18,
                1.16780506884e-17,
                1.20313693065e-17,
                1.09475815515e-17,
                1.03353735997e-17,
                1.35193481145e-17,
                1.31408641806e-17,
                1.20130530462e-17,
                1.02970594209e-17,
                8.77343409158e-18,
                7.89502370215e-18,
                4.35637357938e-18,
                2.4638294192e-18,
                1.01742987869e-18,
                2.73684518836e-19,
                2.9607996217e-20
            ],
            "var": [
                0.354838371277,
                27.2054271698,
                257.172851562,
                267.050598145,
                210.896697998,
                225.091110229,
                695.424560547,
                420.222442627,
                381.207397461,
                553.971984863,
                1486.88549805,
                594.299316406,
                11645.4033203,
                9695.37207031,
                1421.65588379,
                847.517456055,
                737.656005859,
                1979.98217773,
                1181.19921875,
                2075.57836914,
                7100.50048828,
                2119.06665039,
                1730.19189453,
                1273.50097656,
                435.39956665,
                348.416870117,
                413.997131348,
                590.418945312,
                278.796173096,
                344.105255127,
                771.625854492,
                166.228088379,
                27.9042301178,
                4.90634584427,
                0.311161488295,
                0.0393549390137,
                0.00191852275748,
                1.88229259948e-05,
                1.77562942127e-08,
                2.39703035199e-09
            ]
        },
        "erbbands_crest": {
            "dmean": 3.085283041,
            "dmean2": 5.00748682022,
            "dvar": 7.36919021606,
            "dvar2": 18.2667140961,
            "max": 31.0041828156,
            "mean": 11.2053260803,
            "median": 9.71487617493,
            "min": 2.61381697655,
            "var": 30.9787826538
        },
        "erbbands_flatness_db": {
            "dmean": 0.021803624928,
            "dmean2": 0.0334774330258,
            "dvar": 0.000466487923404,
            "dvar2": 0.00105202640407,
            "max": 0.605616390705,
            "mean": 0.234382629395,
            "median": 0.202941507101,
            "min": 0.0522399395704,
            "var": 0.0118597336113
        },
        "erbbands_kurtosis": {
            "dmean": 2.60738658905,
            "dmean2": 4.19990158081,
            "dvar": 22.3200035095,
            "dvar2": 54.0184326172,
            "max": 98.2855987549,
            "mean": 3.60958361626,
            "median": 0.709058880806,
            "min": -1.91855049133,
            "var": 67.2744445801
        },
        "erbbands_skewness": {
            "dmean": 0.608701109886,
            "dmean2": 0.963238894939,
            "dvar": 0.464668929577,
            "dvar2": 1.16023886204,
            "max": 5.90066242218,
            "mean": 0.685963988304,
            "median": 0.684847712517,
            "min": -6.52573060989,
            "var": 1.68362629414
        },
        "erbbands_spread": {
            "dmean": 11.2140922546,
            "dmean2": 18.2322006226,
            "dvar": 277.193817139,
            "dvar2": 746.499084473,
            "max": 187.540725708,
            "mean": 33.1301231384,
            "median": 29.1121921539,
            "min": 0.422564268112,
            "var": 693.046386719
        },
        "gfcc": {
            "cov": [
                [
                    45227.734375,
                    -7480.47460938,
                    -4437.87744141,
                    4112.125,
                    -2059.51513672,
                    4372.89697266,
                    47.4447441101,
                    2622.39941406,
                    404.316040039,
                    1145.92504883,
                    137.869262695,
                    108.846984863,
                    -1104.62512207
                ],
                [
                    -7480.47460938,
                    4553.96533203,
                    817.295166016,
                    -1117.4609375,
                    1616.48461914,
                    -1220.58679199,
                    551.823608398,
                    -627.54888916,
                    198.913345337,
                    -399.180999756,
                    229.213897705,
                    -96.4618682861,
                    415.472167969
                ],
                [
                    -4437.87744141,
                    817.295166016,
                    2513.86474609,
                    -273.637268066,
                    -98.9012756348,
                    -243.161010742,
                    -181.252960205,
                    -430.37701416,
                    -104.370567322,
                    -87.6413040161,
                    -22.5231113434,
                    -23.5170516968,
                    113.180130005
                ],
                [
                    4112.125,
                    -1117.4609375,
                    -273.637268066,
                    1089.00598145,
                    17.1797809601,
                    666.120483398,
                    177.104782104,
                    324.404602051,
                    178.257263184,
                    229.572891235,
                    29.925195694,
                    108.276504517,
                    -48.2461891174
                ],
                [
                    -2059.51513672,
                    1616.48461914,
                    -98.9012756348,
                    17.1797809601,
                    1351.68884277,
                    -137.445297241,
                    535.889953613,
                    -24.0478286743,
                    261.339874268,
                    -7.18235015869,
                    92.8190231323,
                    53.3204116821,
                    218.919784546
                ],
                [
                    4372.89697266,
                    -1220.58679199,
                    -243.161010742,
                    666.120483398,
                    -137.445297241,
                    897.057250977,
                    144.385818481,
                    406.00970459,
                    129.374984741,
                    185.625778198,
                    -8.3412103653,
                    85.592338562,
                    -129.425750732
                ],
                [
                    47.4447441101,
                    551.823608398,
                    -181.252960205,
                    177.104782104,
                    535.889953613,
                    144.385818481,
                    664.582580566,
                    144.986938477,
                    143.969680786,
                    44.9751586914,
                    74.1285018921,
                    72.5356369019,
                    92.317855835
                ],
                [
                    2622.39941406,
                    -627.54888916,
                    -430.37701416,
                    324.404602051,
                    -24.0478286743,
                    406.00970459,
                    144.986938477,
                    425.294799805,
                    105.510360718,
                    146.721313477,
                    42.158405304,
                    23.8792285919,
                    -91.199760437
                ],
                [
                    404.316040039,
                    198.913345337,
                    -104.370567322,
                    178.257263184,
                    261.339874268,
                    129.374984741,
                    143.969680786,
                    105.510360718,
                    258.392883301,
                    61.1470680237,
                    56.4783744812,
                    50.7507171631,
                    27.1514606476
                ],
                [
                    1145.92504883,
                    -399.180999756,
                    -87.6413040161,
                    229.572891235,
                    -7.18235015869,
                    185.625778198,
                    44.9751586914,
                    146.721313477,
                    61.1470680237,
                    189.88494873,
                    23.0020275116,
                    38.6590423584,
                    -19.2420310974
                ],
                [
                    137.869262695,
                    229.213897705,
                    -22.5231113434,
                    29.925195694,
                    92.8190231323,
                    -8.3412103653,
                    74.1285018921,
                    42.158405304,
                    56.4783744812,
                    23.0020275116,
                    136.879547119,
                    13.5463600159,
                    7.47684764862
                ],
                [
                    108.846984863,
                    -96.4618682861,
                    -23.5170516968,
                    108.276504517,
                    53.3204116821,
                    85.592338562,
                    72.5356369019,
                    23.8792285919,
                    50.7507171631,
                    38.6590423584,
                    13.5463600159,
                    135.087554932,
                    50.8028755188
                ],
                [
                    -1104.62512207,
                    415.472167969,
                    113.180130005,
                    -48.2461891174,
                    218.919784546,
                    -129.425750732,
                    92.317855835,
                    -91.199760437,
                    27.1514606476,
                    -19.2420310974,
                    7.47684764862,
                    50.8028755188,
                    146.187683105
                ]
            ],
            "icov": [
                [
                    8.16677202238e-05,
                    -0.000177148991497,
                    0.000137926152092,
                    -0.00022160410299,
                    0.00020764497458,
                    -0.000349823094439,
                    0.00012462947052,
                    -0.000122383004054,
                    0.000177648442332,
                    -0.000182733594556,
                    4.10618449678e-05,
                    5.2216793847e-05,
                    8.76321355463e-05
                ],
                [
                    -0.000177148991497,
                    0.00209937570617,
                    -0.000647633511107,
                    0.00136619980913,
                    -0.00173154298682,
                    0.00162148033269,
                    -0.000979837379418,
                    0.000853777804878,
                    -0.00153702870011,
                    0.00188048451673,
                    -0.00193698366638,
                    0.00103785842657,
                    -0.000901429040823
                ],
                [
                    0.000137926152092,
                    -0.000647633511107,
                    0.00082395458594,
                    -0.000457331479993,
                    0.000697166426107,
                    -0.00105511327274,
                    0.000379564415198,
                    0.000390477245674,
                    0.000517037580721,
                    -0.00083098578034,
                    0.00023950340983,
                    0.00013035297161,
                    -0.000143254816066
                ],
                [
                    -0.00022160410299,
                    0.00136619980913,
                    -0.000457331479993,
                    0.00303081632592,
                    -0.00118906644639,
                    6.87683350407e-05,
                    -0.000744037679397,
                    0.000924621650483,
                    -0.00148894148879,
                    0.000132216620841,
                    -0.00125833251514,
                    0.000361738872016,
                    -0.00108213943895
                ],
                [
                    0.00020764497458,
                    -0.00173154298682,
                    0.000697166426107,
                    -0.00118906644639,
                    0.00311714084819,
                    -0.00139105960261,
                    -0.000121987373859,
                    -0.000491214508656,
                    6.6670596425e-05,
                    -0.00154074525926,
                    0.00135511043482,
                    8.7151878688e-05,
                    -0.000885793648195
                ],
                [
                    -0.000349823094439,
                    0.00162148033269,
                    -0.00105511327274,
                    6.87683350407e-05,
                    -0.00139105960261,
                    0.00546792149544,
                    -0.00127573276404,
                    -0.00125351722818,
                    -0.00165325566195,
                    0.00173758051824,
                    0.00023595491075,
                    -0.00127243762836,
                    0.00150154402945
                ],
                [
                    0.00012462947052,
                    -0.000979837379418,
                    0.000379564415198,
                    -0.000744037679397,
                    -0.000121987373859,
                    -0.00127573276404,
                    0.0032513695769,
                    -0.00136646616738,
                    0.00103406538256,
                    -0.000461607414763,
                    0.000172339103301,
                    -0.000817299762275,
                    -0.000643051753286
                ],
                [
                    -0.000122383004054,
                    0.000853777804878,
                    0.000390477245674,
                    0.000924621650483,
                    -0.000491214508656,
                    -0.00125351722818,
                    -0.00136646616738,
                    0.00703981192783,
                    -0.00149030075409,
                    -0.00174383481499,
                    -0.00190360017586,
                    0.00130194949452,
                    0.00122434087098
                ],
                [
                    0.000177648442332,
                    -0.00153702870011,
                    0.000517037580721,
                    -0.00148894148879,
                    6.6670596425e-05,
                    -0.00165325566195,
                    0.00103406538256,
                    -0.00149030075409,
                    0.00751647166908,
                    -0.00170776993036,
                    -0.000114257956739,
                    -0.00180973915849,
                    0.000686626939569
                ],
                [
                    -0.000182733594556,
                    0.00188048451673,
                    -0.00083098578034,
                    0.000132216620841,
                    -0.00154074525926,
                    0.00173758051824,
                    -0.000461607414763,
                    -0.00174383481499,
                    -0.00170776993036,
                    0.0102498177439,
                    -0.00211481773295,
                    -0.000368303386495,
                    -0.00108646438457
                ],
                [
                    4.10618449678e-05,
                    -0.00193698366638,
                    0.00023950340983,
                    -0.00125833251514,
                    0.00135511043482,
                    0.00023595491075,
                    0.000172339103301,
                    -0.00190360017586,
                    -0.000114257956739,
                    -0.00211481773295,
                    0.0109028872102,
                    -0.00199473346584,
                    0.00197617267258
                ],
                [
                    5.2216793847e-05,
                    0.00103785842657,
                    0.00013035297161,
                    0.000361738872016,
                    8.7151878688e-05,
                    -0.00127243762836,
                    -0.000817299762275,
                    0.00130194949452,
                    -0.00180973915849,
                    -0.000368303386495,
                    -0.00199473346584,
                    0.012171571143,
                    -0.0063054910861
                ],
                [
                    8.76321355463e-05,
                    -0.000901429040823,
                    -0.000143254816066,
                    -0.00108213943895,
                    -0.000885793648195,
                    0.00150154402945,
                    -0.000643051753286,
                    0.00122434087098,
                    0.000686626939569,
                    -0.00108646438457,
                    0.00197617267258,
                    -0.0063054910861,
                    0.0154638038948
                ]
            ],
            "mean": [
                -178.479248047,
                142.233413696,
                -93.8015213013,
                28.8266868591,
                -53.2182579041,
                5.58056354523,
                -31.1571426392,
                -3.67148327827,
                -18.5184116364,
                -9.38203334808,
                -5.09744977951,
                -5.40229463577,
                -3.10194325447
            ]
        },
        "hfc": {
            "dmean": 10.0149755478,
            "dmean2": 16.0565853119,
            "dvar": 482.801147461,
            "dvar2": 1143.73681641,
            "max": 206.49105835,
            "mean": 13.4345750809,
            "median": 3.46116018295,
            "min": 1.09703233936e-16,
            "var": 656.291870117
        },
        "melbands": {
            "dmean": [
                0.00214988458902,
                0.00268145417795,
                0.00100790651049,
                0.000310617557261,
                0.000230452380492,
                0.000156363035785,
                9.74608410615e-05,
                7.62286508689e-05,
                8.09126722743e-05,
                4.50496590929e-05,
                8.10913916212e-05,
                5.81248859817e-05,
                3.7506037188e-05,
                2.10531215998e-05,
                1.49191455421e-05,
                2.05862143048e-05,
                1.89856964425e-05,
                1.25366095745e-05,
                1.08351659946e-05,
                1.35258351293e-05,
                1.67629386851e-05,
                8.78247738001e-06,
                6.92873254593e-06,
                7.47554031477e-06,
                5.36935658602e-06,
                3.81800373361e-06,
