{
    "lowlevel": {
        "average_loudness": 0.820672929287,
        "barkbands": {
            "dmean": [
                0.000224480652832,
                0.00534378178418,
                0.00216796319,
                0.00149998127017,
                0.00179846666288,
                0.00134930876084,
                0.000770524900872,
                0.000695047900081,
                0.00089877017308,
                0.000560242391657,
                0.000365482701454,
                0.000407236395404,
                0.000201559669222,
                0.000261154025793,
                0.000225365176448,
                0.000183818861842,
                0.000166624522535,
                0.000183320313226,
                0.000152282969793,
                0.000164966433658,
                0.000224021452595,
                0.000196171211428,
                0.000110266395495,
                0.000125283171656,
                0.000121254408441,
                3.69690242223e-05,
                5.05070738654e-06
            ],
            "dmean2": [
                0.000319655257044,
                0.0077636167407,
                0.00367347337306,
                0.00264859618619,
                0.00298683578148,
                0.00211773649789,
                0.001195268007,
                0.00109770172276,
                0.00136283610482,
                0.000841956352815,
                0.000554849510081,
                0.000620283768512,
                0.000320181454299,
                0.000408264138969,
                0.000360786245437,
                0.000295690697385,
                0.000276940787444,
                0.000286854308797,
                0.000241897505475,
                0.000262164016021,
                0.000363007682608,
                0.000310318486299,
                0.000171302599483,
                0.000188347883523,
                0.000183885640581,
                5.34811879334e-05,
                7.41707845009e-06
            ],
            "dvar": [
                3.91453994553e-07,
                0.000317614525557,
                6.53716924717e-05,
                2.93500615953e-05,
                2.10997204704e-05,
                7.73922420194e-06,
                5.74609293835e-06,
                2.25242865781e-06,
                4.35492711404e-06,
                2.10406483347e-06,
                8.68480583449e-07,
                7.92466039456e-07,
                2.02058330956e-07,
                3.31443061441e-07,
                2.08041100791e-07,
                1.9323043432e-07,
                2.26366012157e-07,
                1.36090775982e-07,
                9.88623014564e-08,
                2.01369715569e-07,
                3.63505137102e-07,
                3.01210349107e-07,
                9.0168306599e-08,
                1.35937142431e-07,
                1.22328842167e-07,
                1.04554622737e-08,
                4.57686472055e-10
            ],
            "dvar2": [
                7.06793343852e-07,
                0.000681203324348,
                0.000183075389941,
                8.28531919979e-05,
                5.74788573431e-05,
                1.7960985133e-05,
                1.22861629279e-05,
                5.25639416082e-06,
                9.79589640338e-06,
                4.28972134614e-06,
                1.77465028628e-06,
                1.68615315488e-06,
                4.58737559939e-07,
                7.12390487934e-07,
                5.22280060977e-07,
                4.7857639629e-07,
                6.15232067958e-07,
                3.36699997661e-07,
                2.40658778239e-07,
                4.86103431285e-07,
                9.93192202259e-07,
                7.34089383059e-07,
                2.18825960019e-07,
                2.97551849826e-07,
                2.91759619131e-07,
                2.25028884415e-08,
                9.39599065219e-10
            ],
            "max": [
                0.011129129678,
                0.29642984271,
                0.148218750954,
                0.0728722959757,
                0.0602116771042,
                0.0591231174767,
                0.0547301061451,
                0.0265005193651,
                0.036941614002,
                0.0299796443433,
                0.0259581468999,
                0.0170385614038,
                0.0118494266644,
                0.0179059319198,
                0.00767529802397,
                0.00926769990474,
                0.00651649571955,
                0.00726079102606,
                0.00863142032176,
                0.00944248773158,
                0.00850430503488,
                0.00958144757897,
                0.00579834263772,
                0.00663969479501,
                0.0072234692052,
                0.00170555757359,
                0.000471773731988
            ],
            "mean": [
                0.000365028739907,
                0.0116075156257,
                0.00390168419108,
                0.00185676245019,
                0.00311171123758,
                0.00275387382135,
                0.00115374580491,
                0.0010384778725,
                0.0014847391285,
                0.000891768082511,
                0.000598610145971,
                0.000690149201546,
                0.00030859655817,
                0.000449969578767,
                0.000357332202839,
                0.000278073159279,
                0.000240702938754,
                0.000322121399222,
                0.000262771500275,
                0.000275077531114,
                0.000343951862305,
                0.000290129915811,
                0.000162992058904,
                0.000196278153453,
                0.00018390682817,
                5.39958564332e-05,
                6.69801966069e-06
            ],
            "median": [
                6.38492110738e-06,
                0.000377249612939,
                0.0002877539373,
                0.00024097423011,
                0.000779467169195,
                0.000706286518835,
                0.000215162493987,
                0.000278705672827,
                0.000334231328452,
                0.000160150259035,
                0.00010641002882,
                0.000197959598154,
                0.000115436254418,
                0.000146631617099,
                0.000138772535138,
                7.8159813711e-05,
                7.03538826201e-05,
                0.00010011120321,
                9.78051975835e-05,
                7.59874310461e-05,
                0.000103784936073,
                6.16327160969e-05,
                2.85077912849e-05,
                3.97201001761e-05,
                4.99524649058e-05,
                1.15741531772e-05,
                1.09514030555e-06
            ],
            "min": [
                3.97838134506e-25,
                5.4305736918e-24,
                9.41672650007e-24,
                4.13838166373e-24,
                9.78827130896e-24,
                2.06631385614e-23,
                1.45793059986e-23,
                1.73682748196e-23,
                3.74674125437e-23,
                3.20186366754e-23,
                3.36415791483e-23,
                2.79952504212e-23,
                3.67172436881e-23,
                3.63614169328e-23,
                8.3409791295e-23,
                1.11692581516e-22,
                1.18065201857e-22,
                1.29736910132e-22,
                1.82381801388e-22,
                2.34053011095e-22,
                3.55539206086e-22,
                3.18351242785e-22,
                5.27414629772e-22,
                7.18982167354e-22,
                9.42113380284e-22,
                1.42641531008e-21,
                1.90526453233e-21
            ],
            "var": [
                1.06873415007e-06,
                0.000683127378579,
                6.89245061949e-05,
                2.635635974e-05,
                2.85783935396e-05,
                2.97015176329e-05,
                1.23190566228e-05,
                4.23292249252e-06,
                9.21400987863e-06,
                5.37112009624e-06,
                2.58107138507e-06,
                2.07671860153e-06,
                3.62017829048e-07,
                8.42783094868e-07,
                3.79603932288e-07,
                3.17748742873e-07,
                2.48967211292e-07,
                2.95663852512e-07,
                2.04642219614e-07,
                3.46353516534e-07,
                4.35834749624e-07,
                4.33318319892e-07,
                1.34928868079e-07,
                2.45196588367e-07,
                1.8202523222e-07,
                1.79992927229e-08,
                6.07194960978e-10
            ]
        },
        "barkbands_crest": {
            "dmean": 2.78176999092,
            "dmean2": 4.30587530136,
            "dvar": 8.18493080139,
            "dvar2": 18.4397621155,
            "max": 26.7598114014,
            "mean": 12.491724968,
            "median": 11.6515674591,
            "min": 2.25380659103,
            "var": 29.2450942993
        },
        "barkbands_flatness_db": {
            "dmean": 0.0270413886756,
            "dmean2": 0.0389159992337,
            "dvar": 0.00088213593699,
            "dvar2": 0.00175342103466,
            "max": 0.530502915382,
            "mean": 0.173464789987,
            "median": 0.154511317611,
            "min": 0.0201011393219,
            "var": 0.00706110987812
        },
        "barkbands_kurtosis": {
            "dmean": 6.22154092789,
            "dmean2": 9.45488929749,
            "dvar": 408.278320313,
            "dvar2": 915.911987305,
            "max": 667.487304688,
            "mean": 9.267578125,
            "median": 2.51550292969,
            "min": -1.94519722462,
            "var": 839.183227539
        },
        "barkbands_skewness": {
            "dmean": 0.782343924046,
            "dmean2": 1.1274677515,
            "dvar": 1.22007656097,
            "dvar2": 2.40691781044,
            "max": 22.9447841644,
            "mean": 1.88411474228,
            "median": 1.61419188976,
            "min": -7.18207359314,
            "var": 4.45243644714
        },
        "barkbands_spread": {
            "dmean": 6.64223003387,
            "dmean2": 10.0894460678,
            "dvar": 92.1851806641,
            "dvar2": 203.533340454,
            "max": 106.218185425,
            "mean": 21.3299789429,
            "median": 16.6849975586,
            "min": 0.213844776154,
            "var": 300.711151123
        },
        "dissonance": {
            "dmean": 0.0229346882552,
            "dmean2": 0.0376078188419,
            "dvar": 0.000622356135864,
            "dvar2": 0.00158174498938,
            "max": 0.500000059605,
            "mean": 0.455075621605,
            "median": 0.465934038162,
            "min": 0.0911756232381,
            "var": 0.00159461249132
        },
        "dynamic_complexity": 5.00528860092,
        "erbbands": {
            "dmean": [
                0.152468428016,
                1.29446673393,
                2.51267457008,
                3.71831035614,
                4.93677330017,
                6.59093904495,
                11.2344694138,
                9.17262363434,
                10.6818981171,
                10.5609149933,
                18.4640102386,
                15.8046541214,
                18.40391922,
                15.5720949173,
                12.1994600296,
                14.3204698563,
                9.05626869202,
                12.9736213684,
                10.4474906921,
                10.2292785645,
                9.7267999649,
                9.47681045532,
                9.50360202789,
                8.79249000549,
                7.05116558075,
                7.81702327728,
                10.1707181931,
                7.41495370865,
                7.41627836227,
                5.18212080002,
                2.92150092125,
                2.19903969765,
                2.4363963604,
                1.48820960522,
                0.806665241718,
                0.18512634933,
                0.0685555413365,
                0.0130528751761,
                0.000848438125104,
                6.51536392979e-05
            ],
            "dmean2": [
                0.198482662439,
                1.91403973103,
                3.9529633522,
                6.46802616119,
                8.83345603943,
                10.5824203491,
                17.5645751953,
                14.4578952789,
                16.6007423401,
                16.5597572327,
                28.481967926,
                24.341960907,
                27.1100845337,
                22.9677810669,
                18.6750278473,
                21.8669338226,
                14.1054019928,
                19.9952144623,
                16.4460639954,
                16.4002494812,
                15.6657962799,
                15.6194171906,
                15.088092804,
                13.746931076,
                11.1652460098,
                12.3298969269,
                16.3118114471,
                12.0935230255,
                11.8245573044,
                8.09919071198,
                4.50572967529,
                3.37045931816,
                3.67127561569,
                2.28115820885,
                1.23419547081,
                0.275229632854,
                0.100276358426,
                0.0190317071974,
                0.00120853015687,
                9.35975040193e-05
            ],
            "dvar": [
                0.243597194552,
                20.1694755554,
                78.1532058716,
                166.137802124,
                328.64239502,
                247.773483276,
                484.580474854,
                421.552734375,
                1246.66247559,
                822.276000977,
                1614.63146973,
                1476.13684082,
                1880.57275391,
                1247.51818848,
                765.319824219,
                938.248596191,
                341.177459717,
                906.930236816,
                440.421478271,
                418.75213623,
                515.65826416,
                737.487304688,
                432.04699707,
                281.458099365,
                321.290679932,
                472.709960938,
                790.972290039,
                371.211151123,
                460.275238037,
                214.746520996,
                67.4892883301,
                37.4457855225,
                62.1914138794,
                18.6219615936,
                5.32721090317,
                0.260880470276,
                0.0363794714212,
                0.00146281137131,
                1.20203394545e-05,
                6.61809806957e-08
            ],
            "dvar2": [
                0.400874197483,
                45.697063446,
                196.83996582,
                464.641143799,
                951.580932617,
                624.55255127,
                1093.06237793,
                1007.24206543,
                2565.31445313,
                2012.38928223,
                3764.69848633,
                3398.51367188,
                3938.34326172,
                2587.11499023,
                1744.91113281,
                2087.07104492,
                742.003845215,
                1900.51367188,
                1091.20959473,
                1022.2522583,
                1287.96594238,
                1997.61022949,
                1081.82214355,
                678.993713379,
                777.747741699,
                1137.51208496,
                2123.3815918,
                994.688598633,
                1134.13012695,
                526.67980957,
                164.127716064,
                85.1248779297,
                139.948135376,
                44.5046348572,
                12.5552768707,
                0.591418266296,
                0.0785834491253,
                0.00314158038236,
                2.42839414568e-05,
                1.3374742025e-07
            ],
            "max": [
                8.55064964294,
                75.3744277954,
                138.037460327,
                169.516204834,
                188.331100464,
                196.699737549,
                334.962493896,
                392.682830811,
                943.651000977,
                870.588745117,
                669.643798828,
                864.760314941,
                979.844604492,
                771.402954102,
                828.444702148,
                601.904907227,
                355.631622314,
                980.46307373,
                302.115905762,
                350.827056885,
                326.274810791,
                406.660430908,
                320.375,
                294.674102783,
                721.448669434,
                444.869140625,
                375.293121338,
                257.760742188,
                420.415985107,
                248.668197632,
                197.523971558,
                96.6406555176,
                185.479049683,
                85.3173141479,
                41.8055877686,
                10.5588674545,
                3.16836905479,
                0.648870587349,
                0.078120149672,
                0.00635202135891
            ],
            "mean": [
                0.307214319706,
                2.62007474899,
                5.10504674911,
                5.65807199478,
                6.03182315826,
                11.7911310196,
                24.1523418427,
                17.6519508362,
                16.3968582153,
                16.251039505,
                31.0663490295,
                25.5760746002,
                31.9486465454,
                29.0328960419,
                20.6485099792,
                25.0192337036,
                15.9335947037,
                23.2526378632,
                18.2430095673,
                16.9796409607,
                15.4699010849,
                14.5721702576,
                16.7112522125,
                15.9940919876,
                12.7787656784,
                13.1202135086,
                15.8802957535,
                11.0734519958,
                10.7661991119,
                7.5298614502,
                4.31621694565,
                3.45071053505,
                3.62160301208,
                2.21589803696,
                1.19325613976,
                0.278278380632,
                0.0996060594916,
                0.0185211412609,
                0.00119324354455,
                0.000118582160212
            ],
            "median": [
                0.00667781382799,
                0.118949197233,
                0.433337748051,
                0.814285874367,
                1.39039802551,
                2.90706300735,
                4.92653274536,
                5.18834877014,
                3.47448039055,
                5.44285202026,
                8.04974651337,
                8.01074409485,
                7.31474256516,
                7.04554176331,
                6.26865959167,
                7.96148395538,
                6.85615539551,
                7.82315540314,
                7.51033878326,
                6.59347963333,
                4.78771352768,
                4.55843830109,
                5.17703723907,
                6.35043048859,
                4.19715118408,
                3.61620473862,
                4.70141935349,
                3.3957490921,
                2.36974191666,
                1.41771972179,
                0.719728708267,
                0.671216785908,
                0.701413989067,
                0.574733495712,
                0.320139527321,
                0.0751198977232,
                0.021024255082,
                0.00396317662671,
                0.000232763137319,
                5.23683265783e-05
            ],
            "min": [
                1.37995274067e-22,
                1.53391839648e-21,
                1.05172290958e-20,
                1.89754279323e-20,
                1.60336521722e-20,
                3.689630075e-20,
                4.68851787309e-20,
                1.00414259217e-19,
                2.23082261851e-19,
                3.54159524764e-19,
                4.47674903802e-19,
                7.395431014e-19,
                1.19524496587e-18,
                1.22340467546e-18,
                1.69721042161e-18,
                1.36722129529e-18,
                1.49707210785e-18,
                2.13190851596e-18,
                2.94103384369e-18,
                5.97697177342e-18,
                6.37595076136e-18,
                7.33705067431e-18,
                6.89038224252e-18,
                8.41988551725e-18,
                8.00873787532e-18,
                1.24958833329e-17,
                1.34068027476e-17,
                9.76256095164e-18,
                1.07018038577e-17,
                1.3920505069e-17,
                1.50112105355e-17,
                1.41588488907e-17,
                1.22097292989e-17,
                9.43647973673e-18,
                6.7991210599e-18,
                4.90454493055e-18,
                2.42408359756e-18,
                1.00738666529e-18,
                2.87315705699e-19,
                3.07584848956e-20
            ],
            "var": [
                0.677502691746,
                35.2909584045,
                106.016403198,
                163.481994629,
                243.62953186,
                484.911895752,
                1878.88305664,
                1219.42297363,
                2622.44067383,
                1427.92565918,
                3655.78857422,
                2662.03100586,
                4788.11523438,
                3872.41845703,
                1820.92443848,
                2383.16503906,
                777.104675293,
                2507.53686523,
                842.651794434,
                794.728149414,
                828.130004883,
                841.12487793,
                857.541992188,
                596.925109863,
                735.651550293,
                827.827270508,
                988.360473633,
                447.656341553,
                614.972717285,
                313.725219727,
                98.4081954956,
                68.6261901855,
                97.2858123779,
                27.03474617,
                7.89315366745,
                0.426545321941,
                0.0618779733777,
                0.00237400457263,
                1.66853606061e-05,
                9.15617448527e-08
            ]
        },
        "erbbands_crest": {
            "dmean": 2.7321999073,
            "dmean2": 4.27608442307,
            "dvar": 7.44907951355,
            "dvar2": 16.5275974274,
            "max": 31.3544521332,
            "mean": 9.72783184052,
            "median": 8.39959907532,
            "min": 2.23682427406,
            "var": 25.2928543091
        },
        "erbbands_flatness_db": {
            "dmean": 0.0204965174198,
            "dmean2": 0.0287442076951,
            "dvar": 0.000497110828292,
            "dvar2": 0.00097220367752,
            "max": 0.507081449032,
            "mean": 0.181775674224,
            "median": 0.16207164526,
            "min": 0.0386121869087,
            "var": 0.00687996437773
        },
        "erbbands_kurtosis": {
            "dmean": 1.48929703236,
            "dmean2": 2.30415296555,
            "dvar": 13.493973732,
            "dvar2": 28.5446987152,
            "max": 158.279083252,
            "mean": 1.176040411,
            "median": -0.184004694223,
            "min": -1.82861685753,
            "var": 33.5351104736
        },
        "erbbands_skewness": {
            "dmean": 0.46326598525,
            "dmean2": 0.685789942741,
            "dvar": 0.33261474967,
            "dvar2": 0.658535122871,
            "max": 10.3572874069,
            "mean": 0.381711393595,
            "median": 0.300271749496,
            "min": -6.24502468109,
            "var": 1.20452511311
        },
        "erbbands_spread": {
            "dmean": 9.83524703979,
            "dmean2": 14.8649950027,
            "dvar": 146.111129761,
            "dvar2": 332.183837891,
            "max": 164.546386719,
            "mean": 40.6286125183,
            "median": 37.6443252563,
            "min": 1.12543952465,
            "var": 517.446472168
        },
        "gfcc": {
            "cov": [
                [
                    32922.0390625,
                    -1018.17932129,
                    1406.23046875,
                    2865.82055664,
                    -978.283447266,
                    1872.12561035,
                    -788.482788086,
                    912.695251465,
                    -1724.3527832,
                    236.702194214,
                    -897.534790039,
                    354.74307251,
                    -4.63855791092
                ],
                [
                    -1018.17932129,
                    5015.22314453,
                    -291.79788208,
                    154.094100952,
                    1434.81530762,
                    -51.6078338623,
                    904.475036621,
                    -153.522872925,
                    663.785095215,
                    -217.4009552,
                    353.330780029,
                    -370.688781738,
                    -14.0864524841
                ],
                [
                    1406.23046875,
                    -291.79788208,
                    2125.09521484,
                    910.437988281,
                    355.272277832,
                    522.635131836,
                    17.1257553101,
                    344.800231934,
                    -146.608200073,
                    131.143310547,
                    -187.558883667,
                    17.6019363403,
                    -140.813156128
                ],
                [
                    2865.82055664,
                    154.094100952,
                    910.437988281,
                    1336.23425293,
                    364.153839111,
                    461.639190674,
                    298.612487793,
                    217.182128906,
                    -58.836605072,
                    -4.00073003769,
                    -192.797424316,
                    -42.712726593,
                    -77.6109848022
                ],
                [
                    -978.283447266,
                    1434.81530762,
                    355.272277832,
                    364.153839111,
                    1007.79901123,
                    225.75692749,
                    496.715362549,
                    148.749252319,
                    305.687469482,
                    2.30899620056,
                    96.203453064,
                    -121.318138123,
                    -84.3039703369
                ],
                [
                    1872.12561035,
                    -51.6078338623,
                    522.635131836,
                    461.639190674,
                    225.75692749,
                    587.416625977,
                    202.792572021,
                    138.88369751,
                    -26.6501903534,
                    64.0353622437,
                    -67.7376785278,
                    -2.92315745354,
                    -58.9923820496
                ],
                [
                    -788.482788086,
                    904.475036621,
                    17.1257553101,
                    298.612487793,
                    496.715362549,
                    202.792572021,
                    607.113708496,
                    62.1315498352,
                    269.563201904,
                    -13.6942958832,
                    74.3520965576,
                    -101.32019043,
                    -48.2041015625
                ],
                [
                    912.695251465,
                    -153.522872925,
                    344.800231934,
                    217.182128906,
                    148.749252319,
                    138.88369751,
                    62.1315498352,
                    301.550476074,
                    5.56640529633,
                    89.4260482788,
                    -10.7742509842,
                    38.6902427673,
                    -4.01070547104
                ],
                [
                    -1724.3527832,
                    663.785095215,
                    -146.608200073,
                    -58.836605072,
                    305.687469482,
                    -26.6501903534,
                    269.563201904,
                    5.56640529633,
                    416.19140625,
                    9.64210224152,
                    151.778869629,
                    -43.4217224121,
                    -10.3877878189
                ],
                [
                    236.702194214,
                    -217.4009552,
                    131.143310547,
                    -4.00073003769,
                    2.30899620056,
                    64.0353622437,
                    -13.6942958832,
                    89.4260482788,
                    9.64210224152,
                    148.154541016,
                    39.8361282349,
                    38.9481620789,
                    5.38206768036
                ],
                [
                    -897.534790039,
                    353.330780029,
                    -187.558883667,
                    -192.797424316,
                    96.203453064,
                    -67.7376785278,
                    74.3520965576,
                    -10.7742509842,
                    151.778869629,
                    39.8361282349,
                    210.006103516,
                    29.9698905945,
                    35.0144195557
                ],
                [
                    354.74307251,
                    -370.688781738,
                    17.6019363403,
                    -42.712726593,
                    -121.318138123,
                    -2.92315745354,
                    -101.32019043,
                    38.6902427673,
                    -43.4217224121,
                    38.9481620789,
                    29.9698905945,
                    134.965438843,
                    40.9410591125
                ],
                [
                    -4.63855791092,
                    -14.0864524841,
                    -140.813156128,
                    -77.6109848022,
                    -84.3039703369,
                    -58.9923820496,
                    -48.2041015625,
                    -4.01070547104,
                    -10.3877878189,
                    5.38206768036,
                    35.0144195557,
                    40.9410591125,
                    124.194015503
                ]
            ],
            "icov": [
                [
                    0.000107653468149,
                    -0.000182676740224,
                    0.000170394836459,
                    -0.0002338175982,
                    0.000266981543973,
                    -0.000363301223842,
                    0.000278439518297,
                    -0.000366318010492,
                    0.000279133557342,
                    -0.0001972259779,
                    0.000190683480469,
                    -0.000294196535833,
                    0.000210401049117
                ],
                [
                    -0.000182676740224,
                    0.000880424224306,
                    -0.000311097392114,
                    0.000350030895788,
                    -0.00110315461643,
                    0.000750772189349,
                    -0.000625966698863,
                    0.000932247785386,
                    -0.000462998898001,
                    0.000921063066926,
                    -0.00109844014514,
                    0.00143571477383,
                    -0.000888259615749
                ],
                [
                    0.000170394836459,
                    -0.000311097392114,
                    0.00122378068045,
                    -0.000810918514617,
                    0.000128218001919,
                    -0.000921755097806,
                    0.00103050027974,
                    -0.00100617844146,
                    0.000495894229971,
                    -0.000792385952082,
                    0.000539431523066,
                    -0.000592351949308,
                    0.000987547915429
                ],
                [
                    -0.0002338175982,
                    0.000350030895788,
                    -0.000810918514617,
                    0.0021087853238,
                    -0.000647045962978,
                    0.000353552517481,
                    -0.00137459649704,
                    0.000459674221929,
                    -0.000421914621256,
                    0.00089171284344,
                    0.000764432828873,
                    0.000273096869932,
                    -0.000740093935747
                ],
                [
                    0.000266981543973,
                    -0.00110315461643,
                    0.000128218001919,
                    -0.000647045962978,
                    0.00365962437354,
                    -0.00119776988868,
                    -0.000119172145787,
                    -0.00203370326199,
                    5.19543100381e-05,
                    -0.000479760026792,
                    0.000266652845312,
                    -0.000575922662392,
                    0.00156899809372
                ],
                [
                    -0.000363301223842,
                    0.000750772189349,
                    -0.000921755097806,
                    0.000353552517481,
                    -0.00119776988868,
                    0.00429517868906,
                    -0.00212000403553,
                    0.00137464981526,
                    -0.000330828974256,
                    -0.000373131682863,
                    -0.00024854298681,
                    0.000456297042547,
                    -0.000395717303036
                ],
                [
                    0.000278439518297,
                    -0.000625966698863,
                    0.00103050027974,
                    -0.00137459649704,
                    -0.000119172145787,
                    -0.00212000403553,
                    0.0051042935811,
                    -0.00136787595693,
                    -0.000860148866195,
                    -0.000181311101187,
                    -0.000182239164133,
                    0.000597009900957,
                    0.000888357229996
                ],
                [
                    -0.000366318010492,
                    0.000932247785386,
                    -0.00100617844146,
                    0.000459674221929,
                    -0.00203370326199,
                    0.00137464981526,
                    -0.00136787595693,
                    0.00693291379139,
                    -0.00092175626196,
                    -0.00180963531602,
                    -6.7410961492e-05,
                    -0.00025924644433,
                    -0.00169027864467
                ],
                [
                    0.000279133557342,
                    -0.000462998898001,
                    0.000495894229971,
                    -0.000421914621256,
                    5.19543100381e-05,
                    -0.000330828974256,
                    -0.000860148866195,
                    -0.00092175626196,
                    0.00559348938987,
                    -0.000753959175199,
                    -0.00184220192023,
                    -0.000399082025979,
                    0.000922462029848
                ],
                [
                    -0.0001972259779,
                    0.000921063066926,
                    -0.000792385952082,
                    0.00089171284344,
                    -0.000479760026792,
                    -0.000373131682863,
                    -0.000181311101187,
                    -0.00180963531602,
                    -0.000753959175199,
                    0.011239993386,
                    -0.00382239930332,
                    0.000939156394452,
                    -0.000657880154904
                ],
                [
                    0.000190683480469,
                    -0.00109844014514,
                    0.000539431523066,
                    0.000764432828873,
                    0.000266652845312,
                    -0.00024854298681,
                    -0.000182239164133,
                    -6.7410961492e-05,
                    -0.00184220192023,
                    -0.00382239930332,
                    0.01133919321,
                    -0.00506977504119,
                    -0.000552166602574
                ],
                [
                    -0.000294196535833,
                    0.00143571477383,
                    -0.000592351949308,
                    0.000273096869932,
                    -0.000575922662392,
                    0.000456297042547,
                    0.000597009900957,
                    -0.00025924644433,
                    -0.000399082025979,
                    0.000939156394452,
                    -0.00506977504119,
                    0.0141226928681,
                    -0.00360029493459
                ],
                [
                    0.000210401049117,
                    -0.000888259615749,
                    0.000987547915429,
                    -0.000740093935747,
                    0.00156899809372,
                    -0.000395717303036,
                    0.000888357229996,
                    -0.00169027864467,
                    0.000922462029848,
                    -0.000657880154904,
                    -0.000552166602574,
                    -0.00360029493459,
                    0.0112317195162
                ]
            ],
            "mean": [
                -60.2614250183,
                73.4519729614,
                -123.2604599,
                14.8820390701,
                -62.4957847595,
                2.33917737007,
                -35.3519515991,
                2.83704829216,
                -22.3721046448,
                3.42173171043,
                -14.8143129349,
                -1.45844435692,
                -6.04189634323
            ]
        },
        "hfc": {
            "dmean": 7.89607286453,
            "dmean2": 11.8337783813,
            "dvar": 252.303131104,
            "dvar2": 596.284362793,
            "max": 249.908828735,
            "mean": 22.3274459839,
            "median": 16.3669662476,
            "min": 1.10731002538e-16,
            "var": 547.060241699
        },
        "melbands": {
            "dmean": [
                0.00138502812479,
                0.00134951702785,
                0.000674742448609,
                0.000387100997614,
                0.000360786507372,
                0.000221978960326,
                0.000157707225299,
                0.000120462835184,
                0.000163697855896,
                0.000101793710201,
                9.64443388511e-05,
                6.80890443618e-05,
                4.47320089734e-05,
                4.28217172157e-05,
                3.54433395842e-05,
                2.00721588044e-05,
                2.57532410615e-05,
                1.74489759956e-05,
                1.8648301193e-05,
                1.27523953779e-05,
                1.12993229777e-05,
                1.05782155515e-05,
                8.74039960763e-06,
                9.39505844144e-06,
                7.5640605246e-06,
                5.77541231905e-06,
