{
    "lowlevel": {
        "average_loudness": 0.947650849819,
        "barkbands": {
            "dmean": [
                0.00630779983476,
                0.0246579945087,
                0.00745292985812,
                0.00258899200708,
                0.0027433836367,
                0.000861216161866,
                0.000654000497889,
                0.000438297778601,
                0.000608292582911,
                0.000536887149792,
                0.000549727061298,
                0.000641227292363,
                0.000580104882829,
                0.000448223698186,
                0.000300499727018,
                0.000269588636002,
                0.00022430048557,
                0.000247385847615,
                0.000175793684321,
                0.000124920799863,
                0.000155291054398,
                0.000153065266204,
                0.000310286006425,
                0.000389303837437,
                0.000189038793906,
                9.91118286038e-05,
                1.32969908009e-05
            ],
            "dmean2": [
                0.00981430988759,
                0.0343460291624,
                0.0138521715999,
                0.00482945609838,
                0.00469287205487,
                0.00152617401909,
                0.00108874193393,
                0.000700747012161,
                0.0009235208272,
                0.00083418074064,
                0.000810089404695,
                0.000931710354052,
                0.000831307144836,
                0.000672227411997,
                0.000462038442492,
                0.000400753982831,
                0.000334377371473,
                0.000369992194464,
                0.000250078359386,
                0.000188922233065,
                0.000220828325837,
                0.000221909562242,
                0.000506352633238,
                0.000648558605462,
                0.000294930767268,
                0.000143594690599,
                1.98431735043e-05
            ],
            "dvar": [
                9.55513751251e-05,
                0.00249600177631,
                0.000556652375963,
                7.22973418306e-05,
                5.13175182277e-05,
                5.96167865297e-06,
                1.88391027223e-06,
                1.83712700164e-06,
                1.44130481203e-05,
                2.47386287811e-06,
                2.57388023783e-06,
                4.11674409406e-06,
                2.81734355667e-06,
                1.96354721993e-06,
                7.53602705572e-07,
                5.92663752741e-07,
                4.45349513711e-07,
                3.51136662857e-07,
                1.51623396505e-07,
                1.44422173776e-07,
                1.80134890115e-07,
                1.19808291288e-07,
                3.65404247304e-07,
                6.17359887656e-07,
                1.77518046485e-07,
                8.47621848266e-08,
                1.17395237975e-09
            ],
            "dvar2": [
                0.000200547554414,
                0.00520434184,
                0.00157722772565,
                0.000206150696613,
                0.000135150461574,
                1.61957195814e-05,
                4.76385548609e-06,
                4.40980647909e-06,
                2.93745324598e-05,
                5.74477871851e-06,
                5.25238556293e-06,
                9.08846232051e-06,
                5.86909754929e-06,
                4.35234778706e-06,
                1.77919957878e-06,
                1.28057740767e-06,
                9.89904151538e-07,
                7.78919456934e-07,
                3.1895311281e-07,
                3.42589032698e-07,
                4.02119013643e-07,
                2.39746583475e-07,
                8.74330737588e-07,
                1.52286986577e-06,
                3.73671923626e-07,
                1.59882517892e-07,
                2.28910401745e-09
            ],
            "max": [
                0.0856540575624,
                0.397251993418,
                0.163718134165,
                0.0651737451553,
                0.0576996617019,
                0.0447581335902,
                0.0192681793123,
                0.0322853550315,
                0.217657282948,
                0.0589429326355,
                0.0331984758377,
                0.0515526682138,
                0.0438492782414,
                0.0292540490627,
                0.0167804658413,
                0.0138835161924,
                0.0155580965802,
                0.0181973595172,
                0.00708501925692,
                0.00783750414848,
                0.00902172457427,
                0.00556574203074,
                0.00774175021797,
                0.010090677999,
                0.00992141198367,
                0.00387493614107,
                0.000436651025666
            ],
            "mean": [
                0.0173499714583,
                0.0533349476755,
                0.00679083075374,
                0.00178609252907,
                0.00256428262219,
                0.000718963332474,
                0.000675724935718,
                0.000467353733256,
                0.000689886102919,
                0.000663231650833,
                0.00067434948869,
                0.000732686254196,
                0.000667196174618,
                0.000489990401547,
                0.000331522984197,
                0.000318120757584,
                0.000264378497377,
                0.000305573106743,
                0.000231308848015,
                0.000138969684485,
                0.000197633824428,
                0.000217779292143,
                0.000322153937304,
                0.000377833552193,
                0.00022854701092,
                0.00010215297516,
                1.51770154844e-05
            ],
            "median": [
                0.0153541378677,
                0.0369015745819,
                0.00277143204585,
                0.000294479483273,
                0.000768330995925,
                8.1074431364e-05,
                0.000130820815684,
                6.67535205139e-05,
                0.000118182775623,
                0.000145955826156,
                8.72842210811e-05,
                9.01089151739e-05,
                4.23445562774e-05,
                4.60978553747e-05,
                3.82626785722e-05,
                3.95253700844e-05,
                3.40289116139e-05,
                5.36560401088e-05,
                4.64607583126e-05,
                2.66708921117e-05,
                6.00059720455e-05,
                6.1631668359e-05,
                5.74166624574e-05,
                4.68581347377e-05,
                2.57300052908e-05,
                1.04261707747e-05,
                1.4803506474e-06
            ],
            "min": [
                2.17428871923e-23,
                2.2325085473e-23,
                6.99850968272e-24,
                1.10608025567e-23,
                3.19210924467e-23,
                1.60510159474e-23,
                2.04938616329e-23,
                4.5107290597e-23,
                8.22448204428e-23,
                6.66314140385e-23,
                5.83768113916e-23,
                4.89469953226e-23,
                9.34863533995e-23,
                1.13200176748e-22,
                1.28793811142e-22,
                1.00290909796e-22,
                2.16737981231e-22,
                1.665702773e-22,
                3.06639422511e-22,
                2.46101958966e-22,
                5.5545960683e-22,
                5.48024371917e-22,
                4.89854702777e-22,
                1.00955263207e-21,
                1.08310243828e-21,
                1.8036202717e-21,
                2.67083755681e-21
            ],
            "var": [
                0.000211219885387,
                0.00402386765927,
                0.000329767965013,
                4.21251570515e-05,
                3.8910213334e-05,
                4.36221671407e-06,
                1.98698035092e-06,
                1.95883649212e-06,
                1.71634001163e-05,
                3.08737298838e-06,
                4.07437892136e-06,
                5.37505457032e-06,
                4.20350852437e-06,
                2.58821910393e-06,
                9.11591655495e-07,
                8.76884598711e-07,
                5.69756480218e-07,
                4.94441223964e-07,
                2.35892983369e-07,
                1.60642372293e-07,
                2.2534037214e-07,
                1.94773491557e-07,
                4.3834327812e-07,
                6.95357869063e-07,
                2.7817199566e-07,
                1.15067109618e-07,
                1.66546110236e-09
            ]
        },
        "barkbands_crest": {
            "dmean": 2.74290752411,
            "dmean2": 4.167096138,
            "dvar": 9.61767196655,
            "dvar2": 24.6101608276,
            "max": 26.2018222809,
            "mean": 14.3317804337,
            "median": 14.1464424133,
            "min": 3.09731173515,
            "var": 21.9114112854
        },
        "barkbands_flatness_db": {
            "dmean": 0.0442978180945,
            "dmean2": 0.0586218424141,
            "dvar": 0.00223213736899,
            "dvar2": 0.00374361523427,
            "max": 0.836431860924,
            "mean": 0.248720541596,
            "median": 0.226464271545,
            "min": 0.0368356257677,
            "var": 0.0134450765327
        },
        "barkbands_kurtosis": {
            "dmean": 25.415473938,
            "dmean2": 40.164276123,
            "dvar": 1972.41137695,
            "dvar2": 4834.41259766,
            "max": 659.904602051,
            "mean": 38.8145484924,
            "median": 17.8756790161,
            "min": -1.88183104992,
            "var": 3272.20507813
        },
        "barkbands_skewness": {
            "dmean": 1.58885347843,
            "dmean2": 2.39702105522,
            "dvar": 3.62653684616,
            "dvar2": 8.35422801971,
            "max": 19.3636951447,
            "mean": 4.17113876343,
            "median": 3.66539001465,
            "min": -6.59421014786,
            "var": 10.8660888672
        },
        "barkbands_spread": {
            "dmean": 7.31945562363,
            "dmean2": 11.3339328766,
            "dvar": 114.478607178,
            "dvar2": 245.192611694,
            "max": 117.931533813,
            "mean": 14.5565376282,
            "median": 9.30044746399,
            "min": 0.152212888002,
            "var": 255.50213623
        },
        "dissonance": {
            "dmean": 0.0221969466656,
            "dmean2": 0.0365989021957,
            "dvar": 0.000728452519979,
            "dvar2": 0.00183646078221,
            "max": 0.499989151955,
            "mean": 0.463793694973,
            "median": 0.475668430328,
            "min": 0.160656273365,
            "var": 0.00129249191377
        },
        "dynamic_complexity": 2.91464567184,
        "erbbands": {
            "dmean": [
                1.15885138512,
                5.17976999283,
                9.04933071136,
                8.44909381866,
                7.95310592651,
                9.10507774353,
                11.4287557602,
                5.03498315811,
                8.55185508728,
                9.55557060242,
                8.28620147705,
                13.6176137924,
                17.1336460114,
                14.87022686,
                24.0722427368,
                24.0477619171,
                27.1465892792,
                23.5947360992,
                16.1488399506,
                14.0382995605,
                13.86577034,
                12.2191781998,
                13.4338159561,
                9.82262706757,
                7.89238023758,
                6.18037462234,
                7.41796827316,
                4.75994920731,
                5.06131458282,
                6.55530071259,
                11.0096006393,
                9.75632286072,
                5.03319120407,
                2.41166472435,
                1.26488208771,
                0.590867877007,
                0.154420882463,
                0.0202186796814,
                0.00266364309937,
                0.000144938065205
            ],
            "dmean2": [
                1.7099032402,
                8.12798881531,
                15.9062223434,
                15.7607622147,
                13.6751585007,
                15.52430439,
                20.5925178528,
                8.60390949249,
                14.5646543503,
                15.4301338196,
                13.1615467072,
                21.1261234283,
                25.2400684357,
                22.7708587646,
                34.7977790833,
                34.1799812317,
                38.5881881714,
                34.6072692871,
                23.3620929718,
                21.0433483124,
                20.1549625397,
                17.8169441223,
                19.8883590698,
                13.7138528824,
                11.3175706863,
                9.46946525574,
                10.9842205048,
                6.7419462204,
                7.41062164307,
                9.63611412048,
                18.7658500671,
                16.4024753571,
                8.30352592468,
                3.88088488579,
                1.89881944656,
                0.852803528309,
                0.226797282696,
                0.0319083668292,
                0.00393500272185,
                0.00020396214677
            ],
            "dvar": [
                5.65953779221,
                151.306121826,
                700.103149414,
                769.91204834,
                600.456542969,
                436.259887695,
                1158.72485352,
                191.189315796,
                421.017547607,
                430.95401001,
                814.462402344,
                11344.5810547,
                2549.6809082,
                1881.77575684,
                5509.68457031,
                6199.95898438,
                5901.33740234,
                5166.28369141,
                2133.60424805,
                1508.52526855,
                1517.39880371,
                1175.23742676,
                1025.79052734,
                529.830078125,
                365.185791016,
                413.4375,
                428.90737915,
                200.574920654,
                153.151824951,
                168.699020386,
                526.038452148,
                417.373413086,
                97.7657241821,
                29.62109375,
                8.2549533844,
                2.93601727486,
                0.236810967326,
                0.00171834765933,
                5.98272199568e-05,
                1.64869845776e-07
            ],
            "dvar2": [
                12.7310152054,
                361.017242432,
                1884.08459473,
                2191.20800781,
                1620.15441895,
                1141.55175781,
                3265.68286133,
                480.620544434,
                1088.73681641,
                1008.64282227,
                1974.6348877,
                24931.2910156,
                5216.26269531,
                3984.25585938,
                10913.8232422,
                13418.3193359,
                12035.1083984,
                11116.7275391,
                4712.92089844,
                3408.88793945,
                3234.3347168,
                2528.13647461,
                2277.36279297,
                1025.72570801,
                767.377746582,
                1021.82861328,
                999.284851074,
                442.779876709,
                323.755523682,
                322.319854736,
                1354.2565918,
                1054.42651367,
                234.987091064,
                67.2164382935,
                16.450428009,
                5.40881824493,
                0.472858220339,
                0.00354545074515,
                0.000114596179628,
                3.33117384343e-07
            ],
            "max": [
                17.5113658905,
                85.8235015869,
                175.610870361,
                206.402923584,
                181.491867065,
                185.298736572,
                266.233001709,
                454.470794678,
                339.648193359,
                306.86315918,
                921.122680664,
                6358.02294922,
                1820.89160156,
                1371.91003418,
                1664.71240234,
                2575.79882813,
                1438.01782227,
                1809.58996582,
                1049.01428223,
                712.428161621,
                947.778259277,
                762.356079102,
                586.460205078,
                882.67401123,
                348.514862061,
                446.041870117,
                473.451721191,
                310.41897583,
                218.48916626,
                293.40133667,
                203.811782837,
                289.33026123,
                113.257965088,
                133.683517456,
                37.485118866,
                23.207244873,
                6.32087850571,
                0.42196637392,
                0.110097907484,
                0.00525600835681
            ],
            "mean": [
                2.98786711693,
                6.21329498291,
                8.72471141815,
                6.6251707077,
                6.44067764282,
                9.13965797424,
                9.18889141083,
                4.62117910385,
                8.41946411133,
                11.0150604248,
                9.66184997559,
                15.3753271103,
                22.3148288727,
                20.4845199585,
                32.2642631531,
                28.6858215332,
                31.7848510742,
                27.0094051361,
                19.4702949524,
                16.7969684601,
                16.9421825409,
                15.312338829,
                16.7002868652,
                13.6233520508,
                10.1698627472,
                6.83141899109,
                9.02172279358,
                6.24859905243,
                6.91549253464,
                9.46396064758,
                10.15143013,
                8.87220096588,
                5.20775413513,
                2.8926179409,
                1.45598363876,
                0.620727717876,
                0.154087245464,
                0.0234755575657,
                0.00291419588029,
                0.000222849092097
            ],
            "median": [
                2.39318990707,
                2.39985370636,
                3.45869064331,
                2.22089195251,
                1.36460745335,
                3.0603761673,
                1.33889842033,
                0.739604234695,
                1.53427243233,
                2.56562304497,
                1.91566157341,
                3.08527040482,
                4.19347810745,
                4.73965215683,
                4.98886871338,
                3.38676261902,
                2.08170723915,
                2.57546949387,
                2.35050821304,
                2.29558324814,
                2.28443551064,
                2.09531378746,
                3.00236225128,
                2.95023393631,
                2.06790447235,
                1.40514945984,
                2.60245084763,
                1.82980847359,
                2.0537686348,
                2.21968984604,
                1.4791675806,
                0.752149581909,
                0.743107914925,
                0.335826992989,
                0.15931583941,
                0.068621955812,
                0.0149498153478,
                0.00273610604927,
                0.000307000766043,
                0.000114110058348
            ],
            "min": [
                5.90669864287e-22,
                5.16659110864e-21,
                1.01663704223e-20,
                2.96283009161e-20,
                6.33672888109e-20,
                9.95864065203e-20,
                1.46980650295e-19,
                1.38026032423e-19,
                2.71488483557e-19,
                5.58032895033e-19,
                8.42189856467e-19,
                9.97853305329e-19,
                3.0605147065e-18,
                2.01005426518e-18,
                3.15441190694e-18,
                2.02787442391e-18,
                3.89188850437e-18,
                5.46336292338e-18,
                4.69995793606e-18,
                7.265539256e-18,
                5.93348192554e-18,
                1.16938481838e-17,
                1.19873649523e-17,
                1.73269125865e-17,
                1.0330332761e-17,
                1.08170863653e-17,
                1.78524667517e-17,
                2.24485188087e-17,
                2.13705883197e-17,
                1.48907234074e-17,
                1.58840085044e-17,
                2.14062133343e-17,
                1.51018761481e-17,
                1.20698853174e-17,
                8.25492419641e-18,
                6.10394275668e-18,
                3.22210030326e-18,
                1.70574868329e-18,
                3.03426702489e-19,
                3.9208936184e-20
            ],
            "var": [
                9.20024871826,
                147.443634033,
                480.046264648,
                447.402191162,
                414.920562744,
                358.645874023,
                739.071350098,
                168.97706604,
                402.014587402,
                537.924560547,
                930.901123047,
                11542.2978516,
                4138.31494141,
                2660.68579102,
                9411.6875,
                8313.76953125,
                9016.20800781,
                7219.0546875,
                2994.80322266,
                1971.78466797,
                2325.91796875,
                1639.16223145,
                1430.85620117,
                895.623474121,
                540.864990234,
                411.735046387,
                490.756317139,
                253.717391968,
                223.584579468,
                327.616851807,
                492.636047363,
                440.846893311,
                120.946777344,
                44.1542701721,
                12.4497747421,
                4.1161031723,
                0.294777840376,
                0.00249132723548,
                8.08370969025e-05,
                2.117811988e-07
            ]
        },
        "erbbands_crest": {
            "dmean": 2.91419911385,
            "dmean2": 4.71574401855,
            "dvar": 7.43594694138,
            "dvar2": 19.2586956024,
            "max": 30.1834602356,
            "mean": 9.18386077881,
            "median": 8.28922653198,
            "min": 2.35552501678,
            "var": 16.2663898468
        },
        "erbbands_flatness_db": {
            "dmean": 0.025197930634,
            "dmean2": 0.0374369546771,
            "dvar": 0.000663385493681,
            "dvar2": 0.00130826642271,
            "max": 0.475184500217,
            "mean": 0.151791259646,
            "median": 0.138167470694,
            "min": 0.0273191351444,
            "var": 0.0041842199862
        },
        "erbbands_kurtosis": {
            "dmean": 2.1504945755,
            "dmean2": 3.39695525169,
            "dvar": 21.6128559113,
            "dvar2": 54.9697151184,
            "max": 274.497406006,
            "mean": 2.48985219002,
            "median": -0.131251752377,
            "min": -1.92967271805,
            "var": 162.158660889
        },
        "erbbands_skewness": {
            "dmean": 0.64062833786,
            "dmean2": 0.975194990635,
            "dvar": 0.582373678684,
            "dvar2": 1.32633817196,
            "max": 12.7823228836,
            "mean": 0.22806763649,
            "median": 0.171059340239,
            "min": -6.53009796143,
            "var": 1.90008926392
        },
        "erbbands_spread": {
            "dmean": 18.6809902191,
            "dmean2": 28.0718574524,
            "dvar": 516.671569824,
            "dvar2": 1057.69213867,
            "max": 222.438613892,
            "mean": 56.3383178711,
            "median": 47.6775665283,
            "min": 1.00782883167,
            "var": 1586.9576416
        },
        "gfcc": {
            "cov": [
                [
                    16448.9472656,
                    -1786.80944824,
                    -904.846191406,
                    506.784301758,
                    -892.140014648,
                    1375.06945801,
                    -739.417419434,
                    557.513793945,
                    -285.525726318,
                    364.950012207,
                    -150.217834473,
                    468.633605957,
                    -287.616333008
                ],
                [
                    -1786.80944824,
                    3719.96069336,
                    -42.0926971436,
                    21.8350715637,
                    820.291870117,
                    -649.87890625,
                    614.20300293,
                    -261.953338623,
                    246.533035278,
                    -186.34664917,
                    283.941711426,
                    -208.125198364,
                    222.147216797
                ],
                [
                    -904.846191406,
                    -42.0926971436,
                    2808.33300781,
                    863.54107666,
                    566.286376953,
                    727.932434082,
                    400.262023926,
                    214.031707764,
                    173.20375061,
                    86.4507751465,
                    95.9175491333,
                    102.098167419,
                    155.260131836
                ],
                [
                    506.784301758,
                    21.8350715637,
                    863.54107666,
                    904.59979248,
                    311.757415771,
                    245.612594604,
                    226.682998657,
                    154.036407471,
                    155.779296875,
                    50.8342132568,
                    56.8840484619,
                    31.6821365356,
                    150.177871704
                ],
                [
                    -892.140014648,
                    820.291870117,
                    566.286376953,
                    311.757415771,
                    799.286743164,
                    89.0507278442,
                    437.013214111,
                    128.338180542,
                    194.566574097,
                    22.9201908112,
                    72.6578369141,
                    -14.5176324844,
                    147.643096924
                ],
                [
                    1375.06945801,
                    -649.87890625,
                    727.932434082,
                    245.612594604,
                    89.0507278442,
                    748.755737305,
                    151.092056274,
                    160.759979248,
                    18.9969100952,
                    103.588691711,
                    12.0964422226,
                    83.5591430664,
                    -18.297580719
                ],
                [
                    -739.417419434,
                    614.20300293,
                    400.262023926,
                    226.682998657,
                    437.013214111,
                    151.092056274,
                    591.805969238,
                    54.6098899841,
                    96.997543335,
                    11.5178184509,
                    91.2245025635,
                    -13.8095932007,
                    119.950721741
                ],
                [
                    557.513793945,
                    -261.953338623,
                    214.031707764,
                    154.036407471,
                    128.338180542,
                    160.759979248,
                    54.6098899841,
                    256.122528076,
                    76.0996932983,
                    29.7829151154,
                    -14.3857851028,
                    51.7866401672,
                    12.3921661377
                ],
                [
                    -285.525726318,
                    246.533035278,
                    173.20375061,
                    155.779296875,
                    194.566574097,
                    18.9969100952,
                    96.997543335,
                    76.0996932983,
                    220.25920105,
                    19.3413295746,
                    22.6976909637,
                    -19.0940570831,
                    48.9348106384
                ],
                [
                    364.950012207,
                    -186.34664917,
                    86.4507751465,
                    50.8342132568,
                    22.9201908112,
                    103.588691711,
                    11.5178184509,
                    29.7829151154,
                    19.3413295746,
                    127.04019928,
                    -2.19902896881,
                    11.4044475555,
                    -12.1191558838
                ],
                [
                    -150.217834473,
                    283.941711426,
                    95.9175491333,
                    56.8840484619,
                    72.6578369141,
                    12.0964422226,
                    91.2245025635,
                    -14.3857851028,
                    22.6976909637,
                    -2.19902896881,
                    127.823806763,
                    -1.82436203957,
                    18.7508335114
                ],
                [
                    468.633605957,
                    -208.125198364,
                    102.098167419,
                    31.6821365356,
                    -14.5176324844,
                    83.5591430664,
                    -13.8095932007,
                    51.7866401672,
                    -19.0940570831,
                    11.4044475555,
                    -1.82436203957,
                    107.077201843,
                    7.03099298477
                ],
                [
                    -287.616333008,
                    222.147216797,
                    155.260131836,
                    150.177871704,
                    147.643096924,
                    -18.297580719,
                    119.950721741,
                    12.3921661377,
                    48.9348106384,
                    -12.1191558838,
                    18.7508335114,
                    7.03099298477,
                    131.612121582
                ]
            ],
            "icov": [
                [
                    0.000177337089553,
                    -0.000235921761487,
                    0.000224269926548,
                    -0.000295825622743,
                    0.00023121626873,
                    -0.000546858122107,
                    0.000313607510179,
                    -0.000392100482713,
                    0.000298014085274,
                    -0.000399269367335,
                    0.000262462097453,
                    -0.000580600171816,
                    0.000120485063235
                ],
                [
                    -0.000235921761487,
                    0.00107573135756,
                    -0.000313182128593,
                    0.000529409153387,
                    -0.000908289686777,
                    0.00124157883693,
                    -0.000753822212573,
                    0.00118908169679,
                    -0.000818822998554,
                    0.00116440281272,
                    -0.00137621245813,
                    0.0012244656682,
                    -0.000256992032519
                ],
                [
                    0.000224269926548,
                    -0.000313182128593,
                    0.00095674127806,
                    -0.000798446475528,
                    -1.77897561571e-06,
                    -0.00123384036124,
                    0.000481649913127,
                    -0.00031124157249,
                    0.000361249520211,
                    -0.000354504067218,
                    0.000240485067479,
                    -0.000989587046206,
                    7.35876456019e-05
                ],
                [
                    -0.000295825622743,
                    0.000529409153387,
                    -0.000798446475528,
                    0.00253397552297,
                    -0.000395031413063,
                    0.00087011809228,
                    -0.000546164927073,
                    0.000129494364955,
                    -0.00105029891711,
                    0.000372252514353,
                    -0.00100826949347,
                    0.00135316257365,
                    -0.00194373377599
                ],
                [
                    0.00023121626873,
                    -0.000908289686777,
                    -1.77897561571e-06,
                    -0.000395031413063,
                    0.00362035864964,
                    -0.000699750846252,
                    -0.00086148630362,
                    -0.00188179581892,
                    -0.000381152611226,
                    -0.00133988377638,
                    0.00102974299807,
                    -0.000678252719808,
                    -0.000797182496171
                ],
                [
                    -0.000546858122107,
                    0.00124157883693,
                    -0.00123384036124,
                    0.00087011809228,
                    -0.000699750846252,
                    0.00452316971496,
                    -0.001969846664,
                    0.000756696332246,
                    -0.000880341161974,
                    0.000401819648687,
                    -0.00133827689569,
                    0.00120589777362,
                    0.000800406327471
                ],
                [
                    0.000313607510179,
                    -0.000753822212573,
                    0.000481649913127,
                    -0.000546164927073,
                    -0.00086148630362,
                    -0.001969846664,
                    0.00414591282606,
                    -0.000831209821627,
                    0.001032476197,
                    -0.000792003469542,
                    -0.000454542285297,
                    -0.000427993945777,
                    -0.00136421178468
                ],
                [
                    -0.000392100482713,
                    0.00118908169679,
                    -0.00031124157249,
                    0.000129494364955,
                    -0.00188179581892,
                    0.000756696332246,
                    -0.000831209821627,
                    0.00760173937306,
                    -0.00276858033612,
                    0.00164480041713,
                    -0.000101873949461,
                    -0.00107107975055,
                    0.000866083835717
                ],
                [
                    0.000298014085274,
                    -0.000818822998554,
                    0.000361249520211,
                    -0.00105029891711,
                    -0.000381152611226,
                    -0.000880341161974,
                    0.001032476197,
                    -0.00276858033612,
                    0.00754610961303,
                    -0.0018124638591,
                    0.000349548849044,
                    0.00076410965994,
                    -0.000632722105365
                ],
                [
                    -0.000399269367335,
                    0.00116440281272,
                    -0.000354504067218,
                    0.000372252514353,
                    -0.00133988377638,
                    0.000401819648687,
                    -0.000792003469542,
                    0.00164480041713,
                    -0.0018124638591,
                    0.0106567963958,
                    -0.001108082477,
                    0.00130129675381,
                    0.00102497171611
                ],
                [
                    0.000262462097453,
                    -0.00137621245813,
                    0.000240485067479,
                    -0.00100826949347,
                    0.00102974299807,
                    -0.00133827689569,
                    -0.000454542285297,
                    -0.000101873949461,
                    0.000349548849044,
                    -0.001108082477,
                    0.0110265370458,
                    -0.00228828657418,
                    0.00116519373842
                ],
                [
                    -0.000580600171816,
                    0.0012244656682,
                    -0.000989587046206,
                    0.00135316257365,
                    -0.000678252719808,
                    0.00120589777362,
                    -0.000427993945777,
                    -0.00107107975055,
                    0.00076410965994,
                    0.00130129675381,
                    -0.00228828657418,
                    0.0143821630627,
                    -0.00289937132038
                ],
                [
                    0.000120485063235,
                    -0.000256992032519,
                    7.35876456019e-05,
                    -0.00194373377599,
                    -0.000797182496171,
                    0.000800406327471,
                    -0.00136421178468,
                    0.000866083835717,
                    -0.000632722105365,
                    0.00102497171611,
                    0.00116519373842,
                    -0.00289937132038,
                    0.0129121439531
                ]
            ],
            "mean": [
                -39.7725753784,
                78.1195907593,
                -81.1038589478,
                41.8893890381,
                -40.1101455688,
                28.5624332428,
                -17.0288505554,
                13.8276319504,
                -15.0224666595,
                0.699991703033,
                -9.10444927216,
                3.56748485565,
                -5.56311130524
            ]
        },
        "hfc": {
            "dmean": 15.7113695145,
            "dmean2": 22.238199234,
            "dvar": 682.367248535,
            "dvar2": 1358.4901123,
            "max": 316.478942871,
            "mean": 25.7708530426,
            "median": 13.8320102692,
            "min": 1.17435678597e-16,
            "var": 1179.17272949
        },
        "melbands": {
            "dmean": [
                0.00785117130727,
                0.004987873137,
                0.00146181485616,
                0.000611155875959,
                0.000393636641093,
                0.000123438163428,
                0.000132013345137,
                0.000103562269942,
                6.71706729918e-05,
                9.11218521651e-05,
                8.72341261129e-05,
                6.13664160483e-05,
                7.58367023082e-05,
                7.37271620892e-05,
                6.06072389928e-05,
                6.04649831075e-05,
                4.4805026846e-05,
                2.79412215605e-05,
                2.33110404224e-05,
                1.89887286979e-05,
                1.5873762095e-05,
                1.34063584483e-05,
                1.20047825476e-05,
                1.20258491734e-05,
                8.02424165158e-06,
                6.5252929744e-06,
                5.03534920426e-06,
                3.91679031964e-06,
                4.89923195346e-06,
