{
    "lowlevel": {
        "average_loudness": 0.93746060133,
        "barkbands": {
            "dmean": [
                0.000427484628744,
                0.00543935969472,
                0.00162318686489,
                0.00178529508412,
                0.00228338874876,
                0.000977561925538,
                0.00122840260155,
                0.000786548946053,
                0.00107381504495,
                0.00058305892162,
                0.000392872811062,
                0.000613030279055,
                0.000549067161046,
                0.00057263817871,
                0.000391995970858,
                0.000281024549622,
                0.000269939773716,
                0.000274408055702,
                0.000298436993035,
                0.000264219066594,
                0.000225647934712,
                0.000157560149091,
                0.000183953889064,
                0.000136033209856,
                0.000107179293991,
                3.57281896868e-05,
                5.21438823853e-06
            ],
            "dmean2": [
                0.000712141045369,
                0.00858390145004,
                0.00264037400484,
                0.00291275908239,
                0.00365670048632,
                0.00150430656504,
                0.00192846625578,
                0.00123656541109,
                0.0016723665176,
                0.00088010210311,
                0.00060943455901,
                0.000936874770559,
                0.000853003119119,
                0.000892308773473,
                0.000617346959189,
                0.000456959940493,
                0.00045861795661,
                0.000465895369416,
                0.000502618961036,
                0.000440121249994,
                0.000364241481293,
                0.000245159375481,
                0.000283618806861,
                0.000204966243473,
                0.000162422569701,
                5.53108220629e-05,
                8.20131663204e-06
            ],
            "dvar": [
                1.14839724574e-06,
                0.000147576225572,
                2.0890707674e-05,
                3.509248927e-05,
                3.50813243131e-05,
                3.5859552554e-06,
                5.49495734958e-06,
                2.96997268379e-06,
                4.1884836719e-06,
                2.24660493586e-06,
                1.03493721326e-06,
                1.94991594071e-06,
                1.44609236941e-06,
                1.37707968406e-06,
                6.6249270958e-07,
                3.12707129524e-07,
                2.67576353963e-07,
                3.41221578992e-07,
                3.38817613965e-07,
                2.60262197571e-07,
                1.80665921334e-07,
                9.4885670876e-08,
                1.15196321815e-07,
                7.18958901302e-08,
                5.77275294233e-08,
                5.85200332637e-09,
                1.11027742555e-09
            ],
            "dvar2": [
                2.86810586658e-06,
                0.000338483456289,
                5.32877274964e-05,
                8.8417706138e-05,
                8.76301855897e-05,
                8.17002819531e-06,
                1.33039611683e-05,
                6.60481964587e-06,
                9.69356096903e-06,
                4.64708455183e-06,
                2.09236804949e-06,
                4.32617844126e-06,
                3.28419628204e-06,
                3.24171423927e-06,
                1.46538320678e-06,
                7.81195069521e-07,
                7.34346201625e-07,
                9.49022421537e-07,
                9.03333329916e-07,
                6.85343366058e-07,
                4.43759063273e-07,
                2.29620070513e-07,
                2.75873446753e-07,
                1.55358804932e-07,
                1.25890878167e-07,
                1.36770426096e-08,
                2.28413332692e-09
            ],
            "max": [
                0.0269691701978,
                0.116548143327,
                0.0508949272335,
                0.075428634882,
                0.060746293515,
                0.0331171490252,
                0.0339293852448,
                0.030118657276,
                0.0309963654727,
                0.0460534840822,
                0.0233163069934,
                0.0346090719104,
                0.0229067653418,
                0.0292076803744,
                0.01646011509,
                0.0118303662166,
                0.00652531953529,
                0.00696049863473,
                0.00585292465985,
                0.00441665947437,
                0.00392977613956,
                0.00337067781948,
                0.00737105542794,
                0.00515654543415,
                0.00518125807866,
                0.00200559641235,
                0.000878771475982
            ],
            "mean": [
                0.000696590577718,
                0.00996618997306,
                0.00198697322048,
                0.00153741496615,
                0.0023561862763,
                0.00129511218984,
                0.00190622755326,
                0.000988624058664,
                0.00149364746176,
                0.000761094270274,
                0.000526024959981,
                0.000846727460157,
                0.000697785872035,
                0.000752152991481,
                0.000476805842482,
                0.000340935977874,
                0.000302918022498,
                0.000277379644103,
                0.000306300469674,
                0.000286031019641,
                0.000237539206864,
                0.0001757065329,
                0.000225496740313,
                0.000178724571015,
                0.000132695990033,
                4.1748447984e-05,
                4.97445762448e-06
            ],
            "median": [
                0.000337962934282,
                0.00298310793005,
                6.18817430222e-05,
                2.5738550903e-05,
                0.000525113777258,
                0.000364996725693,
                0.000668824650347,
                0.000310109171551,
                0.000494806386996,
                0.000119641859783,
                9.84899670584e-05,
                0.000218488188693,
                0.000154801469762,
                0.000217750639422,
                0.000112616791739,
                0.000109079024696,
                0.00011671318498,
                8.1124555436e-05,
                9.07850553631e-05,
                6.60435907776e-05,
                5.81865970162e-05,
                5.3522104281e-05,
                7.92033388279e-05,
                6.00753119215e-05,
                4.35886322521e-05,
                1.42237386171e-05,
                2.98333986848e-07
            ],
            "min": [
                2.57887682096e-24,
                5.93878628594e-24,
                6.33510921586e-24,
                2.81699326246e-23,
                4.08000122358e-23,
                4.73323358891e-23,
                8.52547160712e-23,
                3.56244062771e-23,
                3.06082196411e-23,
                4.12026657745e-23,
                3.45840281163e-23,
                6.3537457392e-23,
                6.49374583069e-23,
                4.58225066036e-23,
                9.36531501493e-23,
                1.27399243901e-22,
                1.8495612589e-22,
                2.25366478704e-22,
                2.24349365629e-22,
                3.24693911655e-22,
                4.96193055e-22,
                5.42325640737e-22,
                5.92940218594e-22,
                6.99062987735e-22,
                9.8441813523e-22,
                1.69360555315e-21,
                2.21014985635e-21
            ],
            "var": [
                1.56280304964e-06,
                0.000246025505476,
                2.2956117391e-05,
                3.22486848745e-05,
                3.34796459356e-05,
                5.42626094102e-06,
                9.59054432315e-06,
                4.4109378905e-06,
                7.20486741557e-06,
                3.98506927013e-06,
                2.31685044128e-06,
                3.17858007293e-06,
                2.28228850574e-06,
                2.24629866352e-06,
                1.06628272079e-06,
                4.29403513635e-07,
                2.51884841873e-07,
                2.8901857263e-07,
                3.17174738029e-07,
                2.79824064364e-07,
                2.03651111974e-07,
                1.08482602457e-07,
                1.66101870036e-07,
                1.15668868261e-07,
                8.72129746199e-08,
                7.08809588801e-09,
                1.32849808931e-09
            ]
        },
        "barkbands_crest": {
            "dmean": 3.52770137787,
            "dmean2": 5.5434346199,
            "dvar": 10.9676399231,
            "dvar2": 26.1287384033,
            "max": 26.506187439,
            "mean": 12.0177631378,
            "median": 10.9823150635,
            "min": 2.10384488106,
            "var": 29.7168273926
        },
        "barkbands_flatness_db": {
            "dmean": 0.0370346531272,
            "dmean2": 0.0542642883956,
            "dvar": 0.00153150269762,
            "dvar2": 0.00345585751347,
            "max": 0.426344841719,
            "mean": 0.152687773108,
            "median": 0.14380016923,
            "min": 0.024922452867,
            "var": 0.00437737815082
        },
        "barkbands_kurtosis": {
            "dmean": 7.67397785187,
            "dmean2": 12.3328285217,
            "dvar": 448.681274414,
            "dvar2": 1136.7644043,
            "max": 385.411743164,
            "mean": 7.99666070938,
            "median": 1.87812876701,
            "min": -1.95831906796,
            "var": 512.326171875
        },
        "barkbands_skewness": {
            "dmean": 1.00713050365,
            "dmean2": 1.51560044289,
            "dvar": 1.71255993843,
            "dvar2": 3.9966506958,
            "max": 16.9761638641,
            "mean": 1.81566464901,
            "median": 1.3909804821,
            "min": -4.38203620911,
            "var": 3.78098964691
        },
        "barkbands_spread": {
            "dmean": 9.71389198303,
            "dmean2": 15.2528409958,
            "dvar": 137.375137329,
            "dvar2": 327.172302246,
            "max": 143.188903809,
            "mean": 24.4657535553,
            "median": 21.6558113098,
            "min": 0.362148463726,
            "var": 302.262878418
        },
        "dissonance": {
            "dmean": 0.0259444750845,
            "dmean2": 0.0424198545516,
            "dvar": 0.000685139384586,
            "dvar2": 0.00174911622889,
            "max": 0.500000059605,
            "mean": 0.450396537781,
            "median": 0.459550976753,
            "min": 0.176934406161,
            "var": 0.0014173242962
        },
        "dynamic_complexity": 3.14197611809,
        "erbbands": {
            "dmean": [
                0.198384329677,
                1.11507868767,
                1.77449536324,
                4.09460353851,
                7.22906780243,
                8.00358295441,
                5.35469198227,
                9.18805789948,
                14.813999176,
                18.0342941284,
                21.0929756165,
                19.2332897186,
                21.1547756195,
                16.5326881409,
                15.2910346985,
                22.4745731354,
                21.9839115143,
                29.6417884827,
                19.9969501495,
                17.4391689301,
                15.5961694717,
                15.7278060913,
                15.3886413574,
                12.9725990295,
                14.9458751678,
                13.0231800079,
                9.8479642868,
                8.60811805725,
                5.82187700272,
                4.8715839386,
                5.32778263092,
                3.13394904137,
                2.24849152565,
                1.491132617,
                0.620887875557,
                0.20097014308,
                0.0553540326655,
                0.0118748964742,
                0.00100941001438,
                3.68643377442e-05
            ],
            "dmean2": [
                0.30700019002,
                1.76509094238,
                2.85454297066,
                6.74808883667,
                11.8657808304,
                12.8054008484,
                9.03315830231,
                13.8045158386,
                22.6696434021,
                28.9223957062,
                32.4019546509,
                30.4527606964,
                31.94024086,
                24.8917732239,
                23.3802280426,
                34.4976196289,
                33.581325531,
                45.060710907,
                31.4342594147,
                27.5549049377,
                25.1328029633,
                26.5438785553,
                26.4160957336,
                21.652338028,
                25.0017871857,
                21.8537197113,
                15.8710660934,
                14.1477203369,
                9.2788105011,
                7.36392402649,
                8.25582885742,
                4.82504463196,
                3.37033462524,
                2.28197097778,
                0.946853756905,
                0.306173563004,
                0.0863582268357,
                0.0190297812223,
                0.00160806649365,
                5.64190304431e-05
            ],
            "dvar": [
                0.186430692673,
                7.19593572617,
                22.1568279266,
                141.503997803,
                429.64553833,
                471.087982178,
                158.761413574,
                377.150909424,
                945.093261719,
                1332.68310547,
                1950.77880859,
                1283.86035156,
                2390.82592773,
                1583.62341309,
                1080.17626953,
                2606.56762695,
                2121.65161133,
                4504.73339844,
                1117.58154297,
                1210.69812012,
                811.965209961,
                866.884216309,
                1156.1953125,
                613.886352539,
                887.565246582,
                685.66784668,
                364.224243164,
                301.770202637,
                130.966964722,
                75.0391159058,
                97.6482009888,
                33.5487785339,
                23.3020820618,
                11.5946531296,
                2.02079439163,
                0.205149486661,
                0.0136387711391,
                0.00119521061424,
                5.34817190783e-05,
                3.07162224544e-08
            ],
            "dvar2": [
                0.398237138987,
                17.6839179993,
                55.3658218384,
                352.171875,
                1121.35583496,
                1136.62304688,
                423.947601318,
                818.378112793,
                2264.91503906,
                3281.17578125,
                4437.01220703,
                3110.47338867,
                5383.40966797,
                3050.52026367,
                2349.91357422,
                6056.98632813,
                4748.96826172,
                10022.7597656,
                2649.22192383,
                2843.58300781,
                1950.19702148,
                2377.48706055,
                3260.44628906,
                1609.07763672,
                2363.40600586,
                1814.50524902,
                898.920715332,
                776.798156738,
                321.198669434,
                170.540374756,
                233.130310059,
                76.164352417,
                49.5377998352,
                25.8737869263,
                4.44309711456,
                0.462449938059,
                0.032464992255,
                0.00277770892717,
                0.000111580440716,
                7.36808090096e-08
            ],
            "max": [
                4.97185468674,
                25.3033905029,
                50.4872741699,
                116.30670166,
                290.790466309,
                263.173400879,
                197.735305786,
                309.453552246,
                555.730102539,
                608.782531738,
                703.21887207,
                503.035614014,
                1066.36315918,
                845.638916016,
                929.624511719,
                1192.64440918,
                946.381469727,
                1732.09741211,
                465.235229492,
                675.751037598,
                776.733886719,
                388.035705566,
                377.176879883,
                274.479492188,
                318.706481934,
                266.662506104,
                185.20854187,
                152.624237061,
                103.72480011,
                176.960372925,
                208.515655518,
                110.844985962,
                93.3554077148,
                82.3160552979,
                36.125667572,
                14.5383806229,
                2.2407553196,
                0.626296162605,
                0.187046140432,
                0.00553850270808
            ],
            "mean": [
                0.358784139156,
                1.92659676075,
                2.61732602119,
                3.97762513161,
                6.69221353531,
                8.39184474945,
                6.26737451553,
                12.9307451248,
                23.8855705261,
                25.1544055939,
                28.9877166748,
                26.4154319763,
                29.0031509399,
                23.2281398773,
                22.3734111786,
                30.6975440979,
                30.5648498535,
                41.4132041931,
                26.5841846466,
                21.8846988678,
                20.1996555328,
                18.4063587189,
                15.6424102783,
                14.1487874985,
                15.8628492355,
                13.6238307953,
                10.1611356735,
                9.10334205627,
                6.48723506927,
                5.69950532913,
                6.57100248337,
                4.15773820877,
                2.85455775261,
                1.82596313953,
                0.748951077461,
                0.242300868034,
                0.0644624084234,
                0.012079927139,
                0.000961216632277,
                5.7940804254e-05
            ],
            "median": [
                0.123049616814,
                0.411976218224,
                0.204390108585,
                0.200802087784,
                0.726253390312,
                1.7613363266,
                1.56023073196,
                3.83732557297,
                7.99234437943,
                8.04089164734,
                9.27313995361,
                10.1959171295,
                7.55097913742,
                5.55426597595,
                6.46472120285,
                8.70114517212,
                8.14926528931,
                11.1000404358,
                10.0307655334,
                6.01701450348,
                7.43867683411,
                7.73848819733,
                5.0238494873,
                4.70462036133,
                4.69478416443,
                3.02569818497,
                2.1724357605,
                2.46345901489,
                1.99892568588,
                1.807508111,
                2.30934047699,
                1.47994232178,
                0.883996605873,
                0.59155523777,
                0.224547967315,
                0.0805150493979,
                0.0211017802358,
                0.00227655586787,
                7.94787629275e-05,
                3.30942566507e-05
            ],
            "min": [
                1.87264244546e-22,
                1.03782894101e-21,
                6.2808215691e-21,
                8.1411607026e-20,
                1.53492629667e-19,
                1.10965865584e-19,
                3.06569342582e-19,
                2.72785683703e-19,
                1.0737911739e-18,
                1.80719380342e-18,
                8.76832956002e-19,
                7.58890959325e-19,
                8.20308085831e-19,
                1.47397360623e-18,
                1.97683531216e-18,
                1.95622507323e-18,
                2.34331065152e-18,
                2.94208911936e-18,
                5.40132479103e-18,
                7.01661083118e-18,
                8.05444870315e-18,
                8.99981770881e-18,
                1.38395381491e-17,
                1.08247683916e-17,
                1.06652044243e-17,
                1.60231187768e-17,
                1.67450505826e-17,
                1.97908023899e-17,
                2.08800520184e-17,
                2.54285610426e-17,
                1.6766133762e-17,
                1.19092203727e-17,
                1.28811898525e-17,
                1.14087926457e-17,
                7.11415527773e-18,
                5.71532710105e-18,
                3.50211562307e-18,
                1.29269252889e-18,
                3.09326671606e-19,
                3.31596060369e-20
            ],
            "var": [
                0.358265429735,
                10.3787384033,
                26.3815879822,
                151.56678772,
                356.085845947,
                479.795074463,
                163.25579834,
                603.255859375,
                1652.98486328,
                1935.23046875,
                3047.09204102,
                1913.86169434,
                3859.55639648,
                3247.20532227,
                2525.28759766,
                3870.45629883,
                3759.14379883,
                7803.1953125,
                1829.88122559,
                1750.07617188,
                1311.27160645,
                848.988525391,
                920.974060059,
                611.572509766,
                868.754211426,
                686.156921387,
                409.941009521,
                295.134307861,
                144.91053772,
                111.877838135,
                143.172409058,
                51.5911140442,
                36.7959403992,
                16.8153114319,
                2.965685606,
                0.27678912878,
                0.0160441901535,
                0.00135447317734,
                6.13197116763e-05,
                3.01004661196e-08
            ]
        },
        "erbbands_crest": {
            "dmean": 3.20210528374,
            "dmean2": 5.13898658752,
            "dvar": 9.12649440765,
            "dvar2": 21.795501709,
            "max": 30.6494350433,
            "mean": 9.5787935257,
            "median": 8.63076972961,
            "min": 2.37876033783,
            "var": 20.5791454315
        },
        "erbbands_flatness_db": {
            "dmean": 0.0248466338962,
            "dmean2": 0.0348559692502,
            "dvar": 0.000565431022551,
            "dvar2": 0.00109626469202,
            "max": 0.399327486753,
            "mean": 0.160173594952,
            "median": 0.152202546597,
            "min": 0.0519669055939,
            "var": 0.00257273577154
        },
        "erbbands_kurtosis": {
            "dmean": 1.56064593792,
            "dmean2": 2.40979647636,
            "dvar": 5.93265295029,
            "dvar2": 13.6672372818,
            "max": 41.8211860657,
            "mean": 1.15611457825,
            "median": 0.174152880907,
            "min": -1.91609144211,
            "var": 11.0745859146
        },
        "erbbands_skewness": {
            "dmean": 0.545686662197,
            "dmean2": 0.836116075516,
            "dvar": 0.318481683731,
            "dvar2": 0.71708458662,
            "max": 5.15642166138,
            "mean": 0.38788869977,
            "median": 0.370242625475,
            "min": -4.88674259186,
            "var": 0.858821511269
        },
        "erbbands_spread": {
            "dmean": 13.7370014191,
            "dmean2": 20.2304210663,
            "dvar": 256.157318115,
            "dvar2": 594.729431152,
            "max": 177.12852478,
            "mean": 40.9675445557,
            "median": 36.7779464722,
            "min": 1.96067094803,
            "var": 578.506469727
        },
        "gfcc": {
            "cov": [
                [
                    16473.2070313,
                    653.660583496,
                    77.3179092407,
                    1218.21228027,
                    -368.502471924,
                    258.752716064,
                    -238.989028931,
                    326.618041992,
                    -72.6926574707,
                    29.9850978851,
                    -160.856735229,
                    133.658981323,
                    -115.779579163
                ],
                [
                    653.660583496,
                    1237.2824707,
                    123.867195129,
                    146.865997314,
                    286.711425781,
                    93.3099212646,
                    223.918243408,
                    44.1281433105,
                    101.634284973,
                    12.7993202209,
                    84.8211669922,
                    -35.2889328003,
                    68.5916519165
                ],
                [
                    77.3179092407,
                    123.867195129,
                    1352.12463379,
                    613.122070313,
                    271.140625,
                    331.40335083,
                    46.9187698364,
                    188.980667114,
                    104.780464172,
                    14.8481779099,
                    27.5982303619,
                    27.1302452087,
                    -65.358795166
                ],
                [
                    1218.21228027,
                    146.865997314,
                    613.122070313,
                    983.095153809,
                    412.904174805,
                    278.098999023,
                    163.438690186,
                    151.15914917,
                    158.499649048,
                    8.40938568115,
                    -12.667927742,
                    -13.6104412079,
                    23.5876903534
                ],
                [
                    -368.502471924,
                    286.711425781,
                    271.140625,
                    412.904174805,
                    725.705810547,
                    388.248748779,
                    316.885284424,
                    149.6537323,
                    153.84387207,
                    43.6319923401,
                    44.3346862793,
                    -16.3002357483,
                    11.8890981674
                ],
                [
                    258.752716064,
                    93.3099212646,
                    331.40335083,
                    278.098999023,
                    388.248748779,
                    566.609741211,
                    292.24005127,
                    184.822052002,
                    118.994560242,
                    73.1964950562,
                    84.9824066162,
                    0.74526309967,
                    13.1666555405
                ],
                [
                    -238.989028931,
                    223.918243408,
                    46.9187698364,
                    163.438690186,
                    316.885284424,
                    292.24005127,
                    481.372772217,
                    132.353637695,
                    93.6613235474,
                    74.5795669556,
                    59.6730155945,
                    4.03849887848,
                    35.9945869446
                ],
                [
                    326.618041992,
                    44.1281433105,
                    188.980667114,
                    151.15914917,
                    149.6537323,
                    184.822052002,
                    132.353637695,
                    268.057067871,
                    157.288497925,
                    80.6079483032,
                    59.4941902161,
                    29.418182373,
                    36.6064720154
                ],
                [
                    -72.6926574707,
                    101.634284973,
                    104.780464172,
                    158.499649048,
                    153.84387207,
                    118.994560242,
                    93.6613235474,
                    157.288497925,
                    297.651733398,
                    108.290817261,
                    47.7400016785,
                    13.0756092072,
                    46.2296142578
                ],
                [
                    29.9850978851,
                    12.7993202209,
                    14.8481779099,
                    8.40938568115,
                    43.6319923401,
                    73.1964950562,
                    74.5795669556,
                    80.6079483032,
                    108.290817261,
                    177.764053345,
                    84.6422729492,
                    37.8669662476,
                    40.3079299927
                ],
                [
                    -160.856735229,
                    84.8211669922,
                    27.5982303619,
                    -12.667927742,
                    44.3346862793,
                    84.9824066162,
                    59.6730155945,
                    59.4941902161,
                    47.7400016785,
                    84.6422729492,
                    172.080963135,
                    74.0617523193,
                    47.7563896179
                ],
                [
                    133.658981323,
                    -35.2889328003,
                    27.1302452087,
                    -13.6104412079,
                    -16.3002357483,
                    0.74526309967,
                    4.03849887848,
                    29.418182373,
                    13.0756092072,
                    37.8669662476,
                    74.0617523193,
                    162.94670105,
                    50.3279571533
                ],
                [
                    -115.779579163,
                    68.5916519165,
                    -65.358795166,
                    23.5876903534,
                    11.8890981674,
                    13.1666555405,
                    35.9945869446,
                    36.6064720154,
                    46.2296142578,
                    40.3079299927,
                    47.7563896179,
                    50.3279571533,
                    157.098617554
                ]
            ],
            "icov": [
                [
                    0.000122371697216,
                    -0.000192709514522,
                    0.000205529897357,
                    -0.000329613540089,
                    0.000288601499051,
                    -0.000276995415334,
                    0.000231767480727,
                    -0.000322035455611,
                    0.000252567639109,
                    -0.00023704173509,
                    0.000351311813574,
                    -0.000346007291228,
                    0.00032318252488
                ],
                [
                    -0.000192709514522,
                    0.0013777242275,
                    -0.000521657639183,
                    0.000607440073509,
                    -0.000828734133393,
                    0.000893375603482,
                    -0.000860107480548,
                    0.000779830676038,
                    -0.000713179644663,
                    0.000862927001435,
                    -0.00138509448152,
                    0.00118883315008,
                    -0.00101993221324
                ],
                [
                    0.000205529897357,
                    -0.000521657639183,
                    0.00166592351161,
                    -0.00129385117907,
                    0.000644148967694,
                    -0.00111759477295,
                    0.000952601665631,
                    -0.00111764576286,
                    0.000616827863269,
                    -0.000443252240075,
                    0.000652202928904,
                    -0.00110774894711,
                    0.00144250271842
                ],
                [
                    -0.000329613540089,
                    0.000607440073509,
                    -0.00129385117907,
                    0.00276569230482,
                    -0.00151656044181,
                    0.000807677570265,
                    -0.000760131631978,
                    0.000905424705707,
                    -0.00117496517487,
                    0.00099084014073,
                    -0.000453765154816,
                    0.00110538234003,
                    -0.0015760693932
                ],
                [
                    0.000288601499051,
                    -0.000828734133393,
                    0.000644148967694,
                    -0.00151656044181,
                    0.00366958416998,
                    -0.00195953832008,
                    -0.000246355426498,
                    -0.000595104880631,
                    -8.10060464573e-06,
                    -0.00021594791906,
                    0.000940632540733,
                    -0.000912858173251,
                    0.00121615338139
                ],
                [
                    -0.000276995415334,
                    0.000893375603482,
                    -0.00111759477295,
                    0.000807677570265,
                    -0.00195953832008,
                    0.00479693338275,
                    -0.00196291250177,
                    -0.000265732553089,
                    -0.000359302270226,
                    0.000604766188189,
                    -0.00226090592332,
                    0.00172766076867,
                    -0.000838126288727
                ],
                [
                    0.000231767480727,
                    -0.000860107480548,
                    0.000952601665631,
                    -0.000760131631978,
                    -0.000246355426498,
                    -0.00196291250177,
                    0.00435683736578,
                    -0.0014335376909,
                    0.00100033194758,
                    -0.00139799446333,
                    0.00107811321504,
                    -0.00089361728169,
                    0.000598613522016
                ],
                [
                    -0.000322035455611,
                    0.000779830676038,
                    -0.00111764576286,
                    0.000905424705707,
                    -0.000595104880631,
                    -0.000265732553089,
                    -0.0014335376909,
                    0.00785009935498,
                    -0.00340063916519,
                    0.000298896193272,
                    -0.0014111410128,
                    0.000542080146261,
                    -0.00143285188824
                ],
                [
                    0.000252567639109,
                    -0.000713179644663,
                    0.000616827863269,
                    -0.00117496517487,
                    -8.10060464573e-06,
                    -0.000359302270226,
                    0.00100033194758,
                    -0.00340063916519,
                    0.00672066165134,
                    -0.00339799746871,
                    0.00134147540666,
                    -0.000371999311028,
                    0.000130025058752
                ],
                [
                    -0.00023704173509,
                    0.000862927001435,
                    -0.000443252240075,
                    0.00099084014073,
                    -0.00021594791906,
                    0.000604766188189,
                    -0.00139799446333,
                    0.000298896193272,
                    -0.00339799746871,
                    0.0101174572483,
                    -0.00440908130258,
                    0.000782489427365,
                    -0.00117466202937
                ],
                [
                    0.000351311813574,
                    -0.00138509448152,
                    0.000652202928904,
                    -0.000453765154816,
                    0.000940632540733,
                    -0.00226090592332,
                    0.00107811321504,
                    -0.0014111410128,
                    0.00134147540666,
                    -0.00440908130258,
                    0.011464743875,
                    -0.00475057726726,
                    0.000176476474735
                ],
                [
                    -0.000346007291228,
                    0.00118883315008,
                    -0.00110774894711,
                    0.00110538234003,
                    -0.000912858173251,
                    0.00172766076867,
                    -0.00089361728169,
                    0.000542080146261,
                    -0.000371999311028,
                    0.000782489427365,
                    -0.00475057726726,
                    0.00976780056953,
                    -0.00317455409095
                ],
                [
                    0.00032318252488,
                    -0.00101993221324,
                    0.00144250271842,
                    -0.0015760693932,
                    0.00121615338139,
                    -0.000838126288727,
                    0.000598613522016,
                    -0.00143285188824,
                    0.000130025058752,
                    -0.00117466202937,
                    0.000176476474735,
                    -0.00317455409095,
                    0.00928710959852
                ]
            ],
            "mean": [
                -23.5631217957,
                65.1186218262,
                -117.157714844,
                23.2460422516,
                -63.1613121033,
                22.7939414978,
                -38.4834899902,
                17.2334575653,
                -15.9437389374,
                12.4740304947,
                -9.16213607788,
                3.55633854866,
                -10.4644670486
            ]
        },
        "hfc": {
            "dmean": 11.6818208694,
            "dmean2": 17.256526947,
            "dvar": 286.856719971,
            "dvar2": 692.528625488,
            "max": 150.747207642,
            "mean": 21.4915943146,
            "median": 16.2144470215,
            "min": 1.17923106354e-16,
            "var": 433.497772217
        },
        "melbands": {
            "dmean": [
                0.00161184521858,
                0.00106081319973,
                0.00078968226444,
                0.000594789627939,
                0.000198762878426,
                0.000203313800739,
                0.000233602477238,
                0.000187549783732,
                0.000187410551007,
                0.000124296362628,
                0.000110123000923,
                7.13697372703e-05,
                5.10081554239e-05,
                6.23942105449e-05,
                6.09758972132e-05,
                5.95382298343e-05,
                5.58839201403e-05,
                3.44384170603e-05,
                3.4069049434e-05,
                1.91856124729e-05,
                1.80801762326e-05,
                1.6772233721e-05,
                1.6015037545e-05,
                1.23155632537e-05,
                1.04542341433e-05,
                1.22892788568e-05,
                9.20108141145e-06,
                8.95205357665e-06,
                6.5956733124e-06,
