{
    "lowlevel": {
        "average_loudness": 0.787244796753,
        "barkbands": {
            "dmean": [
                0.00636406056583,
                0.0739306285977,
                0.00571670895442,
                0.00174982915632,
                0.0031592247542,
                0.000921836413909,
                0.000411333225202,
                0.000376092415536,
                0.000199026195332,
                0.000345077511156,
                0.000242598500336,
                0.000254151178524,
                0.000214094688999,
                0.000279838975985,
                0.00027438273537,
                0.000238197608269,
                0.000249943783274,
                0.000338914600434,
                0.000206902448554,
                0.000106222767499,
                0.000120813507237,
                0.000114373644465,
                0.000103594895336,
                4.24214485975e-05,
                1.67837733898e-05,
                5.08240409545e-05,
                7.06882610757e-06
            ],
            "dmean2": [
                0.00927452743053,
                0.115483306348,
                0.0102945258841,
                0.00322439917363,
                0.00562142301351,
                0.00150492182001,
                0.000612732081208,
                0.000566179864109,
                0.000286363734631,
                0.00053587887669,
                0.000405255297665,
                0.000446099526016,
                0.000351801310899,
                0.000460856652353,
                0.000460146111436,
                0.000379716599127,
                0.000410544656916,
                0.000577496713959,
                0.000349662819644,
                0.000170135346707,
                0.000196929089725,
                0.000175597757334,
                0.000156608351972,
                6.22519437457e-05,
                2.50749289989e-05,
                7.39829338272e-05,
                1.11379931695e-05
            ],
            "dvar": [
                0.000193386891624,
                0.0239216387272,
                0.000296917685773,
                2.57262272498e-05,
                5.27088232047e-05,
                3.17800686389e-06,
                9.23512629925e-07,
                2.00663703254e-06,
                5.48211460227e-07,
                1.26695067593e-06,
                8.80558786776e-07,
                9.7959946288e-07,
                5.14163730259e-07,
                6.84678525431e-07,
                6.71442251132e-07,
                5.31811451765e-07,
                5.97193491103e-07,
                1.6234909026e-06,
                5.6602522136e-07,
                6.77010802974e-08,
                1.97883210262e-07,
                1.03349059088e-07,
                6.20640534521e-08,
                1.67887463931e-08,
                3.23669291369e-09,
                1.95337968023e-08,
                3.53180207302e-10
            ],
            "dvar2": [
                0.000383792998036,
                0.0602997243404,
                0.000849594536703,
                7.43548152968e-05,
                0.000151513624587,
                8.01953228802e-06,
                1.86041802408e-06,
                4.94126561534e-06,
                1.01789862583e-06,
                2.79947880699e-06,
                2.31021385844e-06,
                2.65648054665e-06,
                1.29677607674e-06,
                1.7761736899e-06,
                1.79401956757e-06,
                1.24932807921e-06,
                1.50428729739e-06,
                4.37748713011e-06,
                1.53781422796e-06,
                1.67159399211e-07,
                5.16629597769e-07,
                2.27605923442e-07,
                1.40119070124e-07,
                3.44317285794e-08,
                6.82431311461e-09,
                3.91732903893e-08,
                7.9657835883e-10
            ],
            "max": [
                0.209013700485,
                1.34342682362,
                0.208389550447,
                0.0568627081811,
                0.0724755972624,
                0.0297481641173,
                0.0255052540451,
                0.0465248301625,
                0.0243115015328,
                0.0343015827239,
                0.0266857389361,
                0.0297211408615,
                0.019501844421,
                0.0158880352974,
                0.0141424424946,
                0.02201686427,
                0.0113485278562,
                0.0147470850497,
                0.00909057445824,
                0.00474427407607,
                0.00574424630031,
                0.00823875423521,
                0.00890825036913,
                0.00376084027812,
                0.00138161808718,
                0.00377880758606,
                0.000656014541164
            ],
            "mean": [
                0.00969918444753,
                0.0993506610394,
                0.00638569518924,
                0.0015345349675,
                0.00375946890563,
                0.0013717894908,
                0.000651540758554,
                0.000488227262395,
                0.000307482812786,
                0.000445810699603,
                0.000249847042141,
                0.000238552849623,
                0.000239252432948,
                0.00031849561492,
                0.000308790564304,
                0.000301098480122,
                0.000265320239123,
                0.000331000599544,
                0.000222141316044,
                0.000138304749271,
                0.000126138460473,
                0.000155837682541,
                0.000160970623256,
                6.28919733572e-05,
                2.3721542675e-05,
                8.00398483989e-05,
                9.75726197794e-06
            ],
            "median": [
                0.00139543181285,
                0.0192411094904,
                0.00176057266071,
                0.000460288953036,
                0.00151849072427,
                0.000383317819797,
                0.000151067273691,
                5.67903589399e-05,
                3.14989447361e-05,
                4.2918138206e-05,
                4.49825784017e-05,
                4.12143999711e-05,
                4.77769353893e-05,
                8.34645834402e-05,
                4.03290105169e-05,
                4.70158702228e-05,
                4.43617827841e-05,
                5.47981908312e-05,
                4.09878775827e-05,
                3.01863128698e-05,
                1.69378999999e-05,
                2.38465872826e-05,
                2.89225736196e-05,
                9.14560405363e-06,
                3.1481968108e-06,
                1.43113074955e-05,
                1.65035407917e-06
            ],
            "min": [
                1.17060221463e-23,
                6.19595020788e-23,
                2.00119559723e-23,
                1.59864587264e-23,
                2.86697517387e-23,
                3.45034412417e-23,
                2.78262511718e-23,
                3.52962369851e-23,
                9.9137778168e-23,
                2.08913503415e-22,
                6.38911700002e-23,
                2.34347066886e-23,
                5.63542540722e-23,
                1.58793509792e-22,
                1.17518123664e-22,
                2.0690662865e-22,
                7.84435963523e-23,
                1.41581385255e-22,
                4.58254878667e-22,
                3.72539373164e-22,
                4.72193205204e-22,
                5.33034348643e-22,
                6.62478673421e-22,
                6.95426856455e-22,
                1.4182388236e-21,
                1.78768048514e-21,
                2.12962192541e-21
            ],
            "var": [
                0.00039496057434,
                0.0336422175169,
                0.000208249097341,
                1.55070756591e-05,
                4.28093953815e-05,
                6.22122342975e-06,
                2.14821852751e-06,
                2.29657030104e-06,
                1.60913509717e-06,
                2.24548830374e-06,
                9.05617923763e-07,
                8.89475870736e-07,
                5.51453695152e-07,
                6.84596386691e-07,
                7.20801835996e-07,
                7.11527036401e-07,
                6.00003033924e-07,
                1.23152221931e-06,
                4.50540113661e-07,
                8.99686867228e-08,
                1.91779307102e-07,
                1.99588143346e-07,
                1.42204058307e-07,
                3.43570185635e-08,
                6.15472162124e-09,
                4.52990711608e-08,
                7.88772103189e-10
            ]
        },
        "barkbands_crest": {
            "dmean": 2.77271938324,
            "dmean2": 4.38829374313,
            "dvar": 9.06884002686,
            "dvar2": 21.1966381073,
            "max": 26.9839553833,
            "mean": 16.385137558,
            "median": 16.4426994324,
            "min": 2.76887774467,
            "var": 37.0885047913
        },
        "barkbands_flatness_db": {
            "dmean": 0.042252894491,
            "dmean2": 0.0618803761899,
            "dvar": 0.00192245445214,
            "dvar2": 0.00403961027041,
            "max": 0.712470114231,
            "mean": 0.241215139627,
            "median": 0.224723756313,
            "min": 0.026785036549,
            "var": 0.0138130281121
        },
        "barkbands_kurtosis": {
            "dmean": 71.2503967285,
            "dmean2": 117.764129639,
            "dvar": 123096.640625,
            "dvar2": 286120.59375,
            "max": 20504.8222656,
            "mean": 267.328033447,
            "median": 20.5910720825,
            "min": -1.91220200062,
            "var": 2704571.25
        },
        "barkbands_skewness": {
            "dmean": 2.05615878105,
            "dmean2": 3.198980093,
            "dvar": 10.6541824341,
            "dvar2": 24.9054832458,
            "max": 132.874023438,
            "mean": 6.78291416168,
            "median": 3.9607629776,
            "min": -2.39228725433,
            "var": 179.475601196
        },
        "barkbands_spread": {
            "dmean": 5.41408729553,
            "dmean2": 8.18240833282,
            "dvar": 68.4599685669,
            "dvar2": 143.322509766,
            "max": 119.128517151,
            "mean": 12.0606422424,
            "median": 6.60771942139,
            "min": 0.0219918172807,
            "var": 214.055435181
        },
        "dissonance": {
            "dmean": 0.0183744356036,
            "dmean2": 0.029689129442,
            "dvar": 0.000321926898323,
            "dvar2": 0.000832090212498,
            "max": 0.500000119209,
            "mean": 0.460515499115,
            "median": 0.466000527143,
            "min": 0.219525307417,
            "var": 0.000783615570981
        },
        "dynamic_complexity": 4.88490962982,
        "erbbands": {
            "dmean": [
                3.04296255112,
                14.4020423889,
                10.0899677277,
                5.51891088486,
                7.65778160095,
                11.1257963181,
                11.5563526154,
                6.63793945312,
                5.35710287094,
                8.85513210297,
                5.49423074722,
                3.67068195343,
                9.00785923004,
                10.5951862335,
                10.4085178375,
                8.98088932037,
                8.89227867126,
                13.1188879013,
                14.3162908554,
                12.9365692139,
                13.9282388687,
                14.3215751648,
                20.6779098511,
                11.3532161713,
                9.01366901398,
                4.98161029816,
                4.12313175201,
                5.06845712662,
                4.10091686249,
                3.86807656288,
                2.8974583149,
                1.12269258499,
                0.620326161385,
                0.239688113332,
                0.0952835530043,
                0.177709549665,
                0.0979389920831,
                0.023953134194,
                0.000928402179852,
                0.000102144855191
            ],
            "dmean2": [
                4.42363739014,
                24.0829124451,
                17.9463386536,
                10.0560445786,
                14.2565851212,
                19.5543785095,
                19.4833812714,
                10.8417301178,
                8.02800559998,
                13.261051178,
                8.24483680725,
                5.3462677002,
                13.4138345718,
                17.1470108032,
                17.6395301819,
                15.7208566666,
                14.4656200409,
                21.5593910217,
                23.6929130554,
                21.2499504089,
                22.1810035706,
                23.2907924652,
                35.4137649536,
                19.0854969025,
                15.1110172272,
                7.97494888306,
                6.58845186234,
                8.28103542328,
                6.23430299759,
                6.07403182983,
                4.40946149826,
                1.66686499119,
                0.922308564186,
                0.354450017214,
                0.140641018748,
                0.264943569899,
                0.142832800746,
                0.0358507782221,
                0.00146060646512,
                0.000158136375831
            ],
            "dvar": [
                37.2315177917,
                1050.75756836,
                849.881713867,
                239.586608887,
                510.339111328,
                619.807800293,
                534.312316895,
                221.991546631,
                166.286651611,
                1069.98474121,
                488.165466309,
                215.577606201,
                1037.11291504,
                1449.50048828,
                1437.72058105,
                1258.87304688,
                896.924621582,
                1628.46118164,
                1659.05444336,
                1353.18444824,
                2148.16381836,
                2059.46704102,
                6755.74804688,
                2099.85302734,
                687.639892578,
                167.402877808,
                213.059082031,
                343.312255859,
                171.378952026,
                83.390953064,
                46.5901947021,
                12.0877771378,
                3.5298101902,
                0.631489217281,
                0.101560615003,
                0.302076607943,
                0.0804061740637,
                0.00307259964757,
                8.60114869283e-06,
                3.31667457942e-08
            ],
            "dvar2": [
                78.4635848999,
                2916.93603516,
                2401.96557617,
                690.754211426,
                1474.14904785,
                1759.40087891,
                1423.38415527,
                556.694824219,
                323.990234375,
                2464.30126953,
                1184.90368652,
                454.108886719,
                1972.19812012,
                3794.81542969,
                3917.40527344,
                3491.13867188,
                2265.10595703,
                4202.50048828,
                4261.09765625,
                3525.04541016,
                5028.85498047,
                5108.64160156,
                18379.5644531,
                5634.60595703,
                1881.85290527,
                406.981018066,
                513.381408691,
                914.535827637,
                394.142730713,
                196.430328369,
                103.410438538,
                26.1172122955,
                7.36893749237,
                1.31722915173,
                0.206947147846,
                0.606635034084,
                0.166662544012,
                0.0064516691491,
                2.09866084333e-05,
                8.22075207907e-08
            ],
            "max": [
                61.2323532104,
                312.722595215,
                356.912628174,
                139.425857544,
                248.900894165,
                261.769348145,
                608.757629395,
                248.077987671,
                276.53994751,
                1352.01000977,
                647.530517578,
                483.193878174,
                991.600708008,
                691.431884766,
                1097.3182373,
                1347.22692871,
                984.118225098,
                922.098449707,
                649.321411133,
                569.323181152,
                1484.27172852,
                637.001647949,
                958.209350586,
                701.321105957,
                370.308959961,
                256.779083252,
                179.111022949,
                264.019836426,
                304.640899658,
                306.488311768,
                194.735198975,
                114.480743408,
                46.4226379395,
                18.5419197083,
                7.47245454788,
                12.1844396591,
                8.89044475555,
                2.1100461483,
                0.0884728208184,
                0.00159233435988
            ],
            "mean": [
                4.15583467484,
                16.8440647125,
                12.3635129929,
                5.68054628372,
                6.63468313217,
                13.596991539,
                17.0796585083,
                9.82820320129,
                8.68674850464,
                13.0960664749,
                7.63890314102,
                5.89062738419,
                13.656873703,
                12.1164197922,
                10.984498024,
                9.05674552917,
                10.411236763,
                15.2852630615,
                17.3130378723,
                15.3232135773,
                17.5013141632,
                16.0431938171,
                19.663980484,
                11.5740652084,
                11.2008466721,
                6.65668153763,
                4.55975008011,
                5.41885614395,
                5.49876403809,
                5.69604492188,
                4.31617879868,
                1.64335048199,
                0.922460019588,
                0.349099218845,
                0.133122801781,
                0.2643866539,
                0.149275556207,
                0.038175188005,
                0.00134836637881,
                0.000165939840372
            ],
            "median": [
                0.393102377653,
                3.60779118538,
                3.16279053688,
                2.40652275085,
                2.2517054081,
                4.82453012466,
                6.07605791092,
                2.70500421524,
                2.21483945847,
                2.18426847458,
                1.2610822916,
                0.850761473179,
                1.28353893757,
                1.88172054291,
                2.46704292297,
                1.86291062832,
                2.43776655197,
                3.62827849388,
                3.67256689072,
                2.16880393028,
                2.96113824844,
                2.93135237694,
                3.18696570396,
                2.21087384224,
                2.28741335869,
                1.46602678299,
                0.748363256454,
                0.697937130928,
                0.738736450672,
                1.125400424,
                0.722235500813,
                0.226640567183,
                0.140112116933,
                0.053853943944,
                0.0163121409714,
                0.042176105082,
                0.0234085135162,
                0.0071488651447,
                0.00029341634945,
                6.30482900306e-05
            ],
            "min": [
                3.0492795533e-21,
                9.20503630093e-21,
                1.92086427819e-20,
                4.04044900502e-20,
                7.82430916896e-20,
                1.12858855491e-19,
                1.85134769639e-19,
                2.89738026574e-19,
                3.90799619244e-19,
                6.00906389965e-19,
                5.70550464147e-19,
                1.13452329146e-18,
                6.39947950029e-18,
                4.51830535123e-18,
                2.72342578559e-18,
                1.08892092769e-18,
                2.40472963918e-18,
                7.01936368826e-18,
                8.76048788781e-18,
                4.35290851979e-18,
                1.29798634006e-17,
                5.61336592361e-18,
                8.02830896861e-18,
                2.02395941943e-17,
                2.09902076606e-17,
                1.8270641293e-17,
                1.70112786627e-17,
                1.85571865833e-17,
                1.95451462916e-17,
                1.67739704711e-17,
                2.11076590358e-17,
                1.46962548998e-17,
                1.3168812132e-17,
                1.14078157454e-17,
                1.16576185001e-17,
                7.14069619487e-18,
                2.98947891704e-18,
                1.52289141329e-18,
                3.01312351296e-19,
                2.77180468448e-20
            ],
            "var": [
                66.2289581299,
                1093.47802734,
                660.862854004,
                148.607772827,
                300.198455811,
                584.065795898,
                901.170776367,
                373.711212158,
                445.576141357,
                1604.9296875,
                589.535644531,
                484.771636963,
                2706.82592773,
                1391.19018555,
                1307.28479004,
                1051.6661377,
                997.061828613,
                1619.61047363,
                1862.35217285,
                1511.9095459,
                2781.8996582,
                2101.73461914,
                4929.48388672,
                1579.75732422,
                690.504943848,
                217.308761597,
                228.855529785,
                349.056152344,
                294.758880615,
                167.766799927,
                106.517654419,
                23.6876792908,
                7.06649112701,
                1.2214448452,
                0.200017288327,
                0.616510152817,
                0.175011828542,
                0.00809039827436,
                1.6040439732e-05,
                5.67896982773e-08
            ]
        },
        "erbbands_crest": {
            "dmean": 3.05429339409,
            "dmean2": 5.00826978683,
            "dvar": 8.04954338074,
            "dvar2": 21.3349781036,
            "max": 27.6420822144,
            "mean": 9.8475484848,
            "median": 8.67257022858,
            "min": 2.20379900932,
            "var": 19.8576622009
        },
        "erbbands_flatness_db": {
            "dmean": 0.0210486743599,
            "dmean2": 0.0318697169423,
            "dvar": 0.000371058471501,
            "dvar2": 0.000837060681079,
            "max": 0.357030004263,
            "mean": 0.140552714467,
            "median": 0.136749505997,
            "min": 0.04529658705,
            "var": 0.00136831577402
        },
        "erbbands_kurtosis": {
            "dmean": 1.60993993282,
            "dmean2": 2.59459066391,
            "dvar": 10.2757577896,
            "dvar2": 24.1278629303,
            "max": 112.680252075,
            "mean": 0.836794674397,
            "median": -0.345829963684,
            "min": -1.90395593643,
            "var": 19.5139484406
        },
        "erbbands_skewness": {
            "dmean": 0.552315413952,
            "dmean2": 0.841678440571,
            "dvar": 0.305608004332,
            "dvar2": 0.699949264526,
            "max": 9.49057674408,
            "mean": 0.53877055645,
            "median": 0.416666150093,
            "min": -4.27640724182,
            "var": 1.22350525856
        },
        "erbbands_spread": {
            "dmean": 14.6383323669,
            "dmean2": 22.306219101,
            "dvar": 244.277145386,
            "dvar2": 538.406005859,
            "max": 218.142730713,
            "mean": 55.6707992554,
            "median": 49.9271774292,
            "min": 2.33740997314,
            "var": 968.677978516
        },
        "gfcc": {
            "cov": [
                [
                    12148.8769531,
                    -398.183868408,
                    -1261.59936523,
                    -127.095161438,
                    -526.544494629,
                    40.9370040894,
                    -407.943145752,
                    201.684646606,
                    39.8269577026,
                    18.3257389069,
                    -175.592102051,
                    236.818939209,
                    -279.836975098
                ],
                [
                    -398.183868408,
                    1509.8782959,
                    -49.6578445435,
                    -20.0131530762,
                    332.755310059,
                    -161.747894287,
                    105.6120224,
                    -105.43977356,
                    78.6051940918,
                    -63.7089805603,
                    94.7053146362,
                    -156.815109253,
                    21.0389022827
                ],
                [
                    -1261.59936523,
                    -49.6578445435,
                    969.335266113,
                    394.884857178,
                    161.970733643,
                    203.421646118,
                    148.871505737,
                    31.5435714722,
                    115.326072693,
                    61.4343032837,
                    83.965927124,
                    11.7845783234,
                    52.1375350952
                ],
                [
                    -127.095161438,
                    -20.0131530762,
                    394.884857178,
                    519.479309082,
                    320.334747314,
                    67.6535873413,
                    114.164230347,
                    -13.7142000198,
                    90.5374832153,
                    32.3737831116,
                    24.9988327026,
                    1.81229305267,
                    37.2850608826
                ],
                [
                    -526.544494629,
                    332.755310059,
                    161.970733643,
                    320.334747314,
                    550.353210449,
                    149.141265869,
                    212.979003906,
                    50.6170120239,
                    156.753860474,
                    15.6217832565,
                    72.7845001221,
                    -52.9933891296,
                    78.4161148071
                ],
                [
                    40.9370040894,
                    -161.747894287,
                    203.421646118,
                    67.6535873413,
                    149.141265869,
                    323.086486816,
                    172.478149414,
                    79.2226638794,
                    39.8582649231,
                    27.6399078369,
                    13.3512763977,
                    23.5404472351,
                    21.0900821686
                ],
                [
                    -407.943145752,
                    105.6120224,
                    148.871505737,
                    114.164230347,
                    212.979003906,
                    172.478149414,
                    357.364349365,
                    85.2771453857,
                    76.6742858887,
                    7.13065433502,
                    66.2947921753,
                    -13.1819639206,
                    40.1107025146
                ],
                [
                    201.684646606,
                    -105.43977356,
                    31.5435714722,
                    -13.7142000198,
                    50.6170120239,
                    79.2226638794,
                    85.2771453857,
                    255.418518066,
                    92.9914627075,
                    33.5222206116,
                    29.3510417938,
                    -4.26530313492,
                    21.828994751
                ],
                [
                    39.8269577026,
                    78.6051940918,
                    115.326072693,
                    90.5374832153,
                    156.753860474,
                    39.8582649231,
                    76.6742858887,
                    92.9914627075,
                    218.273132324,
                    66.6226654053,
                    36.6294631958,
                    -7.72795820236,
                    10.2964897156
                ],
                [
                    18.3257389069,
                    -63.7089805603,
                    61.4343032837,
                    32.3737831116,
                    15.6217832565,
                    27.6399078369,
                    7.13065433502,
                    33.5222206116,
                    66.6226654053,
                    107.96257019,
                    48.9890480042,
                    -0.144638478756,
                    8.34286594391
                ],
                [
                    -175.592102051,
                    94.7053146362,
                    83.965927124,
                    24.9988327026,
                    72.7845001221,
                    13.3512763977,
                    66.2947921753,
                    29.3510417938,
                    36.6294631958,
                    48.9890480042,
                    117.156478882,
                    24.097776413,
                    18.6391029358
                ],
                [
                    236.818939209,
                    -156.815109253,
                    11.7845783234,
                    1.81229305267,
                    -52.9933891296,
                    23.5404472351,
                    -13.1819639206,
                    -4.26530313492,
                    -7.72795820236,
                    -0.144638478756,
                    24.097776413,
                    104.342163086,
                    33.9975242615
                ],
                [
                    -279.836975098,
                    21.0389022827,
                    52.1375350952,
                    37.2850608826,
                    78.4161148071,
                    21.0900821686,
                    40.1107025146,
                    21.828994751,
                    10.2964897156,
                    8.34286594391,
                    18.6391029358,
                    33.9975242615,
                    113.670585632
                ]
            ],
            "icov": [
                [
                    0.000223777082283,
                    -0.000269993266556,
                    0.00095515686553,
                    -0.0014148253249,
                    0.00153731356841,
                    -0.00139484519605,
                    0.000617469137069,
                    -0.000191071812878,
                    -0.000914855278097,
                    0.000907782581635,
                    -0.00106431730092,
                    0.000445247278549,
                    -0.000298479018966
                ],
                [
                    -0.000269993266556,
                    0.00181717961095,
                    -0.00126444478519,
                    0.00247302092612,
                    -0.00267076585442,
                    0.00242483220063,
                    -0.000841701461468,
                    0.00125641748309,
                    0.000243342889007,
                    0.000685137580149,
                    -0.00062725279713,
                    0.00173807190731,
                    -0.000273258832749
                ],
                [
                    0.00095515686553,
                    -0.00126444478519,
                    0.00865806825459,
                    -0.0124253099784,
                    0.0141394194216,
                    -0.0124808978289,
                    0.00492341956124,
                    0.000821103632916,
                    -0.00941977929324,
                    0.011359394528,
                    -0.0143011240289,
                    0.0108995912597,
                    -0.00753897987306
                ],
                [
                    -0.0014148253249,
                    0.00247302092612,
                    -0.0124253099784,
                    0.0220079980791,
                    -0.0241844505072,
                    0.019660403952,
                    -0.00813008006662,
                    -0.000450542371254,
                    0.0143436742947,
                    -0.0188242364675,
                    0.0227287951857,
                    -0.018028581515,
                    0.0122784264386
                ],
                [
                    0.00153731356841,
                    -0.00267076585442,
                    0.0141394194216,
                    -0.0241844505072,
                    0.0317305289209,
                    -0.0245366878808,
                    0.00904361810535,
                    0.00237229117192,
                    -0.0201699212193,
                    0.0250712670386,
                    -0.0296896677464,
                    0.0254807509482,
                    -0.0180231649429
                ],
                [
                    -0.00139484519605,
                    0.00242483220063,
                    -0.0124808978289,
                    0.019660403952,
                    -0.0245366878808,
                    0.0250847991556,
                    -0.010468384251,
                    -0.00235805497505,
                    0.0163853000849,
                    -0.0213569905609,
                    0.0254853535444,
                    -0.0209163315594,
                    0.0139727005735
                ],
                [
                    0.000617469137069,
                    -0.000841701461468,
                    0.00492341956124,
                    -0.00813008006662,
                    0.00904361810535,
                    -0.010468384251,
                    0.00863877031952,
                    4.27498926001e-05,
                    -0.00712050776929,
                    0.0104158753529,
                    -0.0125922281295,
                    0.00935656297952,
                    -0.0061217774637
                ],
                [
                    -0.000191071812878,
                    0.00125641748309,
                    0.000821103632916,
                    -0.000450542371254,
                    0.00237229117192,
                    -0.00235805497505,
                    4.27498926001e-05,
                    0.00706331338733,
                    -0.00492327194661,
                    0.00453896028921,
                    -0.00582402339205,
                    0.00670093391091,
                    -0.00443865545094
                ],
                [
                    -0.000914855278097,
                    0.000243342889007,
                    -0.00941977929324,
                    0.0143436742947,
                    -0.0201699212193,
                    0.0163853000849,
                    -0.00712050776929,
                    -0.00492327194661,
                    0.0215158108622,
                    -0.0225680693984,
                    0.0226879566908,
                    -0.0198888909072,
                    0.0135864755139
                ],
                [
                    0.000907782581635,
                    0.000685137580149,
                    0.011359394528,
                    -0.0188242364675,
                    0.0250712670386,
                    -0.0213569905609,
                    0.0104158753529,
                    0.00453896028921,
                    -0.0225680693984,
                    0.0404238402843,
                    -0.0365288220346,
                    0.0299828127027,
                    -0.0187081545591
                ],
                [
                    -0.00106431730092,
                    -0.00062725279713,
                    -0.0143011240289,
                    0.0227287951857,
                    -0.0296896677464,
                    0.0254853535444,
                    -0.0125922281295,
                    -0.00582402339205,
                    0.0226879566908,
                    -0.0365288220346,
                    0.0492925085127,
                    -0.0367027595639,
                    0.0214356407523
                ],
                [
                    0.000445247278549,
                    0.00173807190731,
                    0.0108995912597,
                    -0.018028581515,
                    0.0254807509482,
                    -0.0209163315594,
                    0.00935656297952,
                    0.00670093391091,
                    -0.0198888909072,
                    0.0299828127027,
                    -0.0367027595639,
                    0.0443249903619,
                    -0.0242348443717
                ],
                [
                    -0.000298479018966,
                    -0.000273258832749,
                    -0.00753897987306,
                    0.0122784264386,
                    -0.0180231649429,
                    0.0139727005735,
                    -0.0061217774637,
                    -0.00443865545094,
                    0.0135864755139,
                    -0.0187081545591,
                    0.0214356407523,
                    -0.0242348443717,
                    0.0242729205638
                ]
            ],
            "mean": [
                -40.367023468,
                90.57371521,
                -73.6071548462,
                48.1626052856,
                -24.83826828,
                14.1230764389,
                -25.2230911255,
                2.07507991791,
                -13.86328125,
                4.69297266006,
                -10.7757482529,
                13.905166626,
                -15.2137470245
            ]
        },
        "hfc": {
            "dmean": 11.2359886169,
            "dmean2": 17.7642364502,
            "dvar": 475.780609131,
            "dvar2": 1212.92089844,
            "max": 248.694122314,
            "mean": 19.7569904327,
            "median": 10.9198131561,
            "min": 1.15568778277e-16,
            "var": 687.62890625
        },
        "melbands": {
            "dmean": [
                0.0230778008699,
                0.00986390188336,
                0.00102856382728,
                0.000664198305458,
                0.000438479793957,
                0.00015257432824,
                8.07710821391e-05,
                9.71545596258e-05,
                3.89045926568e-05,
                2.53716625593e-05,
                4.59856382804e-05,
                4.41747615696e-05,
                3.599817137e-05,
                3.09062015731e-05,
                1.79098424269e-05,
                2.39147175307e-05,
                2.45725004788e-05,
                2.40942008531e-05,
                1.99681671802e-05,
                1.45920530485e-05,
                1.7838412532e-05,
                1.46339516505e-05,
                1.92637653527e-05,
                1.58412549354e-05,
                9.03757972992e-06,
                7.62157196732e-06,
                5.22259779245e-06,
                2.98731356452e-06,
                2.49776849159e-06,
                2.9732270832e-06,
                2.85590112981e-06,
                2.49774780059e-06,
