{
    "lowlevel": {
        "average_loudness": 0.82376652956,
        "barkbands": {
            "dmean": [
                0.000512841448653,
                0.00530436821282,
                0.00190310785547,
                0.000952280766796,
                0.0016406243667,
                0.000799517845735,
                0.000789071898907,
                0.000576537044253,
                0.00073699222412,
                0.000985709251836,
                0.000560481101274,
                0.000337118137395,
                0.000398489646614,
                0.00046625759569,
                0.000449195300462,
                0.0003878189018,
                0.000301291001961,
                0.00031637630309,
                0.000190449296497,
                0.000122530051158,
                0.000118593889056,
                0.000102054531453,
                0.000108928245027,
                0.000200472466531,
                0.000154960740474,
                5.09791934746e-05,
                2.38510051531e-06
            ],
            "dmean2": [
                0.000799799512606,
                0.00885603297502,
                0.00324432156049,
                0.0016757765552,
                0.00276342756115,
                0.00129107898101,
                0.0012956460705,
                0.00092174008023,
                0.0011833163444,
                0.00147528247908,
                0.000834556645714,
                0.000534243416041,
                0.000636926386505,
                0.000728563347366,
                0.000715634028893,
                0.000608863425441,
                0.000465935707325,
                0.000489903322887,
                0.000288412382361,
                0.000187232639291,
                0.000181069641258,
                0.000158352704602,
                0.000171194624272,
                0.000319045677315,
                0.000243992224569,
                7.89106998127e-05,
                4.0195272959e-06
            ],
            "dvar": [
                3.44223144566e-06,
                0.000128835265059,
                2.27791624638e-05,
                7.54104667067e-06,
                1.49822171807e-05,
                4.20185642724e-06,
                5.03551655129e-06,
                2.8275007935e-06,
                4.85003147332e-06,
                1.40150568768e-05,
                8.00683665148e-06,
                1.83043312063e-06,
                1.47854757415e-06,
                1.60024603701e-06,
                2.11965448216e-06,
                1.19353649097e-06,
                5.26163944414e-07,
                5.33233958322e-07,
                1.6149391513e-07,
                8.12531339989e-08,
                8.59491251504e-08,
                1.26685108626e-07,
                8.75559180713e-08,
                4.74967038144e-07,
                2.72190760597e-07,
                2.73411853158e-08,
                9.71132896321e-11
            ],
            "dvar2": [
                8.37938023324e-06,
                0.000350701826392,
                6.08842165093e-05,
                2.11137084989e-05,
                3.98001247959e-05,
                1.02997128124e-05,
                1.21290067909e-05,
                6.47023807687e-06,
                1.20972954392e-05,
                2.87708662654e-05,
                1.62190954143e-05,
                4.69120413982e-06,
                3.58866259376e-06,
                3.56112309419e-06,
                4.96489883517e-06,
                2.72837814919e-06,
                1.15543980428e-06,
                1.20816457638e-06,
                3.37905646575e-07,
                1.80380595793e-07,
                2.11556923091e-07,
                3.19186938214e-07,
                2.03662636977e-07,
                1.07067648969e-06,
                6.03822115863e-07,
                6.24237515012e-08,
                2.48468190467e-10
            ],
            "max": [
                0.070982336998,
                0.160716801882,
                0.0676572620869,
                0.046804562211,
                0.0508532337844,
                0.0599687993526,
                0.0499432533979,
                0.0356460213661,
                0.0943978130817,
                0.112436190248,
                0.1194466874,
                0.0690552517772,
                0.0451714992523,
                0.0344841256738,
                0.0448411777616,
                0.0224173199385,
                0.0188589245081,
                0.0175129249692,
                0.00620296876878,
                0.00880713574588,
                0.00808957219124,
                0.00978847406805,
                0.00597353698686,
                0.0161794424057,
                0.0139453914016,
                0.00374573748559,
                0.000171991312527
            ],
            "mean": [
                0.000755658897106,
                0.00921383779496,
                0.00247730617411,
                0.000892255455256,
                0.00197996851057,
                0.00108129438013,
                0.000896365090739,
                0.000654544332065,
                0.000959769939072,
                0.00167328689713,
                0.000995652284473,
                0.000435120571638,
                0.000547086179722,
                0.000664669729304,
                0.000616695033386,
                0.000583221088164,
                0.000495257845614,
                0.000480942195281,
                0.000296463695122,
                0.000193731815671,
                0.000200010355911,
                0.000142798715387,
                0.000141725657159,
                0.000231556143262,
                0.00017726070655,
                5.41518274986e-05,
                2.02149090001e-06
            ],
            "median": [
                0.000122310215374,
                0.00447689648718,
                0.000383095466532,
                0.000231204787269,
                0.000678364885971,
                0.000333256000886,
                0.000152420296217,
                0.000102520752989,
                0.000187505182112,
                0.000160304742167,
                9.60134420893e-05,
                0.000112715380965,
                0.000139445037348,
                0.000136226575705,
                0.000143458484672,
                0.000160252006026,
                0.000163866265211,
                0.000133819674375,
                0.000113336573122,
                6.55085532344e-05,
                5.6204986322e-05,
                2.77213221125e-05,
                1.82355179277e-05,
                2.28094668273e-05,
                1.39273060995e-05,
                3.78030085812e-06,
                3.70445141229e-09
            ],
            "min": [
                4.41487238202e-26,
                3.11340187059e-24,
                1.15929105365e-24,
                2.15415588452e-24,
                7.61733556412e-24,
                9.96818523789e-24,
                9.92055776074e-24,
                1.18264244085e-23,
                1.36529198163e-23,
                1.75585827798e-23,
                1.85107505142e-23,
                2.12918070604e-23,
                4.08202449403e-23,
                2.00352747006e-23,
                5.10003876371e-23,
                7.99621094186e-23,
                5.65427476523e-23,
                1.09223005121e-22,
                1.79485192496e-22,
                1.94293222403e-22,
                2.49372134516e-22,
                3.62587558368e-22,
                4.53988769379e-22,
                5.62387597869e-22,
                7.8640046699e-22,
                1.39647928828e-21,
                1.98590212125e-21
            ],
            "var": [
                6.00935072725e-06,
                0.000205602686037,
                3.24382308463e-05,
                5.31077557753e-06,
                1.55552515935e-05,
                5.68368659515e-06,
                6.24228050583e-06,
                3.60537660526e-06,
                6.69074916004e-06,
                4.35239926446e-05,
                2.75579968729e-05,
                1.88141325452e-06,
                2.4276662316e-06,
                3.50753134626e-06,
                3.58727902494e-06,
                2.05496598937e-06,
                1.16215699109e-06,
                1.02709032035e-06,
                2.9969123716e-07,
                1.26509661413e-07,
                1.34539476448e-07,
                1.55183798256e-07,
                1.30505341644e-07,
                6.78207527471e-07,
                3.85913779155e-07,
                3.26144267149e-08,
                8.82397765967e-11
            ]
        },
        "barkbands_crest": {
            "dmean": 3.42477369308,
            "dmean2": 5.5852689743,
            "dvar": 9.72778892517,
            "dvar2": 24.0414848328,
            "max": 26.1702823639,
            "mean": 12.2339687347,
            "median": 11.6244716644,
            "min": 2.19707345963,
            "var": 25.5443096161
        },
        "barkbands_flatness_db": {
            "dmean": 0.0293297767639,
            "dmean2": 0.0446484200656,
            "dvar": 0.000766792392824,
            "dvar2": 0.00170972838532,
            "max": 0.479848444462,
            "mean": 0.16411459446,
            "median": 0.151575297117,
            "min": 0.0197178740054,
            "var": 0.0053098150529
        },
        "barkbands_kurtosis": {
            "dmean": 5.09174108505,
            "dmean2": 8.36615657806,
            "dvar": 98.5764465332,
            "dvar2": 257.977355957,
            "max": 201.007110596,
            "mean": 6.76668977737,
            "median": 1.61361932755,
            "min": -1.97474348545,
            "var": 208.679641724
        },
        "barkbands_skewness": {
            "dmean": 0.802407503128,
            "dmean2": 1.24847364426,
            "dvar": 0.726987242699,
            "dvar2": 1.74142611027,
            "max": 10.5542354584,
            "mean": 1.5593739748,
            "median": 1.26795220375,
            "min": -7.64580917358,
            "var": 3.12087988853
        },
        "barkbands_spread": {
            "dmean": 8.41904067993,
            "dmean2": 13.1674051285,
            "dvar": 135.393569946,
            "dvar2": 294.563293457,
            "max": 134.40852356,
            "mean": 24.5776290894,
            "median": 20.951877594,
            "min": 0.442235082388,
            "var": 372.637481689
        },
        "dissonance": {
            "dmean": 0.0212241690606,
            "dmean2": 0.0354147180915,
            "dvar": 0.000612103380263,
            "dvar2": 0.00165042397566,
            "max": 0.500000119209,
            "mean": 0.465267062187,
            "median": 0.476104319096,
            "min": 0.0968054831028,
            "var": 0.00116473855451
        },
        "dynamic_complexity": 3.7975435257,
        "erbbands": {
            "dmean": [
                0.194453805685,
                1.14404094219,
                2.16631388664,
                2.57859182358,
                4.39402484894,
                5.83275222778,
                6.28072071075,
                6.86924362183,
                10.4424152374,
                11.9022731781,
                12.278260231,
                15.6152563095,
                22.7756748199,
                30.2703971863,
                19.3855323792,
                13.0469284058,
                17.3038730621,
                20.2912578583,
                23.6567153931,
                21.9159603119,
                17.7643909454,
                16.7870826721,
                16.8120479584,
                11.9219055176,
                8.13511657715,
                5.65296602249,
                5.33302879333,
                4.09117555618,
                3.6929910183,
                3.14361643791,
                3.36925268173,
                3.83138227463,
                3.54137516022,
                2.11584949493,
                0.964085280895,
                0.333311885595,
                0.0721228271723,
                0.010809790343,
                0.000232887803577,
                1.88416634046e-05
            ],
            "dmean2": [
                0.3054484725,
                1.95749986172,
                3.59870624542,
                4.51992321014,
                7.56911659241,
                9.8104057312,
                10.4953680038,
                11.038564682,
                17.154045105,
                19.1814060211,
                19.1798763275,
                24.7368392944,
                34.5914764404,
                44.4288635254,
                27.8295402527,
                20.5370674133,
                27.3721790314,
                31.0136127472,
                37.0395050049,
                34.053653717,
                27.3536701202,
                25.5038700104,
                26.0193729401,
                17.983171463,
                12.2370672226,
                8.62494564056,
                8.00644493103,
                6.39242172241,
                5.77570962906,
                4.741710186,
                5.39974164963,
                6.16322088242,
                5.66300868988,
                3.32712078094,
                1.52649176121,
                0.523096382618,
                0.113661170006,
                0.0168528538197,
                0.000360691396054,
                2.87988514174e-05
            ],
            "dvar": [
                0.190971776843,
                6.0930147171,
                25.8318443298,
                55.2554626465,
                100.698814392,
                238.954345703,
                306.653106689,
                318.213012695,
                806.645935059,
                1352.55554199,
                1089.51953125,
                2585.62084961,
                4723.99658203,
                15140.4355469,
                6705.12792969,
                2539.60400391,
                3236.75292969,
                3533.3894043,
                6454.72900391,
                2992.9375,
                2171.14086914,
                1692.54772949,
                1617.00390625,
                618.039123535,
                372.296081543,
                188.06892395,
                152.253875732,
                148.932037354,
                198.156433105,
                84.4924468994,
                93.6209869385,
                144.737289429,
                166.273742676,
                54.9085998535,
                10.4676170349,
                1.15965759754,
                0.0591309815645,
                0.00119936629198,
                5.33187630936e-07,
                1.04766029185e-09
            ],
            "dvar2": [
                0.473796218634,
                16.8945770264,
                66.7508926392,
                155.298904419,
                274.40625,
                625.292297363,
                773.17767334,
                780.89630127,
                1975.87316895,
                3137.5065918,
                2499.35717773,
                6520.54150391,
                10144.5615234,
                29871.9863281,
                13057.2285156,
                6386.51367188,
                7837.60449219,
                8178.67285156,
                15194.2558594,
                6701.01660156,
                4876.02832031,
                3704.53125,
                3744.20996094,
                1315.2166748,
                742.27734375,
                418.355529785,
                344.198791504,
                392.983703613,
                523.458496094,
                184.601669312,
                226.345962524,
                328.104644775,
                382.905395508,
                124.294128418,
                24.2457752228,
                2.65022373199,
                0.144435107708,
                0.00281226844527,
                1.24476343899e-06,
                2.33485253354e-09
            ],
            "max": [
                5.31948804855,
                34.8489379883,
                71.5093460083,
                100.714775085,
                120.754898071,
                272.409118652,
                364.608581543,
                551.213500977,
                627.382202148,
                689.031066895,
                628.442932129,
                2356.39208984,
                1950.69750977,
                4307.18603516,
                3518.21826172,
                2318.54760742,
                2388.66748047,
                1555.24816895,
                2574.23535156,
                990.149536133,
                1021.81622314,
                1132.60888672,
                929.263671875,
                501.493927002,
                309.553375244,
                428.224639893,
                396.950378418,
                405.876403809,
                412.682739258,
                266.001708984,
                219.64302063,
                270.45715332,
                286.242279053,
                152.341827393,
                95.5513000488,
                25.2777519226,
                8.90580844879,
                0.664844870567,
                0.013031152077,
                0.000649776193313
            ],
            "mean": [
                0.329178899527,
                1.81577205658,
                3.09344553947,
                2.84466814995,
                4.83897066116,
                6.67859506607,
                7.56190109253,
                9.31857013702,
                12.3105478287,
                13.8976173401,
                15.169462204,
                19.953956604,
                37.8203811646,
                52.5942687988,
                33.7520179749,
                18.2868347168,
                25.3739471436,
                29.1903343201,
                35.2030181885,
                33.8291473389,
                28.9610652924,
                29.1057605743,
                26.6745700836,
                19.7864074707,
                13.0014076233,
                9.2404460907,
                8.94613933563,
                6.63965272903,
                5.14229869843,
                4.58132839203,
                4.0958814621,
                4.34536647797,
                3.96606016159,
                2.37043905258,
                1.03475952148,
                0.349407970905,
                0.0736454427242,
                0.0111574884504,
                0.000258876563748,
                4.32920242019e-05
            ],
            "median": [
                0.126747861505,
                0.903928697109,
                0.820786118507,
                0.845026016235,
                1.49855959415,
                2.16439056396,
                2.49841237068,
                2.86548137665,
                2.56709623337,
                2.46225619316,
                3.24521374702,
                4.89437103271,
                6.02824211121,
                6.13050079346,
                5.45003271103,
                5.47361087799,
                7.1751999855,
                7.0098323822,
                7.82230806351,
                10.1832122803,
                9.05531311035,
                9.78351211548,
                8.05209636688,
                7.41335487366,
                4.95743370056,
                3.18762850761,
                2.37296819687,
                2.0217218399,
                1.08226799965,
                0.674094080925,
                0.506619811058,
                0.472648650408,
                0.332670092583,
                0.169086426497,
                0.0793524682522,
                0.0246916785836,
                0.00511338561773,
                0.000608206901234,
                3.45628577634e-05,
                3.17176927638e-05
            ],
            "min": [
                5.40678764225e-23,
                6.50406350024e-22,
                3.05550602611e-21,
                6.06698891841e-21,
                7.93984901375e-21,
                2.57982721186e-20,
                4.08859996395e-20,
                9.61205326784e-20,
                1.53823023698e-19,
                2.52120127062e-19,
                4.10070962963e-19,
                3.66087805239e-19,
                6.26781736899e-19,
                6.14116257552e-19,
                1.14920523034e-18,
                1.30765715675e-18,
                2.15822898946e-18,
                1.80854128064e-18,
                2.80149881411e-18,
                3.84177087183e-18,
                4.57299605179e-18,
                4.23537359938e-18,
                4.92665670909e-18,
                7.54386733415e-18,
                7.32374878288e-18,
                7.31452489187e-18,
                7.82297378926e-18,
                9.05104831286e-18,
                1.23294264695e-17,
                1.1932304502e-17,
                1.19010949775e-17,
                1.19243023568e-17,
                1.06288175763e-17,
                9.13050562814e-18,
                5.80322165858e-18,
                4.49396018503e-18,
                2.3617046668e-18,
                9.13847530655e-19,
                2.57421786102e-19,
                2.81218240749e-20
            ],
            "var": [
                0.344210058451,
                7.88375711441,
                39.7525634766,
                41.62474823,
                95.340637207,
                235.988098145,
                348.630889893,
                422.415863037,
                1014.61743164,
                1745.81103516,
                1475.32629395,
                2888.11962891,
                12022.6201172,
                46953.4882813,
                22377.8457031,
                2689.27197266,
                5207.85351563,
                6043.15673828,
                12283.9589844,
                5571.82617188,
                3976.26831055,
                3945.68505859,
                3140.45947266,
                1261.91394043,
                642.789550781,
                295.254364014,
                275.330566406,
                178.055679321,
                205.202987671,
                146.872024536,
                123.870704651,
                198.428039551,
                230.035858154,
                78.4468688965,
                13.0901088715,
                1.40444147587,
                0.0621880032122,
                0.00138848775532,
                6.32817886981e-07,
                2.18356221993e-09
            ]
        },
        "erbbands_crest": {
            "dmean": 3.07888507843,
            "dmean2": 4.97977256775,
            "dvar": 8.43173313141,
            "dvar2": 20.5972042084,
            "max": 33.831943512,
            "mean": 9.54439640045,
            "median": 8.33956432343,
            "min": 2.32899451256,
            "var": 25.4287643433
        },
        "erbbands_flatness_db": {
            "dmean": 0.0229167491198,
            "dmean2": 0.0336021073163,
            "dvar": 0.000494285544846,
            "dvar2": 0.000985870836303,
            "max": 0.509938418865,
            "mean": 0.168641716242,
            "median": 0.16084420681,
            "min": 0.0474191904068,
            "var": 0.00346019514836
        },
        "erbbands_kurtosis": {
            "dmean": 1.47387933731,
            "dmean2": 2.36607646942,
            "dvar": 7.07009506226,
            "dvar2": 16.7892131805,
            "max": 103.100799561,
            "mean": 1.16213262081,
            "median": 0.192147046328,
            "min": -1.85531425476,
            "var": 12.874876976
        },
        "erbbands_skewness": {
            "dmean": 0.494078755379,
            "dmean2": 0.746742367744,
            "dvar": 0.268601357937,
            "dvar2": 0.576437294483,
            "max": 5.88497591019,
            "mean": 0.101979076862,
            "median": 0.0493945777416,
            "min": -8.61263465881,
            "var": 1.01085424423
        },
        "erbbands_spread": {
            "dmean": 10.4763908386,
            "dmean2": 16.4441699982,
            "dvar": 150.340957642,
            "dvar2": 362.984802246,
            "max": 168.24937439,
            "mean": 36.3434066772,
            "median": 33.8082580566,
            "min": 1.1089400053,
            "var": 407.889099121
        },
        "gfcc": {
            "cov": [
                [
                    22378.2382813,
                    -93.56590271,
                    -1480.18151855,
                    1224.05688477,
                    341.945220947,
                    657.949035645,
                    -744.378479004,
                    408.491607666,
                    -5.78251361847,
                    407.779846191,
                    -138.274353027,
                    261.918304443,
                    15.9932928085
                ],
                [
                    -93.56590271,
                    2770.63232422,
                    157.929611206,
                    -30.9793777466,
                    478.345825195,
                    -260.215606689,
                    508.702362061,
                    -281.548309326,
                    293.443786621,
                    -170.416610718,
                    112.159202576,
                    -182.010299683,
                    -10.5971231461
                ],
                [
                    -1480.18151855,
                    157.929611206,
                    1268.80761719,
                    185.079360962,
                    70.8069839478,
                    120.606315613,
                    112.410728455,
                    -18.0495357513,
                    69.2609863281,
                    55.2556648254,
                    -7.93358278275,
                    22.710187912,
                    -77.7282104492
                ],
                [
                    1224.05688477,
                    -30.9793777466,
                    185.079360962,
                    633.903137207,
                    138.794372559,
                    101.734970093,
                    25.9416389465,
                    13.9920301437,
                    98.4249267578,
                    23.2249736786,
                    23.2465648651,
                    28.7532024384,
                    27.8435344696
                ],
                [
                    341.945220947,
                    478.345825195,
                    70.8069839478,
                    138.794372559,
                    491.959472656,
                    21.4748535156,
                    168.047424316,
                    9.10987949371,
                    113.682235718,
                    24.7150783539,
                    8.18369579315,
                    18.5270595551,
                    22.0872516632
                ],
                [
                    657.949035645,
                    -260.215606689,
                    120.606315613,
                    101.734970093,
                    21.4748535156,
                    344.504577637,
                    60.8312683105,
                    81.3746414185,
                    23.2344741821,
                    48.1211891174,
                    36.2223243713,
                    14.0308980942,
                    15.2045879364
                ],
                [
                    -744.378479004,
                    508.702362061,
                    112.410728455,
                    25.9416389465,
                    168.047424316,
                    60.8312683105,
                    495.388153076,
                    -42.9443702698,
                    132.905822754,
                    6.01745653152,
                    37.4137878418,
                    14.3392820358,
                    -18.6883468628
                ],
                [
                    408.491607666,
                    -281.548309326,
                    -18.0495357513,
                    13.9920301437,
                    9.10987949371,
                    81.3746414185,
                    -42.9443702698,
                    238.974594116,
                    27.2603721619,
                    54.8885192871,
                    16.8264694214,
                    35.6059608459,
                    29.2103710175
                ],
                [
                    -5.78251361847,
                    293.443786621,
                    69.2609863281,
                    98.4249267578,
                    113.682235718,
                    23.2344741821,
                    132.905822754,
                    27.2603721619,
                    255.930938721,
                    27.4617176056,
                    61.920337677,
                    42.1840744019,
                    -20.8747787476
                ],
                [
                    407.779846191,
                    -170.416610718,
                    55.2556648254,
                    23.2249736786,
                    24.7150783539,
                    48.1211891174,
                    6.01745653152,
                    54.8885192871,
                    27.4617176056,
                    176.319992065,
                    18.1823692322,
                    58.8238258362,
                    -16.3357658386
                ],
                [
                    -138.274353027,
                    112.159202576,
                    -7.93358278275,
                    23.2465648651,
                    8.18369579315,
                    36.2223243713,
                    37.4137878418,
                    16.8264694214,
                    61.920337677,
                    18.1823692322,
                    152.867935181,
                    7.5253329277,
                    15.1261472702
                ],
                [
                    261.918304443,
                    -182.010299683,
                    22.710187912,
                    28.7532024384,
                    18.5270595551,
                    14.0308980942,
                    14.3392820358,
                    35.6059608459,
                    42.1840744019,
                    58.8238258362,
                    7.5253329277,
                    175.434814453,
                    -4.60020971298
                ],
                [
                    15.9932928085,
                    -10.5971231461,
                    -77.7282104492,
                    27.8435344696,
                    22.0872516632,
                    15.2045879364,
                    -18.6883468628,
                    29.2103710175,
                    -20.8747787476,
                    -16.3357658386,
                    15.1261472702,
                    -4.60020971298,
                    131.922851563
                ]
            ],
            "icov": [
                [
                    9.9269884231e-05,
                    -0.000165114543051,
                    0.000196026652702,
                    -0.000240138688241,
                    3.28604946844e-05,
                    -0.000326387409586,
                    0.000262493238552,
                    -0.000144381672726,
                    0.000146370148286,
                    -0.000251282734098,
                    0.000247277435847,
                    -0.000231406287639,
                    0.000197776127607
                ],
                [
                    -0.000165114543051,
                    0.00115040724631,
                    -0.000447876111139,
                    0.000604350643698,
                    -0.000689988897648,
                    0.0011765412055,
                    -0.00093176367227,
                    0.00088032882195,
                    -0.000955487426836,
                    0.000872826960403,
                    -0.000945847481489,
                    0.00123931490816,
                    -0.000517454056535
                ],
                [
                    0.000196026652702,
                    -0.000447876111139,
                    0.00130760553293,
                    -0.000731519830879,
                    0.000131591456011,
                    -0.000999677577056,
                    0.000468683021609,
                    -0.000252528727287,
                    0.000337932113325,
                    -0.000731529318728,
                    0.000712911307346,
                    -0.000569557712879,
                    0.00094186613569
                ],
                [
                    -0.000240138688241,
                    0.000604350643698,
                    -0.000731519830879,
                    0.00256620463915,
                    -0.000654775358271,
                    0.000410355511121,
                    -0.000400674791308,
                    0.000785970594734,
                    -0.00121749518439,
                    0.00073228176916,
                    -0.000658038537949,
                    0.000616609817371,
                    -0.00106844969559
                ],
                [
                    3.28604946844e-05,
                    -0.000689988897648,
                    0.000131591456011,
                    -0.000654775358271,
                    0.00308935833164,
                    -0.000372804468498,
                    -0.000300351384794,
                    -0.000590829818975,
                    -0.000205469550565,
                    -0.000753304513637,
                    0.000953135022428,
                    -0.000578215171117,
                    -0.000484917778522
                ],
                [
                    -0.000326387409586,
                    0.0011765412055,
                    -0.000999677577056,
                    0.000410355511121,
                    -0.000372804468498,
                    0.00518827047199,
                    -0.00184177665506,
                    -0.000297606457025,
                    -0.000524895265698,
                    0.000590690004174,
                    -0.00183374981862,
                    0.00158560147975,
                    -0.00101646385156
                ],
                [
                    0.000262493238552,
                    -0.00093176367227,
                    0.000468683021609,
                    -0.000400674791308,
                    -0.000300351384794,
                    -0.00184177665506,
                    0.00373867689632,
                    7.22929908079e-05,
                    -0.000400697637815,
                    -0.000770697253756,
                    0.000773131963797,
                    -0.0011537456885,
                    0.00074250169564
                ],
                [
                    -0.000144381672726,
                    0.00088032882195,
                    -0.000252528727287,
                    0.000785970594734,
                    -0.000590829818975,
                    -0.000297606457025,
                    7.22929908079e-05,
                    0.00603058515117,
                    -0.00163830968086,
                    -0.000539069878869,
                    -0.000618702848442,
                    0.000446845137049,
                    -0.00165775534697
                ],
                [
                    0.000146370148286,
                    -0.000955487426836,
                    0.000337932113325,
                    -0.00121749518439,
                    -0.000205469550565,
                    -0.000524895265698,
                    -0.000400697637815,
                    -0.00163830968086,
                    0.00675403652713,
                    -0.000612408271991,
                    -0.00129927985836,
                    -0.00193989055697,
                    0.00183668150567
                ],
                [
                    -0.000251282734098,
                    0.000872826960403,
                    -0.000731529318728,
                    0.00073228176916,
                    -0.000753304513637,
                    0.000590690004174,
                    -0.000770697253756,
                    -0.000539069878869,
                    -0.000612408271991,
                    0.00801699608564,
                    -0.00158710731193,
                    -0.000996274175122,
                    0.000626295921393
                ],
                [
                    0.000247277435847,
                    -0.000945847481489,
                    0.000712911307346,
                    -0.000658038537949,
                    0.000953135022428,
                    -0.00183374981862,
                    0.000773131963797,
                    -0.000618702848442,
                    -0.00129927985836,
                    -0.00158710731193,
                    0.00867829378694,
                    -0.000771853199694,
                    -0.000672824040521
                ],
                [
                    -0.000231406287639,
                    0.00123931490816,
                    -0.000569557712879,
                    0.000616609817371,
                    -0.000578215171117,
                    0.00158560147975,
                    -0.0011537456885,
                    0.000446845137049,
                    -0.00193989055697,
                    -0.000996274175122,
                    -0.000771853199694,
                    0.00805592257529,
                    -0.000747346726712
                ],
                [
                    0.000197776127607,
                    -0.000517454056535,
                    0.00094186613569,
                    -0.00106844969559,
                    -0.000484917778522,
                    -0.00101646385156,
                    0.00074250169564,
                    -0.00165775534697,
                    0.00183668150567,
                    0.000626295921393,
                    -0.000672824040521,
                    -0.000747346726712,
                    0.00938494130969
                ]
            ],
            "mean": [
                -44.9380226135,
                90.3302764893,
                -118.182815552,
                34.1524925232,
                -49.6141891479,
                17.9753456116,
                -34.1338768005,
                14.1273908615,
                -22.1824607849,
                2.11656594276,
                -14.0317173004,
                0.623188257217,
                -5.17483282089
            ]
        },
        "hfc": {
            "dmean": 9.01930904388,
            "dmean2": 13.2893390656,
            "dvar": 243.891235352,
            "dvar2": 505.741363525,
            "max": 254.376205444,
            "mean": 22.1665897369,
            "median": 13.5088768005,
            "min": 1.06289823507e-16,
            "var": 645.614074707
        },
        "melbands": {
            "dmean": [
                0.00156507373322,
                0.0011925525032,
                0.000482550589368,
                0.000370282796212,
                0.000226579839364,
                0.000155486704898,
                0.00015921209706,
                0.000130416738102,
                0.000104244536487,
                0.000100488738099,
                0.000121476317872,
                0.000132923392812,
                7.81491253292e-05,
                3.82983998861e-05,
                4.10776847275e-05,
                3.72322210751e-05,
                4.07503066526e-05,
                4.13651578128e-05,
                3.30322000082e-05,
                3.15507786581e-05,
                2.05539836315e-05,
                1.90776681848e-05,
                1.65878827829e-05,
                1.67748676176e-05,
                9.78389107331e-06,
                6.45028194413e-06,
