{
    "lowlevel": {
        "average_loudness": 0.90295112133,
        "barkbands": {
            "dmean": [
                0.000460050592665,
                0.00330035667866,
                0.00229099066928,
                0.00260316068307,
                0.00217389175668,
                0.00113722949754,
                0.00132703001145,
                0.00112364219967,
                0.000569213880226,
                0.00034069918911,
                0.000257646548562,
                0.000367658038158,
                0.000285074376734,
                0.000274353893474,
                0.000258757936535,
                0.000176781730261,
                0.000162892276421,
                0.000100876102806,
                8.38357373141e-05,
                4.04769889428e-05,
                3.77093128918e-05,
                4.61869749415e-05,
                3.91810535803e-05,
                4.35695546912e-05,
                1.68069582287e-05,
                8.74571924214e-06,
                1.97296344595e-06
            ],
            "dmean2": [
                0.000694066984579,
                0.00565624982119,
                0.00405384553596,
                0.00418711872771,
                0.00370992277749,
                0.00179115391802,
                0.00194113235921,
                0.00166215957142,
                0.000811618287116,
                0.000503256800584,
                0.000367240107153,
                0.000549455930013,
                0.000434945832239,
                0.000419210788095,
                0.000390578788938,
                0.000270162563538,
                0.000252601981629,
                0.000155903282575,
                0.000126680271933,
                6.68051216053e-05,
                6.15596509306e-05,
                7.04203048372e-05,
                5.73455035919e-05,
                6.33443050901e-05,
                2.45169649133e-05,
                1.20282738862e-05,
                2.85115334009e-06
            ],
            "dvar": [
                1.7960784362e-06,
                8.9754765213e-05,
                5.12013975822e-05,
                5.0572638429e-05,
                2.12081286008e-05,
                4.50045126854e-06,
                7.63458228903e-06,
                7.86754935689e-06,
                1.78628511094e-06,
                7.55993482926e-07,
                9.39260360155e-07,
                1.22307881156e-06,
                7.50007529859e-07,
                5.55485883069e-07,
                4.18770781607e-07,
                1.71639598534e-07,
                1.37792014243e-07,
                6.30320968753e-08,
                2.95644380088e-08,
                9.84993597797e-09,
                1.02287467385e-08,
                1.54113379836e-08,
                1.76167471722e-08,
                2.55250842685e-08,
                3.0490785452e-09,
                8.75582051307e-10,
                3.27096925934e-11
            ],
            "dvar2": [
                3.56814348379e-06,
                0.000258324347669,
                0.000146703983773,
                0.000117752460937,
                5.98372207605e-05,
                1.06493334897e-05,
                1.53748660523e-05,
                1.64576140378e-05,
                3.6685539726e-06,
                1.5290789861e-06,
                1.74716581114e-06,
                2.57654619418e-06,
                1.73684441052e-06,
                1.26020802327e-06,
                9.45301508182e-07,
                3.93511101038e-07,
                3.43163094385e-07,
                1.46461928807e-07,
                6.42056363631e-08,
                2.70547459991e-08,
                2.747216854e-08,
                3.30158300699e-08,
                3.13658645723e-08,
                4.57541773358e-08,
                5.83681813993e-09,
                1.37652766963e-09,
                7.59810478423e-11
            ],
            "max": [
                0.015732543543,
                0.104102656245,
                0.0881204158068,
                0.0972945839167,
                0.0643896609545,
                0.0577461831272,
                0.0783883854747,
                0.076444208622,
                0.0288479663432,
                0.021101096645,
                0.0318263471127,
                0.0282529313117,
                0.0230757668614,
                0.0145469838753,
                0.0198236256838,
                0.0139849726111,
                0.00979518890381,
                0.00569256907329,
                0.00327722798102,
                0.00191821658518,
                0.0017592087388,
                0.0037524709478,
                0.00365937268361,
                0.00532017182559,
                0.00230657705106,
                0.00125301757362,
                0.00013895551092
            ],
            "mean": [
                0.000575984246098,
                0.00480133108795,
                0.00294493674301,
                0.00321830390021,
                0.00356337497942,
                0.002422462916,
                0.00278446357697,
                0.0022404298652,
                0.0012944600312,
                0.000680253142491,
                0.000472501735203,
                0.000677177973557,
                0.000455407978734,
                0.000493245897815,
                0.000465720426291,
                0.000363074505003,
                0.000349638692569,
                0.000206140772207,
                0.000180971677764,
                7.1736103564e-05,
                6.69240835123e-05,
                8.59557112562e-05,
                6.94991686032e-05,
                7.70807673689e-05,
                2.80316944554e-05,
                1.42239987326e-05,
                2.62905382442e-06
            ],
            "median": [
                0.00012171799608,
                0.00302551384084,
                0.00174976699054,
                0.00100541929714,
                0.0022360116709,
                0.00118035613559,
                0.000987012172118,
                0.000660121033434,
                0.000402423611376,
                0.000262135086814,
                6.58372882754e-05,
                0.000151795931743,
                9.87134844763e-05,
                8.4889223217e-05,
                9.56469593802e-05,
                0.000115655006084,
                0.000100927631138,
                5.30151555722e-05,
                5.31512050657e-05,
                3.27595844283e-05,
                2.41469642788e-05,
                3.14940480166e-05,
                2.14200554183e-05,
                2.21232585318e-05,
                9.19415288081e-06,
                3.97810572395e-06,
                4.43625026492e-07
            ],
            "min": [
                7.28423431373e-24,
                3.36459399714e-23,
                2.25506050286e-23,
                2.60792563771e-24,
                3.4253892983e-23,
                6.30844240405e-23,
                2.63309037948e-23,
                3.27885207426e-23,
                6.14835160303e-23,
                5.77332775978e-23,
                5.18591479294e-23,
                1.76065707664e-23,
                8.67070089978e-23,
                9.88323249146e-23,
                8.80967610317e-23,
                1.40940300086e-22,
                1.68375001725e-22,
                1.21940755577e-22,
                1.9211344195e-22,
                2.12054646566e-22,
                4.91843843949e-22,
                5.10981988162e-22,
                4.78704273789e-22,
                7.73828977656e-22,
                1.21335329445e-21,
                1.58374916214e-21,
                2.12872951546e-21
            ],
            "var": [
                2.29375336858e-06,
                7.07398430677e-05,
                3.38444442605e-05,
                5.85361085541e-05,
                2.14598658204e-05,
                1.29638810904e-05,
                2.59245225607e-05,
                2.12937502511e-05,
                5.99630948273e-06,
                1.75601542196e-06,
                3.67288635061e-06,
                2.84295083475e-06,
                1.35940365453e-06,
                1.44459136209e-06,
                9.93702769847e-07,
                4.74303334386e-07,
                4.30553001252e-07,
                2.03656725262e-07,
                1.00217178556e-07,
                1.2369306468e-08,
                1.36316220534e-08,
                3.04908382986e-08,
                3.98071051677e-08,
                6.35657428916e-08,
                6.47926778896e-09,
                2.34151387168e-09,
                4.33878280526e-11
            ]
        },
        "barkbands_crest": {
            "dmean": 2.2054848671,
            "dmean2": 3.5074698925,
            "dvar": 4.42755174637,
            "dvar2": 11.0490112305,
            "max": 24.7835826874,
            "mean": 9.88059043884,
            "median": 8.98875045776,
            "min": 2.88641643524,
            "var": 15.6847028732
        },
        "barkbands_flatness_db": {
            "dmean": 0.0194151494652,
            "dmean2": 0.028594084084,
            "dvar": 0.000371623056708,
            "dvar2": 0.000846751441713,
            "max": 0.576058804989,
            "mean": 0.165962472558,
            "median": 0.149406611919,
            "min": 0.0316500850022,
            "var": 0.00614786008373
        },
        "barkbands_kurtosis": {
            "dmean": 3.5355193615,
            "dmean2": 5.54901027679,
            "dvar": 51.4818687439,
            "dvar2": 127.60660553,
            "max": 199.335098267,
            "mean": 7.1404094696,
            "median": 3.81323194504,
            "min": -1.89770805836,
            "var": 133.768478394
        },
        "barkbands_skewness": {
            "dmean": 0.520712196827,
            "dmean2": 0.795243918896,
            "dvar": 0.454328268766,
            "dvar2": 1.0982080698,
            "max": 11.6551685333,
            "mean": 1.85695898533,
            "median": 1.69352889061,
            "min": -2.38797330856,
            "var": 1.5804708004
        },
        "barkbands_spread": {
            "dmean": 3.81747674942,
            "dmean2": 5.75727033615,
            "dvar": 36.7058143616,
            "dvar2": 71.146812439,
            "max": 102.141540527,
            "mean": 15.2277698517,
            "median": 13.0397434235,
            "min": 0.302108764648,
            "var": 137.966644287
        },
        "dissonance": {
            "dmean": 0.0232075769454,
            "dmean2": 0.0385965816677,
            "dvar": 0.00050641578855,
            "dvar2": 0.00129271228798,
            "max": 0.500000119209,
            "mean": 0.442167550325,
            "median": 0.452216476202,
            "min": 0.171886608005,
            "var": 0.00167329551186
        },
        "dynamic_complexity": 3.81079316139,
        "erbbands": {
            "dmean": [
                0.0987435281277,
                0.770604252815,
                2.55295133591,
                5.69244241714,
                7.83365869522,
                7.19524240494,
                9.7754573822,
                9.16984939575,
                17.593662262,
                19.0652313232,
                25.2619838715,
                13.6671056747,
                9.01162528992,
                11.8986568451,
                11.8599720001,
                13.1424531937,
                11.8228988647,
                13.4711942673,
                14.8025770187,
                9.3929309845,
                9.10170459747,
                7.55498075485,
                5.47626924515,
                4.69557666779,
                3.23329472542,
                1.88984584808,
                1.69114995003,
                1.44798886776,
                1.57158470154,
                1.49743056297,
                1.09739089012,
                0.975833952427,
                0.695569396019,
                0.225394263864,
                0.113166600466,
                0.0445795208216,
                0.0158261526376,
                0.0030739151407,
                0.000310147617711,
                2.68132571364e-05
            ],
            "dmean2": [
                0.159000724554,
                1.36604475975,
                4.52342176437,
                9.34442329407,
                13.0088739395,
                12.214846611,
                15.7511692047,
                14.4111671448,
                26.4002494812,
                27.0203018188,
                37.1255645752,
                19.3767700195,
                12.9859972,
                17.4668712616,
                17.3813076019,
                19.3633537292,
                17.8118419647,
                19.8318729401,
                22.0046234131,
                13.8632268906,
                13.7819423676,
                11.3012247086,
                8.22313308716,
                7.15797662735,
                4.92557382584,
                3.13494801521,
                2.78742575645,
                2.32493591309,
                2.41094875336,
                2.22322463989,
                1.62507843971,
                1.43561601639,
                1.017598629,
                0.329854518175,
                0.162080019712,
                0.062441047281,
                0.0222173202783,
                0.00445511797443,
                0.000447775557404,
                3.9329232095e-05
            ],
            "dvar": [
                0.0503338985145,
                6.49428510666,
                70.861328125,
                177.960327148,
                508.941162109,
                177.143218994,
                348.636688232,
                424.256439209,
                1597.89624023,
                2154.65771484,
                4592.86035156,
                1148.48266602,
                522.264221191,
                817.194396973,
                1596.00610352,
                1538.72692871,
                1289.0916748,
                1379.8392334,
                1434.08410645,
                536.242431641,
                334.926727295,
                275.89932251,
                175.01550293,
                108.555450439,
                45.8981781006,
                23.4255142212,
                21.0709476471,
                16.0053157806,
                14.0291070938,
                27.6446933746,
                14.9636487961,
                13.1656227112,
                5.91834354401,
                0.577844500542,
                0.136084526777,
                0.0235505327582,
                0.00315645616502,
                0.000100939090771,
                8.33538479128e-07,
                4.15904244377e-09
            ],
            "dvar2": [
                0.124070346355,
                18.9344043732,
                203.155105591,
                428.599456787,
                1323.06811523,
                481.355804443,
                888.334777832,
                1022.30395508,
                3438.10620117,
                4083.90795898,
                9546.75097656,
                2321.63793945,
                1062.99853516,
                1782.10266113,
                3306.05419922,
                3295.95019531,
                2938.17822266,
                3015.80371094,
                3262.32055664,
                1165.17468262,
                760.54876709,
                641.282592773,
                386.927978516,
                243.598388672,
                102.620056152,
                64.8395309448,
                56.8753623962,
                38.9035987854,
                32.6267585754,
                55.3953056335,
                28.5279006958,
                24.0125980377,
                10.564743042,
                1.14102530479,
                0.234083771706,
                0.0412622727454,
                0.00518894707784,
                0.000200247770408,
                1.97083090825e-06,
                1.00273869208e-08
            ],
            "max": [
                2.5777592659,
                25.8594245911,
                95.5543136597,
                179.649108887,
                301.854888916,
                186.106964111,
                1004.13421631,
                422.809356689,
                1311.49829102,
                1410.52844238,
                2014.77282715,
                865.934692383,
                560.620239258,
                641.347106934,
                1003.61730957,
                1405.95324707,
                793.887329102,
                816.072631836,
                1260.73583984,
                573.923950195,
                413.363861084,
                533.479370117,
                374.52532959,
                189.830596924,
                141.475952148,
                99.7166976929,
                82.0304946899,
                126.843421936,
                72.0237960815,
                193.849456787,
                128.740325928,
                135.26184082,
                61.8133888245,
                27.0292568207,
                21.2687339783,
                5.89420843124,
                2.24457859993,
                0.342493951321,
                0.029080754146,
                0.00138830125798
            ],
            "mean": [
                0.155396699905,
                1.0168915987,
                3.36919045448,
                7.46005582809,
                10.4824819565,
                11.4344358444,
                18.9599952698,
                19.4778690338,
                36.2219161987,
                40.7330665588,
                52.4419174194,
                32.4141693115,
                20.0467472076,
                24.8254547119,
                24.1630458832,
                26.0336723328,
                20.8647212982,
                26.4112968445,
                28.0235538483,
                19.5727787018,
                20.6429977417,
                17.7383232117,
                12.9986581802,
                10.7121429443,
                6.85791540146,
                3.44080972672,
                2.91030406952,
                2.65066242218,
                2.94905304909,
                2.61836624146,
                1.90195977688,
                1.7047547102,
                1.188352108,
                0.375243723392,
                0.183487862349,
                0.0717644914985,
                0.0250576343387,
                0.00454539665952,
                0.000431985128671,
                5.65483169339e-05
            ],
            "median": [
                0.0862122327089,
                0.643829226494,
                2.03809952736,
                3.04395914078,
                4.82375526428,
                6.38316249847,
                11.3135814667,
                7.28995704651,
                15.1589412689,
                13.0366373062,
                18.600566864,
                11.3466529846,
                7.51021003723,
                9.40347099304,
                5.09853363037,
                6.92510509491,
                5.12296867371,
                5.04466247559,
                5.62852573395,
                5.62460517883,
                7.29589509964,
                5.51377916336,
                3.72450232506,
                3.06682729721,
                2.42457103729,
                1.63338005543,
                1.12020158768,
                0.938053965569,
                1.0964833498,
                0.835618257523,
                0.579451084137,
                0.498019695282,
                0.314480751753,
                0.115508235991,
                0.0588468685746,
                0.0209712125361,
                0.00631459150463,
                0.00105553050525,
                8.70454387041e-05,
                3.62848149962e-05
            ],
            "min": [
                9.26458139008e-22,
                6.8267337123e-21,
                2.5766926497e-20,
                1.94176028218e-20,
                3.99587463287e-20,
                1.28791232968e-19,
                1.98475422236e-19,
                6.64320899157e-19,
                4.87126611034e-19,
                4.15333408472e-19,
                1.0437200567e-18,
                1.25391285421e-18,
                2.32158744107e-18,
                1.03717829883e-18,
                1.7867448647e-18,
                8.88618211779e-19,
                3.11375515265e-18,
                5.26913512529e-18,
                5.67198407772e-18,
                3.46169854436e-18,
                1.05502900121e-17,
                9.94781135854e-18,
                8.19649133076e-18,
                1.06750801336e-17,
                1.29855676381e-17,
                1.04413710049e-17,
                1.86913982921e-17,
                1.85500165818e-17,
                1.54192835471e-17,
                1.8525139952e-17,
                1.30646188077e-17,
                1.60469366153e-17,
                1.23042222762e-17,
                1.20980532988e-17,
                8.99854385066e-18,
                4.89822444349e-18,
                2.78670861796e-18,
                1.22646813886e-18,
                3.29823664348e-19,
                2.9142106124e-20
            ],
            "var": [
                0.0654190480709,
                4.1389374733,
                45.4339485168,
                206.96257019,
                477.12020874,
                236.089080811,
                678.265930176,
                1292.92346191,
                5040.36865234,
                6740.08935547,
                11554.9570313,
                3865.58691406,
                1454.16723633,
                2159.32739258,
                5224.66992188,
                3424.45507813,
                2468.25268555,
                3995.1472168,
                3685.05761719,
                1430.60449219,
                1294.47021484,
                1055.61413574,
                709.636291504,
                380.784362793,
                138.744430542,
                28.0751724243,
                26.5028896332,
                25.554517746,
                27.4798030853,
                51.7995948792,
                31.9590759277,
                32.6762199402,
                14.1992235184,
                1.13064467907,
                0.323853194714,
                0.058000266552,
                0.00794624444097,
                0.000193535845028,
                1.07226060209e-06,
                5.35295008319e-09
            ]
        },
        "erbbands_crest": {
            "dmean": 2.37571406364,
            "dmean2": 3.67211818695,
            "dvar": 5.24548149109,
            "dvar2": 12.3074970245,
            "max": 28.9642524719,
            "mean": 10.1165447235,
            "median": 9.26208877563,
            "min": 2.66435647011,
            "var": 17.9645462036
        },
        "erbbands_flatness_db": {
            "dmean": 0.0173880755901,
            "dmean2": 0.0232469309121,
            "dvar": 0.000326023786329,
            "dvar2": 0.000571135606151,
            "max": 0.360673844814,
            "mean": 0.169636815786,
            "median": 0.1670820117,
            "min": 0.0506356395781,
            "var": 0.00249724439345
        },
        "erbbands_kurtosis": {
            "dmean": 0.968467712402,
            "dmean2": 1.43580460548,
            "dvar": 2.22613191605,
            "dvar2": 4.6443567276,
            "max": 51.0546684265,
            "mean": 1.20196378231,
            "median": 0.265338867903,
            "min": -1.79168188572,
            "var": 11.5084009171
        },
        "erbbands_skewness": {
            "dmean": 0.324441790581,
            "dmean2": 0.475489616394,
            "dvar": 0.101183436811,
            "dvar2": 0.211521431804,
            "max": 5.08987236023,
            "mean": 0.692847371101,
            "median": 0.631963908672,
            "min": -4.06759166718,
            "var": 0.63963508606
        },
        "erbbands_spread": {
            "dmean": 7.12036132813,
            "dmean2": 10.4637479782,
            "dvar": 97.8046035767,
            "dvar2": 202.722213745,
            "max": 139.81350708,
            "mean": 33.7483444214,
            "median": 30.2540473938,
            "min": 3.37061619759,
            "var": 354.534637451
        },
        "gfcc": {
            "cov": [
                [
                    14301.2558594,
                    -2380.27441406,
                    -2254.25341797,
                    161.638198853,
                    -741.678527832,
                    455.063842773,
                    -450.495300293,
                    118.211402893,
                    -270.556732178,
                    197.251617432,
                    -288.201965332,
                    18.178735733,
                    -326.47366333
                ],
                [
                    -2380.27441406,
                    1366.73779297,
                    167.505615234,
                    -102.380935669,
                    361.389404297,
                    -110.752952576,
                    200.110595703,
                    18.6502590179,
                    151.097488403,
                    -52.2290039063,
                    123.352226257,
                    -9.5132484436,
                    117.510871887
                ],
                [
                    -2254.25341797,
                    167.505615234,
                    958.41809082,
                    141.833358765,
                    96.6680221558,
                    26.9464702606,
                    122.562522888,
                    14.9222021103,
                    58.5188865662,
                    23.6940021515,
                    38.8483505249,
                    42.7540473938,
                    81.6569747925
                ],
                [
                    161.638198853,
                    -102.380935669,
                    141.833358765,
                    395.138366699,
                    66.41431427,
                    24.892873764,
                    83.3975219727,
                    7.0835943222,
                    31.001411438,
                    38.2675857544,
                    1.2690911293,
                    10.2648277283,
                    59.0027961731
                ],
                [
                    -741.678527832,
                    361.389404297,
                    96.6680221558,
                    66.41431427,
                    337.713256836,
                    -4.04865694046,
                    69.9722824097,
                    60.5628166199,
                    102.722961426,
                    9.03952884674,
                    40.4856262207,
                    23.3399085999,
                    43.7356452942
                ],
                [
                    455.063842773,
                    -110.752952576,
                    26.9464702606,
                    24.892873764,
                    -4.04865694046,
                    245.45173645,
                    112.94418335,
                    9.98202991486,
                    -2.98071551323,
                    25.2919445038,
                    20.3760356903,
                    4.73677396774,
                    -6.72815179825
                ],
                [
                    -450.495300293,
                    200.110595703,
                    122.562522888,
                    83.3975219727,
                    69.9722824097,
                    112.94418335,
                    280.991790771,
                    47.0757980347,
                    21.681810379,
                    1.49171185493,
                    50.8634490967,
                    24.9933986664,
                    45.4301872253
                ],
                [
                    118.211402893,
                    18.6502590179,
                    14.9222021103,
                    7.0835943222,
                    60.5628166199,
                    9.98202991486,
                    47.0757980347,
                    155.830047607,
                    65.2310791016,
                    10.6250047684,
                    14.8620815277,
                    34.5397453308,
                    9.15660953522
                ],
                [
                    -270.556732178,
                    151.097488403,
                    58.5188865662,
                    31.001411438,
                    102.722961426,
                    -2.98071551323,
                    21.681810379,
                    65.2310791016,
                    134.349319458,
                    34.0544204712,
                    21.1351528168,
                    7.63363552094,
                    20.0157623291
                ],
                [
                    197.251617432,
                    -52.2290039063,
                    23.6940021515,
                    38.2675857544,
                    9.03952884674,
                    25.2919445038,
                    1.49171185493,
                    10.6250047684,
                    34.0544204712,
                    100.86050415,
                    23.6376399994,
                    2.47049617767,
                    2.18203377724
                ],
                [
                    -288.201965332,
                    123.352226257,
                    38.8483505249,
                    1.2690911293,
                    40.4856262207,
                    20.3760356903,
                    50.8634490967,
                    14.8620815277,
                    21.1351528168,
                    23.6376399994,
                    99.4172897339,
                    31.9174995422,
                    6.79832649231
                ],
                [
                    18.178735733,
                    -9.5132484436,
                    42.7540473938,
                    10.2648277283,
                    23.3399085999,
                    4.73677396774,
                    24.9933986664,
                    34.5397453308,
                    7.63363552094,
                    2.47049617767,
                    31.9174995422,
                    87.1505813599,
                    28.3839244843
                ],
                [
                    -326.47366333,
                    117.510871887,
                    81.6569747925,
                    59.0027961731,
                    43.7356452942,
                    -6.72815179825,
                    45.4301872253,
                    9.15660953522,
                    20.0157623291,
                    2.18203377724,
                    6.79832649231,
                    28.3839244843,
                    93.3049468994
                ]
            ],
            "icov": [
                [
                    0.000244753435254,
                    3.1420167943e-05,
                    0.000544705078937,
                    -0.000376640236937,
                    0.000281590007944,
                    -0.000569366617128,
                    0.000342224666383,
                    -0.000412167952163,
                    0.000236888052314,
                    -0.000502228504047,
                    0.000584795663599,
                    -0.000593512726482,
                    0.000377928488888
                ],
                [
                    3.1420167943e-05,
                    0.00233482941985,
                    4.69228252769e-05,
                    0.00139519351069,
                    -0.00166289019398,
                    0.00148185365833,
                    -0.00170999625698,
                    0.00117808859795,
                    -0.00166592618916,
                    0.00137854646891,
                    -0.00227278517559,
                    0.00214123376645,
                    -0.00231128954329
                ],
                [
                    0.000544705078937,
                    4.69228252769e-05,
                    0.00242511858232,
                    -0.00108499848284,
                    0.000585020403378,
                    -0.00124728318769,
                    0.000433601584518,
                    -0.000630208000075,
                    0.000153725937707,
                    -0.00118727807421,
                    0.00124107743613,
                    -0.00166890979744,
                    0.000309185357764
                ],
                [
                    -0.000376640236937,
                    0.00139519351069,
                    -0.00108499848284,
                    0.00462398305535,
                    -0.00184362323489,
                    0.00190773210488,
                    -0.00238795252517,
                    0.00170550821349,
                    -0.00140119588468,
                    0.000327172398102,
                    -0.00143694423605,
                    0.00235515739769,
                    -0.00337126199156
                ],
                [
                    0.000281590007944,
                    -0.00166289019398,
                    0.000585020403378,
                    -0.00184362323489,
                    0.00584745686501,
                    -0.00152252300177,
                    0.00120278354734,
                    -0.00157109415159,
                    -0.00145021383651,
                    -0.000640166399535,
                    0.00133187952451,
                    -0.00230853701942,
                    0.00138255534694
                ],
                [
                    -0.000569366617128,
                    0.00148185365833,
                    -0.00124728318769,
                    0.00190773210488,
                    -0.00152252300177,
                    0.00782321952283,
                    -0.00460847653449,
                    0.00204316014424,
                    -0.00134652259294,
                    0.000483041658299,
                    -0.00252346182242,
                    0.00250042392872,
                    -0.000951378024183
                ],
                [
                    0.000342224666383,
                    -0.00170999625698,
                    0.000433601584518,
                    -0.00238795252517,
                    0.00120278354734,
                    -0.00460847653449,
                    0.00790541339666,
                    -0.00321168382652,
                    0.00239760847762,
                    -0.000223249269766,
                    -0.000140338670462,
                    -0.0014008138096,
                    -2.11749375012e-05
                ],
                [
                    -0.000412167952163,
                    0.00117808859795,
                    -0.000630208000075,
                    0.00170550821349,
                    -0.00157109415159,
                    0.00204316014424,
                    -0.00321168382652,
                    0.0109360748902,
                    -0.00599873485044,
                    0.00167667551432,
                    -0.000672151509207,
                    -0.00199999683537,
                    -0.000173533902853
                ],
                [
                    0.000236888052314,
                    -0.00166592618916,
                    0.000153725937707,
                    -0.00140119588468,
                    -0.00145021383651,
                    -0.00134652259294,
                    0.00239760847762,
                    -0.00599873485044,
                    0.0146475490183,
                    -0.00501178577542,
                    0.00120644585695,
                    0.000268042291282,
                    0.000488062709337
                ],
                [
                    -0.000502228504047,
                    0.00137854646891,
                    -0.00118727807421,
                    0.000327172398102,
                    -0.000640166399535,
                    0.000483041658299,
                    -0.000223249269766,
                    0.00167667551432,
                    -0.00501178577542,
                    0.0145913157612,
                    -0.00598765490577,
                    0.00328204524703,
                    -0.00221050227992
                ],
                [
                    0.000584795663599,
                    -0.00227278517559,
                    0.00124107743613,
                    -0.00143694423605,
                    0.00133187952451,
                    -0.00252346182242,
                    -0.000140338670462,
                    -0.000672151509207,
                    0.00120644585695,
                    -0.00598765490577,
                    0.0179357919842,
                    -0.00897404458374,
                    0.00536351418123
                ],
                [
                    -0.000593512726482,
                    0.00214123376645,
                    -0.00166890979744,
                    0.00235515739769,
                    -0.00230853701942,
                    0.00250042392872,
                    -0.0014008138096,
                    -0.00199999683537,
                    0.000268042291282,
                    0.00328204524703,
                    -0.00897404458374,
                    0.0198880787939,
                    -0.00819191429764
                ],
                [
                    0.000377928488888,
                    -0.00231128954329,
                    0.000309185357764,
                    -0.00337126199156,
                    0.00138255534694,
                    -0.000951378024183,
                    -2.11749375012e-05,
                    -0.000173533902853,
                    0.000488062709337,
                    -0.00221050227992,
                    0.00536351418123,
                    -0.00819191429764,
                    0.0181710124016
                ]
            ],
            "mean": [
                -27.247215271,
                115.884300232,
                -98.9816131592,
                24.380487442,
                -55.935798645,
                7.80914545059,
                -39.2609901428,
                7.80162000656,
                -15.2341737747,
                -1.44043314457,
                -14.1751823425,
                -0.913201153278,
                -12.0196714401
            ]
        },
        "hfc": {
            "dmean": 3.75435471535,
            "dmean2": 5.51224040985,
            "dvar": 34.3592300415,
            "dvar2": 73.8440704346,
            "max": 100.621459961,
            "mean": 15.9761533737,
            "median": 12.4118461609,
            "min": 1.12438859188e-16,
            "var": 195.616485596
        },
        "melbands": {
            "dmean": [
                0.000862752960529,
                0.00121916085482,
                0.00105632666964,
                0.000516107713338,
                0.000317426311085,
                0.00020635992405,
                0.000272870471235,
                0.000208471872611,
                0.000191099650692,
                8.1320074969e-05,
                4.62207935925e-05,
                5.11152902618e-05,
                4.01933175453e-05,
                4.4017619075e-05,
                2.95067784464e-05,
                2.60057004198e-05,
                2.64198006334e-05,
                2.57220344793e-05,
                1.55428133439e-05,
                1.24475855046e-05,
                1.15270186143e-05,
                8.62784872879e-06,
                7.59760723668e-06,
                4.92173921884e-06,
                4.08875257563e-06,
                3.16413115797e-06,
                1.69853660736e-06,
                1.26582654048e-06,
