{
    "lowlevel": {
        "average_loudness": 0.909014284611,
        "barkbands": {
            "dmean": [
                0.00424835318699,
                0.0108364280313,
                0.00237354706042,
                0.00340561126359,
                0.00204527308233,
                0.00143712293357,
                0.00144415732939,
                0.000673955597449,
                0.00104867632035,
                0.000970636669081,
                0.00115795352031,
                0.000549806514755,
                0.000513008097187,
                0.000337074452545,
                0.000143505283631,
                9.78518946795e-05,
                9.20458696783e-05,
                0.00016845704522,
                0.000143192228279,
                0.000132060187752,
                0.00014889013255,
                0.000178522968781,
                5.93687655055e-05,
                2.85158312181e-05,
                2.58985573964e-06,
                5.03722985741e-05,
                0.000255755760008
            ],
            "dmean2": [
                0.00705373799428,
                0.0184435602278,
                0.0040962244384,
                0.00579810794443,
                0.00325990957208,
                0.00226834183559,
                0.00205816281959,
                0.00106762500945,
                0.00157762214076,
                0.00154772878159,
                0.00176434812602,
                0.000824429269414,
                0.000801108486485,
                0.000530359626282,
                0.000229149110964,
                0.000155212648679,
                0.000142737902934,
                0.000254185200902,
                0.00021292353631,
                0.000188741381862,
                0.000218746819883,
                0.000269165611826,
                9.03850159375e-05,
                4.29429419455e-05,
                4.30590171163e-06,
                7.71033228375e-05,
                0.000372386741219
            ],
            "dvar": [
                9.98485411401e-05,
                0.000824949180242,
                2.37801723415e-05,
                3.14868993883e-05,
                1.31261504066e-05,
                1.2662777408e-05,
                1.01457480923e-05,
                3.0017795325e-06,
                5.77965192861e-06,
                6.75403407513e-06,
                9.09303889784e-06,
                3.04499826598e-06,
                1.07729954379e-06,
                5.33472984898e-07,
                5.90287534408e-08,
                3.05617611218e-08,
                4.25693862383e-08,
                1.4517475222e-07,
                8.96541791917e-08,
                1.33372580535e-07,
                2.33330240462e-07,
                1.82782173397e-07,
                1.87230160265e-08,
                7.09100955731e-09,
                2.1121732835e-11,
                1.97482830089e-08,
                2.39749880393e-07
            ],
            "dvar2": [
                0.000242684196564,
                0.0021687943954,
                6.07522779319e-05,
                8.41699293233e-05,
                3.16404257319e-05,
                3.08665075863e-05,
                1.77724195964e-05,
                6.95009748597e-06,
                1.10439896162e-05,
                1.62767064467e-05,
                2.01855000341e-05,
                6.58881572235e-06,
                2.36499568018e-06,
                1.19906940199e-06,
                1.41783331742e-07,
                7.34153218218e-08,
                9.86007506754e-08,
                3.04333042322e-07,
                1.79609116913e-07,
                2.52508840504e-07,
                4.52336280432e-07,
                4.3031587893e-07,
                4.30387387951e-08,
                1.55279717973e-08,
                5.21287214783e-11,
                4.81614925718e-08,
                5.32088904492e-07
            ],
            "max": [
                0.123052053154,
                0.248477265239,
                0.097238406539,
                0.126528844237,
                0.0637497231364,
                0.0743439868093,
                0.0734294503927,
                0.0391754433513,
                0.0567236244678,
                0.0751498639584,
                0.0755516439676,
                0.0502484738827,
                0.0166654046625,
                0.0247969850898,
                0.00596343819052,
                0.00380708021112,
                0.00927396118641,
                0.00870464649051,
                0.00816803146154,
                0.0125546455383,
                0.0149541273713,
                0.0103681301698,
                0.00216159783304,
                0.00167137081735,
                6.51405935059e-05,
                0.00221945950761,
                0.00632636016235
            ],
            "mean": [
                0.00455766823143,
                0.0093409512192,
                0.0026513019111,
                0.00453916471452,
                0.00304811727256,
                0.00213662418537,
                0.00303860520944,
                0.000939800054766,
                0.00171525892802,
                0.00124174379744,
                0.00191610574257,
                0.000846277805977,
                0.000765317701735,
                0.000506583484821,
                0.000221606678679,
                0.000147858765558,
                0.000141454103868,
                0.000282594730379,
                0.000259264110355,
                0.00022171215096,
                0.000233429251239,
                0.000225108015002,
                7.35350477044e-05,
                3.47575296473e-05,
                2.52747372542e-06,
                5.84290246479e-05,
                0.000506976328325
            ],
            "median": [
                0.00053114281036,
                0.00129722082056,
                0.000987184466794,
                0.00239419541322,
                0.00172518054023,
                0.000737283786293,
                0.000893836375326,
                0.000333275529556,
                0.00065515213646,
                0.000288025621558,
                0.00040471641114,
                0.000224273419008,
                0.000275103229797,
                0.000241413101321,
                0.000115500457468,
                6.83163307258e-05,
                5.33465172339e-05,
                0.000127432635054,
                0.000111625617137,
                6.69068977004e-05,
                5.01856920891e-05,
                5.24863244209e-05,
                1.39359144669e-05,
                4.24358586315e-06,
                8.86096017894e-07,
                8.35787250253e-06,
                0.000194998050574
            ],
            "min": [
                2.12319792577e-25,
                1.13985075993e-24,
                4.51596559728e-24,
                2.45936301331e-24,
                6.12972217944e-24,
                1.60891494836e-23,
                6.64235239465e-24,
                1.76434957677e-23,
                2.56407546323e-23,
                2.696077294e-23,
                1.5024535938e-23,
                1.97717730702e-23,
                3.62835752941e-23,
                3.94122418204e-23,
                6.62793864373e-23,
                8.37987375866e-23,
                1.11279836869e-22,
                8.25832859474e-23,
                1.48565934467e-22,
                2.08723255408e-22,
                2.64920292658e-22,
                2.91284301789e-22,
                4.5875429704e-22,
                5.6313460497e-22,
                9.0469173745e-22,
                1.47027557252e-21,
                1.94668859034e-21
            ],
            "var": [
                0.000105758816062,
                0.000629038200714,
                3.31111550622e-05,
                4.85574637423e-05,
                1.9208780941e-05,
                2.0561981728e-05,
                4.60477713204e-05,
                4.72242891192e-06,
                1.39306994242e-05,
                1.06209618025e-05,
                2.26162464969e-05,
                7.43095461075e-06,
                2.05484684557e-06,
                8.85374277004e-07,
                1.05614830659e-07,
                5.2703651221e-08,
                7.49836033265e-08,
                2.98853677805e-07,
                2.22286061557e-07,
                3.96550660753e-07,
                5.98048075062e-07,
                2.47674734055e-07,
                2.73691078689e-08,
                1.12741993519e-08,
                2.14855720021e-11,
                2.28476864095e-08,
                5.3184328408e-07
            ]
        },
        "barkbands_crest": {
            "dmean": 3.23953199387,
            "dmean2": 5.27520132065,
            "dvar": 8.17651557922,
            "dvar2": 21.3616886139,
            "max": 26.6204280853,
            "mean": 10.5336284637,
            "median": 9.79175281525,
            "min": 2.30441617966,
            "var": 18.5809078217
        },
        "barkbands_flatness_db": {
            "dmean": 0.0302260518074,
            "dmean2": 0.0466544665396,
            "dvar": 0.000750122475438,
            "dvar2": 0.00183659407776,
            "max": 0.410965234041,
            "mean": 0.140169456601,
            "median": 0.135444432497,
            "min": 0.0216337107122,
            "var": 0.00279534445144
        },
        "barkbands_kurtosis": {
            "dmean": 6.9151802063,
            "dmean2": 11.1947498322,
            "dvar": 297.953063965,
            "dvar2": 750.833496094,
            "max": 597.924865723,
            "mean": 10.3469133377,
            "median": 5.28142595291,
            "min": -1.74168610573,
            "var": 451.995819092
        },
        "barkbands_skewness": {
            "dmean": 0.846895039082,
            "dmean2": 1.31559145451,
            "dvar": 0.936965465546,
            "dvar2": 2.26302361488,
            "max": 23.6504096985,
            "mean": 2.15401554108,
            "median": 1.93866229057,
            "min": -2.4098033905,
            "var": 2.71131491661
        },
        "barkbands_spread": {
            "dmean": 7.43505334854,
            "dmean2": 11.7109832764,
            "dvar": 84.3196105957,
            "dvar2": 200.72076416,
            "max": 100.206695557,
            "mean": 20.9879360199,
            "median": 16.9388237,
            "min": 0.295342236757,
            "var": 248.350906372
        },
        "dissonance": {
            "dmean": 0.0279727671295,
            "dmean2": 0.0461551733315,
            "dvar": 0.000763368152548,
            "dvar2": 0.00196013133973,
            "max": 0.500000119209,
            "mean": 0.450198501348,
            "median": 0.460703134537,
            "min": 0.176129668951,
            "var": 0.0016052328283
        },
        "dynamic_complexity": 3.38110494614,
        "erbbands": {
            "dmean": [
                0.568706452847,
                1.52970552444,
                2.50616002083,
                7.05200910568,
                10.0512533188,
                5.96411561966,
                7.72842168808,
                12.8436355591,
                16.2316017151,
                23.5585174561,
                16.0444126129,
                21.9216785431,
                27.1532859802,
                32.7621307373,
                39.072555542,
                19.7338504791,
                19.7769374847,
                18.1285572052,
                10.6935281754,
                6.39070892334,
                5.11885261536,
                5.10064458847,
                8.51264667511,
                7.9610748291,
                6.77843570709,
                5.93914747238,
                5.58857393265,
                6.52962064743,
                7.94755840302,
                2.66018438339,
                1.70204997063,
                0.903967320919,
                0.321258872747,
                0.0402878820896,
                0.0191604290158,
                0.0509079582989,
                0.12108591944,
                0.116472639143,
                0.0379132889211,
                0.00379996187985
            ],
            "dmean2": [
                0.996695637703,
                2.56099271774,
                4.34876775742,
                11.9896459579,
                16.6255836487,
                9.61175346375,
                12.4703598022,
                20.3114032745,
                23.5480747223,
                34.1474342346,
                24.6915473938,
                33.0042762756,
                42.8303070068,
                50.5990562439,
                58.5371551514,
                29.1753959656,
                30.8801651001,
                28.0812187195,
                16.9553470612,
                10.242641449,
                7.89014053345,
                7.69303321838,
                12.7629442215,
                11.8188972473,
                9.81276321411,
                8.4942407608,
                8.03722190857,
                9.66607093811,
                12.1341199875,
                3.98951101303,
                2.60892510414,
                1.36340117455,
                0.489927172661,
                0.0642912760377,
                0.0315439030528,
                0.0783233717084,
                0.185220628977,
                0.178532227874,
                0.0555261261761,
                0.00544861750677
            ],
            "dvar": [
                2.28335380554,
                17.3862342834,
                29.2951202393,
                135.285247803,
                235.266311646,
                176.75289917,
                327.388763428,
                1271.24157715,
                2039.57373047,
                3571.92895508,
                1675.78588867,
                2447.44848633,
                4611.60839844,
                9420.31640625,
                12079.8486328,
                3571.15087891,
                1765.57165527,
                1163.46179199,
                536.708374023,
                104.407615662,
                89.2430725098,
                126.16872406,
                426.838378906,
                253.132919312,
                222.675842285,
                328.628051758,
                295.694610596,
                425.807312012,
                432.141204834,
                32.3147468567,
                16.6242980957,
                6.0528459549,
                1.13805854321,
                0.00570650305599,
                0.00107760145329,
                0.0226049758494,
                0.121801622212,
                0.07315094769,
                0.00681207282469,
                4.12906847487e-05
            ],
            "dvar2": [
                6.13959550858,
                45.8563652039,
                77.0500259399,
                353.785064697,
                594.96673584,
                426.754669189,
                806.179504395,
                3090.56567383,
                3859.81152344,
                6457.34082031,
                3716.32910156,
                4707.09570312,
                11229.9960938,
                21026.7851562,
                25652.8144531,
                7479.49707031,
                3955.84448242,
                2636.16894531,
                1199.73022461,
                253.658813477,
                207.897781372,
                274.483886719,
                911.888916016,
                498.531585693,
                443.61920166,
                621.912353516,
                574.559204102,
                859.016052246,
                1046.66809082,
                70.4009780884,
                39.5120544434,
                13.5523366928,
                2.51322889328,
                0.0129796778783,
                0.00262288190424,
                0.0497897416353,
                0.295133829117,
                0.173152804375,
                0.0154819590971,
                8.56537444633e-05
            ],
            "max": [
                12.3202257156,
                44.0377464294,
                90.127571106,
                267.42074585,
                229.569671631,
                305.189361572,
                395.275390625,
                914.939025879,
                1288.26525879,
                1357.66064453,
                1113.43774414,
                1345.71411133,
                1500.73522949,
                2112.99755859,
                3613.12988281,
                1945.64953613,
                800.319885254,
                840.549743652,
                818.342895508,
                166.469512939,
                184.577072144,
                525.814331055,
                620.054199219,
                390.209686279,
                418.55355835,
                672.731506348,
                516.494567871,
                563.414245605,
                552.83795166,
                100.615592957,
                62.8038749695,
                43.6606636047,
                27.3779697418,
                1.50876748562,
                0.461240887642,
                3.67229127884,
                5.29861593246,
                3.22146701813,
                1.16745257378,
                0.128692090511
            ],
            "mean": [
                0.463760882616,
                1.37741732597,
                2.7905254364,
                9.63920211792,
                14.5428991318,
                8.23429679871,
                11.1559667587,
                19.6540985107,
                31.7983913422,
                47.5208129883,
                26.0572490692,
                37.6141166687,
                36.8414001465,
                52.1482963562,
                69.5140533447,
                34.4635276794,
                30.6970100403,
                30.1259613037,
                17.456445694,
                10.0149736404,
                8.23734378815,
                8.348695755,
                14.2077379227,
                15.3285398483,
                11.9776725769,
                10.2077121735,
                8.90506649017,
                9.81861019135,
                9.96342754364,
                3.457208395,
                2.05196404457,
                1.12005317211,
                0.378436893225,
                0.0455232188106,
                0.0202089808881,
                0.0605521313846,
                0.140665158629,
                0.135721340775,
                0.0547297261655,
                0.0114823551849
            ],
            "median": [
                0.0468675345182,
                0.241519749165,
                1.06366944313,
                5.1016535759,
                8.4129524231,
                4.2634305954,
                4.99487876892,
                5.77296638489,
                8.49304771423,
                13.5968379974,
                10.4700498581,
                14.671421051,
                11.5572366714,
                14.7304801941,
                16.1860637665,
                10.7214126587,
                12.6080741882,
                14.6672868729,
                9.04391670227,
                5.46626853943,
                3.69281959534,
                3.36080551147,
                6.12662696838,
                7.20733547211,
                5.05547094345,
                3.13292694092,
                1.91683673859,
                2.24188184738,
                2.16429567337,
                0.84272390604,
                0.364160388708,
                0.145255818963,
                0.0470930077136,
                0.0152776893228,
                0.0077840522863,
                0.0102561488748,
                0.0174141861498,
                0.0271444544196,
                0.0153875844553,
                0.00692564249039
            ],
            "min": [
                1.1277996001e-22,
                4.33463239714e-22,
                4.14940896731e-21,
                8.62154358151e-21,
                1.49455833181e-20,
                2.35209808843e-20,
                3.99175811686e-20,
                9.96349387578e-20,
                1.69113302225e-19,
                2.78346405371e-19,
                4.84222224807e-19,
                4.15893719939e-19,
                8.90138259553e-19,
                9.03434877707e-19,
                1.10006325733e-18,
                1.08958980661e-18,
                1.76737705104e-18,
                2.15139192811e-18,
                3.20856762844e-18,
                4.11402909865e-18,
                5.47298220672e-18,
                6.25896591605e-18,
                4.19855992621e-18,
                7.05781931494e-18,
                8.30570646857e-18,
                1.00124406342e-17,
                9.77863555248e-18,
                1.07319942957e-17,
                8.64358079748e-18,
                1.21129210431e-17,
                1.25009158997e-17,
                1.22574824357e-17,
                1.02011776073e-17,
                8.2510976589e-18,
                6.94351039891e-18,
                4.88646731185e-18,
                2.60892186173e-18,
                9.56218616762e-19,
                2.53444856813e-19,
                2.81188287763e-20
            ],
            "var": [
                1.65705823898,
                13.307767868,
                32.6088752747,
                211.032592773,
                358.812652588,
                232.607574463,
                460.661590576,
                2182.17138672,
                8598.90039062,
                13789.8564453,
                3145.40576172,
                7139.43994141,
                6988.06982422,
                18009.8222656,
                36205.4023438,
                9579.79589844,
                3224.18896484,
                2342.48681641,
                948.293640137,
                178.910873413,
                173.187515259,
                240.801513672,
                833.861755371,
                676.389282227,
                531.705505371,
                968.51550293,
                784.626342773,
                1009.52056885,
                542.396362305,
                50.8535385132,
                22.5267086029,
                9.32450675964,
                1.69973814487,
                0.00798457302153,
                0.00118515070062,
                0.0341618806124,
                0.143586903811,
                0.0827805548906,
                0.0104899602011,
                0.00017486406432
            ]
        },
        "erbbands_crest": {
            "dmean": 3.29322504997,
            "dmean2": 5.10448551178,
            "dvar": 9.65650653839,
            "dvar2": 21.1289768219,
            "max": 33.8237190247,
            "mean": 10.740778923,
            "median": 9.36002731323,
            "min": 1.85394334793,
            "var": 33.0564002991
        },
        "erbbands_flatness_db": {
            "dmean": 0.0261974018067,
            "dmean2": 0.0368592180312,
            "dvar": 0.000517934793606,
            "dvar2": 0.000975297996774,
            "max": 0.358167052269,
            "mean": 0.15014770627,
            "median": 0.145096898079,
            "min": 0.0291940774769,
            "var": 0.00236793980002
        },
        "erbbands_kurtosis": {
            "dmean": 1.70972847939,
            "dmean2": 2.55484557152,
            "dvar": 8.02266216278,
            "dvar2": 16.5549602509,
            "max": 95.8955764771,
            "mean": 1.89592969418,
            "median": 0.555816888809,
            "min": -1.74548530579,
            "var": 19.8522911072
        },
        "erbbands_skewness": {
            "dmean": 0.452655345201,
            "dmean2": 0.665528833866,
            "dvar": 0.192907497287,
            "dvar2": 0.391405344009,
            "max": 8.81727695465,
            "mean": 0.586321651936,
            "median": 0.566858172417,
            "min": -3.98589920998,
            "var": 0.905741095543
        },
        "erbbands_spread": {
            "dmean": 9.51174736023,
            "dmean2": 13.8185815811,
            "dvar": 91.3866958618,
            "dvar2": 191.590072632,
            "max": 116.730934143,
            "mean": 32.3974494934,
            "median": 30.0525398254,
            "min": 1.24369883537,
            "var": 293.250762939
        },
        "gfcc": {
            "cov": [
                [
                    17866.65625,
                    -184.58052063,
                    -1030.57751465,
                    4.57274675369,
                    -7.77142763138,
                    -177.178253174,
                    618.994506836,
                    -204.579605103,
                    270.949249268,
                    79.9389953613,
                    73.4284591675,
                    184.937515259,
                    -239.580627441
                ],
                [
                    -184.58052063,
                    1065.65270996,
                    19.6934776306,
                    -255.704483032,
                    93.2570037842,
                    -12.3047952652,
                    -21.6475429535,
                    -33.3561935425,
                    -45.1104660034,
                    -5.62522315979,
                    35.2477302551,
                    -105.704772949,
                    61.9364433289
                ],
                [
                    -1030.57751465,
                    19.6934776306,
                    448.678100586,
                    125.85900116,
                    4.61657190323,
                    71.7500228882,
                    -118.133766174,
                    85.7302780151,
                    16.9416179657,
                    25.578742981,
                    -36.4966583252,
                    -8.53986740112,
                    46.3643722534
                ],
                [
                    4.57274675369,
                    -255.704483032,
                    125.85900116,
                    389.792816162,
                    124.212257385,
                    26.7477798462,
                    14.8178262711,
                    14.5252285004,
                    23.585735321,
                    -18.0471572876,
                    -50.6451416016,
                    45.2198829651,
                    -26.6619758606
                ],
                [
                    -7.77142763138,
                    93.2570037842,
                    4.61657190323,
                    124.212257385,
                    242.661193848,
                    96.2587814331,
                    61.3124542236,
                    5.42561101913,
                    13.9828891754,
                    -18.8361148834,
                    9.16316127777,
                    14.7611045837,
                    27.2190303802
                ],
                [
                    -177.178253174,
                    -12.3047952652,
                    71.7500228882,
                    26.7477798462,
                    96.2587814331,
                    259.158752441,
                    -2.15732622147,
                    71.8283081055,
                    -45.4857978821,
                    6.12248086929,
                    -0.27586877346,
                    31.804441452,
                    47.9911460876
                ],
                [
                    618.994506836,
                    -21.6475429535,
                    -118.133766174,
                    14.8178262711,
                    61.3124542236,
                    -2.15732622147,
                    246.761535645,
                    -4.69963741302,
                    74.1084899902,
                    -0.976066231728,
                    25.4188270569,
                    46.6511726379,
                    -8.6947183609
                ],
                [
                    -204.579605103,
                    -33.3561935425,
                    85.7302780151,
                    14.5252285004,
                    5.42561101913,
                    71.8283081055,
                    -4.69963741302,
                    188.294158936,
                    47.1876754761,
                    40.5612411499,
                    10.6915740967,
                    -13.2535543442,
                    44.9709739685
                ],
                [
                    270.949249268,
                    -45.1104660034,
                    16.9416179657,
                    23.585735321,
                    13.9828891754,
                    -45.4857978821,
                    74.1084899902,
                    47.1876754761,
                    189.216522217,
                    75.238861084,
                    12.7035512924,
                    13.552447319,
                    -19.4536781311
                ],
                [
                    79.9389953613,
                    -5.62522315979,
                    25.578742981,
                    -18.0471572876,
                    -18.8361148834,
                    6.12248086929,
                    -0.976066231728,
                    40.5612411499,
                    75.238861084,
                    120.898826599,
                    58.9197540283,
                    4.02823543549,
                    7.29637861252
                ],
                [
                    73.4284591675,
                    35.2477302551,
                    -36.4966583252,
                    -50.6451416016,
                    9.16316127777,
                    -0.27586877346,
                    25.4188270569,
                    10.6915740967,
                    12.7035512924,
                    58.9197540283,
                    111.488571167,
                    46.3463096619,
                    17.1960906982
                ],
                [
                    184.937515259,
                    -105.704772949,
                    -8.53986740112,
                    45.2198829651,
                    14.7611045837,
                    31.804441452,
                    46.6511726379,
                    -13.2535543442,
                    13.552447319,
                    4.02823543549,
                    46.3463096619,
                    117.772033691,
                    31.9204711914
                ],
                [
                    -239.580627441,
                    61.9364433289,
                    46.3643722534,
                    -26.6619758606,
                    27.2190303802,
                    47.9911460876,
                    -8.6947183609,
                    44.9709739685,
                    -19.4536781311,
                    7.29637861252,
                    17.1960906982,
                    31.9204711914,
                    103.755622864
                ]
            ],
            "icov": [
                [
                    7.16435461072e-05,
                    -3.93708069168e-05,
                    0.000163900622283,
                    -4.4885022362e-05,
                    4.13176130678e-05,
                    -5.70831662117e-06,
                    -8.61406151671e-05,
                    -2.09065910894e-05,
                    -1.22217079479e-05,
                    -0.000144290781463,
                    0.000147968821693,
                    -0.000179427719559,
                    0.000136335176649
                ],
                [
                    -3.93708069168e-05,
                    0.00169048423413,
                    -0.000749627768528,
                    0.00149157817941,
                    -0.00159639283083,
                    0.000568366493098,
                    -0.000144742676639,
                    0.000529900076799,
                    0.000334321259288,
                    8.61517328303e-05,
                    -0.000549018674064,
                    0.00150224089157,
                    -0.000782218936365
                ],
                [
                    0.000163900622283,
                    -0.000749627768528,
                    0.00434611737728,
                    -0.00267212372273,
                    0.00223275250755,
                    -0.00176748423837,
                    0.0016535957111,
                    -9.44180574152e-05,
                    -0.00219473964535,
                    0.00065744650783,
                    -0.000360555306543,
                    0.000872502918355,
                    -0.00205793045461
                ],
                [
                    -4.4885022362e-05,
                    0.00149157817941,
                    -0.00267212372273,
                    0.00869880709797,
                    -0.0080214003101,
                    0.00475596217439,
                    -0.000359732774086,
                    -0.0034546374809,
                    0.00539658823982,
                    -0.00611861189827,
                    0.00878459960222,
                    -0.00823309551924,
                    0.00632615480572
                ],
                [
                    4.13176130678e-05,
                    -0.00159639283083,
                    0.00223275250755,
                    -0.0080214003101,
                    0.0139023317024,
                    -0.00792549271137,
                    -0.000624069652986,
                    0.00513189425692,
                    -0.00827343016863,
                    0.00979822315276,
                    -0.0111789163202,
                    0.0100856889039,
                    -0.00775886746123
                ],
                [
                    -5.70831662117e-06,
                    0.000568366493098,
                    -0.00176748423837,
                    0.00475596217439,
                    -0.00792549271137,
                    0.0103973494843,
                    -0.000745551253203,
                    -0.00588283315301,
                    0.00851843133569,
                    -0.00861729122698,
                    0.00954565498978,
                    -0.0093939518556,
                    0.00492793135345
                ],
                [
                    -8.61406151671e-05,
                    -0.000144742676639,
                    0.0016535957111,
                    -0.000359732774086,
                    -0.000624069652986,
                    -0.000745551253203,
                    0.00670326594263,
                    7.24877145331e-06,
                    -0.00369041250087,
                    0.0027239928022,
                    -0.00152045185678,
                    -0.00113889062777,
                    -0.000157832997502
                ],
                [
                    -2.09065910894e-05,
                    0.000529900076799,
                    -9.44180574152e-05,
                    -0.0034546374809,
                    0.00513189425692,
                    -0.00588283315301,
                    7.24877145331e-06,
                    0.0116562107578,
                    -0.00737323099747,
                    0.00558602437377,
                    -0.00841798633337,
                    0.0103424042463,
                    -0.00844889506698
                ],
                [
                    -1.22217079479e-05,
                    0.000334321259288,
                    -0.00219473964535,
                    0.00539658823982,
                    -0.00827343016863,
                    0.00851843133569,
                    -0.00369041250087,
                    -0.00737323099747,
                    0.0182048380375,
                    -0.0163065399975,
                    0.0140380533412,
                    -0.0121019231156,
                    0.00921314489096
                ],
                [
                    -0.000144290781463,
                    8.61517328303e-05,
                    0.00065744650783,
                    -0.00611861189827,
                    0.00979822315276,
                    -0.00861729122698,
                    0.0027239928022,
                    0.00558602437377,
                    -0.0163065399975,
                    0.0288081597537,
                    -0.0229896642268,
                    0.0157682783902,
                    -0.00915233884007
                ],
                [
                    0.000147968821693,
                    -0.000549018674064,
                    -0.000360555306543,
                    0.00878459960222,
                    -0.0111789163202,
                    0.00954565498978,
                    -0.00152045185678,
                    -0.00841798633337,
                    0.0140380533412,
                    -0.0229896642268,
                    0.0332469455898,
                    -0.0224806535989,
                    0.0107812229544
                ],
                [
                    -0.000179427719559,
                    0.00150224089157,
                    0.000872502918355,
                    -0.00823309551924,
                    0.0100856889039,
                    -0.0093939518556,
                    -0.00113889062777,
                    0.0103424042463,
                    -0.0121019231156,
                    0.0157682783902,
                    -0.0224806535989,
                    0.0301693435758,
                    -0.0156292207539
                ],
                [
                    0.000136335176649,
                    -0.000782218936365,
                    -0.00205793045461,
                    0.00632615480572,
                    -0.00775886746123,
                    0.00492793135345,
                    -0.000157832997502,
                    -0.00844889506698,
                    0.00921314489096,
                    -0.00915233884007,
                    0.0107812229544,
                    -0.0156292207539,
                    0.0217624232173
                ]
            ],
            "mean": [
                -9.57742404938,
                89.8629989624,
                -89.2384796143,
                2.68003106117,
                -28.7345180511,
                -17.6224155426,
                2.86589002609,
                -21.9300727844,
                -7.41299676895,
                -11.5105190277,
                -10.0804758072,
                -2.31000041962,
                -18.327583313
            ]
        },
        "hfc": {
            "dmean": 28.1223659515,
            "dmean2": 43.6377868652,
            "dvar": 1681.22937012,
            "dvar2": 4108.25927734,
            "max": 636.77722168,
            "mean": 91.6987380981,
            "median": 78.8008880615,
            "min": 1.10667561094e-16,
            "var": 5637.35205078
        },
        "melbands": {
            "dmean": [
                0.00401576980948,
                0.00145657768007,
                0.00132208445575,
                0.000542510533705,
                0.000253943784628,
                0.00029008887941,
                0.000249967677519,
                0.000228469725698,
                0.000151306463522,
                0.000135265887366,
                0.000142782082548,
                0.000136168455356,
                0.000149382845848,
                7.68420213717e-05,
                4.61168638139e-05,
                4.72687715956e-05,
                3.28565329255e-05,
                2.09192930924e-05,
                1.0495569768e-05,
                7.32759690436e-06,
                6.09426615483e-06,
                5.10816835231e-06,
                7.02946499587e-06,
                8.89526563697e-06,
                6.73472413837e-06,
                5.67439019505e-06,
                5.02464308738e-06,
                3.96478117182e-06,
