{
    "lowlevel": {
        "average_loudness": 0.653089761734,
        "barkbands": {
            "dmean": [
                0.000916240911465,
                0.00756784109399,
                0.00360882794484,
                0.00178952363785,
                0.00179472216405,
                0.00121269805823,
                0.000585508940276,
                0.000597524282057,
                0.000921188446227,
                0.000416504888562,
                0.000459531001979,
                0.000424227240728,
                0.000428381172242,
                0.000499796529766,
                0.000374255061615,
                0.000232311984291,
                0.000209134377656,
                0.000234834500588,
                0.000159075381816,
                0.000157300106366,
                0.000153463435709,
                0.000201743794605,
                0.000366686697816,
                0.0002684580395,
                0.000265863811364,
                8.332386642e-05,
                5.10529889652e-06
            ],
            "dmean2": [
                0.00127068522852,
                0.00973345246166,
                0.00633479515091,
                0.00323335779831,
                0.0030950368382,
                0.00186383794062,
                0.000929396192078,
                0.000926643610001,
                0.00137035816442,
                0.000630783732049,
                0.00068146904232,
                0.000638646946754,
                0.000655800744426,
                0.000745794619434,
                0.000588129623793,
                0.000356525852112,
                0.000315747427521,
                0.000350938731572,
                0.000234033432207,
                0.000233097714954,
                0.000233227634453,
                0.000347191322362,
                0.000636014272459,
                0.000415665679611,
                0.00039205889334,
                0.000121786542877,
                8.05291165307e-06
            ],
            "dvar": [
                5.15210240337e-06,
                0.000425479956903,
                0.00024379460956,
                6.08545560681e-05,
                3.17339763569e-05,
                8.11252630228e-06,
                2.11519682125e-06,
                3.77424566977e-06,
                4.8672363846e-06,
                1.55315012762e-06,
                1.93265964299e-06,
                1.0867651099e-06,
                1.18318996556e-06,
                2.15422255678e-06,
                9.2412540198e-07,
                3.44193466617e-07,
                2.91929580953e-07,
                2.35449334696e-07,
                9.94649056452e-08,
                1.03461722745e-07,
                7.76956241566e-08,
                1.08169167845e-07,
                3.50944731053e-07,
                2.24022429052e-07,
                2.79109457324e-07,
                4.36858762498e-08,
                4.64714405846e-10
            ],
            "dvar2": [
                9.83033714874e-06,
                0.000829500786494,
                0.000666933774482,
                0.000179636728717,
                9.13538824534e-05,
                1.7743304852e-05,
                4.64252207166e-06,
                8.24679136713e-06,
                9.58148120844e-06,
                3.19316177411e-06,
                3.93236587115e-06,
                2.33959258367e-06,
                2.69401493824e-06,
                4.40654366685e-06,
                2.21257710109e-06,
                7.66674929764e-07,
                6.4708916625e-07,
                4.92399635732e-07,
                1.99694881076e-07,
                2.27220212423e-07,
                1.67454643929e-07,
                2.59003854808e-07,
                9.0199813485e-07,
                4.79608047499e-07,
                5.73610407173e-07,
                9.04167904991e-08,
                1.05411745999e-09
            ],
            "max": [
                0.052405346185,
                0.277545630932,
                0.166055381298,
                0.10027974844,
                0.0829728990793,
                0.0565923899412,
                0.0311581753194,
                0.0517059154809,
                0.0397847928107,
                0.0456644408405,
                0.0383185595274,
                0.0148914474994,
                0.031891323626,
                0.0478662326932,
                0.0167692489922,
                0.0111282654107,
                0.0100782196969,
                0.0123693766072,
                0.00981100741774,
                0.00743634486571,
                0.00446434970945,
                0.00531310355291,
                0.00601255893707,
                0.00808227341622,
                0.00769605766982,
                0.00348715414293,
                0.000828357762657
            ],
            "mean": [
                0.0036009317264,
                0.0250220894814,
                0.00314170867205,
                0.00184482079931,
                0.0023777182214,
                0.00210638204589,
                0.0008669293602,
                0.000786528689787,
                0.00146096211392,
                0.000663657905534,
                0.000592899508774,
                0.000589555071201,
                0.000554351136088,
                0.000650845642667,
                0.000467495730845,
                0.000277141836705,
                0.000255278631812,
                0.000336557073751,
                0.000259330117842,
                0.000252553232713,
                0.000260353524936,
                0.00021152276895,
                0.000400356075261,
                0.00043890796951,
                0.000474321976071,
                0.000126773564261,
                5.32146350452e-06
            ],
            "median": [
                2.03354393307e-05,
                0.000381206191378,
                0.000184063828783,
                0.000182916846825,
                0.000796783016995,
                0.000561187916901,
                0.000180980205187,
                0.000128416097141,
                0.00031761493301,
                0.000136486167321,
                7.79208639869e-05,
                0.0001168772651,
                9.8700329545e-05,
                7.73377541918e-05,
                7.01112876413e-05,
                5.49961223442e-05,
                4.26959522883e-05,
                8.05713643786e-05,
                8.7620850536e-05,
                8.66846676217e-05,
                9.19786689337e-05,
                6.17751211394e-05,
                0.000144769321196,
                0.00020494479395,
                0.000188164456631,
                3.37903984473e-05,
                2.6726007718e-07
            ],
            "min": [
                1.04629244822e-24,
                7.99725570924e-24,
                5.42061392845e-24,
                1.16049939134e-24,
                7.78138313367e-24,
                1.87827134667e-23,
                5.70349944906e-24,
                1.28145586781e-23,
                2.81875715545e-23,
                1.6046685101e-23,
                5.07922040887e-23,
                3.90004154071e-23,
                6.42551314892e-23,
                3.4312211892e-23,
                7.97527141799e-23,
                7.90408082337e-23,
                1.01168703724e-22,
                1.41346393058e-22,
                8.4841346646e-23,
                2.86217921511e-22,
                2.77561201751e-22,
                3.51339462088e-22,
                4.9381854581e-22,
                7.20396765351e-22,
                1.06714548611e-21,
                1.39188344776e-21,
                2.00417986434e-21
            ],
            "var": [
                5.19896057085e-05,
                0.00176036416087,
                0.000160723444424,
                3.67071515939e-05,
                2.65123853751e-05,
                2.06187232834e-05,
                4.83727308165e-06,
                5.96192148805e-06,
                1.1033372175e-05,
                3.91642925024e-06,
                3.19479477184e-06,
                1.73760429334e-06,
                1.97425379156e-06,
                5.54679763809e-06,
                1.45737647017e-06,
                4.58091363953e-07,
                4.01619587365e-07,
                4.2240171183e-07,
                2.41438442572e-07,
                2.24310412023e-07,
                1.82200551535e-07,
                1.29740897137e-07,
                3.77496206738e-07,
                4.72198479429e-07,
                7.1071099228e-07,
                8.04793316433e-08,
                6.14312545277e-10
            ]
        },
        "barkbands_crest": {
            "dmean": 2.45527482033,
            "dmean2": 3.61538410187,
            "dvar": 5.96424865723,
            "dvar2": 12.8987541199,
            "max": 26.0464191437,
            "mean": 12.3476409912,
            "median": 11.2476406097,
            "min": 2.41530513763,
            "var": 31.8976325989
        },
        "barkbands_flatness_db": {
            "dmean": 0.0278809648007,
            "dmean2": 0.0398246981204,
            "dvar": 0.000941997102927,
            "dvar2": 0.00172333884984,
            "max": 0.626351952553,
            "mean": 0.170378431678,
            "median": 0.152121722698,
            "min": 0.0271420348436,
            "var": 0.00755281187594
        },
        "barkbands_kurtosis": {
            "dmean": 6.28561306,
            "dmean2": 9.90596294403,
            "dvar": 183.437774658,
            "dvar2": 410.586914063,
            "max": 516.255126953,
            "mean": 10.5947933197,
            "median": 2.52713274956,
            "min": -1.92111194134,
            "var": 577.586975098
        },
        "barkbands_skewness": {
            "dmean": 0.769717514515,
            "dmean2": 1.1454012394,
            "dvar": 0.841888666153,
            "dvar2": 1.73703849316,
            "max": 18.1210727692,
            "mean": 2.01214623451,
            "median": 1.54220461845,
            "min": -7.0960316658,
            "var": 4.58378553391
        },
        "barkbands_spread": {
            "dmean": 8.93880558014,
            "dmean2": 14.1702070236,
            "dvar": 136.524414063,
            "dvar2": 307.50112915,
            "max": 122.776832581,
            "mean": 25.6034011841,
            "median": 21.7410774231,
            "min": 0.201510906219,
            "var": 355.448699951
        },
        "dissonance": {
            "dmean": 0.024692857638,
            "dmean2": 0.0404343381524,
            "dvar": 0.000679199176375,
            "dvar2": 0.00175311602652,
            "max": 0.500000059605,
            "mean": 0.452684372663,
            "median": 0.463871151209,
            "min": 0.160692855716,
            "var": 0.001686369651
        },
        "dynamic_complexity": 5.53568267822,
        "erbbands": {
            "dmean": [
                0.318099081516,
                1.6251796484,
                3.76037955284,
                5.39819812775,
                5.55818986893,
                6.62472057343,
                7.66874742508,
                10.7732076645,
                8.32122802734,
                9.86403656006,
                15.0393953323,
                21.0456409454,
                15.6281080246,
                14.3898630142,
                17.6633110046,
                16.2758159637,
                16.5940608978,
                23.1946430206,
                20.6501636505,
                15.8018074036,
                13.0031957626,
                11.1217689514,
                11.6453132629,
                10.18064785,
                6.72222995758,
                7.78224277496,
                6.80045795441,
                5.55378007889,
                7.22354841232,
                11.1085443497,
                9.27845096588,
                5.84417295456,
                4.5615401268,
                3.57858848572,
                1.71171534061,
                0.542403578758,
                0.12280330807,
                0.0182981528342,
                0.000554869242478,
                2.69502361334e-05
            ],
            "dmean2": [
                0.332822859287,
                2.19519329071,
                6.2140712738,
                9.63498497009,
                10.0702047348,
                11.1020593643,
                12.5175132751,
                16.3165187836,
                13.2644844055,
                15.4323339462,
                22.5158634186,
                31.0584030151,
                23.7428131104,
                21.2659626007,
                25.3957710266,
                24.0321083069,
                24.8734531403,
                34.1322174072,
                30.6020774841,
                23.9954166412,
                19.5525817871,
                16.7254905701,
                17.2408638,
                14.6681985855,
                9.63328266144,
                11.573141098,
                10.2103939056,
                8.42596435547,
                12.3056726456,
                19.7051029205,
                15.8251266479,
                9.33116054535,
                6.89151477814,
                5.32375001907,
                2.54472517967,
                0.797509849072,
                0.180853575468,
                0.0270079467446,
                0.000841820787173,
                3.84445738746e-05
            ],
            "dvar": [
                0.51203328371,
                26.6037940979,
                245.425338745,
                544.181274414,
                465.109649658,
                371.763763428,
                358.191345215,
                752.513793945,
                428.625793457,
                762.62121582,
                2180.19750977,
                2978.53564453,
                1793.01660156,
                1795.23242188,
                2330.95483398,
                1800.67565918,
                1632.63757324,
                3959.37963867,
                2955.13208008,
                1502.44384766,
                1144.9901123,
                851.386474609,
                612.401916504,
                367.13369751,
                214.871612549,
                295.457244873,
                154.426528931,
                108.019721985,
                140.965179443,
                339.725982666,
                247.538833618,
                118.734397888,
                66.2224960327,
                47.1770172119,
                15.5633163452,
                1.86568069458,
                0.102467507124,
                0.00332593754865,
                4.15945669374e-06,
                2.49849252398e-09
            ],
            "dvar2": [
                0.670753002167,
                56.3303794861,
                635.426879883,
                1564.61010742,
                1386.07409668,
                1025.71252441,
                935.760070801,
                1528.32824707,
                1014.72937012,
                1657.32263184,
                4549.10595703,
                5762.10498047,
                3809.56201172,
                3928.82202148,
                4774.16796875,
                3915.48339844,
                3422.61035156,
                7761.19580078,
                6477.54638672,
                3447.8359375,
                2494.71264648,
                1940.62756348,
                1266.02648926,
                733.785888672,
                416.124206543,
                652.481567383,
                335.252532959,
                234.980758667,
                336.799530029,
                875.604797363,
                638.015625,
                284.907745361,
                133.847427368,
                100.492729187,
                33.2574577332,
                3.89803481102,
                0.222450435162,
                0.00702826585621,
                9.22818981053e-06,
                5.15180609284e-09
            ],
            "max": [
                12.1452617645,
                71.8870239258,
                169.567428589,
                291.743591309,
                312.921691895,
                293.305725098,
                381.321105957,
                613.149658203,
                455.988342285,
                758.166137695,
                1393.65100098,
                1079.43151855,
                1721.80517578,
                1087.07312012,
                1346.25744629,
                698.991943359,
                613.58380127,
                2730.94067383,
                1318.71716309,
                717.698913574,
                754.945617676,
                448.590942383,
                492.360992432,
                459.89163208,
                683.113830566,
                513.706726074,
                197.791702271,
                165.837036133,
                213.182952881,
                209.216201782,
                199.077697754,
                159.407669067,
                147.781951904,
                112.799949646,
                68.088432312,
                26.1336479187,
                6.65850877762,
                1.60203254223,
                0.0702873766422,
                0.00108875590377
            ],
            "mean": [
                1.20080327988,
                3.69208502769,
                3.907351017,
                5.53610515594,
                5.85236358643,
                8.86285400391,
                11.8517780304,
                18.8428592682,
                12.924870491,
                14.6931848526,
                21.6970901489,
                33.2726402283,
                24.1145648956,
                23.7373580933,
                25.8680267334,
                22.626329422,
                23.951007843,
                33.6588249207,
                27.3114051819,
                19.997385025,
                16.5140380859,
                13.8460912704,
                16.9560260773,
                16.6154212952,
                11.8386697769,
                12.6993331909,
                11.4725675583,
                8.88798522949,
                7.85209321976,
                9.88862705231,
                11.0964870453,
                8.75311088562,
                7.61168432236,
                6.13865661621,
                2.85036230087,
                0.839036166668,
                0.181534782052,
                0.0246068164706,
                0.000734956120141,
                8.40901702759e-05
            ],
            "median": [
                0.0134984739125,
                0.0778926759958,
                0.231187283993,
                0.479958534241,
                1.46369409561,
                2.40933036804,
                3.76474523544,
                4.60184955597,
                3.71457624435,
                3.20486879349,
                4.84528064728,
                7.87585258484,
                6.2372751236,
                5.91477203369,
                6.2681221962,
                5.14530754089,
                4.956990242,
                4.88009166718,
                3.83824634552,
                3.64472150803,
                3.58599185944,
                2.64776754379,
                4.07067728043,
                5.92879533768,
                4.25265407562,
                4.16795682907,
                3.84902763367,
                3.24830341339,
                2.46353530884,
                2.4843621254,
                4.46667289734,
                3.90036821365,
                3.45447826385,
                2.58872795105,
                0.869366168976,
                0.225540608168,
                0.0479620955884,
                0.00476752500981,
                0.00016703127767,
                5.25267387275e-05
            ],
            "min": [
                4.01159221562e-22,
                8.18205672615e-22,
                5.51188004545e-21,
                6.13492193401e-21,
                1.25454662642e-20,
                2.16134878515e-20,
                5.82085316843e-20,
                1.12164140099e-19,
                1.45740797029e-19,
                2.0508715442e-19,
                4.76278705987e-19,
                5.20872581496e-19,
                6.95863829154e-19,
                8.73634868959e-19,
                2.05876217516e-18,
                1.85623692835e-18,
                2.91065191338e-18,
                2.8085561123e-18,
                4.30078414708e-18,
                4.12089966081e-18,
                5.70240116321e-18,
                6.22408164167e-18,
                7.84995890238e-18,
                7.26542924098e-18,
                8.63119707653e-18,
                1.28091713724e-17,
                8.58734905944e-18,
                1.08023493155e-17,
                1.33860512675e-17,
                1.38560362664e-17,
                1.34679950877e-17,
                1.35300394239e-17,
                1.14942511563e-17,
                1.03681630391e-17,
                7.64172362779e-18,
                3.78296618849e-18,
                2.63099062688e-18,
                1.05432440876e-18,
                2.72703120738e-19,
                2.51821857366e-20
            ],
            "var": [
                3.81057024002,
                58.8076400757,
                195.14465332,
                340.426849365,
                287.835906982,
                400.496917725,
                541.876953125,
                2193.76171875,
                911.779052734,
                1588.79272461,
                3845.87329102,
                6748.07763672,
                4316.18066406,
                3644.2824707,
                4241.55615234,
                2564.01928711,
                3155.93457031,
                15046.2519531,
                5000.18310547,
                2333.42651367,
                1602.66333008,
                1087.08398438,
                1091.34729004,
                791.701599121,
                641.006713867,
                644.244262695,
                372.374328613,
                219.332839966,
                175.790863037,
                306.743530273,
                284.840484619,
                199.693222046,
                148.51210022,
                110.213195801,
                34.7907485962,
                3.54949975014,
                0.17429946363,
                0.00537987565622,
                5.83850624025e-06,
                8.35804225829e-09
            ]
        },
        "erbbands_crest": {
            "dmean": 2.87107110023,
            "dmean2": 4.56210947037,
            "dvar": 7.30589199066,
            "dvar2": 17.0082111359,
            "max": 30.4753017426,
            "mean": 9.38985538483,
            "median": 8.39897346497,
            "min": 2.44252038002,
            "var": 19.896150589
        },
        "erbbands_flatness_db": {
            "dmean": 0.020431285724,
            "dmean2": 0.0298978872597,
            "dvar": 0.000452896929346,
            "dvar2": 0.000889815681148,
            "max": 0.457566618919,
            "mean": 0.154320284724,
            "median": 0.14214220643,
            "min": 0.0298063158989,
            "var": 0.00382046867162
        },
        "erbbands_kurtosis": {
            "dmean": 1.52538406849,
            "dmean2": 2.40542554855,
            "dvar": 8.1297826767,
            "dvar2": 18.5980758667,
            "max": 76.0389862061,
            "mean": 1.02832651138,
            "median": -0.101836338639,
            "min": -1.87021899223,
            "var": 16.3831958771
        },
        "erbbands_skewness": {
            "dmean": 0.523794949055,
            "dmean2": 0.791957497597,
            "dvar": 0.312441319227,
            "dvar2": 0.697009563446,
            "max": 6.95936536789,
            "mean": 0.378113806248,
            "median": 0.379019230604,
            "min": -5.48202180862,
            "var": 1.0017799139
        },
        "erbbands_spread": {
            "dmean": 14.8199205399,
            "dmean2": 23.2492160797,
            "dvar": 300.734436035,
            "dvar2": 680.4140625,
            "max": 196.354217529,
            "mean": 49.9296035767,
            "median": 44.6075973511,
            "min": 1.1917052269,
            "var": 869.881896973
        },
        "gfcc": {
            "cov": [
                [
                    30827.5898438,
                    -4442.96972656,
                    -2539.18188477,
                    2160.88330078,
                    -1171.84155273,
                    719.483215332,
                    -799.899841309,
                    1173.86633301,
                    -325.696868896,
                    403.504699707,
                    -406.774780273,
                    72.959312439,
                    2.83538484573
                ],
                [
                    -4442.96972656,
                    3010.89599609,
                    921.048156738,
                    -127.659980774,
                    752.077087402,
                    121.717689514,
                    556.151245117,
                    -222.039352417,
                    311.680419922,
                    -31.3325920105,
                    313.400665283,
                    -55.4019317627,
                    144.151672363
                ],
                [
                    -2539.18188477,
                    921.048156738,
                    2085.45117188,
                    189.558624268,
                    345.65713501,
                    385.139038086,
                    252.003143311,
                    -20.6016407013,
                    169.225692749,
                    70.2531051636,
                    95.8326187134,
                    115.339805603,
                    -13.1446151733
                ],
                [
                    2160.88330078,
                    -127.659980774,
                    189.558624268,
                    920.109985352,
                    226.261367798,
                    93.6567306519,
                    68.1734924316,
                    178.120666504,
                    159.773071289,
                    44.4976921082,
                    32.7392234802,
                    43.4707107544,
                    69.879486084
                ],
                [
                    -1171.84155273,
                    752.077087402,
                    345.65713501,
                    226.261367798,
                    681.363891602,
                    132.317504883,
                    220.376312256,
                    16.6596336365,
                    138.007125854,
                    39.788394928,
                    91.7731018066,
                    12.9837303162,
                    60.4995880127
                ],
                [
                    719.483215332,
                    121.717689514,
                    385.139038086,
                    93.6567306519,
                    132.317504883,
                    471.659576416,
                    214.442962646,
                    0.748540818691,
                    33.2772789001,
                    78.0761795044,
                    56.0901451111,
                    48.3401756287,
                    7.60640668869
                ],
                [
                    -799.899841309,
                    556.151245117,
                    252.003143311,
                    68.1734924316,
                    220.376312256,
                    214.442962646,
                    412.1277771,
                    7.22823953629,
                    82.8613052368,
                    21.2536869049,
                    92.5267333984,
                    14.9896469116,
                    40.8593482971
                ],
                [
                    1173.86633301,
                    -222.039352417,
                    -20.6016407013,
                    178.120666504,
                    16.6596336365,
                    0.748540818691,
                    7.22823953629,
                    291.454772949,
                    57.0130157471,
                    34.5932388306,
                    -15.8167190552,
                    0.39792945981,
                    46.243938446
                ],
                [
                    -325.696868896,
                    311.680419922,
                    169.225692749,
                    159.773071289,
                    138.007125854,
                    33.2772789001,
                    82.8613052368,
                    57.0130157471,
                    262.604187012,
                    60.1917228699,
                    45.5756797791,
                    8.47305202484,
                    41.4707260132
                ],
                [
                    403.504699707,
                    -31.3325920105,
                    70.2531051636,
                    44.4976921082,
                    39.788394928,
                    78.0761795044,
                    21.2536869049,
                    34.5932388306,
                    60.1917228699,
                    192.267364502,
                    68.9700012207,
                    11.4742059708,
                    33.0939788818
                ],
                [
                    -406.774780273,
                    313.400665283,
                    95.8326187134,
                    32.7392234802,
                    91.7731018066,
                    56.0901451111,
                    92.5267333984,
                    -15.8167190552,
                    45.5756797791,
                    68.9700012207,
                    205.304779053,
                    39.3208808899,
                    28.9538345337
                ],
                [
                    72.959312439,
                    -55.4019317627,
                    115.339805603,
                    43.4707107544,
                    12.9837303162,
                    48.3401756287,
                    14.9896469116,
                    0.39792945981,
                    8.47305202484,
                    11.4742059708,
                    39.3208808899,
                    165.946716309,
                    24.2927818298
                ],
                [
                    2.83538484573,
                    144.151672363,
                    -13.1446151733,
                    69.879486084,
                    60.4995880127,
                    7.60640668869,
                    40.8593482971,
                    46.243938446,
                    41.4707260132,
                    33.0939788818,
                    28.9538345337,
                    24.2927818298,
                    156.772140503
                ]
            ],
            "icov": [
                [
                    9.59763201536e-05,
                    -6.78547366988e-05,
                    0.000165302859386,
                    -0.000273703277344,
                    0.000185852652066,
                    -0.000360044999979,
                    0.000237035390455,
                    -0.000301551801385,
                    0.000198100256966,
                    -0.00021688133711,
                    0.000172086845851,
                    -9.5638075436e-05,
                    0.00014585275494
                ],
                [
                    -6.78547366988e-05,
                    0.0011074594222,
                    -0.000456786860013,
                    0.000614490010776,
                    -0.000803980510682,
                    0.000670384964906,
                    -0.000907001493033,
                    0.000926816894207,
                    -0.000954721414018,
                    0.00102537719067,
                    -0.00122426263988,
                    0.000913018593565,
                    -0.000967816449702
                ],
                [
                    0.000165302859386,
                    -0.000456786860013,
                    0.00102733063977,
                    -0.000616121513303,
                    0.000345396780176,
                    -0.00115578051191,
                    0.00061287189601,
                    -0.000670959416311,
                    0.000307144247927,
                    -0.000623822037596,
                    0.00065383099718,
                    -0.000764583353885,
                    0.000786921998952
                ],
                [
                    -0.000273703277344,
                    0.000614490010776,
                    -0.000616121513303,
                    0.00239314604551,
                    -0.00115417665802,
                    0.000947753724176,
                    -0.000734371424187,
                    0.000391222536564,
                    -0.00145521061495,
                    0.00114945077803,
                    -0.000956721662078,
                    0.00036566122435,
                    -0.000940697384067
                ],
                [
                    0.000185852652066,
                    -0.000803980510682,
                    0.000345396780176,
                    -0.00115417665802,
                    0.0028734288644,
                    -0.000937036122195,
                    0.000171884341398,
                    -0.000805124407634,
                    0.000427204358857,
                    -0.000893089745659,
                    0.000679106859025,
                    -0.000436689384514,
                    0.000426363199949
                ],
                [
                    -0.000360044999979,
                    0.000670384964906,
                    -0.00115578051191,
                    0.000947753724176,
                    -0.000937036122195,
                    0.00498042395338,
                    -0.00289447070099,
                    0.00156115309801,
                    -0.000392575049773,
                    -0.000301379826851,
                    -0.000628324749414,
                    7.20032403478e-05,
                    -0.000443064054707
                ],
                [
                    0.000237035390455,
                    -0.000907001493033,
                    0.00061287189601,
                    -0.000734371424187,
                    0.000171884341398,
                    -0.00289447070099,
                    0.00523939216509,
                    -0.00141033506952,
                    0.000330203591147,
                    2.55433678831e-05,
                    -0.000137010400067,
                    -0.000312927440973,
                    0.000314059550874
                ],
                [
                    -0.000301551801385,
                    0.000926816894207,
                    -0.000670959416311,
                    0.000391222536564,
                    -0.000805124407634,
                    0.00156115309801,
                    -0.00141033506952,
                    0.00566247850657,
                    -0.00161203637253,
                    0.000562582572456,
                    -0.000505719159264,
                    0.000968427630141,
                    -0.00189414527267
                ],
                [
                    0.000198100256966,
                    -0.000954721414018,
                    0.000307144247927,
                    -0.00145521061495,
                    0.000427204358857,
                    -0.000392575049773,
                    0.000330203591147,
                    -0.00161203637253,
                    0.00624890858307,
                    -0.00241286098026,
                    0.00105435948353,
                    -0.000666769279633,
                    0.000557238003239
                ],
                [
                    -0.00021688133711,
                    0.00102537719067,
                    -0.000623822037596,
                    0.00114945077803,
                    -0.000893089745659,
                    -0.000301379826851,
                    2.55433678831e-05,
                    0.000562582572456,
                    -0.00241286098026,
                    0.00829816702753,
                    -0.00361836352386,
                    0.00142114958726,
                    -0.00198229122907
                ],
                [
                    0.000172086845851,
                    -0.00122426263988,
                    0.00065383099718,
                    -0.000956721662078,
                    0.000679106859025,
                    -0.000628324749414,
                    -0.000137010400067,
                    -0.000505719159264,
                    0.00105435948353,
                    -0.00361836352386,
                    0.00813297275454,
                    -0.00240916525945,
                    0.00091333151795
                ],
                [
                    -9.5638075436e-05,
                    0.000913018593565,
                    -0.000764583353885,
                    0.00036566122435,
                    -0.000436689384514,
                    7.20032403478e-05,
                    -0.000312927440973,
                    0.000968427630141,
                    -0.000666769279633,
                    0.00142114958726,
                    -0.00240916525945,
                    0.00764221325517,
                    -0.00196684524417
                ],
                [
                    0.00014585275494,
                    -0.000967816449702,
                    0.000786921998952,
                    -0.000940697384067,
                    0.000426363199949,
                    -0.000443064054707,
                    0.000314059550874,
                    -0.00189414527267,
                    0.000557238003239,
                    -0.00198229122907,
                    0.00091333151795,
                    -0.00196684524417,
                    0.00849221274257
                ]
            ],
            "mean": [
                -40.2761039734,
                63.4440498352,
                -92.3489227295,
                23.6349544525,
                -69.2675170898,
                25.7160739899,
                -41.2358436584,
                14.1186170578,
                -27.8547916412,
                6.01612615585,
                -10.6225852966,
                1.89413630962,
                -7.15461969376
            ]
        },
        "hfc": {
            "dmean": 11.4048776627,
            "dmean2": 17.1527366638,
            "dvar": 256.158996582,
            "dvar2": 505.489837646,
            "max": 178.390319824,
            "mean": 29.6581478119,
            "median": 24.5842323303,
            "min": 1.06002328613e-16,
            "var": 765.476989746
        },
        "melbands": {
            "dmean": [
                0.00234517897479,
                0.00180074782111,
                0.000910682196263,
                0.000420076365117,
                0.000266683578957,
                0.000235461760894,
                0.000128886924358,
                0.000110534645501,
                0.000132293935167,
                0.00013156751811,
                7.92175196693e-05,
                5.92212054471e-05,
                6.42693485133e-05,
                5.0776394346e-05,
                3.60333287972e-05,
                4.35565962107e-05,
                4.52394633612e-05,
                3.67923676095e-05,
                2.73903278867e-05,
                1.68422830029e-05,
                1.60860345204e-05,
                1.15226621347e-05,
                1.18315856525e-05,
                1.20142649394e-05,
                8.56180849951e-06,
                5.70012571188e-06,
                4.74819808005e-06,
