{
    "lowlevel": {
        "average_loudness": 0.915127158165,
        "barkbands": {
            "dmean": [
                0.000111134293547,
                0.00353289698251,
                0.00196099327877,
                0.00126925762743,
                0.00168614869472,
                0.00152267422527,
                0.000797044136561,
                0.000979093485512,
                0.000536862236913,
                0.000472890067613,
                0.000268635485554,
                0.000680252967868,
                0.000436182541307,
                0.00043931696564,
                0.000527396099642,
                0.00035218775156,
                0.000393867579987,
                0.000146111546201,
                0.000149791507283,
                0.000146600228618,
                0.00011372690642,
                0.000104611179268,
                0.000134216374136,
                0.000120069445984,
                7.39738097764e-05,
                3.6475899833e-05,
                1.07036321424e-05
            ],
            "dmean2": [
                0.000183846306754,
                0.00596868759021,
                0.00342507776804,
                0.00220341794193,
                0.00284827547148,
                0.00242222798988,
                0.00125129835214,
                0.00147312134504,
                0.000802110822406,
                0.000694293063134,
                0.000412551686168,
                0.00104210234713,
                0.000695923808962,
                0.000713179353625,
                0.000834689242765,
                0.000540105975233,
                0.000624149455689,
                0.000233960236073,
                0.000241130488575,
                0.000230992140132,
                0.000184665026609,
                0.000165291843587,
                0.00020338583272,
                0.000178012051038,
                0.000111613968329,
                5.37280066055e-05,
                1.59540304594e-05
            ],
            "dvar": [
                4.38809024672e-08,
                4.65985613118e-05,
                8.07590458862e-06,
                1.14552012747e-05,
                1.30831076603e-05,
                8.73098360898e-06,
                3.54275994141e-06,
                4.19019670517e-06,
                1.01283103504e-06,
                7.89560829162e-07,
                3.52573778173e-07,
                1.46391141698e-06,
                9.13471296826e-07,
                9.12958455501e-07,
                1.01655814433e-06,
                6.047148986e-07,
                5.91061791511e-07,
                7.42988106595e-08,
                7.07193592575e-08,
                8.27826767136e-08,
                5.41029763212e-08,
                9.91796369476e-08,
                2.44327964083e-07,
                2.72729010931e-07,
                7.45179846717e-08,
                1.66862417217e-08,
                1.72281044986e-09
            ],
            "dvar2": [
                1.21147735399e-07,
                0.000113963986223,
                2.44923667196e-05,
                3.19549362757e-05,
                3.52123861376e-05,
                2.29882971325e-05,
                8.66348909767e-06,
                8.98145390238e-06,
                2.18556101572e-06,
                1.56801161211e-06,
                7.55869280056e-07,
                3.24879511027e-06,
                2.29944134844e-06,
                2.33134323935e-06,
                2.44683633355e-06,
                1.32596039748e-06,
                1.3454840655e-06,
                1.76856104872e-07,
                1.71543774741e-07,
                1.92906341567e-07,
                1.35816463853e-07,
                2.22875485179e-07,
                4.88527859943e-07,
                5.21108859175e-07,
                1.50446979319e-07,
                3.61537964011e-08,
                4.16966861039e-09
            ],
            "max": [
                0.00278088450432,
                0.0685014426708,
                0.0382176972926,
                0.0480661466718,
                0.0525536127388,
                0.0776924192905,
                0.0412606559694,
                0.0346605293453,
                0.02591416426,
                0.0240350365639,
                0.018447149545,
                0.0254235938191,
                0.0219143480062,
                0.0196942612529,
                0.016937430948,
                0.0207322947681,
                0.019959801808,
                0.00541690737009,
                0.00430438993499,
                0.00641786493361,
                0.00397218577564,
                0.0115419514477,
                0.0135653717443,
                0.0145231569186,
                0.00647871941328,
                0.00560979684815,
                0.00179032690357
            ],
            "mean": [
                0.000157537913765,
                0.00494871521369,
                0.00278601958416,
                0.0015171088744,
                0.0027504353784,
                0.00320758624002,
                0.0015638199402,
                0.00197317358106,
                0.00122120114975,
                0.00101744045969,
                0.000494296720717,
                0.00134794716723,
                0.000782970280852,
                0.000737198628485,
                0.000983874313533,
                0.000665710889734,
                0.00079488864867,
                0.000299423059914,
                0.000323357060552,
                0.000295777310384,
                0.00023119096295,
                0.000180532922968,
                0.000218057641177,
                0.000197080677026,
                0.000120813841932,
                5.7559722336e-05,
                1.53368728206e-05
            ],
            "median": [
                7.5524818385e-05,
                0.00264061056077,
                0.00183658988681,
                0.000666754378472,
                0.00154193071648,
                0.00192966940813,
                0.000762871175539,
                0.000730021274649,
                0.000624669424724,
                0.000488033867441,
                0.000212065249798,
                0.000713787565473,
                0.000275254744338,
                0.000290178053547,
                0.00039870548062,
                0.000255837425357,
                0.000359106692486,
                0.000158098817337,
                0.000162289928994,
                0.00011721241026,
                9.9482756923e-05,
                6.13777810941e-05,
                5.69210387766e-05,
                3.28115638695e-05,
                2.57690335275e-05,
                1.65332567121e-05,
                3.13080522574e-06
            ],
            "min": [
                3.32319144111e-25,
                2.59714368408e-24,
                2.76375791119e-25,
                6.43447314941e-25,
                5.86222772952e-24,
                7.38866529808e-24,
                6.57570705879e-24,
                3.86125601102e-24,
                1.47949521711e-23,
                1.48575372398e-23,
                1.49582984433e-23,
                2.43290382969e-23,
                2.51369880583e-23,
                3.44044391981e-23,
                4.31670020037e-23,
                4.29872363806e-23,
                6.50250471109e-23,
                9.52988465262e-23,
                1.1523043966e-22,
                1.61301822413e-22,
                2.47269094452e-22,
                3.16638467988e-22,
                4.27236968848e-22,
                5.57602228779e-22,
                8.01061667795e-22,
                1.1749800708e-21,
                1.94764683546e-21
            ],
            "var": [
                5.70245788367e-08,
                5.50566874153e-05,
                9.67575761024e-06,
                9.44627299759e-06,
                1.56689329742e-05,
                1.80066763278e-05,
                7.14536599844e-06,
                1.22906358229e-05,
                4.0160412027e-06,
                2.66285564976e-06,
                7.71186250859e-07,
                4.27987197327e-06,
                2.01039551939e-06,
                1.52829909439e-06,
                2.46552917815e-06,
                1.58711031872e-06,
                1.98903080673e-06,
                1.81149943046e-07,
                1.9701577969e-07,
                2.31262788475e-07,
                1.15615506502e-07,
                1.83772044693e-07,
                4.8630619176e-07,
                6.14990767644e-07,
                1.72180179447e-07,
                2.96289215385e-08,
                1.9852632871e-09
            ]
        },
        "barkbands_crest": {
            "dmean": 2.33546161652,
            "dmean2": 3.84304308891,
            "dvar": 5.2462849617,
            "dvar2": 13.957321167,
            "max": 24.2236804962,
            "mean": 8.3072719574,
            "median": 7.46435499191,
            "min": 2.63076877594,
            "var": 12.1858081818
        },
        "barkbands_flatness_db": {
            "dmean": 0.0180086828768,
            "dmean2": 0.0274203382432,
            "dvar": 0.000346281012753,
            "dvar2": 0.000773123581894,
            "max": 0.34079298377,
            "mean": 0.12097812444,
            "median": 0.10067935288,
            "min": 0.0203313250095,
            "var": 0.00386174675077
        },
        "barkbands_kurtosis": {
            "dmean": 1.5549646616,
            "dmean2": 2.5108165741,
            "dvar": 7.59186887741,
            "dvar2": 19.4443588257,
            "max": 78.6960906982,
            "mean": 1.84435236454,
            "median": 0.593667268753,
            "min": -1.90363633633,
            "var": 19.5834064484
        },
        "barkbands_skewness": {
            "dmean": 0.410439640284,
            "dmean2": 0.635912001133,
            "dvar": 0.177848041058,
            "dvar2": 0.430005788803,
            "max": 8.03166103363,
            "mean": 1.03239428997,
            "median": 0.980894565582,
            "min": -2.26709055901,
            "var": 0.968014895916
        },
        "barkbands_spread": {
            "dmean": 5.07631587982,
            "dmean2": 7.68151569366,
            "dvar": 53.2167701721,
            "dvar2": 99.185836792,
            "max": 107.406806946,
            "mean": 23.8012371063,
            "median": 21.6215171814,
            "min": 2.09935736656,
            "var": 204.180496216
        },
        "dissonance": {
            "dmean": 0.0157111193985,
            "dmean2": 0.0263432841748,
            "dvar": 0.000236277279328,
            "dvar2": 0.00063604087336,
            "max": 0.499999970198,
            "mean": 0.466501355171,
            "median": 0.472110688686,
            "min": 0.301305949688,
            "var": 0.000572183053009
        },
        "dynamic_complexity": 3.63342881203,
        "erbbands": {
            "dmean": [
                0.0783524811268,
                0.913895070553,
                2.24010157585,
                3.18385219574,
                5.34447288513,
                5.40780305862,
                9.95933151245,
                13.4852380753,
                11.4877443314,
                11.4198255539,
                23.9001731873,
                11.4995031357,
                11.4906196594,
                15.9743328094,
                13.7047567368,
                28.3694725037,
                17.4844379425,
                24.3722896576,
                26.2987937927,
                20.7391166687,
                17.9483852386,
                16.9234752655,
                10.1098871231,
                5.97402620316,
                8.66516113281,
                6.666410923,
                4.9956870079,
                4.04993486404,
                3.64741158485,
                4.02225971222,
                3.78058218956,
                2.67324566841,
                1.89760518074,
                0.874227821827,
                0.535107672215,
                0.205087378621,
                0.0599325895309,
                0.0138825094327,
                0.00193080725148,
                9.27879591472e-05
            ],
            "dmean2": [
                0.125189319253,
                1.56093621254,
                3.90590000153,
                5.52837276459,
                9.31036663055,
                9.0757932663,
                15.5267496109,
                21.6215381622,
                18.282245636,
                17.5741596222,
                35.7610778809,
                17.2724895477,
                16.8082942963,
                23.5647563934,
                20.978843689,
                42.8433227539,
                27.3327388763,
                39.4199409485,
                41.8109703064,
                31.4382228851,
                28.2565040588,
                27.1522846222,
                16.145362854,
                9.58246231079,
                13.8241462708,
                10.4874858856,
                8.06663703918,
                6.62571001053,
                5.82359218597,
                6.09232759476,
                5.82159662247,
                3.99285912514,
                2.80661392212,
                1.29998886585,
                0.80190974474,
                0.30872246623,
                0.0895302221179,
                0.020609240979,
                0.0029331324622,
                0.00013779202709
            ],
            "dvar": [
                0.0174017641693,
                3.29229593277,
                12.0103597641,
                42.2441520691,
                264.288238525,
                127.417060852,
                428.023284912,
                755.336791992,
                527.419006348,
                826.267456055,
                2594.81176758,
                580.748596191,
                425.937774658,
                1035.02062988,
                590.229431152,
                2798.47045898,
                1591.37243652,
                2729.73608398,
                2699.20629883,
                2101.67944336,
                1130.67871094,
                1036.27380371,
                334.33493042,
                93.2178955078,
                278.435546875,
                172.723602295,
                101.344871521,
                87.1570663452,
                114.536148071,
                211.705993652,
                210.778503418,
                122.36100769,
                75.884185791,
                12.6619148254,
                3.45754551888,
                0.516282498837,
                0.0465878210962,
                0.00323887402192,
                8.07179894764e-05,
                9.22283049931e-08
            ],
            "dvar2": [
                0.0431549809873,
                8.24974441528,
                34.9051437378,
                119.424629211,
                750.471496582,
                320.782409668,
                1056.40539551,
                1994.44628906,
                1336.99194336,
                1882.57617188,
                5536.42382812,
                1171.40734863,
                852.864318848,
                2138.38256836,
                1375.80603027,
                5921.37744141,
                3897.10864258,
                7144.453125,
                6623.99951172,
                4639.02685547,
                2664.03198242,
                2478.55688477,
                784.12878418,
                221.897232056,
                654.407592773,
                409.094451904,
                235.998550415,
                230.552185059,
                273.29901123,
                411.39755249,
                448.665283203,
                245.378692627,
                140.228897095,
                24.8267631531,
                6.95781469345,
                1.13484025002,
                0.101518526673,
                0.00753421802074,
                0.000209126141272,
                2.20974229137e-07
            ],
            "max": [
                1.5228651762,
                18.4266166687,
                35.3990974426,
                90.3256835938,
                243.579086304,
                203.75453186,
                410.891082764,
                714.879394531,
                563.392822266,
                700.00604248,
                947.529602051,
                688.336975098,
                673.694702148,
                867.209411621,
                555.771240234,
                1196.35339355,
                942.460998535,
                1086.88110352,
                1002.862854,
                925.125183105,
                769.490478516,
                758.207946777,
                333.68862915,
                189.691452026,
                287.428436279,
                264.849151611,
                211.733810425,
                184.007080078,
                349.152374268,
                485.506561279,
                424.292236328,
                402.037902832,
                264.456359863,
                95.7692260742,
                63.3610801697,
                30.0163612366,
                9.13125324249,
                1.82666146755,
                0.424316227436,
                0.0132519192994
            ],
            "mean": [
                0.123347125947,
                1.17019402981,
                3.20433402061,
                4.46725606918,
                6.63255834579,
                8.64500999451,
                19.3269500732,
                27.2042980194,
                24.0608959198,
                23.2028846741,
                50.4554367065,
                29.0363636017,
                28.080368042,
                33.8247451782,
                30.4772529602,
                56.7448043823,
                36.0140533447,
                43.4493675232,
                50.6964492798,
                43.2692756653,
                37.2465209961,
                35.4647789001,
                22.3095111847,
                15.1185312271,
                17.8632888794,
                13.8364896774,
                10.5163173676,
                7.67392969131,
                6.1926445961,
                6.92899465561,
                5.99464273453,
                4.30006170273,
                3.11791992188,
                1.45129477978,
                0.822540163994,
                0.316624611616,
                0.0929568335414,
                0.0210829898715,
                0.00273720757104,
                0.000155912930495
            ],
            "median": [
                0.06523745507,
                0.614794075489,
                2.08510756493,
                2.58846521378,
                3.06908345222,
                4.44393920898,
                10.1971893311,
                14.629617691,
                14.4409313202,
                10.5425863266,
                20.4028682709,
                14.6879463196,
                17.1594390869,
                16.632806778,
                19.0553874969,
                29.2884864807,
                14.841917038,
                18.4380016327,
                20.9289093018,
                16.0064373016,
                18.933265686,
                17.4769306183,
                11.6771039963,
                8.75485515594,
                7.90985774994,
                5.74668073654,
                4.7470331192,
                3.18695163727,
                2.16825795174,
                1.94594633579,
                1.53773987293,
                0.807680308819,
                0.494536280632,
                0.290171146393,
                0.177222788334,
                0.0870276093483,
                0.0249603576958,
                0.0050273523666,
                0.00059118506033,
                6.59804209135e-05
            ],
            "min": [
                5.82013687263e-23,
                7.66234304488e-22,
                1.07719676049e-21,
                2.22107102343e-21,
                1.18702695879e-20,
                2.72729138153e-20,
                2.67145475148e-20,
                7.35421854943e-20,
                8.42062238008e-20,
                1.42887527979e-19,
                1.06000358528e-19,
                2.95003987601e-19,
                4.84486715808e-19,
                6.08246997516e-19,
                8.23375943627e-19,
                1.35046964711e-18,
                1.55418158791e-18,
                2.02926429413e-18,
                2.17833361425e-18,
                2.23234871504e-18,
                2.6756649974e-18,
                4.81635589672e-18,
                5.08418788008e-18,
                7.16794931451e-18,
                7.44059962494e-18,
                7.84537549461e-18,
                8.67243203007e-18,
                1.03643166493e-17,
                1.10790908612e-17,
                1.06440013037e-17,
                1.20104581807e-17,
                1.14439552663e-17,
                7.6407376285e-18,
                7.56032326526e-18,
                6.60188191079e-18,
                4.246107095e-18,
                2.14698202147e-18,
                9.32894294837e-19,
                2.47397184258e-19,
                2.50715535608e-20
            ],
            "var": [
                0.0272404104471,
                3.45749378204,
                13.5940475464,
                41.0363883972,
                207.364517212,
                195.062454224,
                861.865722656,
                1630.58483887,
                1045.42578125,
                2078.35522461,
                7925.25732422,
                2628.72680664,
                1609.57397461,
                3074.77294922,
                1496.45898438,
                8419.17089844,
                4035.90942383,
                4900.00097656,
                6694.53662109,
                5685.20166016,
                3308.41943359,
                3011.3203125,
                981.915222168,
                369.40447998,
                698.506286621,
                482.216461182,
                250.55871582,
                139.804229736,
                185.087493896,
                472.069793701,
                375.688873291,
                271.686248779,
                166.827453613,
                29.1630573273,
                7.65509939194,
                0.929741799831,
                0.0796579122543,
                0.00427354034036,
                7.5987612945e-05,
                1.12696433519e-07
            ]
        },
        "erbbands_crest": {
            "dmean": 2.26473879814,
            "dmean2": 3.60077404976,
            "dvar": 4.54793977737,
            "dvar2": 11.5021286011,
            "max": 25.0473384857,
            "mean": 8.71110439301,
            "median": 8.04757499695,
            "min": 2.59109997749,
            "var": 12.7970981598
        },
        "erbbands_flatness_db": {
            "dmean": 0.0166722759604,
            "dmean2": 0.0231200046837,
            "dvar": 0.000330494221998,
            "dvar2": 0.000593410513829,
            "max": 0.422411888838,
            "mean": 0.158720716834,
            "median": 0.145653098822,
            "min": 0.0501957349479,
            "var": 0.00390361482278
        },
        "erbbands_kurtosis": {
            "dmean": 0.620273530483,
            "dmean2": 0.959318101406,
            "dvar": 0.514381587505,
            "dvar2": 1.15253829956,
            "max": 13.1353874207,
            "mean": 0.225342407823,
            "median": -0.0530335903168,
            "min": -1.7325001955,
            "var": 1.65476548672
        },
        "erbbands_skewness": {
            "dmean": 0.2885389328,
            "dmean2": 0.429247558117,
            "dvar": 0.0737980008125,
            "dvar2": 0.159693211317,
            "max": 2.94085407257,
            "mean": 0.121608555317,
            "median": 0.155489057302,
            "min": -2.98290491104,
            "var": 0.447532355785
        },
        "erbbands_spread": {
            "dmean": 6.33496427536,
            "dmean2": 9.65361690521,
            "dvar": 65.6740341187,
            "dvar2": 144.158462524,
            "max": 133.377319336,
            "mean": 32.9550895691,
            "median": 30.4832305908,
            "min": 2.88008189201,
            "var": 243.145401001
        },
        "gfcc": {
            "cov": [
                [
                    40799.2421875,
                    -2509.71264648,
                    -1952.20385742,
                    2184.91772461,
                    -1880.48718262,
                    647.958129883,
                    -1386.14428711,
                    752.219177246,
                    -234.376098633,
                    497.279724121,
                    -835.140991211,
                    173.983428955,
                    -713.518615723
                ],
                [
                    -2509.71264648,
                    2836.07397461,
                    -684.565124512,
                    -479.230712891,
                    387.117340088,
                    -265.390167236,
                    273.520477295,
                    -237.006484985,
                    13.686419487,
                    -136.219650269,
                    245.87852478,
                    -72.8144378662,
                    241.143981934
                ],
                [
                    -1952.20385742,
                    -684.565124512,
                    828.221496582,
                    11.6738166809,
                    16.2385883331,
                    113.787246704,
                    -17.5429401398,
                    30.6762866974,
                    13.2899208069,
                    -2.55968332291,
                    -2.7950797081,
                    25.0749053955,
                    -15.2232351303
                ],
                [
                    2184.91772461,
                    -479.230712891,
                    11.6738166809,
                    446.412719727,
                    -122.027175903,
                    46.7141036987,
                    -102.641609192,
                    84.8835830688,
                    38.9811019897,
                    36.3707923889,
                    -67.8138275146,
                    19.3435173035,
                    -40.4615821838
                ],
                [
                    -1880.48718262,
                    387.117340088,
                    16.2385883331,
                    -122.027175903,
                    294.20892334,
                    -48.0433158875,
                    105.186401367,
                    -48.2481384277,
                    29.4708137512,
                    -22.0792789459,
                    57.9096069336,
                    -9.7365655899,
                    61.3127441406
                ],
                [
                    647.958129883,
                    -265.390167236,
                    113.787246704,
                    46.7141036987,
                    -48.0433158875,
                    184.609054565,
                    -5.58273172379,
                    38.431060791,
                    -9.48565864563,
                    12.0188694,
                    -8.2942905426,
                    6.71668338776,
                    -38.5073852539
                ],
                [
                    -1386.14428711,
                    273.520477295,
                    -17.5429401398,
                    -102.641609192,
                    105.186401367,
                    -5.58273172379,
                    221.541351318,
                    -19.5104961395,
                    4.65045213699,
                    -17.7690467834,
                    51.2052688599,
                    -13.1483697891,
                    12.9119901657
                ],
                [
                    752.219177246,
                    -237.006484985,
                    30.6762866974,
                    84.8835830688,
                    -48.2481384277,
                    38.431060791,
                    -19.5104961395,
                    128.683685303,
                    33.0086479187,
                    23.6296825409,
                    -25.6294403076,
                    5.89483785629,
                    -24.8570537567
                ],
                [
                    -234.376098633,
                    13.686419487,
                    13.2899208069,
                    38.9811019897,
                    29.4708137512,
                    -9.48565864563,
                    4.65045213699,
                    33.0086479187,
                    109.119186401,
                    27.0694580078,
                    10.2083940506,
                    -0.925823032856,
                    13.4571752548
                ],
                [
                    497.279724121,
                    -136.219650269,
                    -2.55968332291,
                    36.3707923889,
                    -22.0792789459,
                    12.0188694,
                    -17.7690467834,
                    23.6296825409,
                    27.0694580078,
                    89.2761306763,
                    2.07423329353,
                    1.70712888241,
                    -19.8164463043
                ],
                [
                    -835.140991211,
                    245.87852478,
                    -2.7950797081,
                    -67.8138275146,
                    57.9096069336,
                    -8.2942905426,
                    51.2052688599,
                    -25.6294403076,
                    10.2083940506,
                    2.07423329353,
                    108.770027161,
                    17.0172634125,
                    34.1929206848
                ],
                [
                    173.983428955,
                    -72.8144378662,
                    25.0749053955,
                    19.3435173035,
                    -9.7365655899,
                    6.71668338776,
                    -13.1483697891,
                    5.89483785629,
                    -0.925823032856,
                    1.70712888241,
                    17.0172634125,
                    69.8894500732,
                    16.9981174469
                ],
                [
                    -713.518615723,
                    241.143981934,
                    -15.2232351303,
                    -40.4615821838,
                    61.3127441406,
                    -38.5073852539,
                    12.9119901657,
                    -24.8570537567,
                    13.4571752548,
                    -19.8164463043,
                    34.1929206848,
                    16.9981174469,
                    94.5803985596
                ]
            ],
            "icov": [
                [
                    9.08551592147e-05,
                    -0.000115712879051,
                    0.000186549790669,
                    -0.000254493410466,
                    0.000197483124794,
                    -0.000278040504782,
                    0.000314712699037,
                    -0.000251413293881,
                    0.000267281022388,
                    -0.000360839767382,
                    0.000399255019147,
                    -0.000381461519282,
                    0.000361916550901
                ],
                [
                    -0.000115712879051,
                    0.00121749774553,
                    0.0005231948453,
                    0.000711186963599,
                    -0.00057711842237,
                    0.000634738709778,
                    -0.000701959361322,
                    0.000909404538106,
                    -0.000688190630171,
                    0.00143465644214,
                    -0.00193682208192,
                    0.00169355934486,
                    -0.00182691391092
                ],
                [
                    0.000186549790669,
                    0.0005231948453,
                    0.00229092477821,
                    -0.000142385266372,
                    -0.000133160880068,
                    -0.00125975953415,
                    0.000663820595946,
                    -0.000201957460376,
                    2.69991542154e-05,
                    0.000198185953195,
                    -9.17389625101e-05,
                    -0.000429571431596,
                    -4.10079555877e-05
                ],
                [
                    -0.000254493410466,
                    0.000711186963599,
                    -0.000142385266372,
                    0.00402723625302,
                    -9.60375036811e-05,
                    0.000504376774188,
                    -0.000236347535974,
                    -5.8514160628e-05,
                    -0.00204197806306,
                    0.00109149178024,
                    -0.000411048618844,
                    0.000542542838957,
                    -0.00117840676103
                ],
                [
                    0.000197483124794,
                    -0.00057711842237,
                    -0.000133160880068,
                    -9.60375036811e-05,
                    0.00587438931689,
                    -0.000129586216644,
                    -0.0010168410372,
                    0.00026603511651,
                    -0.000855855410919,
                    -0.000704888545442,
                    0.000599735183641,
                    -0.000312982418109,
                    -0.000939905992709
                ],
                [
                    -0.000278040504782,
                    0.000634738709778,
                    -0.00125975953415,
                    0.000504376774188,
                    -0.000129586216644,
                    0.00788661371917,
                    -0.0014967439929,
                    -0.00053428899264,
                    0.000124244223116,
                    0.00114707031753,
                    -0.00241636554711,
                    0.00107955106068,
                    0.000558193423785
                ],
                [
                    0.000314712699037,
                    -0.000701959361322,
                    0.000663820595946,
                    -0.000236347535974,
                    -0.0010168410372,
                    -0.0014967439929,
                    0.00743259768933,
                    -0.00158148165792,
                    0.000872388482094,
                    -0.000468777754577,
                    -0.000428074912634,
                    -0.000719807751011,
                    0.00285092112608
                ],
                [
                    -0.000251413293881,
                    0.000909404538106,
                    -0.000201957460376,
                    -5.8514160628e-05,
                    0.00026603511651,
                    -0.00053428899264,
                    -0.00158148165792,
                    0.0118189724162,
                    -0.00429809000343,
                    0.000657324155327,
                    -0.000182769697858,
                    0.000580676074605,
                    -0.000629760848824
                ],
                [
                    0.000267281022388,
                    -0.000688190630171,
                    2.69991542154e-05,
                    -0.00204197806306,
                    -0.000855855410919,
                    0.000124244223116,
                    0.000872388482094,
                    -0.00429809000343,
                    0.0133144985884,
                    -0.00485225999728,
                    0.000486053468194,
                    -5.58513747819e-05,
                    -0.000818255066406
                ],
                [
                    -0.000360839767382,
                    0.00143465644214,
                    0.000198185953195,
                    0.00109149178024,
                    -0.000704888545442,
                    0.00114707031753,
                    -0.000468777754577,
                    0.000657324155327,
                    -0.00485225999728,
                    0.0160656068474,
                    -0.00491374032572,
                    0.00223456090316,
                    0.000710823049303
                ],
                [
                    0.000399255019147,
                    -0.00193682208192,
                    -9.17389625101e-05,
                    -0.000411048618844,
                    0.000599735183641,
                    -0.00241636554711,
                    -0.000428074912634,
                    -0.000182769697858,
                    0.000486053468194,
                    -0.00491374032572,
                    0.0170221906155,
                    -0.00671835849062,
                    0.00035221624421
                ],
                [
                    -0.000381461519282,
                    0.00169355934486,
                    -0.000429571431596,
                    0.000542542838957,
                    -0.000312982418109,
                    0.00107955106068,
                    -0.000719807751011,
                    0.000580676074605,
                    -5.58513747819e-05,
                    0.00223456090316,
                    -0.00671835849062,
                    0.0199330542237,
                    -0.00681686447933
                ],
                [
                    0.000361916550901,
                    -0.00182691391092,
                    -4.10079555877e-05,
                    -0.00117840676103,
                    -0.000939905992709,
                    0.000558193423785,
                    0.00285092112608,
                    -0.000629760848824,
                    -0.000818255066406,
                    0.000710823049303,
                    0.00035221624421,
                    -0.00681686447933,
                    0.0190955493599
                ]
            ],
            "mean": [
                -16.2689476013,
                101.722793579,
                -113.675537109,
                17.3361358643,
                -45.5093994141,
                10.3510389328,
                -31.4608631134,
                4.8272151947,
                -18.768787384,
                3.94828367233,
                -12.3263969421,
                2.69971299171,
                -9.11224460602
            ]
        },
        "hfc": {
            "dmean": 6.77220678329,
            "dmean2": 10.3735694885,
            "dvar": 161.434188843,
            "dvar2": 329.907104492,
            "max": 249.199157715,
            "mean": 26.5131626129,
            "median": 20.7985992432,
            "min": 1.05356690984e-16,
            "var": 632.729187012
        },
        "melbands": {
            "dmean": [
                0.00083299621474,
                0.00115786388051,
                0.000596102268901,
                0.000389541324694,
                0.000307503360091,
                0.000289860297926,
                0.000177553476533,
                0.000132913861307,
                0.00018432624347,
                7.12153414497e-05,
                5.8803230786e-05,
                6.8663219281e-05,
                4.2322131776e-05,
                8.1782178313e-05,
                4.70185514132e-05,
                4.64271943201e-05,
                4.49666003988e-05,
                4.16454640799e-05,
                3.31350747729e-05,
                2.79320229311e-05,
                2.31043122767e-05,
                1.88535323105e-05,
                1.80362858373e-05,
                7.81249764259e-06,
                5.05663683725e-06,
                6.72831993143e-06,
