{
    "lowlevel": {
        "average_loudness": 0.958846449852,
        "barkbands": {
            "dmean": [
                0.00013822526671,
                0.00625559827313,
                0.00264128413983,
                0.00242931279354,
                0.00342692853883,
                0.00138068851084,
                0.0016112428857,
                0.00170176185202,
                0.0011125751771,
                0.000620073929895,
                0.000509705569129,
                0.00034584820969,
                0.000314806413371,
                0.000198608540813,
                0.000197978079086,
                0.000156566718942,
                0.000178601680091,
                0.000186846838915,
                0.000102473793959,
                0.000166886471561,
                0.000152768887347,
                0.000172414656845,
                0.000148510560393,
                0.000130743443151,
                0.000122870405903,
                3.77611540898e-05,
                2.82501696347e-05
            ],
            "dmean2": [
                0.000222212343942,
                0.0110743241385,
                0.00472057471052,
                0.00413487479091,
                0.00556152127683,
                0.00220347684808,
                0.00258086202666,
                0.00263154320419,
                0.00176533556078,
                0.000952212314587,
                0.000790700898506,
                0.00053036713507,
                0.000504872121383,
                0.000327368616126,
                0.000321289728163,
                0.00025622107205,
                0.000296810001601,
                0.000308223476168,
                0.000167684571352,
                0.000270348507911,
                0.000240636858507,
                0.000258850719547,
                0.000222631366341,
                0.000199300877284,
                0.000180546485353,
                5.7529003243e-05,
                4.83109142806e-05
            ],
            "dvar": [
                1.9491335479e-07,
                0.00047010180424,
                5.67809693166e-05,
                3.5469623981e-05,
                2.76202135865e-05,
                8.9748582468e-06,
                1.54639874381e-05,
                1.43580255099e-05,
                6.42820305075e-06,
                1.73944374637e-06,
                1.24874372887e-06,
                5.52317260372e-07,
                3.75702171596e-07,
                1.94807100229e-07,
                1.08968343682e-07,
                8.82268480495e-08,
                1.51914377966e-07,
                2.48862420449e-07,
                4.09925959843e-08,
                1.23279903619e-07,
                1.67291261732e-07,
                2.54132856981e-07,
                1.47912018633e-07,
                1.26754585494e-07,
                9.48693568148e-08,
                8.8762650563e-09,
                1.91332834021e-08
            ],
            "dvar2": [
                4.66154062906e-07,
                0.00130410015117,
                0.000162347685546,
                9.22809267649e-05,
                7.14769266779e-05,
                2.0449020667e-05,
                3.68378096027e-05,
                3.23171043419e-05,
                1.62558080774e-05,
                3.81116637982e-06,
                2.82625751424e-06,
                1.11476356324e-06,
                9.51356639689e-07,
                5.20802132087e-07,
                2.65586862724e-07,
                2.16777635842e-07,
                3.88575102761e-07,
                6.47272202059e-07,
                9.94183722014e-08,
                2.79908022094e-07,
                3.73783905161e-07,
                4.74394880712e-07,
                2.88024665451e-07,
                2.68348713917e-07,
                1.82282576588e-07,
                1.88966584602e-08,
                5.3451017834e-08
            ],
            "max": [
                0.0044522867538,
                0.162161260843,
                0.0779601559043,
                0.0695728063583,
                0.0702022239566,
                0.0658885836601,
                0.0664159059525,
                0.0673977211118,
                0.0571022927761,
                0.0339325517416,
                0.0232360512018,
                0.0179929751903,
                0.0172354560345,
                0.0116793867201,
                0.00644309911877,
                0.00539856078103,
                0.00739640323445,
                0.0136616593227,
                0.00432649860159,
                0.00869526155293,
                0.011295305565,
                0.0151929017156,
                0.0105665689334,
                0.00958728324622,
                0.00658356631175,
                0.00233765714802,
                0.00260081281886
            ],
            "mean": [
                0.000136080067023,
                0.00567784486338,
                0.00272665731609,
                0.00301566068083,
                0.00702884420753,
                0.00239792093635,
                0.00274444092065,
                0.00308495061472,
                0.00198205793276,
                0.00105767382775,
                0.000808478042018,
                0.000571377400775,
                0.000508555909619,
                0.000295200996334,
                0.000308781804051,
                0.000240590117755,
                0.000298297789413,
                0.000276411941741,
                0.000157814880367,
                0.000269419047982,
                0.000238246429944,
                0.000315399694955,
                0.000261122448137,
                0.000211989172385,
                0.000192901483388,
                5.40332366654e-05,
                2.10201742448e-05
            ],
            "median": [
                4.44367151431e-06,
                0.000604458560701,
                0.000928278488573,
                0.000909989583306,
                0.00402331259102,
                0.000736217363738,
                0.000645524065476,
                0.000652449263725,
                0.000576983031351,
                0.000343073654221,
                0.000302102533169,
                0.000220045796596,
                0.000254085171036,
                0.000117671123007,
                0.000147048005601,
                0.000104974817077,
                0.00010934616148,
                0.000126949860714,
                8.23553345981e-05,
                0.000123086865642,
                8.99941733223e-05,
                0.000136599657708,
                0.000114505557576,
                6.85264603817e-05,
                5.67955248698e-05,
                1.38570894705e-05,
                6.08024265603e-07
            ],
            "min": [
                1.39629847012e-25,
                2.48179486479e-24,
                4.58109079817e-25,
                8.30850689307e-25,
                9.63936750221e-24,
                3.92463112399e-24,
                1.1289289807e-23,
                5.85164752706e-24,
                5.89449687371e-24,
                2.27209248312e-23,
                1.37214560517e-23,
                1.89776993721e-23,
                2.16753591211e-23,
                3.64822451799e-23,
                4.36049144694e-23,
                4.19117823085e-23,
                5.05339657382e-23,
                7.90059973797e-23,
                1.30075729046e-22,
                1.74401533009e-22,
                2.24256721804e-22,
                3.32185742605e-22,
                3.71870267655e-22,
                5.17969755926e-22,
                8.5737916726e-22,
                1.27517201957e-21,
                2.00661677559e-21
            ],
            "var": [
                1.85279205311e-07,
                0.000305465451675,
                4.01446886826e-05,
                3.80744386348e-05,
                7.25284699001e-05,
                3.07615300699e-05,
                3.44408144883e-05,
                3.95234601456e-05,
                1.50917203428e-05,
                4.52040330856e-06,
                2.61959939962e-06,
                1.51274298332e-06,
                6.60817647713e-07,
                2.92339450425e-07,
                2.19572328319e-07,
                1.5699032474e-07,
                3.37924490168e-07,
                2.69732765901e-07,
                5.81344785644e-08,
                2.11505010839e-07,
                2.6630289085e-07,
                5.97323548845e-07,
                3.01953207327e-07,
                2.47683885846e-07,
                2.32536095268e-07,
                1.83343935589e-08,
                1.2370779956e-08
            ]
        },
        "barkbands_crest": {
            "dmean": 3.09944581985,
            "dmean2": 5.1257724762,
            "dvar": 9.44027137756,
            "dvar2": 25.8434352875,
            "max": 26.3757915497,
            "mean": 11.0515937805,
            "median": 10.1461801529,
            "min": 2.3598678112,
            "var": 21.8366928101
        },
        "barkbands_flatness_db": {
            "dmean": 0.0275440122932,
            "dmean2": 0.0419471226633,
            "dvar": 0.000846960872877,
            "dvar2": 0.00204324768856,
            "max": 0.40003862977,
            "mean": 0.148290902376,
            "median": 0.138926848769,
            "min": 0.0222390331328,
            "var": 0.00360626168549
        },
        "barkbands_kurtosis": {
            "dmean": 5.07135677338,
            "dmean2": 8.26031494141,
            "dvar": 118.132759094,
            "dvar2": 313.091125488,
            "max": 225.46244812,
            "mean": 7.2455072403,
            "median": 3.50435113907,
            "min": -1.91535580158,
            "var": 157.398101807
        },
        "barkbands_skewness": {
            "dmean": 0.727614164352,
            "dmean2": 1.12849617004,
            "dvar": 0.866811454296,
            "dvar2": 2.08962655067,
            "max": 12.0849094391,
            "mean": 1.845271945,
            "median": 1.72663676739,
            "min": -5.69976997375,
            "var": 2.46333789825
        },
        "barkbands_spread": {
            "dmean": 6.65007066727,
            "dmean2": 10.3473739624,
            "dvar": 91.9800109863,
            "dvar2": 205.991699219,
            "max": 117.248130798,
            "mean": 19.1824493408,
            "median": 15.6245689392,
            "min": 0.44024515152,
            "var": 200.79901123
        },
        "dissonance": {
            "dmean": 0.0238959342241,
            "dmean2": 0.0394879803061,
            "dvar": 0.00053169199964,
            "dvar2": 0.0013553177705,
            "max": 0.499996185303,
            "mean": 0.449698507786,
            "median": 0.458998531103,
            "min": 0.261914730072,
            "var": 0.00141711242031
        },
        "dynamic_complexity": 3.77100086212,
        "erbbands": {
            "dmean": [
                0.138582900167,
                1.54956555367,
                3.23260140419,
                5.15693569183,
                11.7431077957,
                11.2986049652,
                11.2170505524,
                12.2505559921,
                17.6395530701,
                32.5982894897,
                31.1949005127,
                28.1010475159,
                19.6145820618,
                21.9263248444,
                17.3338565826,
                13.7241659164,
                13.7325353622,
                11.0099573135,
                10.5517568588,
                7.29710531235,
                8.4693775177,
                8.46416854858,
                10.8233938217,
                5.66536474228,
                6.04258728027,
                7.74578619003,
                6.69614171982,
                6.18032217026,
                6.26471233368,
                5.7137298584,
                3.90560054779,
                3.0776617527,
                2.07553219795,
                1.57035529613,
                0.784697532654,
                0.250975251198,
                0.0501151680946,
                0.0145509568974,
                0.00311071705073,
                0.000531535246409
            ],
            "dmean2": [
                0.238624170423,
                2.79343819618,
                5.73628807068,
                8.94894886017,
                19.6497898102,
                17.857378006,
                17.6018238068,
                19.3124771118,
                28.5585041046,
                49.9984893799,
                48.9164123535,
                43.8613204956,
                30.1354904175,
                33.723575592,
                26.4915847778,
                21.2474002838,
                21.9554843903,
                17.8336677551,
                17.1601734161,
                11.9298992157,
                13.7218208313,
                13.7705287933,
                17.9664287567,
                9.13009357452,
                9.93912220001,
                12.4678211212,
                10.7210493088,
                9.58667755127,
                9.58559799194,
                8.62584781647,
                5.88835573196,
                4.75405168533,
                3.14760279655,
                2.34713435173,
                1.16599011421,
                0.383321553469,
                0.0749503150582,
                0.0230994727463,
                0.00526318792254,
                0.000927205954213
            ],
            "dvar": [
                0.216642811894,
                29.6015415192,
                93.6760177612,
                128.090835571,
                591.928405762,
                362.308380127,
                614.639526367,
                998.049499512,
                1795.22131348,
                5556.84228516,
                5565.24365234,
                4072.99658203,
                2046.46899414,
                1585.69726562,
                1850.78051758,
                768.864318848,
                720.520629883,
                503.067657471,
                365.481018066,
                153.995742798,
                257.734924316,
                314.318847656,
                772.439025879,
                213.688903809,
                127.740692139,
                295.849761963,
                265.786712646,
                335.282989502,
                406.445007324,
                221.560302734,
                107.33732605,
                78.8353881836,
                32.3648490906,
                18.1920928955,
                4.1278719902,
                0.402689218521,
                0.0180038996041,
                0.00190682185348,
                0.000173003078089,
                9.38442008191e-06
            ],
            "dvar2": [
                0.590323090553,
                83.1549224854,
                262.607086182,
                343.376373291,
                1596.58349609,
                869.345825195,
                1417.86572266,
                2162.15161133,
                4457.07128906,
                12559.5634766,
                13701.8378906,
                10095.4794922,
                4449.21240234,
                3459.28320312,
                4002.21337891,
                1700.65576172,
                1834.38110352,
                1365.59997559,
                889.863342285,
                393.24609375,
                643.565429688,
                812.239257812,
                2032.3840332,
                525.046936035,
                316.700195312,
                671.291625977,
                622.72644043,
                710.348937988,
                862.63458252,
                471.168212891,
                208.130187988,
                176.303451538,
                66.1580352783,
                35.3449211121,
                8.15293598175,
                0.872437357903,
                0.0367738120258,
                0.00485148886219,
                0.000481904688058,
                2.641901483e-05
            ],
            "max": [
                3.73991894722,
                40.3394355774,
                93.4198532104,
                124.164344788,
                369.556274414,
                325.705963135,
                570.945739746,
                785.740783691,
                739.19744873,
                1375.78088379,
                1330.77648926,
                1657.86230469,
                1153.5604248,
                1015.88183594,
                1338.609375,
                784.772277832,
                747.671020508,
                653.369018555,
                371.372192383,
                244.873184204,
                306.886016846,
                364.172210693,
                777.745239258,
                339.346618652,
                242.001724243,
                449.039703369,
                440.711730957,
                365.416595459,
                526.343933105,
                521.687133789,
                239.278259277,
                220.124588013,
                172.494171143,
                110.397438049,
                53.786693573,
                14.217581749,
                3.30573654175,
                1.01935064793,
                0.266689896584,
                0.053862746805
            ],
            "mean": [
                0.140699625015,
                1.35298812389,
                3.17912149429,
                6.51055574417,
                18.2067050934,
                23.6100673676,
                21.4306526184,
                21.8387432098,
                30.7962799072,
                60.5305900574,
                55.054069519,
                51.8589324951,
                36.0028877258,
                36.0637969971,
                30.9305057526,
                23.8531303406,
                23.2500782013,
                18.8032550812,
                17.3552894592,
                12.3989677429,
                14.3477697372,
                14.849937439,
                16.8885803223,
                9.21796417236,
                9.61994457245,
                12.3874406815,
                10.4101552963,
                9.71670722961,
                10.5734376907,
                10.7649745941,
                6.78217172623,
                4.88036251068,
                3.30982422829,
                2.42998456955,
                1.19120407104,
                0.375904142857,
                0.0698269978166,
                0.0143734999001,
                0.00244842632674,
                0.000406977778766
            ],
            "median": [
                0.0111549952999,
                0.172231256962,
                1.00353324413,
                2.91324663162,
                6.63302564621,
                10.5707378387,
                6.86585903168,
                6.71150875092,
                9.45334529877,
                18.8465156555,
                16.7269859314,
                16.9498386383,
                13.3651161194,
                15.4684534073,
                12.4123163223,
                10.7708063126,
                12.2654771805,
                9.22956466675,
                8.49364185333,
                6.53103399277,
                6.27028656006,
                6.09844827652,
                7.3614115715,
                4.9594078064,
                5.27943372726,
                5.57344198227,
                4.33861541748,
                3.35600399971,
                4.11716222763,
                5.28279399872,
                2.76825404167,
                1.61938881874,
                1.0068346262,
                0.686403870583,
                0.334588468075,
                0.108952246606,
                0.0150650246069,
                0.00150997505989,
                0.000128533545649,
                5.69836738578e-05
            ],
            "min": [
                9.01430977743e-23,
                3.80828723556e-22,
                9.60041045838e-22,
                5.34383798089e-21,
                4.64400925534e-21,
                3.2850486057e-20,
                3.19962120483e-20,
                5.83916940288e-20,
                1.33267184811e-19,
                2.05720025137e-19,
                2.08743176406e-19,
                2.40924961254e-19,
                5.64843745101e-19,
                7.66513635465e-19,
                9.62659561999e-19,
                8.22968505476e-19,
                1.29482861943e-18,
                1.78550471417e-18,
                2.88984232392e-18,
                2.99182314689e-18,
                3.38557373297e-18,
                4.26459168656e-18,
                4.61742557685e-18,
                5.60813276547e-18,
                8.03480399078e-18,
                7.94747108889e-18,
                6.89439779081e-18,
                9.46430278381e-18,
                1.17078854388e-17,
                1.13572865905e-17,
                1.12731416427e-17,
                9.88196943615e-18,
                1.02246372767e-17,
                7.56960423173e-18,
                6.21040627819e-18,
                4.57948859241e-18,
                2.22927036239e-18,
                9.11129311765e-19,
                2.40515920441e-19,
                2.81557707917e-20
            ],
            "var": [
                0.15442673862,
                18.4492492676,
                65.04271698,
                120.560295105,
                905.314147949,
                1126.09606934,
                2093.828125,
                3586.67260742,
                3627.86743164,
                12960.8740234,
                12791.9638672,
                10129.5957031,
                5137.18994141,
                3429.89111328,
                4691.53076172,
                1857.49291992,
                1265.83325195,
                900.179016113,
                738.734069824,
                281.912902832,
                498.154937744,
                724.632385254,
                917.879638672,
                256.255493164,
                184.40133667,
                491.470275879,
                402.352111816,
                555.856079102,
                776.992492676,
                455.679901123,
                220.375488281,
                131.402938843,
                67.631690979,
                39.8928947449,
                10.1078195572,
                0.822632431984,
                0.0396701358259,
                0.00188510655425,
                0.000115089700557,
                5.83563542023e-06
            ]
        },
        "erbbands_crest": {
            "dmean": 3.10734343529,
            "dmean2": 5.02125692368,
            "dvar": 8.32389354706,
            "dvar2": 20.1936302185,
            "max": 31.6706943512,
            "mean": 10.3370819092,
            "median": 9.13138008118,
            "min": 2.16564226151,
            "var": 26.7437419891
        },
        "erbbands_flatness_db": {
            "dmean": 0.0224657468498,
            "dmean2": 0.0318081006408,
            "dvar": 0.000580253137741,
            "dvar2": 0.0010508595733,
            "max": 0.449724018574,
            "mean": 0.163863673806,
            "median": 0.154778555036,
            "min": 0.0404566936195,
            "var": 0.00390122062527
        },
        "erbbands_kurtosis": {
            "dmean": 1.60287714005,
            "dmean2": 2.48193359375,
            "dvar": 7.71946525574,
            "dvar2": 17.2192001343,
            "max": 76.873085022,
            "mean": 1.66741013527,
            "median": 0.358719348907,
            "min": -1.83506798744,
            "var": 17.8980560303
        },
        "erbbands_skewness": {
            "dmean": 0.450351297855,
            "dmean2": 0.679805576801,
            "dvar": 0.224797978997,
            "dvar2": 0.470534265041,
            "max": 7.88892507553,
            "mean": 0.736646473408,
            "median": 0.692304611206,
            "min": -4.98274707794,
            "var": 1.02929341793
        },
        "erbbands_spread": {
            "dmean": 10.2516269684,
            "dmean2": 15.5459794998,
            "dvar": 155.581588745,
            "dvar2": 327.804840088,
            "max": 170.398040771,
            "mean": 39.9214706421,
            "median": 36.1825218201,
            "min": 1.65773785114,
            "var": 518.988952637
        },
        "gfcc": {
            "cov": [
                [
                    34695.2148438,
                    -888.437255859,
                    525.42791748,
                    1801.5045166,
                    -2032.97558594,
                    717.456970215,
                    -1359.74841309,
                    191.510101318,
                    -831.444885254,
                    -12.3584108353,
                    -864.499816895,
                    -117.363334656,
                    -501.680053711
                ],
                [
                    -888.437255859,
                    1813.39953613,
                    -361.774658203,
                    -96.9817428589,
                    309.182281494,
                    27.9543895721,
                    302.683441162,
                    -90.4484786987,
                    65.5680999756,
                    -73.4289779663,
                    126.039352417,
                    -49.9391212463,
                    19.8321285248
                ],
                [
                    525.42791748,
                    -361.774658203,
                    1752.03637695,
                    465.973846436,
                    248.418884277,
                    225.426422119,
                    -18.5334186554,
                    81.1972732544,
                    -175.726531982,
                    20.4338912964,
                    -143.846862793,
                    28.1008529663,
                    -66.7966766357
                ],
                [
                    1801.5045166,
                    -96.9817428589,
                    465.973846436,
                    671.846191406,
                    20.9410915375,
                    98.2590942383,
                    -59.6976394653,
                    51.35364151,
                    -17.7463169098,
                    17.230682373,
                    -73.0428695679,
                    7.22047042847,
                    25.8127880096
                ],
                [
                    -2032.97558594,
                    309.182281494,
                    248.418884277,
                    20.9410915375,
                    646.422973633,
                    136.114059448,
                    268.529266357,
                    60.0433654785,
                    107.834785461,
                    21.0415878296,
                    68.3423538208,
                    -4.79420518875,
                    19.5070705414
                ],
                [
                    717.456970215,
                    27.9543895721,
                    225.426422119,
                    98.2590942383,
                    136.114059448,
                    347.99911499,
                    140.085006714,
                    92.1193161011,
                    -28.6504154205,
                    29.6943035126,
                    -20.8272895813,
                    12.3610305786,
                    -28.0735759735
                ],
                [
                    -1359.74841309,
                    302.683441162,
                    -18.5334186554,
                    -59.6976394653,
                    268.529266357,
                    140.085006714,
                    373.576080322,
                    49.4078292847,
                    81.8752822876,
                    19.2421741486,
                    102.211738586,
                    3.92108201981,
                    26.9357376099
                ],
                [
                    191.510101318,
                    -90.4484786987,
                    81.1972732544,
                    51.35364151,
                    60.0433654785,
                    92.1193161011,
                    49.4078292847,
                    202.624710083,
                    61.9873695374,
                    52.2031898499,
                    -14.3467588425,
                    24.6350860596,
                    -3.37196278572
                ],
                [
                    -831.444885254,
                    65.5680999756,
                    -175.726531982,
                    -17.7463169098,
                    107.834785461,
                    -28.6504154205,
                    81.8752822876,
                    61.9873695374,
                    222.275009155,
                    56.317035675,
                    71.8330764771,
                    3.57714104652,
                    43.2507171631
                ],
                [
                    -12.3584108353,
                    -73.4289779663,
                    20.4338912964,
                    17.230682373,
                    21.0415878296,
                    29.6943035126,
                    19.2421741486,
                    52.2031898499,
                    56.317035675,
                    119.317420959,
                    30.3967075348,
                    8.29056072235,
                    12.4140501022
                ],
                [
                    -864.499816895,
                    126.039352417,
                    -143.846862793,
                    -73.0428695679,
                    68.3423538208,
                    -20.8272895813,
                    102.211738586,
                    -14.3467588425,
                    71.8330764771,
                    30.3967075348,
                    137.196548462,
                    24.2316246033,
                    34.8752861023
                ],
                [
                    -117.363334656,
                    -49.9391212463,
                    28.1008529663,
                    7.22047042847,
                    -4.79420518875,
                    12.3610305786,
                    3.92108201981,
                    24.6350860596,
                    3.57714104652,
                    8.29056072235,
                    24.2316246033,
                    95.1946716309,
                    27.0537471771
                ],
                [
                    -501.680053711,
                    19.8321285248,
                    -66.7966766357,
                    25.8127880096,
                    19.5070705414,
                    -28.0735759735,
                    26.9357376099,
                    -3.37196278572,
                    43.2507171631,
                    12.4140501022,
                    34.8752861023,
                    27.0537471771,
                    89.4663696289
                ]
            ],
            "icov": [
                [
                    6.09214293945e-05,
                    -3.06577421725e-05,
                    4.54110486316e-05,
                    -0.000160464143846,
                    0.00015496693959,
                    -0.000173791806446,
                    0.000130309999804,
                    -4.29410065408e-05,
                    6.7966793722e-05,
                    -6.26886248938e-05,
                    8.51469085319e-05,
                    6.93557331033e-06,
                    0.000239991393755
                ],
                [
                    -3.06577421725e-05,
                    0.000774982734583,
                    0.000168166283402,
                    -4.7301829909e-05,
                    -0.000355957803549,
                    0.000106819388748,
                    -0.000513529870659,
                    0.000308035494527,
                    5.27239535586e-05,
                    0.000474337983178,
                    -0.000333127070917,
                    0.000264960573986,
                    3.12789379677e-05
                ],
                [
                    4.54110486316e-05,
                    0.000168166283402,
                    0.00106288096868,
                    -0.000719043950085,
                    -0.000520617410075,
                    -0.000148805687786,
                    9.83522659226e-06,
                    -4.01999350288e-05,
                    0.000919440644793,
                    -0.000459935021354,
                    0.000587074027862,
                    -0.000488582940307,
                    0.000818952685222
                ],
                [
                    -0.000160464143846,
                    -4.7301829909e-05,
                    -0.000719043950085,
                    0.00256172148511,
                    -0.000211607301026,
                    -0.000173377920873,
                    0.000254597631283,
                    -4.94630694448e-05,
                    -0.00069285382051,
                    0.000212920102058,
                    0.000335013639415,
                    0.000352304021362,
                    -0.00218377215788
                ],
                [
                    0.00015496693959,
                    -0.000355957803549,
                    -0.000520617410075,
                    -0.000211607301026,
                    0.00316523993388,
                    -0.000809079734609,
                    -0.000959832977969,
                    -0.000140621821629,
                    -0.00113076297566,
                    0.000239072352997,
                    2.34150138567e-05,
                    0.000435664755059,
                    0.000332490133587
                ],
                [
                    -0.000173791806446,
                    0.000106819388748,
                    -0.000148805687786,
                    -0.000173377920873,
                    -0.000809079734609,
                    0.00545439543203,
                    -0.00266169337556,
                    -0.00119216053281,
                    0.00135180028155,
                    -0.00112022156827,
                    0.00111570942681,
                    -0.000934901938308,
                    0.000934801471885
                ],
                [
                    0.000130309999804,
                    -0.000513529870659,
                    9.83522659226e-06,
                    0.000254597631283,
                    -0.000959832977969,
                    -0.00266169337556,
                    0.00644460599869,
                    -0.00106975249946,
                    -0.000251484307228,
                    0.000926426262595,
                    -0.00347479083575,
                    0.00123355595861,
                    -0.000853566569276
                ],
                [
                    -4.29410065408e-05,
                    0.000308035494527,
                    -4.01999350288e-05,
                    -4.94630694448e-05,
                    -0.000140621821629,
                    -0.00119216053281,
                    -0.00106975249946,
                    0.00794553291053,
                    -0.00280578411184,
                    -0.00216883281246,
                    0.00298540643416,
                    -0.00255206995644,
                    0.00121860054787
                ],
                [
                    6.7966793722e-05,
                    5.27239535586e-05,
                    0.000919440644793,
                    -0.00069285382051,
                    -0.00113076297566,
                    0.00135180028155,
                    -0.000251484307228,
                    -0.00280578411184,
                    0.00855863839388,
                    -0.0023057772778,
                    -0.0021849819459,
                    0.00124264287297,
                    -0.00144508830272
                ],
                [
                    -6.26886248938e-05,
                    0.000474337983178,
                    -0.000459935021354,
                    0.000212920102058,
                    0.000239072352997,
                    -0.00112022156827,
                    0.000926426262595,
                    -0.00216883281246,
                    -0.0023057772778,
                    0.0118218725547,
                    -0.00377386552282,
                    0.00129404151812,
                    -0.00107167882379
                ],
                [
                    8.51469085319e-05,
                    -0.000333127070917,
                    0.000587074027862,
                    0.000335013639415,
                    2.34150138567e-05,
                    0.00111570942681,
                    -0.00347479083575,
                    0.00298540643416,
                    -0.0021849819459,
                    -0.00377386552282,
                    0.014849813655,
                    -0.00426215259358,
                    -0.00052327272715
                ],
                [
                    6.93557331033e-06,
                    0.000264960573986,
                    -0.000488582940307,
                    0.000352304021362,
                    0.000435664755059,
                    -0.000934901938308,
                    0.00123355595861,
                    -0.00255206995644,
                    0.00124264287297,
                    0.00129404151812,
                    -0.00426215259358,
                    0.0137620400637,
                    -0.00462254369631
                ],
                [
                    0.000239991393755,
                    3.12789379677e-05,
                    0.000818952685222,
                    -0.00218377215788,
                    0.000332490133587,
                    0.000934801471885,
                    -0.000853566569276,
                    0.00121860054787,
                    -0.00144508830272,
                    -0.00107167882379,
                    -0.00052327272715,
                    -0.00462254369631,
                    0.0167305357754
                ]
            ],
            "mean": [
                -22.7204666138,
                81.0481948853,
                -110.904624939,
                20.3387737274,
                -71.8963317871,
                10.834561348,
                -36.9830665588,
                4.28443717957,
                -23.5461883545,
                -2.20598292351,
                -16.4934253693,
                -3.20805883408,
                -11.8358325958
            ]
        },
        "hfc": {
            "dmean": 8.42523860931,
            "dmean2": 12.7083187103,
            "dvar": 188.744064331,
            "dvar2": 411.832550049,
            "max": 152.596328735,
            "mean": 25.4558944702,
            "median": 21.996629715,
            "min": 1.07808024186e-16,
            "var": 492.160552979
        },
        "melbands": {
            "dmean": [
                0.00151529163122,
                0.00182906130794,
                0.00110876839608,
                0.000815517094452,
                0.000408248160966,
                0.00026342694764,
                0.000295825389912,
                0.000364950159565,
                0.000242883150349,
                0.000179464012035,
                9.84540019999e-05,
                9.02898973436e-05,
                5.80489868298e-05,
                4.54489345429e-05,
                2.68583171419e-05,
                3.47088607668e-05,
                2.09818153962e-05,
                1.70732746483e-05,
                1.35870241138e-05,
                1.16421506391e-05,
                1.06563138615e-05,
                9.42946917348e-06,
                1.07582245619e-05,
                8.6967002062e-06,
                4.52207495982e-06,
                4.27041140938e-06,
                5.19525656273e-06,
