{
    "lowlevel": {
        "average_loudness": 0.817071795464,
        "barkbands": {
            "dmean": [
                0.00100518821273,
                0.00251209083945,
                0.00080498016905,
                0.00044151901966,
                0.00151509593707,
                0.00159862427972,
                0.000504298484884,
                0.00118403125089,
                0.00103095825762,
                0.000838314648718,
                0.000481700932141,
                0.000394269009121,
                0.000252368015936,
                0.000249976292253,
                0.000280127220321,
                0.000261537177721,
                0.000266678223852,
                0.000325132918078,
                0.000264821312157,
                0.000122452474898,
                5.90992749494e-05,
                0.000151777639985,
                0.000461656542029,
                0.000265812326688,
                0.00011034905765,
                6.51098307571e-05,
                1.820901889e-05
            ],
            "dmean2": [
                0.00135846319608,
                0.00290758605115,
                0.00125289941207,
                0.00074691028567,
                0.00229716906324,
                0.00247802212834,
                0.000809069664683,
                0.00180778990034,
                0.00146005756687,
                0.00121081643738,
                0.000703381490894,
                0.00062694773078,
                0.000384569517337,
                0.000389157416066,
                0.000435292982729,
                0.000395875191316,
                0.00038877982297,
                0.000483148469357,
                0.000386326224543,
                0.00019326187612,
                9.23579646042e-05,
                0.000237771906541,
                0.000768218073063,
                0.000438729330199,
                0.000173051506863,
                0.000101249104773,
                2.89883264486e-05
            ],
            "dvar": [
                1.22547617138e-05,
                6.17000187049e-05,
                1.33241146614e-05,
                4.36676009485e-06,
                1.14017730084e-05,
                1.48798226292e-05,
                3.08440917252e-06,
                1.41900873132e-05,
                1.07355672299e-05,
                6.71002862873e-06,
                2.22771814151e-06,
                1.22482231291e-06,
                6.20162495579e-07,
                6.57945179228e-07,
                6.37141795323e-07,
                6.64598587719e-07,
                5.62216200706e-07,
                5.03688909248e-07,
                3.92660041371e-07,
                1.36673762086e-07,
                4.44082921547e-08,
                2.37664352198e-07,
                2.41107954935e-06,
                6.57212979149e-07,
                1.06748210271e-07,
                3.84183387325e-08,
                6.43056896621e-09
            ],
            "dvar2": [
                2.56253260886e-05,
                9.64799255598e-05,
                3.87044201489e-05,
                1.26192217067e-05,
                2.57706014963e-05,
                3.42317507602e-05,
                7.17392094884e-06,
                3.09860188281e-05,
                1.97474346351e-05,
                1.33594521685e-05,
                4.215030458e-06,
                2.98214536087e-06,
                1.43024760746e-06,
                1.48759568219e-06,
                1.46645049881e-06,
                1.39802523336e-06,
                1.1064167893e-06,
                1.00098998246e-06,
                8.06267394182e-07,
                3.08617018163e-07,
                9.8205518384e-08,
                5.37629148312e-07,
                6.16823854216e-06,
                1.66695042481e-06,
                2.37870864339e-07,
                8.01886699264e-08,
                1.49168748464e-08
            ],
            "max": [
                0.085395604372,
                0.169253751636,
                0.0622184053063,
                0.037246234715,
                0.0554568246007,
                0.0654787793756,
                0.0431319773197,
                0.0650406256318,
                0.0594081245363,
                0.0504771433771,
                0.0375543311238,
                0.0174097530544,
                0.017668351531,
                0.0170222800225,
                0.0115846553817,
                0.0160276237875,
                0.013376718387,
                0.00922103598714,
                0.0111419633031,
                0.0119985882193,
                0.00377822830342,
                0.00896240212023,
                0.0207896567881,
                0.0106508163735,
                0.00563577888533,
                0.00312009081244,
                0.00110206578393
            ],
            "mean": [
                0.00286028976552,
                0.0100771617144,
                0.00147655047476,
                0.000748277292587,
                0.0030468236655,
                0.00368414120749,
                0.00069780315971,
                0.00166667625308,
                0.00157227437012,
                0.00133034749888,
                0.000679201853927,
                0.000461599905975,
                0.000311484385747,
                0.000292295269901,
                0.000317276106216,
                0.000314272328978,
                0.000380081270123,
                0.000448325823527,
                0.000381940655643,
                0.00012734089978,
                5.90037707298e-05,
                0.000169285645825,
                0.000453158951132,
                0.000274873047601,
                0.000119729193102,
                7.25967256585e-05,
                1.52744487423e-05
            ],
            "median": [
                0.000176619098056,
                0.00100951676723,
                0.000218568980927,
                8.80244188011e-05,
                0.000920290127397,
                0.000252378260484,
                5.52306519239e-05,
                7.79388283263e-05,
                0.000118371703138,
                9.94165966404e-05,
                7.27605874999e-05,
                4.79652262584e-05,
                3.15449105983e-05,
                2.24336981773e-05,
                2.85216592602e-05,
                2.11691731238e-05,
                2.58696236415e-05,
                4.97176406498e-05,
                3.86997307942e-05,
                7.99611825641e-06,
                2.83263875644e-06,
                1.46809979924e-05,
                3.84839331673e-05,
                2.58360014413e-05,
                1.14037748062e-05,
                6.05263858233e-06,
                2.10191785754e-07
            ],
            "min": [
                2.00498347064e-24,
                1.41922387737e-23,
                8.96186930212e-24,
                1.8423814887e-23,
                7.81309108221e-23,
                5.73024143931e-24,
                1.42379406413e-23,
                6.78619991854e-23,
                1.01814332732e-22,
                8.37256259579e-23,
                4.33695278416e-23,
                5.87425841053e-23,
                1.664722566e-22,
                1.28843200146e-22,
                2.41132943056e-22,
                8.69162149098e-23,
                1.80409295715e-22,
                3.10748138272e-22,
                2.35138029317e-22,
                3.89581192097e-22,
                4.61124363365e-22,
                8.67448415046e-22,
                6.35064785088e-22,
                7.86833898726e-22,
                1.13544503804e-21,
                1.29265075385e-21,
                2.31457696582e-21
            ],
            "var": [
                5.32702360942e-05,
                0.000449199462309,
                1.33305102281e-05,
                4.36076015831e-06,
                2.84947564069e-05,
                6.01589490543e-05,
                4.98063309351e-06,
                2.66610240942e-05,
                2.44704806391e-05,
                1.50834202941e-05,
                4.68316102342e-06,
                1.44497403198e-06,
                8.54362212976e-07,
                9.61429122981e-07,
                8.62009073899e-07,
                9.65899857874e-07,
                1.09473796783e-06,
                9.55782184064e-07,
                8.15328178305e-07,
                1.67720969557e-07,
                5.15821518832e-08,
                2.83340710894e-07,
                2.0269160359e-06,
                6.06174921813e-07,
                1.20068449405e-07,
                4.89168208162e-08,
                5.81535442024e-09
            ]
        },
        "barkbands_crest": {
            "dmean": 2.70545911789,
            "dmean2": 4.20688295364,
            "dvar": 8.22065067291,
            "dvar2": 19.115114212,
            "max": 26.7931518555,
            "mean": 12.8306951523,
            "median": 11.9638442993,
            "min": 2.55608510971,
            "var": 26.3317070007
        },
        "barkbands_flatness_db": {
            "dmean": 0.0330377034843,
            "dmean2": 0.0460615009069,
            "dvar": 0.00158991105855,
            "dvar2": 0.00267053162679,
            "max": 0.915830910206,
            "mean": 0.229982629418,
            "median": 0.211860328913,
            "min": 0.0240632817149,
            "var": 0.0112063772976
        },
        "barkbands_kurtosis": {
            "dmean": 8.78759860992,
            "dmean2": 14.372833252,
            "dvar": 517.554992676,
            "dvar2": 1329.28234863,
            "max": 423.016540527,
            "mean": 11.5746746063,
            "median": 2.9551448822,
            "min": -1.97483682632,
            "var": 668.806213379
        },
        "barkbands_skewness": {
            "dmean": 0.959238469601,
            "dmean2": 1.46496713161,
            "dvar": 1.80355787277,
            "dvar2": 4.25172233582,
            "max": 16.4654483795,
            "mean": 1.82690560818,
            "median": 1.3974750042,
            "min": -7.01997756958,
            "var": 4.57317209244
        },
        "barkbands_spread": {
            "dmean": 7.85404539108,
            "dmean2": 12.2101449966,
            "dvar": 164.354919434,
            "dvar2": 367.94921875,
            "max": 125.786140442,
            "mean": 18.5468406677,
            "median": 13.1872348785,
            "min": 0.117036126554,
            "var": 319.936462402
        },
        "dissonance": {
            "dmean": 0.0372640565038,
            "dmean2": 0.0605866797268,
            "dvar": 0.00146379228681,
            "dvar2": 0.00367663567886,
            "max": 0.500000119209,
            "mean": 0.414650291204,
            "median": 0.432450801134,
            "min": 0.0653494819999,
            "var": 0.00452728522941
        },
        "dynamic_complexity": 4.99403333664,
        "erbbands": {
            "dmean": [
                0.140351429582,
                0.418869912624,
                0.878746747971,
                1.28627645969,
                2.13012361526,
                5.93580770493,
                11.9338788986,
                13.3461761475,
                7.22204494476,
                12.9228811264,
                26.1844329834,
                27.2818450928,
                25.2229061127,
                22.9656238556,
                18.8367042542,
                15.9646120071,
                10.5622825623,
                13.179060936,
                15.1480054855,
                12.7443943024,
                11.6586761475,
                12.5161933899,
                17.8893032074,
                14.3476257324,
                11.8690443039,
                5.31065940857,
                2.20199346542,
                2.91250443459,
                5.11616134644,
                8.6367559433,
                13.7232751846,
                8.38890838623,
                2.98906087875,
                1.44092178345,
                0.725679934025,
                0.3069704175,
                0.115804724395,
                0.0335657261312,
                0.00276409345679,
                4.9528953241e-05
            ],
            "dmean2": [
                0.155738130212,
                0.575881361961,
                1.34343016148,
                2.14101004601,
                3.42918109894,
                8.90176963806,
                18.4741973877,
                20.2176322937,
                11.3586759567,
                19.9943580627,
                39.9875068665,
                37.7014427185,
                36.145198822,
                33.6076011658,
                27.0541419983,
                24.8322696686,
                16.2175960541,
                19.763507843,
                22.7380123138,
                19.4095153809,
                17.1446609497,
                18.1299648285,
                26.1602153778,
                21.1618118286,
                17.2412929535,
                8.34892654419,
                3.34606647491,
                4.54600954056,
                8.10403633118,
                13.9132108688,
                22.9085044861,
                14.0066757202,
                4.85031986237,
                2.27805805206,
                1.13477766514,
                0.47032314539,
                0.181973204017,
                0.0537797696888,
                0.00438664993271,
                7.67597302911e-05
            ],
            "dvar": [
                0.185007035732,
                2.70247244835,
                15.0080986023,
                37.8221740723,
                54.94298172,
                200.348403931,
                811.847106934,
                1427.66137695,
                600.876831055,
                1770.93383789,
                7450.77392578,
                8286.234375,
                7328.55859375,
                4499.77001953,
                4303.52099609,
                1845.3972168,
                1102.18041992,
                1754.87866211,
                1857.83337402,
                1291.17016602,
                1267.33886719,
                1101.47009277,
                1584.04785156,
                990.803771973,
                875.527893066,
                246.96585083,
                62.0159568787,
                109.460838318,
                275.332122803,
                752.64465332,
                2176.42016602,
                719.811889648,
                80.3868865967,
                17.9663734436,
                5.05900144577,
                0.835865497589,
                0.128174230456,
                0.015091153793,
                0.000163087039255,
                2.93714119692e-08
            ],
            "dvar2": [
                0.250680297613,
                6.40595197678,
                42.1722106934,
                110.201721191,
                149.247314453,
                426.697662354,
                1798.29772949,
                3094.2590332,
                1405.33374023,
                3897.98583984,
                16268.2998047,
                14785.5839844,
                15306.5332031,
                8905.17675781,
                7857.22314453,
                4383.33740234,
                2645.65771484,
                3966.59960938,
                4144.00488281,
                2858.90991211,
                2688.71118164,
                2224.02075195,
                3014.68725586,
                2076.50561523,
                1756.62731934,
                579.135009766,
                134.186630249,
                245.178405762,
                632.943725586,
                1820.96130371,
                5559.234375,
                1845.02392578,
                196.824310303,
                41.8663063049,
                11.2423210144,
                1.70408892632,
                0.276889204979,
                0.0343419872224,
                0.000380134501029,
                6.71035991218e-08
            ],
            "max": [
                10.1735963821,
                33.3306808472,
                67.0210494995,
                116.172195435,
                152.688812256,
                315.929016113,
                431.410003662,
                658.328430176,
                763.450561523,
                758.269104004,
                1761.03051758,
                1902.34960938,
                1781.82971191,
                1630.15893555,
                1779.48547363,
                642.853881836,
                774.495727539,
                988.461608887,
                731.11932373,
                888.64453125,
                701.852783203,
                550.515930176,
                574.589477539,
                560.517272949,
                571.970947266,
                343.828979492,
                150.134857178,
                236.532470703,
                245.044998169,
                465.808044434,
                618.065185547,
                349.113647461,
                215.457168579,
                95.5538406372,
                43.3489646912,
                14.3268451691,
                6.53259134293,
                1.42306506634,
                0.189574092627,
                0.00246384460479
            ],
            "mean": [
                0.536255061626,
                1.28820514679,
                1.7839422226,
                2.3973133564,
                3.53102970123,
                11.423784256,
                26.1557884216,
                32.1314811707,
                10.9228773117,
                18.6182079315,
                37.2900924683,
                43.3670539856,
                40.4701728821,
                36.3722229004,
                27.7004375458,
                20.5031490326,
                13.6925983429,
                17.19780159,
                18.7019729614,
                15.8456916809,
                15.6600894928,
                18.3541736603,
                26.3894691467,
                21.3742027283,
                16.4304523468,
                5.80873918533,
                2.3141644001,
                2.92413711548,
                5.56709051132,
                9.29770183563,
                13.3569030762,
                8.41539573669,
                3.1736831665,
                1.55309402943,
                0.766612768173,
                0.3653627038,
                0.123040989041,
                0.0302411392331,
                0.0023415221367,
                7.61948540458e-05
            ],
            "median": [
                0.045246258378,
                0.143670395017,
                0.245690330863,
                0.40722566843,
                0.951165258884,
                2.48720049858,
                4.37015962601,
                1.82117152214,
                1.60645294189,
                2.09798789024,
                3.39250969887,
                4.16622495651,
                4.2600440979,
                4.6174788475,
                4.04498529434,
                2.64307332039,
                1.99880301952,
                1.92412054539,
                1.90666902065,
                1.54881227016,
                1.29986703396,
                1.62241101265,
                2.80588340759,
                2.69608163834,
                1.36638510227,
                0.493827223778,
                0.164687812328,
                0.152278110385,
                0.422389864922,
                0.964119851589,
                1.05938196182,
                0.649477541447,
                0.332401812077,
                0.139947280288,
                0.0732268244028,
                0.0324065126479,
                0.00910150911659,
                0.00129845691845,
                6.47840643069e-05,
                3.91779649362e-05
            ],
            "min": [
                1.51075534509e-22,
                4.00277181669e-21,
                1.02369481541e-20,
                4.61165437649e-20,
                1.89639349686e-19,
                2.29035144678e-19,
                1.47984175474e-19,
                5.25008885225e-20,
                1.57032096734e-19,
                7.52687880213e-19,
                1.21328908375e-18,
                1.90058021983e-18,
                2.7784128236e-18,
                2.59288903351e-18,
                2.43621089253e-18,
                3.29177124471e-18,
                7.26570800084e-18,
                7.39660767842e-18,
                1.15873594332e-17,
                6.66657322496e-18,
                7.11285081391e-18,
                8.98353134972e-18,
                1.85284916879e-17,
                1.12917730588e-17,
                1.57029155073e-17,
                1.8307138156e-17,
                1.97708706458e-17,
                1.93071680837e-17,
                2.50048063409e-17,
                2.53797094099e-17,
                1.69192564739e-17,
                1.88390880817e-17,
                1.28200645139e-17,
                1.36170977019e-17,
                7.21774145148e-18,
                4.98979995474e-18,
                2.22214999168e-18,
                1.14316464052e-18,
                3.46639393171e-19,
                3.30907141703e-20
            ],
            "var": [
                1.4414819479,
                7.56229305267,
                17.2588062286,
                38.5005722046,
                63.4388961792,
                558.120910645,
                2817.30883789,
                7411.97363281,
                890.140991211,
                2820.0793457,
                14969.0595703,
                18946.2167969,
                14669.6064453,
                10427.8134766,
                8922.45605469,
                2494.35400391,
                1387.00146484,
                2672.18237305,
                2765.93261719,
                1844.93359375,
                1956.69604492,
                2161.57519531,
                3230.53198242,
                1989.14611816,
                1717.10644531,
                288.741119385,
                75.6913375854,
                124.63785553,
                317.095733643,
                764.563293457,
                1830.2980957,
                631.053771973,
                80.5834350586,
                19.3652858734,
                5.5746307373,
                1.16519999504,
                0.152585223317,
                0.0142618892714,
                0.000145964455442,
                2.92328312668e-08
            ]
        },
        "erbbands_crest": {
            "dmean": 3.72430348396,
            "dmean2": 5.9788236618,
            "dvar": 14.1510410309,
            "dvar2": 32.2847480774,
            "max": 32.7580604553,
            "mean": 14.009929657,
            "median": 12.1971569061,
            "min": 2.74175024033,
            "var": 46.890045166
        },
        "erbbands_flatness_db": {
            "dmean": 0.0279866736382,
            "dmean2": 0.0401721447706,
            "dvar": 0.00100956752431,
            "dvar2": 0.0018209455302,
            "max": 0.571415185928,
            "mean": 0.228365451097,
            "median": 0.209033191204,
            "min": 0.0414007753134,
            "var": 0.00859093293548
        },
        "erbbands_kurtosis": {
            "dmean": 3.7615685463,
            "dmean2": 6.11012268066,
            "dvar": 89.6403579712,
            "dvar2": 224.987487793,
            "max": 306.47543335,
            "mean": 4.78168964386,
            "median": 0.750948369503,
            "min": -1.96941423416,
            "var": 191.553848267
        },
        "erbbands_skewness": {
            "dmean": 0.734258949757,
            "dmean2": 1.12794280052,
            "dvar": 0.902418255806,
            "dvar2": 2.00614786148,
            "max": 15.0524511337,
            "mean": 0.715252697468,
            "median": 0.570376157761,
            "min": -7.13158416748,
            "var": 2.91993260384
        },
        "erbbands_spread": {
            "dmean": 11.9107599258,
            "dmean2": 19.0551319122,
            "dvar": 318.940551758,
            "dvar2": 803.296691895,
            "max": 183.218383789,
            "mean": 31.9658107758,
            "median": 25.9192295074,
            "min": 0.42418602109,
            "var": 671.303527832
        },
        "gfcc": {
            "cov": [
                [
                    24919.5292969,
                    -7267.87109375,
                    -423.91809082,
                    3072.66992188,
                    -2005.3001709,
                    1350.62475586,
                    -193.437530518,
                    1710.29455566,
                    -293.55166626,
                    265.776031494,
                    -68.3553314209,
                    673.527709961,
                    -526.870605469
                ],
                [
                    -7267.87109375,
                    5043.19970703,
                    340.995605469,
                    -1055.56469727,
                    1503.86889648,
                    -298.942504883,
                    507.268890381,
                    -357.612731934,
                    410.212280273,
                    -155.267868042,
                    299.837860107,
                    -360.471923828,
                    197.627593994
                ],
                [
                    -423.91809082,
                    340.995605469,
                    3000.90869141,
                    540.938171387,
                    -96.5848693848,
                    519.862670898,
                    177.606369019,
                    -103.509292603,
                    -169.009643555,
                    189.218551636,
                    -111.401878357,
                    215.588088989,
                    156.683746338
                ],
                [
                    3072.66992188,
                    -1055.56469727,
                    540.938171387,
                    1345.98840332,
                    49.20570755,
                    390.842498779,
                    170.502227783,
                    366.000030518,
                    96.5181732178,
                    88.0774612427,
                    -27.5212154388,
                    97.2839279175,
                    -49.8327713013
                ],
                [
                    -2005.3001709,
                    1503.86889648,
                    -96.5848693848,
                    49.20570755,
                    1160.15429688,
                    111.949707031,
                    343.931976318,
                    77.306854248,
                    303.664520264,
                    28.4638900757,
                    98.8669433594,
                    -169.034729004,
                    46.6214561462
                ],
                [
                    1350.62475586,
                    -298.942504883,
                    519.862670898,
                    390.842498779,
                    111.949707031,
                    643.309265137,
                    352.348632813,
                    238.523132324,
                    -0.62626093626,
                    108.051338196,
                    -5.71519565582,
                    38.4534339905,
                    -74.4130935669
                ],
                [
                    -193.437530518,
                    507.268890381,
                    177.606369019,
                    170.502227783,
                    343.931976318,
                    352.348632813,
                    690.910644531,
                    176.969238281,
                    31.6436977386,
                    56.641582489,
                    75.7401275635,
                    -42.8744697571,
                    -50.5895347595
                ],
                [
                    1710.29455566,
                    -357.612731934,
                    -103.509292603,
                    366.000030518,
                    77.306854248,
                    238.523132324,
                    176.969238281,
                    524.363952637,
                    112.246559143,
                    18.5851650238,
                    49.0378074646,
                    -2.79789209366,
                    -116.139556885
                ],
                [
                    -293.55166626,
                    410.212280273,
                    -169.009643555,
                    96.5181732178,
                    303.664520264,
                    -0.62626093626,
                    31.6436977386,
                    112.246559143,
                    343.105712891,
                    41.8931159973,
                    34.3528175354,
                    -57.3486099243,
                    -0.0223552249372
                ],
                [
                    265.776031494,
                    -155.267868042,
                    189.218551636,
                    88.0774612427,
                    28.4638900757,
                    108.051338196,
                    56.641582489,
                    18.5851650238,
                    41.8931159973,
                    222.030197144,
                    13.8010654449,
                    31.6754417419,
                    31.2672080994
                ],
                [
                    -68.3553314209,
                    299.837860107,
                    -111.401878357,
                    -27.5212154388,
                    98.8669433594,
                    -5.71519565582,
                    75.7401275635,
                    49.0378074646,
                    34.3528175354,
                    13.8010654449,
                    214.959030151,
                    19.5631046295,
                    3.94812941551
                ],
                [
                    673.527709961,
                    -360.471923828,
                    215.588088989,
                    97.2839279175,
                    -169.034729004,
                    38.4534339905,
                    -42.8744697571,
                    -2.79789209366,
                    -57.3486099243,
                    31.6754417419,
                    19.5631046295,
                    198.907363892,
                    46.0480690002
                ],
                [
                    -526.870605469,
                    197.627593994,
                    156.683746338,
                    -49.8327713013,
                    46.6214561462,
                    -74.4130935669,
                    -50.5895347595,
                    -116.139556885,
                    -0.0223552249372,
                    31.2672080994,
                    3.94812941551,
                    46.0480690002,
                    184.928756714
                ]
            ],
            "icov": [
                [
                    0.00010836396541,
                    3.54754993168e-05,
                    7.26248836145e-05,
                    -0.000162053620443,
                    0.000125001650304,
                    -0.000158381546498,
                    9.03925974853e-05,
                    -0.0001822275226,
                    6.12010480836e-05,
                    -4.3057010771e-05,
                    -4.62235329906e-05,
                    -0.000123863079352,
                    1.97784265765e-05
                ],
                [
                    3.54754993168e-05,
                    0.000963544705883,
                    -0.000461009476567,
                    0.000676165684126,
                    -0.000761516334023,
                    0.000446330726845,
                    -0.000564011337701,
                    0.000240670735366,
                    -0.000780050060712,
                    0.000905078835785,
                    -0.00097440375248,
                    0.000740620947909,
                    -0.000304137502098
                ],
                [
                    7.26248836145e-05,
                    -0.000461009476567,
                    0.000799828616437,
                    -0.000625967455562,
                    0.000488186225994,
                    -0.000773058913182,
                    0.000355036492692,
                    -1.7947253582e-05,
                    0.000612912233919,
                    -0.000638321274891,
                    0.000648479675874,
                    -0.000736606772989,
                    -0.000217485809117
                ],
                [
                    -0.000162053620443,
                    0.000676165684126,
                    -0.000625967455562,
                    0.00192464829888,
                    -0.000827983487397,
                    0.000308484188281,
                    -0.000533784041181,
                    -0.000152026652358,
                    -0.000960800389294,
                    0.000733608903829,
                    -0.000380078330636,
                    0.000330410897732,
                    -0.000242241934757
                ],
                [
                    0.000125001650304,
                    -0.000761516334023,
                    0.000488186225994,
                    -0.000827983487397,
                    0.00244051450863,
                    -0.000801311514806,
                    -5.0639759138e-05,
                    -0.000260112661636,
                    -0.000483926123707,
                    -0.00055091897957,
                    0.000274563150015,
                    0.000342228566296,
                    -0.000579698593356
                ],
                [
                    -0.000158381546498,
                    0.000446330726845,
                    -0.000773058913182,
                    0.000308484188281,
                    -0.000801311514806,
                    0.00390287395567,
                    -0.00163512013387,
                    -0.000427088147262,
                    -7.97692337073e-05,
                    -0.000436979316873,
                    0.000130347019876,
                    5.82260254305e-05,
                    0.000923444749787
                ],
                [
                    9.03925974853e-05,
                    -0.000564011337701,
                    0.000355036492692,
                    -0.000533784041181,
                    -5.0639759138e-05,
                    -0.00163512013387,
                    0.00298105948605,
                    -0.000611235678662,
                    0.00111448916141,
                    -0.000729925872292,
                    -0.000121545905131,
                    -0.000181863812031,
                    0.000373502523871
                ],
                [
                    -0.0001822275226,
                    0.000240670735366,
                    -1.7947253582e-05,
                    -0.000152026652358,
                    -0.000260112661636,
                    -0.000427088147262,
                    -0.000611235678662,
                    0.00380270276219,
                    -0.00131790759042,
                    0.000641452847049,
                    -0.00084202864673,
                    0.000263252150035,
                    0.00115637434646
                ],
                [
                    6.12010480836e-05,
                    -0.000780050060712,
                    0.000612912233919,
                    -0.000960800389294,
                    -0.000483926123707,
                    -7.97692337073e-05,
                    0.00111448916141,
                    -0.00131790759042,
                    0.00534148514271,
                    -0.00187148863915,
                    0.000717733579222,
                    -0.000259739288595,
                    0.00016330552171
                ],
                [
                    -4.3057010771e-05,
                    0.000905078835785,
                    -0.000638321274891,
                    0.000733608903829,
                    -0.00055091897957,
                    -0.000436979316873,
                    -0.000729925872292,
                    0.000641452847049,
                    -0.00187148863915,
                    0.0064151645638,
                    -0.00129078316968,
                    0.000467430829303,
                    -0.00135888450313
                ],
                [
                    -4.62235329906e-05,
                    -0.00097440375248,
                    0.000648479675874,
                    -0.000380078330636,
                    0.000274563150015,
                    0.000130347019876,
                    -0.000121545905131,
                    -0.00084202864673,
                    0.000717733579222,
                    -0.00129078316968,
                    0.00656430749223,
                    -0.00226362701505,
                    0.000320772291161
                ],
                [
                    -0.000123863079352,
                    0.000740620947909,
                    -0.000736606772989,
                    0.000330410897732,
                    0.000342228566296,
                    5.82260254305e-05,
                    -0.000181863812031,
                    0.000263252150035,
                    -0.000259739288595,
                    0.000467430829303,
                    -0.00226362701505,
                    0.00831745378673,
                    -0.00248032202944
                ],
                [
                    1.97784265765e-05,
                    -0.000304137502098,
                    -0.000217485809117,
                    -0.000242241934757,
                    -0.000579698593356,
                    0.000923444749787,
                    0.000373502523871,
                    0.00115637434646,
                    0.00016330552171,
                    -0.00135888450313,
                    0.000320772291161,
                    -0.00248032202944,
                    0.00809452403337
                ]
            ],
            "mean": [
                -89.8940811157,
                99.8152236938,
                -100.198692322,
                6.78458166122,
                -54.8898010254,
                12.1567764282,
                -41.2927589417,
                11.2036170959,
                -19.0823726654,
                -12.2039861679,
                -7.13822793961,
                6.02309799194,
                -13.438952446
            ]
        },
        "hfc": {
            "dmean": 12.317363739,
            "dmean2": 18.8590602875,
            "dvar": 648.588562012,
            "dvar2": 1506.6463623,
            "max": 291.540374756,
            "mean": 23.0033531189,
            "median": 12.1891431808,
            "min": 1.06713478947e-16,
            "var": 894.12097168
        },
        "melbands": {
            "dmean": [
                0.00094661366893,
                0.000443970056949,
                0.00022705316951,
                0.000276898441371,
                0.00038638690603,
                0.000288946932415,
                0.000110054548713,
                0.000170092913322,
                0.000204678362934,
                0.000170480125234,
                0.000126830273075,
                9.68666718109e-05,
                6.07003457844e-05,
                5.33792517672e-05,
                2.55409267993e-05,
                2.68186995527e-05,
                2.56270777754e-05,
                2.48286414717e-05,
                1.84273667401e-05,
                2.16922326217e-05,
                1.35551081257e-05,
                1.32608247441e-05,
                1.55163434101e-05,
                1.77340843948e-05,
                1.15199445645e-05,
                1.03683742054e-05,
