{
    "lowlevel": {
        "average_loudness": 0.239086687565,
        "barkbands": {
            "dmean": [
                1.71432304796e-06,
                0.000172768937773,
                0.000605942856055,
                0.00022197655926,
                0.000810724799521,
                0.000467039877549,
                0.000389600958442,
                0.000376407522708,
                0.000861891196109,
                0.000326945388224,
                0.000402573205065,
                0.000279809406493,
                0.000193087602383,
                0.000287573551759,
                0.000231954923947,
                0.000178657399374,
                0.000168807033333,
                0.000156470414368,
                0.000121715413115,
                7.15427959221e-05,
                4.00987046305e-05,
                2.86933700409e-05,
                8.25645765872e-05,
                0.000101128011011,
                0.000112627072667,
                9.87827370409e-05,
                1.68203805515e-05
            ],
            "dmean2": [
                2.60060392065e-06,
                0.0002863353875,
                0.00100466492586,
                0.000340427417541,
                0.00123775901739,
                0.000648539687973,
                0.000538064457942,
                0.000557154009584,
                0.00121889053844,
                0.000452253210824,
                0.000488739809953,
                0.000359618163202,
                0.00026525661815,
                0.000389388616895,
                0.000353176612407,
                0.000271901109954,
                0.000244048773311,
                0.000236598600168,
                0.000185554585187,
                0.000105876693851,
                5.75661433686e-05,
                4.23373749072e-05,
                0.000119122567412,
                0.000138801100547,
                0.000153282948304,
                0.000141307566082,
                2.64559403149e-05
            ],
            "dvar": [
                1.33412081382e-09,
                3.69402272327e-07,
                2.42370629167e-06,
                2.56316468494e-07,
                2.19509320232e-06,
                1.69438499142e-06,
                1.66986285421e-06,
                4.59464445157e-06,
                1.83763440873e-05,
                3.25958421854e-06,
                3.66101107829e-06,
                1.48983406234e-06,
                9.57239649324e-07,
                1.29401178128e-06,
                1.23361235183e-06,
                1.10529208541e-06,
                8.03908051239e-07,
                2.3122264281e-07,
                1.26837903736e-07,
                2.50614853314e-08,
                1.06482689333e-08,
                1.15300187176e-08,
                1.10818191956e-07,
                2.59876060227e-07,
                2.48997537255e-07,
                2.13271945881e-07,
                3.36153127556e-09
            ],
            "dvar2": [
                2.7558009208e-09,
                1.02906335542e-06,
                6.19177671979e-06,
                6.17311854967e-07,
                5.58825377084e-06,
                3.31939872922e-06,
                3.7795116441e-06,
                1.13122805487e-05,
                3.80207820854e-05,
                6.45730642646e-06,
                5.27538304596e-06,
                2.29880652114e-06,
                1.96047813006e-06,
                2.34042545344e-06,
                2.68453482022e-06,
                2.78124798569e-06,
                1.35396578571e-06,
                5.16826901276e-07,
                2.97177223274e-07,
                5.39212265949e-08,
                2.14995896641e-08,
                2.60867683011e-08,
                2.17473669295e-07,
                4.60598897689e-07,
                3.94398881554e-07,
                3.55472906222e-07,
                7.36732674866e-09
            ],
            "max": [
                0.00380959943868,
                0.0154710644856,
                0.0440177470446,
                0.0168467964977,
                0.035394590348,
                0.0483117699623,
                0.0359634235501,
                0.0988510549068,
                0.148644477129,
                0.0652135983109,
                0.129283338785,
                0.0609963834286,
                0.0424659065902,
                0.0402528569102,
                0.0512358285487,
                0.048301897943,
                0.0574350990355,
                0.0166109353304,
                0.0103823998943,
                0.00461524771526,
                0.00444459356368,
                0.00499215209857,
                0.0133516071364,
                0.025936877355,
                0.0237558279186,
                0.030649099499,
                0.00231587421149
            ],
            "mean": [
                1.73882142462e-06,
                0.000250278011663,
                0.0011299746111,
                0.00044630895718,
                0.00203920714557,
                0.00145315774716,
                0.00102636462543,
                0.000716455397196,
                0.00215741316788,
                0.000576466380153,
                0.00102295691613,
                0.000671811401844,
                0.000367045839084,
                0.000592451717239,
                0.000430701154983,
                0.000284812645987,
                0.000332322408212,
                0.000332557159709,
                0.000240858760662,
                0.00016170834715,
                9.23152911128e-05,
                4.96364191349e-05,
                0.000147263592225,
                0.000200950322323,
                0.000199503148906,
                0.00015882110165,
                2.17925244215e-05
            ],
            "median": [
                3.13347243264e-07,
                2.42073219852e-05,
                0.000482061004732,
                0.000218267785385,
                0.00124715035781,
                0.000337772449711,
                0.000359646481229,
                0.0001836468291,
                0.000193549174583,
                3.50211594196e-05,
                9.64430291788e-05,
                7.09267842467e-05,
                5.15027240908e-05,
                0.000125463644508,
                0.000102899459307,
                5.35048857273e-05,
                6.01882165938e-05,
                9.85354126897e-05,
                8.42346635181e-05,
                5.37534215255e-05,
                2.65455510089e-05,
                1.00359939097e-05,
                1.94340100279e-05,
                1.71443007275e-05,
                1.63534350577e-05,
                9.72766429186e-06,
                2.45591490966e-06
            ],
            "min": [
                3.1301899745e-23,
                9.15095500125e-23,
                8.87793371294e-24,
                9.78109519908e-23,
                5.01574802935e-23,
                1.01460462352e-22,
                1.48901913482e-22,
                4.43346581384e-23,
                1.3106488489e-22,
                4.37063462046e-23,
                9.44494957668e-23,
                9.62792365483e-23,
                6.33506551297e-23,
                6.0755611985e-23,
                2.36572594961e-22,
                1.98157681584e-22,
                3.81932926875e-22,
                2.27309676616e-22,
                4.11783549746e-22,
                4.12418576464e-22,
                2.55208947909e-22,
                4.86541941359e-22,
                5.45184725093e-22,
                8.69666515207e-22,
                9.56657097612e-22,
                1.50165239511e-21,
                2.28383395825e-21
            ],
            "var": [
                1.63068791803e-09,
                5.78493995818e-07,
                5.47038371224e-06,
                4.73707672199e-07,
                6.11122186456e-06,
                8.28072279546e-06,
                3.99892451242e-06,
                6.08825985182e-06,
                7.61749906815e-05,
                7.64472406445e-06,
                1.85642729775e-05,
                8.45739577926e-06,
                2.37701078731e-06,
                4.10141319662e-06,
                2.89821014121e-06,
                1.65181006651e-06,
                3.82572125091e-06,
                6.52295739201e-07,
                2.75388288173e-07,
                8.57874340454e-08,
                4.07591791429e-08,
                3.22803366259e-08,
                3.9207046143e-07,
                1.17833076274e-06,
                1.17568606584e-06,
                9.04405794699e-07,
                8.58074589161e-09
            ]
        },
        "barkbands_crest": {
            "dmean": 2.03528261185,
            "dmean2": 3.16412234306,
            "dvar": 4.3441195488,
            "dvar2": 10.7228031158,
            "max": 25.7843589783,
            "mean": 10.5422086716,
            "median": 9.67187786102,
            "min": 2.58267045021,
            "var": 17.2438144684
        },
        "barkbands_flatness_db": {
            "dmean": 0.0178415831178,
            "dmean2": 0.0251023843884,
            "dvar": 0.000328130408889,
            "dvar2": 0.000623988162261,
            "max": 0.375164419413,
            "mean": 0.129151180387,
            "median": 0.126329630613,
            "min": 0.0254584811628,
            "var": 0.00171299010981
        },
        "barkbands_kurtosis": {
            "dmean": 1.90857112408,
            "dmean2": 2.88804841042,
            "dvar": 10.0564212799,
            "dvar2": 21.0382728577,
            "max": 105.952056885,
            "mean": 3.75780153275,
            "median": 2.05466127396,
            "min": -1.91943240166,
            "var": 43.1919021606
        },
        "barkbands_skewness": {
            "dmean": 0.40945354104,
            "dmean2": 0.587068140507,
            "dvar": 0.214048758149,
            "dvar2": 0.412257611752,
            "max": 9.72663784027,
            "mean": 1.40794670582,
            "median": 1.42583608627,
            "min": -6.08536052704,
            "var": 1.54734158516
        },
        "barkbands_spread": {
            "dmean": 6.27324104309,
            "dmean2": 9.43358612061,
            "dvar": 95.3808059692,
            "dvar2": 204.103790283,
            "max": 127.709693909,
            "mean": 23.0611991882,
            "median": 18.8799190521,
            "min": 1.06540739536,
            "var": 258.067718506
        },
        "dissonance": {
            "dmean": 0.0186062529683,
            "dmean2": 0.0309038087726,
            "dvar": 0.000349757494405,
            "dvar2": 0.000925596512388,
            "max": 0.499981820583,
            "mean": 0.449756264687,
            "median": 0.457839488983,
            "min": 0.214233085513,
            "var": 0.00105332653038
        },
        "dynamic_complexity": 5.21528577805,
        "erbbands": {
            "dmean": [
                0.0009468976059,
                0.0616296902299,
                0.62494879961,
                0.533877551556,
                1.66850507259,
                3.43245983124,
                3.63333082199,
                3.63889479637,
                2.94261860847,
                9.12543201447,
                9.49917602539,
                16.1058101654,
                14.7785511017,
                12.8875961304,
                12.1416797638,
                9.35612869263,
                8.1454782486,
                12.2694177628,
                11.7997684479,
                10.1393632889,
                9.38467597961,
                9.39093875885,
                6.98893928528,
                8.10581302643,
                3.70162367821,
                3.12443375587,
                2.2521147728,
                1.05204868317,
                0.876878499985,
                1.72298204899,
                2.4586212635,
                2.49709749222,
                1.5126619339,
                1.2317802906,
                0.862388014793,
                0.492949724197,
                0.172237336636,
                0.0304059423506,
                0.00266250944696,
                0.000145207450259
            ],
            "dmean2": [
                0.00153908878565,
                0.102582857013,
                1.0405755043,
                0.832510113716,
                2.38237261772,
                5.35192775726,
                5.33719730377,
                5.00327825546,
                4.08740663528,
                12.7680330276,
                13.5666646957,
                22.7619743347,
                19.8883476257,
                15.7563877106,
                14.9814863205,
                12.2469539642,
                11.1029920578,
                16.3272151947,
                16.3167572021,
                15.5539035797,
                13.5563812256,
                13.4588222504,
                10.3331823349,
                12.3643388748,
                5.5044093132,
                4.4979352951,
                3.19700551033,
                1.52783179283,
                1.30963563919,
                2.56758904457,
                3.5493710041,
                3.45123147964,
                2.08607459068,
                1.68521106243,
                1.21370351315,
                0.679938316345,
                0.254308611155,
                0.0465895421803,
                0.00414625322446,
                0.000235161613091
            ],
            "dvar": [
                1.55041525431e-05,
                0.0424960367382,
                2.95991420746,
                1.18675506115,
                14.6842594147,
                47.0919303894,
                48.8644790649,
                159.227096558,
                171.186355591,
                1371.62963867,
                2346.50219727,
                7767.64160156,
                8371.39746094,
                3516.20361328,
                3703.99731445,
                1565.61755371,
                1795.13525391,
                1734.80993652,
                2969.04345703,
                3803.39038086,
                2295.78222656,
                2011.03344727,
                593.557373047,
                527.641601563,
                93.7943115234,
                53.6542396545,
                35.0343856812,
                7.18052768707,
                9.13730335236,
                62.8273124695,
                101.32610321,
                141.120376587,
                59.2390213013,
                33.3773536682,
                16.7316665649,
                6.39160346985,
                0.595798373222,
                0.0135361915454,
                8.20405548438e-05,
                2.06113398349e-07
            ],
            "dvar2": [
                3.87082764064e-05,
                0.118364103138,
                7.80335378647,
                2.76655864716,
                34.406867981,
                125.676559448,
                103.049102783,
                307.669433594,
                362.423248291,
                3342.76416016,
                5189.015625,
                16707.2832031,
                16508.0429688,
                6644.34375,
                6258.86132813,
                2897.41967773,
                3847.86621094,
                2739.79516602,
                5785.5,
                9709.24609375,
                4829.92431641,
                2789.18408203,
                1257.52246094,
                1222.88415527,
                190.042556763,
                111.119850159,
                71.8729858398,
                13.6011009216,
                20.1665325165,
                135.98991394,
                192.946929932,
                277.129699707,
                98.7755584717,
                52.8656272888,
                30.9262123108,
                10.1894788742,
                1.08711194992,
                0.0268520787358,
                0.000171361360117,
                4.98163274187e-07
            ],
            "max": [
                0.252876549959,
                5.04005622864,
                48.6188812256,
                25.164773941,
                89.1378631592,
                186.592468262,
                239.779159546,
                470.991119385,
                576.557067871,
                1825.08166504,
                1676.13354492,
                3234.55200195,
                3624.8190918,
                2885.19067383,
                3511.05322266,
                2004.18701172,
                2354.08105469,
                2262.72338867,
                2232.17456055,
                3004.98510742,
                2338.24853516,
                3069.54174805,
                1091.6854248,
                722.931640625,
                463.779815674,
                218.535964966,
                205.33732605,
                132.934799194,
                117.780845642,
                498.255767822,
                418.510742188,
                655.907470703,
                314.372894287,
                322.146514893,
                221.01121521,
                162.544555664,
                49.3687210083,
                6.23598384857,
                0.364712566137,
                0.012667266652
            ],
            "mean": [
                0.00163547345437,
                0.0938216224313,
                1.05032539368,
                1.4488401413,
                3.03512072563,
                8.67118644714,
                12.4739084244,
                9.82203769684,
                7.64051103592,
                23.8701076508,
                19.2923336029,
                35.7557678223,
                39.9227027893,
                34.4849433899,
                32.506362915,
                22.3866767883,
                17.8576946259,
                28.0931835175,
                24.1129760742,
                18.3047847748,
                18.4498214722,
                19.5144138336,
                16.5861263275,
                17.8250255585,
                8.85527992249,
                7.23957586288,
                5.56191205978,
                2.36589288712,
                1.60763669014,
                2.88155007362,
                4.49084663391,
                4.57155132294,
                3.07301330566,
                2.24095010757,
                1.406498909,
                0.826592743397,
                0.258354693651,
                0.0430994182825,
                0.00356329954229,
                0.000179822163773
            ],
            "median": [
                0.0003579321492,
                0.0199065729976,
                0.413091391325,
                0.902251183987,
                1.27178955078,
                5.19000768661,
                4.9196190834,
                2.46351194382,
                2.58124685287,
                9.01867866516,
                4.54232358932,
                3.77990722656,
                3.3507874012,
                3.45624780655,
                4.02055501938,
                3.0824136734,
                3.26893424988,
                7.03475379944,
                5.13543748856,
                4.48726272583,
                3.58215641975,
                4.25780057907,
                4.80314922333,
                6.31599521637,
                3.61166262627,
                2.28669691086,
                1.38325858116,
                0.840558767319,
                0.398170053959,
                0.353517234325,
                0.596338331699,
                0.468608915806,
                0.245225906372,
                0.181038454175,
                0.101301774383,
                0.0408583022654,
                0.0170523524284,
                0.00467649055645,
                0.000389884167816,
                3.50098016497e-05
            ],
            "min": [
                3.37783282494e-21,
                1.74393632283e-20,
                1.84514801001e-20,
                1.57179373657e-19,
                2.91211545438e-19,
                1.18451772579e-19,
                3.0027623003e-19,
                9.27361800708e-19,
                1.89438939333e-18,
                2.12397316555e-18,
                8.16702974228e-19,
                2.72848709696e-18,
                2.32103695237e-18,
                3.26232423529e-18,
                2.59846919392e-18,
                3.78011200179e-18,
                2.81908301957e-18,
                3.02223382173e-18,
                5.10966545654e-18,
                1.67255969489e-17,
                1.09008590818e-17,
                2.50623896921e-17,
                1.3753596565e-17,
                1.83583902667e-17,
                1.85958225354e-17,
                2.29213534449e-17,
                1.1114835817e-17,
                1.19625164467e-17,
                1.58367946894e-17,
                1.63989118921e-17,
                1.56401540055e-17,
                1.7088524097e-17,
                1.50417053759e-17,
                8.6978421913e-18,
                8.44598471993e-18,
                6.19795141971e-18,
                2.85948582941e-18,
                9.24628382374e-19,
                3.10090366107e-19,
                3.64694109305e-20
            ],
            "var": [
                2.17331398744e-05,
                0.0693444684148,
                6.01526451111,
                3.30735611916,
                25.4771289825,
                132.059799194,
                427.30645752,
                550.711975098,
                409.305603027,
                2461.52880859,
                4145.04052734,
                21621.5957031,
                33167.6523438,
                17904.6425781,
                17053.3359375,
                6034.16796875,
                4390.75488281,
                7104.93310547,
                7612.90087891,
                4768.58398438,
                7626.55175781,
                10534.5273438,
                1907.52880859,
                1304.57470703,
                269.106109619,
                189.662597656,
                143.348480225,
                28.4654693604,
                27.197927475,
                168.650421143,
                378.500427246,
                572.610656738,
                283.943756104,
                157.011642456,
                62.872253418,
                27.8002605438,
                2.21478056908,
                0.0433960109949,
                0.000227600059588,
                3.61439163044e-07
            ]
        },
        "erbbands_crest": {
            "dmean": 2.20865607262,
            "dmean2": 3.35365438461,
            "dvar": 5.80474853516,
            "dvar2": 13.2716808319,
            "max": 32.2722854614,
            "mean": 10.1045074463,
            "median": 8.892578125,
            "min": 2.28000402451,
            "var": 24.1968975067
        },
        "erbbands_flatness_db": {
            "dmean": 0.0180536136031,
            "dmean2": 0.0242306459695,
            "dvar": 0.000375631381758,
            "dvar2": 0.000658426200971,
            "max": 0.334186941385,
            "mean": 0.155327916145,
            "median": 0.1524348557,
            "min": 0.0237680803984,
            "var": 0.00217298767529
        },
        "erbbands_kurtosis": {
            "dmean": 0.843687772751,
            "dmean2": 1.26066994667,
            "dvar": 2.16643071175,
            "dvar2": 4.42538785934,
            "max": 36.4040298462,
            "mean": 0.765693485737,
            "median": -0.288850605488,
            "min": -1.80332756042,
            "var": 9.10320663452
        },
        "erbbands_skewness": {
            "dmean": 0.309867203236,
            "dmean2": 0.442171394825,
            "dvar": 0.116074368358,
            "dvar2": 0.214928463101,
            "max": 5.22639513016,
            "mean": 0.374792069197,
            "median": 0.373379319906,
            "min": -4.81066036224,
            "var": 0.928126215935
        },
        "erbbands_spread": {
            "dmean": 7.28283596039,
            "dmean2": 10.6542873383,
            "dvar": 90.7348861694,
            "dvar2": 198.179626465,
            "max": 132.703414917,
            "mean": 38.9756126404,
            "median": 38.8492965698,
            "min": 2.61422801018,
            "var": 331.926391602
        },
        "gfcc": {
            "cov": [
                [
                    11593.6630859,
                    -505.20715332,
                    -878.78125,
                    391.14440918,
                    -322.311309814,
                    373.410736084,
                    133.475250244,
                    297.214447021,
                    -310.675354004,
                    -193.721038818,
                    -85.49659729,
                    -181.600082397,
                    -168.670852661
                ],
                [
                    -505.20715332,
                    1329.50012207,
                    -469.273162842,
                    29.4459171295,
                    117.568862915,
                    -130.532699585,
                    141.075378418,
                    -4.91638326645,
                    -15.6251678467,
                    -8.21359825134,
                    69.0246810913,
                    -75.7284469604,
                    27.9250583649
                ],
                [
                    -878.78125,
                    -469.273162842,
                    888.740722656,
                    79.8047332764,
                    66.2136230469,
                    94.0947341919,
                    -96.8744812012,
                    49.3308105469,
                    96.4710845947,
                    58.5802459717,
                    -35.9540939331,
                    74.8143463135,
                    -54.9804039001
                ],
                [
                    391.14440918,
                    29.4459171295,
                    79.8047332764,
                    427.179656982,
                    76.4934005737,
                    23.9277057648,
                    -44.2717704773,
                    22.0588188171,
                    54.4278526306,
                    -7.83435630798,
                    -5.90912246704,
                    -1.91406023502,
                    -35.265045166
                ],
                [
                    -322.311309814,
                    117.568862915,
                    66.2136230469,
                    76.4934005737,
                    210.818984985,
                    30.708776474,
                    27.6825561523,
                    3.30024886131,
                    19.5265827179,
                    13.2756118774,
                    -9.28751373291,
                    5.7110877037,
                    -1.29736757278
                ],
                [
                    373.410736084,
                    -130.532699585,
                    94.0947341919,
                    23.9277057648,
                    30.708776474,
                    231.397201538,
                    85.2409210205,
                    3.09536862373,
                    -14.2057094574,
                    7.21736001968,
                    -13.8211050034,
                    -26.0209541321,
                    -34.9266204834
                ],
                [
                    133.475250244,
                    141.075378418,
                    -96.8744812012,
                    -44.2717704773,
                    27.6825561523,
                    85.2409210205,
                    210.654373169,
                    48.6612930298,
                    -22.7029361725,
                    -1.95471072197,
                    7.21067428589,
                    -35.3505897522,
                    0.624362289906
                ],
                [
                    297.214447021,
                    -4.91638326645,
                    49.3308105469,
                    22.0588188171,
                    3.30024886131,
                    3.09536862373,
                    48.6612930298,
                    161.541931152,
                    39.2530593872,
                    0.149537697434,
                    -10.6810541153,
                    -1.58464980125,
                    2.3177189827
                ],
                [
                    -310.675354004,
                    -15.6251678467,
                    96.4710845947,
                    54.4278526306,
                    19.5265827179,
                    -14.2057094574,
                    -22.7029361725,
                    39.2530593872,
                    128.39541626,
                    25.1693973541,
                    -11.4773139954,
                    13.2239866257,
                    -13.9969377518
                ],
                [
                    -193.721038818,
                    -8.21359825134,
                    58.5802459717,
                    -7.83435630798,
                    13.2756118774,
                    7.21736001968,
                    -1.95471072197,
                    0.149537697434,
                    25.1693973541,
                    89.5853881836,
                    25.9848575592,
                    2.30245232582,
                    3.2103369236
                ],
                [
                    -85.49659729,
                    69.0246810913,
                    -35.9540939331,
                    -5.90912246704,
                    -9.28751373291,
                    -13.8211050034,
                    7.21067428589,
                    -10.6810541153,
                    -11.4773139954,
                    25.9848575592,
                    86.334602356,
                    26.4466552734,
                    10.6081047058
                ],
                [
                    -181.600082397,
                    -75.7284469604,
                    74.8143463135,
                    -1.91406023502,
                    5.7110877037,
                    -26.0209541321,
                    -35.3505897522,
                    -1.58464980125,
                    13.2239866257,
                    2.30245232582,
                    26.4466552734,
                    93.0538101196,
                    25.1194820404
                ],
                [
                    -168.670852661,
                    27.9250583649,
                    -54.9804039001,
                    -35.265045166,
                    -1.29736757278,
                    -34.9266204834,
                    0.624362289906,
                    2.3177189827,
                    -13.9969377518,
                    3.2103369236,
                    10.6081047058,
                    25.1194820404,
                    111.312263489
                ]
            ],
            "icov": [
                [
                    0.000157601447427,
                    7.93257349869e-05,
                    0.000256753672147,
                    -0.000206400698517,
                    0.000188270540093,
                    -0.000305484689306,
                    0.000169351667864,
                    -0.000491360377055,
                    0.000448318314739,
                    -7.28560826246e-06,
                    0.000127211489598,
                    -4.700880163e-05,
                    0.000251031888183
                ],
                [
                    7.93257349869e-05,
                    0.00134425819851,
                    0.000561740540434,
                    -0.000228487391723,
                    -0.000832608144265,
                    0.000871506868862,
                    -0.000759397924412,
                    -5.14243401994e-05,
                    -0.000121492565086,
                    0.000270727323368,
                    -0.00111711025238,
                    0.00110110780224,
                    9.20113088796e-05
                ],
                [
                    0.000256753672147,
                    0.000561740540434,
                    0.0023459859658,
                    -0.000335899734637,
                    -0.000335933436872,
                    -0.0012235759059,
                    0.00106977694668,
                    -0.00143675762229,
                    0.000200189620955,
                    -0.00111223966815,
                    0.000919890357181,
                    -0.00147102330811,
                    0.00123808998615
                ],
                [
                    -0.000206400698517,
                    -0.000228487391723,
                    -0.000335899734637,
                    0.00318681937642,
                    -0.00129661604296,
                    -0.000282296765363,
                    0.00101616431493,
                    9.96822709567e-05,
                    -0.00161082367413,
                    0.000958439777605,
                    -0.000893876247574,
                    0.000537665793672,
                    0.000210468759178
                ],
                [
                    0.000188270540093,
                    -0.000832608144265,
                    -0.000335933436872,
                    -0.00129661604296,
                    0.00649241916835,
                    -0.00110903533641,
                    -0.000707845028955,
                    1.58250604727e-05,
                    0.000500746245962,
                    -0.00116854778025,
                    0.00214659748599,
                    -0.00167436455376,
                    -8.12753569335e-05
                ],
                [
                    -0.000305484689306,
                    0.000871506868862,
                    -0.0012235759059,
                    -0.000282296765363,
                    -0.00110903533641,
                    0.00779694039375,
                    -0.00423412909731,
                    0.00214268197306,
                    -1.92215193238e-05,
                    -0.00034760084236,
                    -0.000275212049019,
                    0.00166941620409,
                    0.000694440852385
                ],
                [
                    0.000169351667864,
                    -0.000759397924412,
                    0.00106977694668,
                    0.00101616431493,
                    -0.000707845028955,
                    -0.00423412909731,
                    0.00886920653284,
                    -0.00371077959426,
                    0.00117254955694,
                    0.000242782218265,
                    -0.000925409374759,
                    0.00114021205809,
                    -4.05026803492e-05
                ],
                [
                    -0.000491360377055,
                    -5.14243401994e-05,
                    -0.00143675762229,
                    9.96822709567e-05,
                    1.58250604727e-05,
                    0.00214268197306,
                    -0.00371077959426,
                    0.00956023856997,
                    -0.00383118679747,
                    0.000686818617396,
                    0.000147622995428,
                    0.000404164020438,
                    -0.00152231613174
                ],
                [
                    0.000448318314739,
                    -0.000121492565086,
                    0.000200189620955,
                    -0.00161082367413,
                    0.000500746245962,
                    -1.92215193238e-05,
                    0.00117254955694,
                    -0.00383118679747,
                    0.0121621694416,
                    -0.0037001343444,
                    0.00312478002161,
                    -0.00219401577488,
                    0.00220473320223
                ],
                [
                    -7.28560826246e-06,
                    0.000270727323368,
                    -0.00111223966815,
                    0.000958439777605,
                    -0.00116854778025,
                    -0.00034760084236,
                    0.000242782218265,
                    0.000686818617396,
                    -0.0037001343444,
                    0.0151386391371,
                    -0.00672247400507,
                    0.00368001568131,
                    -0.00155471614562
                ],
                [
                    0.000127211489598,
                    -0.00111711025238,
                    0.000919890357181,
                    -0.000893876247574,
                    0.00214659748599,
                    -0.000275212049019,
                    -0.000925409374759,
                    0.000147622995428,
                    0.00312478002161,
                    -0.00672247400507,
                    0.0178406666964,
                    -0.00764801679179,
                    0.00119745347183
                ],
                [
                    -4.700880163e-05,
                    0.00110110780224,
                    -0.00147102330811,
                    0.000537665793672,
                    -0.00167436455376,
                    0.00166941620409,
                    0.00114021205809,
                    0.000404164020438,
                    -0.00219401577488,
                    0.00368001568131,
                    -0.00764801679179,
                    0.0172154903412,
                    -0.00395234813914
                ],
                [
                    0.000251031888183,
                    9.20113088796e-05,
                    0.00123808998615,
                    0.000210468759178,
                    -8.12753569335e-05,
                    0.000694440852385,
                    -4.05026803492e-05,
                    -0.00152231613174,
                    0.00220473320223,
                    -0.00155471614562,
                    0.00119745347183,
                    -0.00395234813914,
                    0.0113679906353
                ]
            ],
            "mean": [
                -41.3925094604,
                63.9128913879,
                -112.424972534,
                7.60157966614,
                -57.4162216187,
                -6.88313341141,
                -51.2746887207,
                1.61039292812,
                -34.6182441711,
                -5.17889928818,
                -19.740064621,
                -7.52117872238,
                -20.0615596771
            ]
        },
        "hfc": {
            "dmean": 6.24820232391,
            "dmean2": 8.23214244843,
            "dvar": 262.396911621,
            "dvar2": 408.542480469,
            "max": 737.971557617,
            "mean": 20.0742816925,
            "median": 7.75688648224,
            "min": 1.07287515822e-16,
            "var": 1606.38696289
        },
        "melbands": {
            "dmean": [
                2.50994216913e-05,
                0.000238070977503,
                0.000124074620544,
                0.000170146799064,
                0.000135233334731,
                8.27482072054e-05,
                5.31542027602e-05,
                9.37486693147e-05,
                8.4637402324e-05,
                0.000111439585453,
                7.41037511034e-05,
                5.1580107538e-05,
                5.0374710554e-05,
                2.73661189567e-05,
                2.76459268207e-05,
                1.99921068997e-05,
                2.43923113885e-05,
                2.07102639251e-05,
                1.92997122213e-05,
                1.18787993415e-05,
                1.15491156976e-05,
                1.17043391583e-05,
                5.61319666303e-06,
                8.52458379086e-06,
                7.18175169823e-06,
                3.8175849113e-06,
