{
    "lowlevel": {
        "average_loudness": 0.871090352535,
        "barkbands": {
            "dmean": [
                0.000205135118449,
                0.00279311859049,
                0.0011346534593,
                0.000548191019334,
                0.00115272786934,
                0.000608801667113,
                0.00117030087858,
                0.000534606806468,
                0.000828504445963,
                0.000627635687124,
                0.000873386918101,
                0.000588437542319,
                0.000489222991746,
                0.000468360696686,
                0.00032615751843,
                0.000314415519824,
                0.000313917582389,
                0.00028821293381,
                0.000202604423976,
                0.000216100379475,
                0.000208435638342,
                0.000107459156425,
                0.000100514211226,
                0.00012982969929,
                0.000138976698508,
                8.51639051689e-05,
                1.8522994651e-05
            ],
            "dmean2": [
                0.000300187646644,
                0.0043804757297,
                0.00203154538758,
                0.000942479586229,
                0.00185199419502,
                0.000977012212388,
                0.00193900219165,
                0.000884311972186,
                0.00129965518136,
                0.000993665540591,
                0.00136637198739,
                0.00093224568991,
                0.000802522758022,
                0.000744649441913,
                0.000533170008566,
                0.000511743943207,
                0.0005075786612,
                0.000454044173239,
                0.000322571460856,
                0.00033373941551,
                0.000322586129187,
                0.000167999154655,
                0.000156482827151,
                0.000198740104679,
                0.000227051714319,
                0.000146225575008,
                3.16353834933e-05
            ],
            "dvar": [
                2.93929758755e-07,
                4.83388648718e-05,
                2.38898101088e-05,
                2.30331534112e-06,
                5.22197660757e-06,
                1.53488986143e-06,
                4.31800390288e-06,
                1.7974889488e-06,
                3.85318298868e-06,
                2.35329775933e-06,
                3.76928528567e-06,
                1.30743126192e-06,
                9.36984633881e-07,
                9.18724708754e-07,
                4.23059134391e-07,
                3.63806805126e-07,
                5.72059263959e-07,
                3.45247485711e-07,
                1.73775646317e-07,
                2.41314495497e-07,
                2.65402803734e-07,
                7.5028836477e-08,
                5.66128086632e-08,
                1.26446366266e-07,
                9.79868630679e-08,
                3.99488335745e-08,
                3.50997320098e-09
            ],
            "dvar2": [
                5.06808419232e-07,
                0.000109014712507,
                6.73233298585e-05,
                6.45408454147e-06,
                1.32987088364e-05,
                3.63576418749e-06,
                1.09308439278e-05,
                4.6720406317e-06,
                9.11542338144e-06,
                5.30717670699e-06,
                8.44151600177e-06,
                2.73123532679e-06,
                2.34596291193e-06,
                2.08914866562e-06,
                1.03688626041e-06,
                8.93852245554e-07,
                1.29458680931e-06,
                7.9269403841e-07,
                4.04758537798e-07,
                5.53958670935e-07,
                5.92010167111e-07,
                1.63980004686e-07,
                1.28118642806e-07,
                2.79593905361e-07,
                2.57260666103e-07,
                1.17058426952e-07,
                1.03373656302e-08
            ],
            "max": [
                0.0102307852358,
                0.077159024775,
                0.0565681234002,
                0.0203782413155,
                0.0461224354804,
                0.027556899935,
                0.0420603565872,
                0.0371859744191,
                0.0472209230065,
                0.0291079487652,
                0.0477815419436,
                0.0292232632637,
                0.0144991660491,
                0.0186222176999,
                0.0186462346464,
                0.0156651027501,
                0.0214802157134,
                0.0155979422852,
                0.0135784912854,
                0.00946204923093,
                0.0147751355544,
                0.0032439683564,
                0.00391739513725,
                0.00774976285174,
                0.00702910451218,
                0.00366467772983,
                0.000772123632487
            ],
            "mean": [
                0.00106498389505,
                0.0158597975969,
                0.0010660351254,
                0.000698364689015,
                0.00209571048617,
                0.0010417716112,
                0.00181193766184,
                0.000713111308869,
                0.0014048650628,
                0.000930793234147,
                0.00147900474258,
                0.00104904710315,
                0.000805331394076,
                0.000808870536275,
                0.000547769363038,
                0.000499693676829,
                0.0005222390173,
                0.000513766950462,
                0.000375706818886,
                0.000409255502746,
                0.000380250421586,
                0.000197105589905,
                0.00016915082233,
                0.000239901564782,
                0.000249137025094,
                0.000122081342852,
                2.84145189653e-05
            ],
            "median": [
                7.40055547794e-05,
                0.00268468307331,
                0.000173628999619,
                0.000215161999222,
                0.000834229169413,
                0.000360856502084,
                0.000766944431234,
                0.000257510924712,
                0.000404400692787,
                0.000351515569491,
                0.000503161980305,
                0.000395251612645,
                0.00032238685526,
                0.000331847637426,
                0.000234947932768,
                0.000248348340392,
                0.000215931679122,
                0.000217859007535,
                0.000153909000801,
                0.000164385128301,
                0.000134308531415,
                7.10062304279e-05,
                5.30736360815e-05,
                0.000100173841929,
                9.2718299129e-05,
                2.12658469536e-05,
                1.41259090469e-06
            ],
            "min": [
                5.60260887245e-24,
                4.64485276853e-23,
                2.22752673291e-23,
                1.05930774597e-23,
                4.43514608756e-23,
                5.53414387114e-23,
                1.35075895495e-23,
                1.98980129031e-23,
                2.07883796965e-23,
                8.62858582486e-23,
                2.9742731943e-23,
                6.8943773611e-23,
                7.58530654919e-23,
                9.85373477341e-23,
                1.2237402323e-22,
                1.47553870101e-22,
                1.34376409374e-22,
                1.53598538876e-22,
                3.84919491153e-22,
                1.80562460948e-22,
                2.66883432974e-22,
                5.97132970129e-22,
                8.06453336445e-22,
                7.99825137792e-22,
                1.23934162909e-21,
                1.81683839978e-21,
                2.2188390898e-21
            ],
            "var": [
                3.44084469361e-06,
                0.000450430321507,
                1.53757300723e-05,
                1.79277424195e-06,
                1.27254224935e-05,
                3.7142626752e-06,
                7.92955233919e-06,
                2.34230742535e-06,
                8.49773914524e-06,
                4.21981849286e-06,
                9.10426115297e-06,
                4.06916115026e-06,
                1.87155319509e-06,
                2.25207304538e-06,
                8.94706772669e-07,
                6.60841749323e-07,
                1.2460105836e-06,
                7.7348437344e-07,
                4.28018125831e-07,
                5.05089303715e-07,
                5.12136978159e-07,
                1.17978437686e-07,
                9.13388120694e-08,
                2.00583286869e-07,
                1.89396189398e-07,
                5.06904633824e-08,
                4.73826267111e-09
            ]
        },
        "barkbands_crest": {
            "dmean": 2.28411149979,
            "dmean2": 3.63911795616,
            "dvar": 6.52599287033,
            "dvar2": 14.4976434708,
            "max": 26.0065479279,
            "mean": 12.3228406906,
            "median": 10.7802457809,
            "min": 1.91932427883,
            "var": 42.529335022
        },
        "barkbands_flatness_db": {
            "dmean": 0.0204112362117,
            "dmean2": 0.031208217144,
            "dvar": 0.00067473371746,
            "dvar2": 0.00139236159157,
            "max": 0.634238600731,
            "mean": 0.15375252068,
            "median": 0.132952362299,
            "min": 0.0145469214767,
            "var": 0.00841633230448
        },
        "barkbands_kurtosis": {
            "dmean": 4.22053146362,
            "dmean2": 7.03992366791,
            "dvar": 149.531768799,
            "dvar2": 427.652648926,
            "max": 336.131378174,
            "mean": 7.58335733414,
            "median": 0.779077172279,
            "min": -1.83263874054,
            "var": 410.24407959
        },
        "barkbands_skewness": {
            "dmean": 0.549756526947,
            "dmean2": 0.85973829031,
            "dvar": 0.528925895691,
            "dvar2": 1.25864481926,
            "max": 15.6148271561,
            "mean": 1.71269094944,
            "median": 1.08790838718,
            "min": -2.69310426712,
            "var": 3.8205537796
        },
        "barkbands_spread": {
            "dmean": 5.46137094498,
            "dmean2": 8.55716705322,
            "dvar": 48.6206207275,
            "dvar2": 108.091018677,
            "max": 109.018592834,
            "mean": 23.8790512085,
            "median": 20.9734268188,
            "min": 0.23331259191,
            "var": 242.521850586
        },
        "dissonance": {
            "dmean": 0.0195668563247,
            "dmean2": 0.033164806664,
            "dvar": 0.000461404240923,
            "dvar2": 0.00126667064615,
            "max": 0.500000059605,
            "mean": 0.466854155064,
            "median": 0.475190103054,
            "min": 0.0985074862838,
            "var": 0.000883695553057
        },
        "dynamic_complexity": 2.39959764481,
        "erbbands": {
            "dmean": [
                0.107699856162,
                0.63372862339,
                1.32264304161,
                1.45488381386,
                2.75558304787,
                4.62099266052,
                4.66550636292,
                4.89985275269,
                12.6512908936,
                16.9095287323,
                13.3775672913,
                14.7370071411,
                20.1911411285,
                25.6738128662,
                24.8770637512,
                20.3102321625,
                20.0933494568,
                23.0067062378,
                14.1800603867,
                17.7348098755,
                15.3401079178,
                17.7331371307,
                14.4918909073,
                13.2700042725,
                8.33696842194,
                9.61603069305,
                9.70976829529,
                6.90317201614,
                4.26051092148,
                3.00609302521,
                2.88089346886,
                2.8389582634,
                2.14892148972,
                1.63273990154,
                1.02831315994,
                0.488106697798,
                0.130561575294,
                0.0244972687215,
                0.00304250884801,
                0.000174279892235
            ],
            "dmean2": [
                0.154913499951,
                1.01756036282,
                2.30509138107,
                2.54332661629,
                4.55923986435,
                7.37895202637,
                7.47127771378,
                7.81887626648,
                20.8035507202,
                27.9304161072,
                21.8217906952,
                23.5975990295,
                31.3358306885,
                40.5543937683,
                38.8424072266,
                32.6001052856,
                32.7096672058,
                35.6630935669,
                22.8282146454,
                28.5307006836,
                24.6221694946,
                28.4892978668,
                22.7058601379,
                20.9134140015,
                13.1911153793,
                14.9168968201,
                14.8415317535,
                10.9628973007,
                6.7134885788,
                4.54945230484,
                4.55796718597,
                4.34427165985,
                3.37107753754,
                2.59216165543,
                1.75404572487,
                0.839394390583,
                0.225022673607,
                0.0417999364436,
                0.00518192583695,
                0.00031707593007
            ],
            "dvar": [
                0.0751463845372,
                2.99767446518,
                29.4181480408,
                24.186208725,
                35.7501029968,
                93.9985733032,
                111.8957901,
                95.588508606,
                577.70501709,
                1120.91967773,
                1297.06994629,
                1346.55541992,
                1870.48352051,
                3108.74853516,
                2499.4597168,
                1323.06225586,
                1567.57116699,
                2592.98852539,
                570.333374023,
                1354.33068848,
                855.671691895,
                1715.74438477,
                927.297851562,
                808.144775391,
                262.138336182,
                507.030670166,
                599.885131836,
                287.682525635,
                129.631851196,
                67.5438766479,
                45.6195983887,
                63.0283660889,
                30.7720985413,
                15.0293369293,
                5.45646953583,
                1.28205883503,
                0.0991131663322,
                0.00493838591501,
                0.000108540712972,
                3.31444510948e-07
            ],
            "dvar2": [
                0.131886050105,
                7.53522539139,
                81.3092041016,
                68.5168228149,
                93.7730636597,
                226.835922241,
                253.339263916,
                228.163574219,
                1407.89233398,
                2858.62792969,
                3313.8815918,
                3433.10644531,
                4035.58862305,
                7126.20263672,
                5493.79101562,
                2863.06713867,
                3897.91943359,
                5603.92480469,
                1360.03320312,
                3324.39331055,
                2071.20385742,
                3883.59277344,
                2045.10290527,
                1832.49255371,
                567.814025879,
                1164.39025879,
                1297.45373535,
                689.316589355,
                296.764923096,
                145.150680542,
                103.387550354,
                144.312194824,
                67.7336044312,
                37.5590171814,
                15.5611810684,
                3.74733042717,
                0.283874601126,
                0.0141151659191,
                0.000304518587654,
                1.11187807761e-06
            ],
            "max": [
                3.31582164764,
                21.0223655701,
                63.5231971741,
                71.7141418457,
                102.551589966,
                222.042236328,
                232.873596191,
                339.787231445,
                430.160369873,
                1006.03430176,
                961.37121582,
                905.145996094,
                1042.24377441,
                2146.89086914,
                1009.09680176,
                813.670593262,
                656.363525391,
                1153.49572754,
                621.712524414,
                809.324462891,
                639.41217041,
                1305.61962891,
                850.777160645,
                913.568725586,
                334.128082275,
                513.751647949,
                787.468139648,
                300.755157471,
                139.094696045,
                131.445114136,
                123.299850464,
                201.285110474,
                126.585105896,
                104.480857849,
                39.7773094177,
                23.6446781158,
                5.16314888,
                0.895063519478,
                0.161569982767,
                0.0074757495895
            ],
            "mean": [
                0.704833388329,
                2.54929614067,
                1.66232311726,
                1.85992848873,
                4.38046360016,
                8.15671825409,
                7.81834125519,
                8.60576725006,
                20.4454154968,
                24.652261734,
                20.6956481934,
                24.7739009857,
                33.0859642029,
                45.145160675,
                46.3662567139,
                38.0264816284,
                37.3519630432,
                43.4510955811,
                27.8061847687,
                32.2569618225,
                26.8994808197,
                31.1368141174,
                28.0272121429,
                24.9305076599,
                17.2985267639,
                18.3191299438,
                18.2600288391,
                12.1913461685,
                7.5425696373,
                5.43299627304,
                4.86937618256,
                4.8564043045,
                3.96230912209,
                2.96034932137,
                1.70169591904,
                0.700020313263,
                0.187769204378,
                0.0362079143524,
                0.00472683878615,
                0.000306676287437
            ],
            "median": [
                0.0855930447578,
                0.47089356184,
                0.52899235487,
                0.716677069664,
                1.72467327118,
                2.78795194626,
                2.47298908234,
                3.57869148254,
                9.45489692688,
                9.75734329224,
                7.15263795853,
                7.88943767548,
                13.3315067291,
                20.2108726501,
                18.4008674622,
                17.450553894,
                17.8998241425,
                17.1116676331,
                15.6254138947,
                15.5091533661,
                15.2861824036,
                14.2336196899,
                12.7951602936,
                10.0486049652,
                7.68040084839,
                7.45613670349,
                6.6150932312,
                4.39487504959,
                2.80483579636,
                1.79173135757,
                1.58390665054,
                1.82421672344,
                1.68981301785,
                1.06109166145,
                0.55459356308,
                0.160687744617,
                0.026134967804,
                0.00329492008314,
                0.000291612232104,
                7.37270456739e-05
            ],
            "min": [
                1.10347630471e-21,
                1.08828986643e-20,
                3.20093209223e-20,
                2.58946515847e-20,
                1.40863649665e-19,
                1.33370634086e-19,
                3.3960512679e-19,
                3.73579605897e-19,
                1.42935685401e-19,
                2.54178204125e-19,
                5.77659874716e-19,
                4.80857098978e-19,
                6.18409324931e-19,
                3.78399809631e-18,
                1.63354574198e-18,
                3.13991494632e-18,
                3.31519058901e-18,
                3.88642414925e-18,
                5.7428614621e-18,
                7.70075950811e-18,
                7.94922636615e-18,
                8.52967058251e-18,
                8.05959128502e-18,
                1.65930478732e-17,
                1.63441707336e-17,
                9.43634159757e-18,
                1.2299009384e-17,
                1.17461408877e-17,
                2.15152969504e-17,
                2.14401393199e-17,
                1.93856691782e-17,
                1.90356642456e-17,
                1.26827980272e-17,
                1.22322071049e-17,
                9.50542193206e-18,
                5.93331897096e-18,
                3.86705364725e-18,
                1.14055230075e-18,
                3.47676108972e-19,
                3.00595786703e-20
            ],
            "var": [
                1.02209544182,
                12.88539505,
                21.7511253357,
                16.5833206177,
                59.7796096802,
                244.377929688,
                287.402893066,
                196.833892822,
                1122.42541504,
                2027.7434082,
                1833.21704102,
                2478.34619141,
                4238.00488281,
                7064.12011719,
                6764.49853516,
                3853.20996094,
                3206.48876953,
                7404.78564453,
                1671.45324707,
                2794.74169922,
                1624.29553223,
                3734.89160156,
                2353.82617188,
                1877.78601074,
                684.266967773,
                1020.66455078,
                1250.09289551,
                483.531036377,
                180.878921509,
                107.282432556,
                72.6886291504,
                92.3896865845,
                51.2978935242,
                28.7866897583,
                9.07920265198,
                1.61728918552,
                0.127816230059,
                0.00640365667641,
                0.000141390119097,
                4.1759832925e-07
            ]
        },
        "erbbands_crest": {
            "dmean": 2.59482264519,
            "dmean2": 4.25258016586,
            "dvar": 6.14522695541,
            "dvar2": 15.4063243866,
            "max": 29.1613254547,
            "mean": 8.73736858368,
            "median": 7.85325145721,
            "min": 2.36047458649,
            "var": 17.652557373
        },
        "erbbands_flatness_db": {
            "dmean": 0.0176161918789,
            "dmean2": 0.0265821553767,
            "dvar": 0.000327547924826,
            "dvar2": 0.000699897238519,
            "max": 0.470871508121,
            "mean": 0.165617138147,
            "median": 0.154919177294,
            "min": 0.039590831846,
            "var": 0.00511612696573
        },
        "erbbands_kurtosis": {
            "dmean": 0.878134787083,
            "dmean2": 1.39432799816,
            "dvar": 1.60149514675,
            "dvar2": 3.75547385216,
            "max": 32.4743309021,
            "mean": 0.508483111858,
            "median": -0.0262439250946,
            "min": -1.8566069603,
            "var": 4.3620300293
        },
        "erbbands_skewness": {
            "dmean": 0.361029446125,
            "dmean2": 0.56368035078,
            "dvar": 0.121300213039,
            "dvar2": 0.27886608243,
            "max": 5.4053311348,
            "mean": 0.147918716073,
            "median": 0.117266327143,
            "min": -3.28668689728,
            "var": 0.556818723679
        },
        "erbbands_spread": {
            "dmean": 8.33487892151,
            "dmean2": 13.0168819427,
            "dvar": 108.705169678,
            "dvar2": 263.569793701,
            "max": 158.631729126,
            "mean": 36.4740028381,
            "median": 34.3346405029,
            "min": 1.50455749035,
            "var": 335.859283447
        },
        "gfcc": {
            "cov": [
                [
                    8226.27050781,
                    -2231.43847656,
                    1398.27697754,
                    1061.73876953,
                    -295.79095459,
                    541.976318359,
                    -378.653778076,
                    570.420593262,
                    -252.099594116,
                    528.796875,
                    -205.569381714,
                    -14.2241172791,
                    -328.457214355
                ],
                [
                    -2231.43847656,
                    3169.42822266,
                    47.041595459,
                    296.673126221,
                    771.007446289,
                    81.1691818237,
                    459.293731689,
                    -101.012542725,
                    299.613616943,
                    -233.318893433,
                    158.798187256,
                    -89.306968689,
                    258.482452393
                ],
                [
                    1398.27697754,
                    47.041595459,
                    2096.79467773,
                    778.118225098,
                    709.5703125,
                    808.101257324,
                    373.955444336,
                    364.625457764,
                    133.732498169,
                    120.675727844,
                    -83.4896011353,
                    125.789894104,
                    -58.4249191284
                ],
                [
                    1061.73876953,
                    296.673126221,
                    778.118225098,
                    998.654968262,
                    439.249450684,
                    407.782470703,
                    323.942810059,
                    231.661590576,
                    155.77722168,
                    92.4073104858,
                    35.0955657959,
                    -1.44590342045,
                    28.7179832458
                ],
                [
                    -295.79095459,
                    771.007446289,
                    709.5703125,
                    439.249450684,
                    883.230224609,
                    442.805847168,
                    453.17300415,
                    141.215774536,
                    200.572479248,
                    54.3753433228,
                    79.7112426758,
                    50.6385803223,
                    72.9365386963
                ],
                [
                    541.976318359,
                    81.1691818237,
                    808.101257324,
                    407.782470703,
                    442.805847168,
                    671.121520996,
                    328.226623535,
                    184.414321899,
                    72.9106445312,
                    53.3034820557,
                    1.39063262939,
                    61.354888916,
                    5.35499191284
                ],
                [
                    -378.653778076,
                    459.293731689,
                    373.955444336,
                    323.942810059,
                    453.17300415,
                    328.226623535,
                    508.082183838,
                    117.163619995,
                    146.648590088,
                    23.2074718475,
                    82.5363769531,
                    32.64894104,
                    71.1522293091
                ],
                [
                    570.420593262,
                    -101.012542725,
                    364.625457764,
                    231.661590576,
                    141.215774536,
                    184.414321899,
                    117.163619995,
                    278.650421143,
                    61.345489502,
                    88.7216339111,
                    17.4527320862,
                    17.5407085419,
                    23.7327232361
                ],
                [
                    -252.099594116,
                    299.613616943,
                    133.732498169,
                    155.77722168,
                    200.572479248,
                    72.9106445312,
                    146.648590088,
                    61.345489502,
                    253.340133667,
                    57.6542167664,
                    64.5044021606,
                    46.9646759033,
                    50.4307823181
                ],
                [
                    528.796875,
                    -233.318893433,
                    120.675727844,
                    92.4073104858,
                    54.3753433228,
                    53.3034820557,
                    23.2074718475,
                    88.7216339111,
                    57.6542167664,
                    175.313552856,
                    48.7210502625,
                    34.2036247253,
                    1.27388966084
                ],
                [
                    -205.569381714,
                    158.798187256,
                    -83.4896011353,
                    35.0955657959,
                    79.7112426758,
                    1.39063262939,
                    82.5363769531,
                    17.4527320862,
                    64.5044021606,
                    48.7210502625,
                    141.34803772,
                    35.5504302979,
                    45.1127052307
                ],
                [
                    -14.2241172791,
                    -89.306968689,
                    125.789894104,
                    -1.44590342045,
                    50.6385803223,
                    61.354888916,
                    32.64894104,
                    17.5407085419,
                    46.9646759033,
                    34.2036247253,
                    35.5504302979,
                    129.307662964,
                    24.4952945709
                ],
                [
                    -328.457214355,
                    258.482452393,
                    -58.4249191284,
                    28.7179832458,
                    72.9365386963,
                    5.35499191284,
                    71.1522293091,
                    23.7327232361,
                    50.4307823181,
                    1.27388966084,
                    45.1127052307,
                    24.4952945709,
                    125.01764679
                ]
            ],
            "icov": [
                [
                    0.00031917783781,
                    3.04793520627e-05,
                    -3.29733702529e-05,
                    -0.000372928101569,
                    0.000159324743436,
                    -0.000172190892044,
                    0.0003440969449,
                    -0.000276683364064,
                    0.000363144266885,
                    -0.000790304795373,
                    0.000229984012549,
                    -7.23890798326e-06,
                    0.000396912510041
                ],
                [
                    3.04793520627e-05,
                    0.000774724001531,
                    -0.00012342260743,
                    -6.76827767165e-05,
                    -0.0005757791223,
                    0.000200319133,
                    5.88973671256e-05,
                    0.000399051437853,
                    -0.000572966877371,
                    0.00115848472342,
                    -0.000693022389896,
                    0.00101505103521,
                    -0.00107527000364
                ],
                [
                    -3.29733702529e-05,
                    -0.00012342260743,
                    0.00145064236131,
                    -0.000432389235357,
                    -0.0005629301304,
                    -0.00082931102952,
                    0.000217479842831,
                    -0.000833870493807,
                    0.000107393338112,
                    -0.00016508284898,
                    0.00137344491668,
                    -0.00141091609839,
                    0.00108347565401
                ],
                [
                    -0.000372928101569,
                    -6.76827767165e-05,
                    -0.000432389235357,
                    0.00225638505071,
                    -0.000203013245482,
                    -6.32660739939e-05,
                    -0.000752419698983,
                    -8.93223768799e-05,
                    -0.000878465361893,
                    0.000613192562014,
                    -0.000600587343797,
                    0.0011143257143,
                    -0.000647398468573
                ],
                [
                    0.000159324743436,
                    -0.0005757791223,
                    -0.0005629301304,
                    -0.000203013245482,
                    0.00336799491197,
                    -0.00077434477862,
                    -0.00126174930483,
                    0.00017637705605,
                    -0.00020056332869,
                    -0.00138013705146,
                    -8.32150690258e-05,
                    -8.52892699186e-05,
                    0.000287192990072
                ],
                [
                    -0.000172190892044,
                    0.000200319133,
                    -0.00082931102952,
                    -6.32660739939e-05,
                    -0.00077434477862,
                    0.00395738566294,
                    -0.00159602041822,
                    -0.000280281616142,
                    0.00047182868002,
                    0.00069827697007,
                    0.000146733844304,
                    -0.000579314946663,
                    -0.000132674496854
                ],
                [
                    0.0003440969449,
                    5.88973671256e-05,
                    0.000217479842831,
                    -0.000752419698983,
                    -0.00126174930483,
                    -0.00159602041822,
                    0.00517872301862,
                    -0.000724025478121,
                    -0.00047840696061,
                    0.000290834141197,
                    -0.00133278942667,
                    0.000432524306234,
                    -0.000362524937373
                ],
                [
                    -0.000276683364064,
                    0.000399051437853,
                    -0.000833870493807,
                    -8.93223768799e-05,
                    0.00017637705605,
                    -0.000280281616142,
                    -0.000724025478121,
                    0.00654328521341,
                    -0.000873160664923,
                    -0.00103929452598,
                    -0.000645087857265,
                    0.0016714889789,
                    -0.00257404707372
                ],
                [
                    0.000363144266885,
                    -0.000572966877371,
                    0.000107393338112,
                    -0.000878465361893,
                    -0.00020056332869,
                    0.00047182868002,
                    -0.00047840696061,
                    -0.000873160664923,
                    0.00691007450223,
                    -0.00293607031927,
                    0.00020634412067,
                    -0.00226791226305,
                    0.00053792091785
                ],
                [
                    -0.000790304795373,
                    0.00115848472342,
                    -0.00016508284898,
                    0.000613192562014,
                    -0.00138013705146,
                    0.00069827697007,
                    0.000290834141197,
                    -0.00103929452598,
                    -0.00293607031927,
                    0.0122779766098,
                    -0.00457878597081,
                    0.000474303698866,
                    -0.00126396713313
                ],
                [
                    0.000229984012549,
                    -0.000693022389896,
                    0.00137344491668,
                    -0.000600587343797,
                    -8.32150690258e-05,
                    0.000146733844304,
                    -0.00133278942667,
                    -0.000645087857265,
                    0.00020634412067,
                    -0.00457878597081,
                    0.0124896215275,
                    -0.00369155127555,
                    -7.9979057773e-05
                ],
                [
                    -7.23890798326e-06,
                    0.00101505103521,
                    -0.00141091609839,
                    0.0011143257143,
                    -8.52892699186e-05,
                    -0.000579314946663,
                    0.000432524306234,
                    0.0016714889789,
                    -0.00226791226305,
                    0.000474303698866,
                    -0.00369155127555,
                    0.0121994828805,
                    -0.003670131322
                ],
                [
                    0.000396912510041,
                    -0.00107527000364,
                    0.00108347565401,
                    -0.000647398468573,
                    0.000287192990072,
                    -0.000132674496854,
                    -0.000362524937373,
                    -0.00257404707372,
                    0.00053792091785,
                    -0.00126396713313,
                    -7.9979057773e-05,
                    -0.003670131322,
                    0.0129968831316
                ]
            ],
            "mean": [
                5.18399715424,
                66.358215332,
                -127.16179657,
                14.0583257675,
                -52.7419052124,
                15.4158115387,
                -33.4111213684,
                11.4656648636,
                -23.6973590851,
                4.59139299393,
                -10.5041942596,
                2.69822788239,
                -3.87680625916
            ]
        },
        "hfc": {
            "dmean": 8.45931720734,
            "dmean2": 13.060090065,
            "dvar": 231.186248779,
            "dvar2": 521.245422363,
            "max": 204.174255371,
            "mean": 28.8561420441,
            "median": 23.5303592682,
            "min": 1.15874199829e-16,
            "var": 579.457641602
        },
        "melbands": {
            "dmean": [
                0.000824868795462,
                0.000682264973875,
                0.000284452660708,
                0.000270448013907,
                0.000164636730915,
                0.000114217735245,
                0.000207310673431,
                0.000167293241248,
                0.000121710574604,
                9.92272034637e-05,
                0.000106647836219,
                0.000105609484308,
                0.000108649204776,
                5.35390463483e-05,
                6.58319113427e-05,
                5.03561932419e-05,
                4.30888139817e-05,
                2.55596423813e-05,
                2.89941999654e-05,
                2.41883099079e-05,
                1.77187030204e-05,
                2.08309102163e-05,
                1.36103353725e-05,
                1.57788781507e-05,
                1.1465436728e-05,
                7.17820739737e-06,
                6.72626038067e-06,
                7.16380691301e-06,
