{
    "lowlevel": {
        "average_loudness": 0.954255282879,
        "barkbands": {
            "dmean": [
                0.00132044241764,
                0.0140517866239,
                0.00369805027731,
                0.00143980176654,
                0.00103979103733,
                0.000428931496572,
                0.000519499240909,
                0.000426251266617,
                0.000539772328921,
                0.000473713967949,
                0.000404384802096,
                0.000291170872515,
                0.000330374401528,
                0.000362382997992,
                0.000230595804169,
                0.000228054937907,
                0.000364264764357,
                0.000429951585829,
                0.00029242382152,
                0.000269078824203,
                0.000300070561934,
                0.000242212365265,
                0.000243108617724,
                0.000244991213549,
                0.000259415333858,
                0.000238347667619,
                5.63656176382e-05
            ],
            "dmean2": [
                0.00195400021039,
                0.0213560536504,
                0.00649627344683,
                0.00266165239736,
                0.00165483343881,
                0.000720491458196,
                0.000852059281897,
                0.000651973008644,
                0.000871986674611,
                0.00069728755625,
                0.000621778133791,
                0.000484641699586,
                0.00055039441213,
                0.000568419753108,
                0.000378813507268,
                0.000364806794096,
                0.000588201393839,
                0.000676720461342,
                0.000465333403554,
                0.000435968948295,
                0.000500129244756,
                0.000405875849538,
                0.000396561459638,
                0.000385326042306,
                0.000401410128688,
                0.000373823713744,
                8.35322134662e-05
            ],
            "dvar": [
                4.71884141007e-06,
                0.000450842810096,
                9.25772619667e-05,
                1.56230453285e-05,
                4.22895618613e-06,
                1.05763831471e-06,
                1.74459671598e-06,
                9.0016123977e-07,
                1.527464633e-06,
                1.46407865032e-06,
                1.00010618098e-06,
                3.6787719182e-07,
                4.96821030538e-07,
                7.27754468244e-07,
                2.08943674807e-07,
                1.95830395455e-07,
                7.15547571417e-07,
                6.66853395614e-07,
                2.0241104437e-07,
                2.00882993795e-07,
                2.96174135883e-07,
                1.4506967716e-07,
                1.39298563795e-07,
                1.24381983824e-07,
                1.95259062252e-07,
                4.19063297841e-07,
                7.8040534035e-09
            ],
            "dvar2": [
                9.43978011492e-06,
                0.000955012859777,
                0.000246653595241,
                4.43995195383e-05,
                9.72620182438e-06,
                2.68295184469e-06,
                3.53819064003e-06,
                1.84993746188e-06,
                3.59829755325e-06,
                2.70318105322e-06,
                1.99459555006e-06,
                8.80331299413e-07,
                1.21989376112e-06,
                1.62027879469e-06,
                4.99059183312e-07,
                4.58399966874e-07,
                1.64171990491e-06,
                1.41537623222e-06,
                4.62082255126e-07,
                4.60771445887e-07,
                7.63015918892e-07,
                3.53861878466e-07,
                3.45731592688e-07,
                2.77808652527e-07,
                4.23355771773e-07,
                1.00367310552e-06,
                1.70657674659e-08
            ],
            "max": [
                0.0229532979429,
                0.157650545239,
                0.111492112279,
                0.0575150698423,
                0.0445963963866,
                0.0290574859828,
                0.0296963509172,
                0.0370406731963,
                0.0307039003819,
                0.0394094698131,
                0.0276825092733,
                0.02170326747,
                0.0229335166514,
                0.0196419972926,
                0.0124617721885,
                0.00983879063278,
                0.0214539337903,
                0.0224830284715,
                0.0187516789883,
                0.0167745482177,
                0.013105657883,
                0.0077971345745,
                0.00453290808946,
                0.0108423819765,
                0.00719655072317,
                0.00915239937603,
                0.00180139823351
            ],
            "mean": [
                0.00304296659306,
                0.0385056659579,
                0.00430230982602,
                0.00133114878554,
                0.00191291491501,
                0.000605908047874,
                0.000981632969342,
                0.000781857466791,
                0.000988328596577,
                0.000904751650523,
                0.00078961905092,
                0.000401427882025,
                0.000452127103927,
                0.000601092411671,
                0.000318821257679,
                0.000349879643181,
                0.000530603283551,
                0.000732012558728,
                0.000548599928152,
                0.000596858677454,
                0.000550220953301,
                0.000474969187053,
                0.000472839397844,
                0.000574618868995,
                0.000589913048316,
                0.000480111979414,
                0.000187553843716
            ],
            "median": [
                0.000978762982413,
                0.0326465889812,
                0.00109636143316,
                0.000325941771735,
                0.000681465782691,
                0.000286380236503,
                0.000291331321932,
                0.00029842677759,
                0.000322155916365,
                0.000231960861129,
                0.000197261324502,
                0.000142768505611,
                0.000175561872311,
                0.000141739161336,
                0.000147081969772,
                0.000170280021848,
                0.000205444157473,
                0.00031699903775,
                0.00036355300108,
                0.000441443466116,
                0.000391845416743,
                0.000343738007359,
                0.000393429538235,
                0.000508327153511,
                0.000516022089869,
                0.00036906672176,
                0.000120379532746
            ],
            "min": [
                4.88931354498e-25,
                2.74811923678e-24,
                1.1165103379e-24,
                5.09301567312e-25,
                1.24608531698e-23,
                8.87268699906e-24,
                6.8718194102e-24,
                7.60569592147e-24,
                1.72638911669e-23,
                1.97500541517e-23,
                2.63273507653e-23,
                4.2473621667e-23,
                3.62279290459e-23,
                3.57777576817e-23,
                7.20311038259e-23,
                8.04222993163e-23,
                8.31291966264e-23,
                1.49401546424e-22,
                1.26665956669e-22,
                2.17006673566e-22,
                2.26643095462e-22,
                4.09847394784e-22,
                4.40110270054e-22,
                5.63083411053e-22,
                1.00893002517e-21,
                1.41734792827e-21,
                1.96400223181e-21
            ],
            "var": [
                1.69907398231e-05,
                0.00112206838094,
                0.00010139997903,
                1.20985387184e-05,
                1.24745802168e-05,
                1.22921835555e-06,
                7.48431921238e-06,
                2.95835070574e-06,
                4.8843417062e-06,
                5.34383616468e-06,
                4.51452024208e-06,
                8.26257348763e-07,
                8.37751713334e-07,
                2.02188448384e-06,
                3.0630971537e-07,
                3.90506755821e-07,
                1.33675359848e-06,
                1.71751901235e-06,
                5.0586800171e-07,
                5.53699862849e-07,
                4.05860959063e-07,
                2.90771879463e-07,
                1.99871891482e-07,
                2.59217927123e-07,
                3.18044698133e-07,
                4.1521576577e-07,
                6.12788824128e-08
            ]
        },
        "barkbands_crest": {
            "dmean": 2.92289471626,
            "dmean2": 4.66857814789,
            "dvar": 12.4063444138,
            "dvar2": 30.0545558929,
            "max": 25.9621353149,
            "mean": 15.8680524826,
            "median": 16.656211853,
            "min": 1.88022625446,
            "var": 35.0989494324
        },
        "barkbands_flatness_db": {
            "dmean": 0.0294874254614,
            "dmean2": 0.0455561541021,
            "dvar": 0.00130256160628,
            "dvar2": 0.00294212740846,
            "max": 0.415295600891,
            "mean": 0.135348945856,
            "median": 0.123754367232,
            "min": 0.0137416515499,
            "var": 0.00403459509835
        },
        "barkbands_kurtosis": {
            "dmean": 7.01333856583,
            "dmean2": 10.8897323608,
            "dvar": 194.788894653,
            "dvar2": 470.383056641,
            "max": 278.896850586,
            "mean": 10.0257978439,
            "median": 3.26243495941,
            "min": -1.92467916012,
            "var": 347.711486816
        },
        "barkbands_skewness": {
            "dmean": 0.912186801434,
            "dmean2": 1.38015294075,
            "dvar": 1.42743659019,
            "dvar2": 3.15994215012,
            "max": 15.830324173,
            "mean": 2.43746256828,
            "median": 2.01254940033,
            "min": -3.64959526062,
            "var": 4.32814264297
        },
        "barkbands_spread": {
            "dmean": 10.8546056747,
            "dmean2": 16.8502902985,
            "dvar": 168.316772461,
            "dvar2": 373.869537354,
            "max": 121.713661194,
            "mean": 34.9863967896,
            "median": 31.4824676514,
            "min": 0.647551238537,
            "var": 485.114593506
        },
        "dissonance": {
            "dmean": 0.0108936801553,
            "dmean2": 0.0182056631893,
            "dvar": 0.00014681679022,
            "dvar2": 0.00038474984467,
            "max": 0.500000238419,
            "mean": 0.480880051851,
            "median": 0.487039089203,
            "min": 0.317471116781,
            "var": 0.000381758349249
        },
        "dynamic_complexity": 2.02177095413,
        "erbbands": {
            "dmean": [
                0.592565059662,
                3.07580375671,
                4.2859377861,
                4.80401182175,
                3.59956431389,
                3.93836259842,
                3.5714609623,
                3.58792448044,
                6.06817436218,
                10.3384981155,
                8.22398757935,
                13.4096784592,
                15.0112075806,
                14.8620672226,
                12.487663269,
                12.1039657593,
                14.4327373505,
                20.5777053833,
                10.0264492035,
                12.1288719177,
                13.4978847504,
                18.3736000061,
                21.9124145508,
                19.5170097351,
                14.1489639282,
                12.5314865112,
                12.0227594376,
                11.8484544754,
                9.06642436981,
                7.96026802063,
                6.90342664719,
                5.85061645508,
                3.79572582245,
                3.0022995472,
                2.04147696495,
                1.2637001276,
                0.373832464218,
                0.0781562998891,
                0.00989518873394,
                0.000520834408235
            ],
            "dmean2": [
                0.887900352478,
                4.60654687881,
                7.06912612915,
                8.68863868713,
                6.33494091034,
                6.06331300735,
                5.73627519608,
                6.01868677139,
                9.9155626297,
                15.3971633911,
                12.7214765549,
                21.5932693481,
                22.1910209656,
                22.1179046631,
                19.9311313629,
                20.0424575806,
                23.9524421692,
                32.2694587708,
                16.0250854492,
                19.60206604,
                21.5125656128,
                29.0935020447,
                34.7656860352,
                30.5538959503,
                22.6491622925,
                20.2817554474,
                19.6654644012,
                20.4332695007,
                15.1690301895,
                12.8706512451,
                11.4847488403,
                9.30973052979,
                6.01770210266,
                4.72930812836,
                3.20741581917,
                1.98935687542,
                0.582777559757,
                0.117907211185,
                0.0148024568334,
                0.00078849500278
            ],
            "dvar": [
                0.676892518997,
                29.2862548828,
                95.6434555054,
                174.237136841,
                64.9729995728,
                70.242767334,
                61.1417427063,
                108.034835815,
                191.693954468,
                556.670532227,
                333.655334473,
                1099.35656738,
                1543.29003906,
                1676.35131836,
                649.173400879,
                667.363464355,
                895.16418457,
                2238.66040039,
                355.156707764,
                523.951660156,
                682.297546387,
                1841.5480957,
                1756.86193848,
                1308.95666504,
                405.51272583,
                501.942230225,
                530.308227539,
                416.565490723,
                236.995071411,
                141.867630005,
                104.552902222,
                72.3974456787,
                32.648349762,
                21.422454834,
                15.8094215393,
                13.4430007935,
                0.785822272301,
                0.0130722867325,
                0.000244680442847,
                1.0790261058e-06
            ],
            "dvar2": [
                1.57915437222,
                63.1947669983,
                241.214508057,
                483.703918457,
                175.03036499,
                154.048614502,
                133.829086304,
                276.725646973,
                428.339599609,
                1014.97491455,
                672.048950195,
                2536.04052734,
                3196.97558594,
                3175.30371094,
                1553.52856445,
                1553.7791748,
                2181.12329102,
                4971.44433594,
                814.828430176,
                1247.20397949,
                1548.48937988,
                4057.7746582,
                3824.9699707,
                2784.23144531,
                962.116882324,
                1164.40380859,
                1328.20788574,
                1099.91589355,
                573.135925293,
                344.921417236,
                265.756988525,
                166.608337402,
                74.3672943115,
                47.2029533386,
                34.7666015625,
                32.0947303772,
                1.94657969475,
                0.0304594058543,
                0.000568729126826,
                2.45385922426e-06
            ],
            "max": [
                6.38432741165,
                37.9813919067,
                108.657516479,
                164.936904907,
                116.669540405,
                249.159439087,
                203.303283691,
                349.635070801,
                260.520050049,
                724.898254395,
                1026.05725098,
                906.327148438,
                1235.76843262,
                1269.18530273,
                1171.50561523,
                1122.24780273,
                925.18548584,
                1076.1282959,
                725.013977051,
                594.150939941,
                579.569885254,
                1061.37036133,
                1271.77929688,
                1177.51574707,
                629.559326172,
                923.363342285,
                662.329040527,
                469.160766602,
                340.992889404,
                204.011505127,
                148.779586792,
                322.325805664,
                120.394996643,
                125.616950989,
                60.2765655518,
                53.3452301025,
                12.8891744614,
                2.49767780304,
                0.51298481226,
                0.0215657539666
            ],
            "mean": [
                1.553399086,
                6.8901553154,
                6.00362586975,
                5.22277116776,
                4.76592969894,
                6.91477870941,
                5.81198644638,
                5.02619504929,
                9.80569934845,
                19.3348941803,
                15.9274168015,
                25.4979400635,
                31.1345405579,
                31.9062385559,
                21.3044281006,
                18.108625412,
                20.9061470032,
                35.3268623352,
                16.5124073029,
                18.0870895386,
                22.0280208588,
                28.1916427612,
                37.4217529297,
                35.4697647095,
                28.2358016968,
                28.3124217987,
                23.1684474945,
                20.973072052,
                17.4013156891,
                15.5488758087,
                13.361166954,
                12.5639762878,
                8.81399536133,
                6.87364435196,
                4.1624007225,
                2.23137664795,
                0.804495573044,
                0.215528085828,
                0.0315411239862,
                0.00178854342084
            ],
            "median": [
                1.35103356838,
                4.35100269318,
                2.34265494347,
                1.38232278824,
                1.71437954903,
                2.08604621887,
                2.21808671951,
                2.46915864944,
                3.73480129242,
                6.40973043442,
                7.51659822464,
                8.00607872009,
                8.50259113312,
                7.66846370697,
                8.12710762024,
                7.24158000946,
                9.12775802612,
                9.54995822906,
                8.15495109558,
                9.20883083344,
                10.7667140961,
                11.5129585266,
                16.9905586243,
                18.3020324707,
                19.921005249,
                21.1689109802,
                16.5412311554,
                15.2273159027,
                12.5359592438,
                11.5293254852,
                11.3190383911,
                10.759765625,
                7.78725528717,
                6.17273616791,
                3.41678881645,
                1.64814567566,
                0.612977862358,
                0.156584918499,
                0.0206101033837,
                0.000935430522077
            ],
            "min": [
                8.1234302245e-23,
                5.58751870486e-22,
                9.11831117969e-22,
                2.72084886433e-21,
                1.57185108991e-20,
                5.00109391693e-20,
                9.94950806108e-20,
                5.77658608096e-20,
                1.36900588576e-19,
                1.77653709405e-19,
                3.39520857765e-19,
                4.12653963672e-19,
                1.14402397778e-18,
                1.03997716783e-18,
                1.15192158808e-18,
                1.80447858306e-18,
                2.38381127547e-18,
                1.31999972547e-18,
                2.72944848763e-18,
                4.39237578836e-18,
                5.12825055054e-18,
                4.79744696151e-18,
                8.22475443793e-18,
                6.72457430233e-18,
                6.46054073234e-18,
                9.25154531282e-18,
                1.16287002659e-17,
                9.55326192279e-18,
                1.32644027779e-17,
                1.43840024904e-17,
                1.26569478058e-17,
                1.00745925038e-17,
                1.13182941236e-17,
                8.98494086549e-18,
                7.09674395302e-18,
                5.06705490164e-18,
                2.56391041511e-18,
                1.05441974133e-18,
                2.59444294398e-19,
                2.72351123076e-20
            ],
            "var": [
                1.7534968853,
                56.1623191833,
                113.628822327,
                159.350341797,
                86.09815979,
                209.793380737,
                140.803543091,
                107.659309387,
                495.699462891,
                1966.71484375,
                1222.9041748,
                3625.22753906,
                6246.61816406,
                7918.90039062,
                1588.03771973,
                1610.31481934,
                1534.60437012,
                6239.97119141,
                667.402160645,
                821.073303223,
                1506.69519043,
                3572.8828125,
                4286.45849609,
                3699.41870117,
                978.108764648,
                1292.88586426,
                809.825256348,
                555.539550781,
                436.022705078,
                276.311248779,
                146.529006958,
                135.684936523,
                62.4364738464,
                39.2496871948,
                21.2404384613,
                12.3863267899,
                0.885867714882,
                0.0544010438025,
                0.00174011837225,
                7.96172844275e-06
            ]
        },
        "erbbands_crest": {
            "dmean": 2.20115637779,
            "dmean2": 3.47332382202,
            "dvar": 4.83983945847,
            "dvar2": 10.6114015579,
            "max": 25.9700183868,
            "mean": 7.41064548492,
            "median": 6.12425804138,
            "min": 1.87363088131,
            "var": 16.7960281372
        },
        "erbbands_flatness_db": {
            "dmean": 0.0138714071363,
            "dmean2": 0.0197389349341,
            "dvar": 0.000229922137805,
            "dvar2": 0.000400246295612,
            "max": 0.328836888075,
            "mean": 0.0957331955433,
            "median": 0.0855795890093,
            "min": 0.0337750390172,
            "var": 0.00166883761995
        },
        "erbbands_kurtosis": {
            "dmean": 0.861756503582,
            "dmean2": 1.28941118717,
            "dvar": 1.24728906155,
            "dvar2": 2.68635177612,
            "max": 18.5046958923,
            "mean": 0.301293879747,
            "median": -0.200099945068,
            "min": -1.78997921944,
            "var": 3.1208422184
        },
        "erbbands_skewness": {
            "dmean": 0.345948725939,
            "dmean2": 0.497418493032,
            "dvar": 0.113854512572,
            "dvar2": 0.228612616658,
            "max": 2.68858242035,
            "mean": -0.288079202175,
            "median": -0.299207568169,
            "min": -3.87299275398,
            "var": 0.641077399254
        },
        "erbbands_spread": {
            "dmean": 14.6034612656,
            "dmean2": 21.3629131317,
            "dvar": 285.83795166,
            "dvar2": 624.319396973,
            "max": 178.236099243,
            "mean": 58.6435165405,
            "median": 53.7253723145,
            "min": 5.71571588516,
            "var": 746.651794434
        },
        "gfcc": {
            "cov": [
                [
                    7156.95996094,
                    360.779510498,
                    346.440643311,
                    27.1925048828,
                    124.787063599,
                    56.8592338562,
                    -84.028755188,
                    67.1709899902,
                    -117.387084961,
                    -30.1885108948,
                    -2.08369469643,
                    23.3111743927,
                    -52.4201507568
                ],
                [
                    360.779510498,
                    1984.46691895,
                    -43.2638168335,
                    201.702468872,
                    193.415100098,
                    -49.543888092,
                    118.420326233,
                    3.45964956284,
                    42.9206924438,
                    -83.4699630737,
                    34.8960609436,
                    -99.3383026123,
                    57.7507972717
                ],
                [
                    346.440643311,
                    -43.2638168335,
                    1098.54394531,
                    321.985839844,
                    221.481765747,
                    291.37701416,
                    177.078033447,
                    103.271484375,
                    51.5520362854,
                    91.0335998535,
                    4.90104913712,
                    39.6164360046,
                    -23.3181476593
                ],
                [
                    27.1925048828,
                    201.702468872,
                    321.985839844,
                    507.894561768,
                    266.434356689,
                    147.022140503,
                    93.4099960327,
                    96.23412323,
                    72.4142532349,
                    26.0202198029,
                    4.18232917786,
                    17.5975093842,
                    23.4441261292
                ],
                [
                    124.787063599,
                    193.415100098,
                    221.481765747,
                    266.434356689,
                    377.641235352,
                    163.8855896,
                    161.359191895,
                    78.6395187378,
                    88.6786956787,
                    30.5904254913,
                    37.2179031372,
                    12.6631546021,
                    19.0758609772
                ],
                [
                    56.8592338562,
                    -49.543888092,
                    291.37701416,
                    147.022140503,
                    163.8855896,
                    321.620574951,
                    184.980529785,
                    93.535987854,
                    48.1573562622,
                    82.8832321167,
                    20.651632309,
                    25.7291564941,
                    -11.5922374725
                ],
                [
                    -84.028755188,
                    118.420326233,
                    177.078033447,
                    93.4099960327,
                    161.359191895,
                    184.980529785,
                    274.867706299,
                    117.049575806,
                    69.3454742432,
                    61.2915534973,
                    51.0259552002,
                    17.6638393402,
                    33.4891662598
                ],
                [
                    67.1709899902,
                    3.45964956284,
                    103.271484375,
                    96.23412323,
                    78.6395187378,
                    93.535987854,
                    117.049575806,
                    162.026184082,
                    78.7379608154,
                    46.2493019104,
                    36.354095459,
                    29.8666915894,
                    20.9102878571
                ],
                [
                    -117.387084961,
                    42.9206924438,
                    51.5520362854,
                    72.4142532349,
                    88.6786956787,
                    48.1573562622,
                    69.3454742432,
                    78.7379608154,
                    112.935203552,
                    54.3809280396,
                    38.2513237,
                    20.9399585724,
                    18.2766876221
                ],
                [
                    -30.1885108948,
                    -83.4699630737,
                    91.0335998535,
                    26.0202198029,
                    30.5904254913,
                    82.8832321167,
                    61.2915534973,
                    46.2493019104,
                    54.3809280396,
                    110.868133545,
                    56.0863037109,
                    24.8770713806,
                    9.01801967621
                ],
                [
                    -2.08369469643,
                    34.8960609436,
                    4.90104913712,
                    4.18232917786,
                    37.2179031372,
                    20.651632309,
                    51.0259552002,
                    36.354095459,
                    38.2513237,
                    56.0863037109,
                    89.6075592041,
                    33.8116455078,
                    21.7925891876
                ],
                [
                    23.3111743927,
                    -99.3383026123,
                    39.6164360046,
                    17.5975093842,
                    12.6631546021,
                    25.7291564941,
                    17.6638393402,
                    29.8666915894,
                    20.9399585724,
                    24.8770713806,
                    33.8116455078,
                    70.4678421021,
                    28.7578849792
                ],
                [
                    -52.4201507568,
                    57.7507972717,
                    -23.3181476593,
                    23.4441261292,
                    19.0758609772,
                    -11.5922374725,
                    33.4891662598,
                    20.9102878571,
                    18.2766876221,
                    9.01801967621,
                    21.7925891876,
                    28.7578849792,
                    71.2447967529
                ]
            ],
            "icov": [
                [
                    0.000164382057847,
                    -6.75669216434e-05,
                    -5.83071596338e-05,
                    0.000130077736685,
                    -0.000217974666157,
                    1.11041817945e-05,
                    0.000252347119385,
                    -0.00037406780757,
                    0.000482132774778,
                    -0.000152346663526,
                    5.27656993654e-05,
                    -0.000181911018444,
                    0.000118059142551
                ],
                [
                    -6.75669216434e-05,
                    0.000770594167989,
                    3.31694565148e-07,
                    -0.000364825420547,
                    0.000121612087241,
                    -2.76755440609e-06,
                    -0.000391557085095,
                    0.000499980931636,
                    -0.000710555061232,
                    0.00129058433231,
                    -0.00128430745099,
                    0.00178757344838,
                    -0.000859679304995
                ],
                [
                    -5.83071596338e-05,
                    3.31694565148e-07,
                    0.0014522561105,
                    -0.000714901776519,
                    -5.1749371778e-05,
                    -0.000424181838753,
                    -0.000559275213163,
                    0.000136096597998,
                    0.000385507999454,
                    -0.000963301048614,
                    0.000905191933271,
                    -0.000978761119768,
                    0.000976411160082
                ],
                [
                    0.000130077736685,
                    -0.000364825420547,
                    -0.000714901776519,
                    0.00418496364728,
                    -0.00271640555002,
                    -0.000548274081666,
                    0.0019742178265,
                    -0.00209526182152,
                    0.000554446305614,
                    -0.000557273218874,
                    0.0015040851431,
                    -0.000271293043625,
                    -0.00131686404347
                ],
                [
                    -0.000217974666157,
                    0.000121612087241,
                    -5.1749371778e-05,
                    -0.00271640555002,
                    0.00686082895845,
                    -0.00182936468627,
                    -0.00232053571381,
                    0.00275547453202,
                    -0.00466406112537,
                    0.00385807268322,
                    -0.00304351607338,
                    0.00133974140044,
                    -0.000136299582664
                ],
                [
                    1.11041817945e-05,
                    -2.76755440609e-06,
                    -0.000424181838753,
                    -0.000548274081666,
                    -0.00182936468627,
                    0.00888329651207,
                    -0.00460093235597,
                    -0.00100033695344,
                    0.00304598733783,
                    -0.00603025406599,
                    0.0045912428759,
                    -0.00380925717764,
                    0.00455863215029
                ],
                [
                    0.000252347119385,
                    -0.000391557085095,
                    -0.000559275213163,
                    0.0019742178265,
                    -0.00232053571381,
                    -0.00460093235597,
                    0.0106117734686,
                    -0.00472779711708,
                    0.000765995471738,
                    0.000638035417069,
                    -0.00288131693378,
                    0.00355047453195,
                    -0.00488652475178
                ],
                [
                    -0.00037406780757,
                    0.000499980931636,
                    0.000136096597998,
                    -0.00209526182152,
                    0.00275547453202,
                    -0.00100033695344,
                    -0.00472779711708,
                    0.0140689220279,
                    -0.00842999573797,
                    0.00262678973377,
                    -0.00161440984812,
                    -0.00132247060537,
                    0.000103801081423
                ],
                [
                    0.000482132774778,
                    -0.000710555061232,
                    0.000385507999454,
                    0.000554446305614,
                    -0.00466406112537,
                    0.00304598733783,
                    0.000765995471738,
                    -0.00842999573797,
                    0.0211240481585,
                    -0.0097631085664,
                    0.00236591254361,
                    -0.00275858538225,
                    0.00093956728233
                ],
                [
                    -0.000152346663526,
                    0.00129058433231,
                    -0.000963301048614,
                    -0.000557273218874,
                    0.00385807268322,
                    -0.00603025406599,
                    0.000638035417069,
                    0.00262678973377,
                    -0.0097631085664,
                    0.0238713081926,
                    -0.0141323860735,
                    0.00511559844017,
                    -0.00263426220044
                ],
                [
                    5.27656993654e-05,
                    -0.00128430745099,
                    0.000905191933271,
                    0.0015040851431,
                    -0.00304351607338,
                    0.0045912428759,
                    -0.00288131693378,
                    -0.00161440984812,
                    0.00236591254361,
                    -0.0141323860735,
                    0.0256241057068,
                    -0.0113388067111,
                    0.00219218735583
                ],
                [
                    -0.000181911018444,
                    0.00178757344838,
                    -0.000978761119768,
                    -0.000271293043625,
                    0.00133974140044,
                    -0.00380925717764,
                    0.00355047453195,
                    -0.00132247060537,
                    -0.00275858538225,
                    0.00511559844017,
                    -0.0113388067111,
                    0.027399757877,
                    -0.0116046071053
                ],
                [
                    0.000118059142551,
                    -0.000859679304995,
                    0.000976411160082,
                    -0.00131686404347,
                    -0.000136299582664,
                    0.00455863215029,
                    -0.00488652475178,
                    0.000103801081423,
                    0.00093956728233,
                    -0.00263426220044,
                    0.00219218735583,
                    -0.0116046071053,
                    0.0227234940976
                ]
            ],
            "mean": [
                55.2518768311,
                21.194486618,
                -78.2727203369,
                37.4496116638,
                -41.9585647583,
                23.567117691,
                -18.0602836609,
                21.9134025574,
                -16.2627849579,
                10.5467252731,
                -10.9833507538,
                4.03224039078,
                -10.5582704544
            ]
        },
        "hfc": {
            "dmean": 13.9019575119,
            "dmean2": 21.6613140106,
            "dvar": 532.390991211,
            "dvar2": 1253.59875488,
            "max": 282.510559082,
            "mean": 47.4502677917,
            "median": 43.9243164062,
            "min": 1.11632563231e-16,
            "var": 914.595153809
        },
        "melbands": {
            "dmean": [
                0.00433715851977,
                0.0026149447076,
                0.000786894524936,
                0.000252190337051,
                0.000133502704557,
                8.05830495665e-05,
                9.75591538008e-05,
                0.000109920882096,
                6.79742370266e-05,
                8.84315304575e-05,
                7.44585850043e-05,
                5.84874687775e-05,
                4.29466235801e-05,
                3.56945711246e-05,
                3.11126168526e-05,
                3.34261094395e-05,
                4.22472294304e-05,
                1.57451431733e-05,
                1.90111531992e-05,
                1.7866042981e-05,
                1.72231921169e-05,
                2.03037707251e-05,
                1.86345623661e-05,
                2.19869980356e-05,
                1.64657612913e-05,
                1.04132031993e-05,
                1.0788077816e-05,
                8.77792263054e-06,
                8.27497751743e-06,
                7.00399868947e-06,
