{
    "lowlevel": {
        "average_loudness": 0.772203743458,
        "barkbands": {
            "dmean": [
                0.000339321646607,
                0.00330335949548,
                0.00170003937092,
                0.000677614531014,
                0.00154507288244,
                0.000779875845183,
                0.00169009761885,
                0.000439463678049,
                0.000401038036216,
                0.000544162408914,
                0.000362631428288,
                0.000290371739538,
                0.000245961127803,
                0.000230124554946,
                0.000222582602873,
                0.000207665798371,
                0.000225804789807,
                0.000185429744306,
                0.000183343872777,
                0.000162728698342,
                0.000143199751619,
                0.000133263180032,
                0.000133063920657,
                0.000182172647328,
                0.00023083978158,
                9.61644764175e-05,
                1.24967482407e-05
            ],
            "dmean2": [
                0.000418757816078,
                0.00491088489071,
                0.00307128648274,
                0.00123351102229,
                0.00253406516276,
                0.00128106086049,
                0.00256060040556,
                0.00068840541644,
                0.000602285086643,
                0.000828599673696,
                0.000569043855648,
                0.000452377717011,
                0.000399067212129,
                0.000376053329092,
                0.000358758086804,
                0.000327381567331,
                0.000349535606802,
                0.000291675649351,
                0.000282126973616,
                0.000247939722613,
                0.000210798491025,
                0.000203856747248,
                0.000199830188649,
                0.000262178044068,
                0.000331335584633,
                0.000134024303406,
                1.92543084268e-05
            ],
            "dvar": [
                4.99082318584e-07,
                0.000124229220091,
                7.33472334105e-05,
                7.70618044044e-06,
                8.21488265501e-06,
                2.30520754485e-06,
                8.29446162243e-06,
                1.10415135168e-06,
                7.45109616673e-07,
                1.610902018e-06,
                9.0177633183e-07,
                5.96166330524e-07,
                3.41136711768e-07,
                3.64338632153e-07,
                3.68688347407e-07,
                3.19745396382e-07,
                3.17794643934e-07,
                2.55290814266e-07,
                3.61915425628e-07,
                1.53122627466e-07,
                1.30135958898e-07,
                1.02323184592e-07,
                7.95297978584e-08,
                1.37177380566e-07,
                2.00005189299e-07,
                5.35621786923e-08,
                1.37658817678e-09
            ],
            "dvar2": [
                8.3996860667e-07,
                0.000298079714412,
                0.00021170922264,
                2.26644224313e-05,
                2.15745403693e-05,
                5.99735813012e-06,
                1.92162042367e-05,
                2.51028291132e-06,
                1.57742147167e-06,
                3.56047144123e-06,
                2.09463428291e-06,
                1.38415964557e-06,
                8.31909801491e-07,
                9.19602484828e-07,
                8.7730541054e-07,
                7.33526178465e-07,
                7.17904981684e-07,
                5.90698903125e-07,
                8.71603901942e-07,
                3.38873348937e-07,
                2.72355038078e-07,
                2.35912551716e-07,
                1.77158369752e-07,
                2.68549030125e-07,
                4.27480017606e-07,
                1.09824014771e-07,
                3.11245962337e-09
            ],
            "max": [
                0.0107391057536,
                0.134138599038,
                0.109459623694,
                0.0351324677467,
                0.0569094307721,
                0.0401656217873,
                0.048024777323,
                0.029498739168,
                0.0300033502281,
                0.0346068367362,
                0.0318024381995,
                0.0215292721987,
                0.0142314955592,
                0.0217477604747,
                0.0173889473081,
                0.0141746010631,
                0.0144434412941,
                0.016515115276,
                0.0216008070856,
                0.0118851177394,
                0.0124851102009,
                0.00671003619209,
                0.00463864021003,
                0.00555485626683,
                0.0099442275241,
                0.00968269817531,
                0.00136558199301
            ],
            "mean": [
                0.00150403496809,
                0.00795160513371,
                0.00142145843711,
                0.000743021199014,
                0.00265346653759,
                0.00154498661868,
                0.00353764020838,
                0.000775299617089,
                0.000774816493504,
                0.000956882024184,
                0.000647943408694,
                0.000435586232925,
                0.000368200795492,
                0.000337684119586,
                0.000318571226671,
                0.000336836907081,
                0.00035139019019,
                0.000306033267407,
                0.000310321396682,
                0.000291311996989,
                0.000248156720772,
                0.000237958884099,
                0.000256544648437,
                0.000366583146388,
                0.000428890634794,
                0.000173313557752,
                1.69937611645e-05
            ],
            "median": [
                1.84459679531e-06,
                0.000932024908252,
                0.00022119685309,
                0.000178857910214,
                0.00114213651977,
                0.000708064762875,
                0.00146265851799,
                0.000254237471381,
                0.000315705605317,
                0.00030209030956,
                0.000216923828702,
                0.000115834220196,
                0.000116605573567,
                8.02059803391e-05,
                6.58151111566e-05,
                6.20317732682e-05,
                7.10140157025e-05,
                7.19663221389e-05,
                4.7592107876e-05,
                7.02022662153e-05,
                6.59450961393e-05,
                8.42856024974e-05,
                8.15673120087e-05,
                0.000102078382042,
                0.000167040692759,
                4.63393989776e-05,
                2.32667298405e-06
            ],
            "min": [
                1.91521807611e-25,
                1.84305852857e-24,
                1.47762837777e-24,
                8.5440469543e-25,
                9.26498042748e-24,
                6.77053598086e-24,
                7.36198050024e-24,
                8.18234851002e-24,
                2.05111629303e-23,
                2.00475367545e-23,
                1.1091721171e-23,
                2.61864112982e-23,
                3.94375232347e-23,
                4.56159102434e-23,
                3.97187300593e-23,
                5.75283820217e-23,
                7.88102336575e-23,
                9.52853727819e-23,
                1.28145695644e-22,
                1.85305774286e-22,
                2.75960331606e-22,
                3.22904245007e-22,
                3.46331949767e-22,
                6.49198496693e-22,
                9.50367213003e-22,
                1.38154308426e-21,
                1.95148244126e-21
            ],
            "var": [
                5.47383251615e-06,
                0.000221533337026,
                4.22185366915e-05,
                4.68202324555e-06,
                1.56563182827e-05,
                5.35384469913e-06,
                2.50435678026e-05,
                2.54667997979e-06,
                1.94713265955e-06,
                4.11024393543e-06,
                2.09862241718e-06,
                1.00605302578e-06,
                5.46971250515e-07,
                6.13606459865e-07,
                6.74553575664e-07,
                7.00304838119e-07,
                6.99493000411e-07,
                5.3378408893e-07,
                8.63065451995e-07,
                4.34742190691e-07,
                2.53167826259e-07,
                1.86011874348e-07,
                1.78041261734e-07,
                3.47168708004e-07,
                4.55710448932e-07,
                1.10078858029e-07,
                2.28722685236e-09
            ]
        },
        "barkbands_crest": {
            "dmean": 2.30363225937,
            "dmean2": 3.54661297798,
            "dvar": 5.58453798294,
            "dvar2": 13.2342758179,
            "max": 26.3611602783,
            "mean": 10.7713546753,
            "median": 9.95819854736,
            "min": 1.99758565426,
            "var": 20.8936004639
        },
        "barkbands_flatness_db": {
            "dmean": 0.0203129500151,
            "dmean2": 0.0300550013781,
            "dvar": 0.000657585740555,
            "dvar2": 0.00153203855734,
            "max": 0.601044416428,
            "mean": 0.147896826267,
            "median": 0.125157192349,
            "min": 0.0174884330481,
            "var": 0.00762901315466
        },
        "barkbands_kurtosis": {
            "dmean": 3.60837459564,
            "dmean2": 5.62335395813,
            "dvar": 92.0312957764,
            "dvar2": 227.821670532,
            "max": 368.617340088,
            "mean": 6.15098524094,
            "median": 2.55771160126,
            "min": -1.95108926296,
            "var": 226.815841675
        },
        "barkbands_skewness": {
            "dmean": 0.562160015106,
            "dmean2": 0.828439235687,
            "dvar": 0.607789814472,
            "dvar2": 1.27255773544,
            "max": 17.8384571075,
            "mean": 1.62073409557,
            "median": 1.52051901817,
            "min": -8.43505477905,
            "var": 2.33463358879
        },
        "barkbands_spread": {
            "dmean": 7.02939367294,
            "dmean2": 10.4489545822,
            "dvar": 101.342147827,
            "dvar2": 208.463531494,
            "max": 119.667114258,
            "mean": 27.5357475281,
            "median": 23.6276359558,
            "min": 0.479568004608,
            "var": 397.15057373
        },
        "dissonance": {
            "dmean": 0.0227353908122,
            "dmean2": 0.0373669825494,
            "dvar": 0.000612048374023,
            "dvar2": 0.00155850290321,
            "max": 0.500000178814,
            "mean": 0.451816916466,
            "median": 0.46301138401,
            "min": 0.046035412699,
            "var": 0.00172035465948
        },
        "dynamic_complexity": 4.64000797272,
        "erbbands": {
            "dmean": [
                0.0975405722857,
                0.828982710838,
                1.96780240536,
                2.2133333683,
                3.99266290665,
                5.86348295212,
                4.85989284515,
                6.57291841507,
                22.909029007,
                17.3255271912,
                8.68939495087,
                8.67096138,
                15.230257988,
                13.9997968674,
                11.1517744064,
                11.6598758698,
                11.0967435837,
                10.5825252533,
                10.3147182465,
                11.0785932541,
                9.93654823303,
                12.1711511612,
                10.0911827087,
                10.0609922409,
                7.26131391525,
                7.27372217178,
                6.35201358795,
                5.36441278458,
                4.92904138565,
                3.83922767639,
                4.22886800766,
                3.92020845413,
                2.94467759132,
                2.45994639397,
                1.80130922794,
                0.615694999695,
                0.142251893878,
                0.0244760587811,
                0.00193946296349,
                0.000109305772639
            ],
            "dmean2": [
                0.125459164381,
                1.27652430534,
                3.48760604858,
                4.06212282181,
                6.65547323227,
                9.6873960495,
                7.75368452072,
                10.8830442429,
                35.823474884,
                25.8875980377,
                13.4514045715,
                13.0337238312,
                23.1133003235,
                21.1761627197,
                17.9636154175,
                18.0799694061,
                17.7145996094,
                17.2649803162,
                16.8289031982,
                17.5549793243,
                15.4728021622,
                18.8232440948,
                15.8316144943,
                15.2745132446,
                11.2177972794,
                10.9456949234,
                9.35865497589,
                8.00525760651,
                7.541908741,
                5.81955528259,
                6.45234584808,
                5.76757907867,
                4.24487304688,
                3.55983304977,
                2.65805339813,
                0.867160856724,
                0.198812827468,
                0.0345026105642,
                0.00290307146497,
                0.000183945623576
            ],
            "dvar": [
                0.0711388587952,
                9.71252155304,
                91.9475784302,
                101.920547485,
                74.7019729614,
                131.665710449,
                95.4847869873,
                167.089782715,
                1716.32922363,
                1267.03686523,
                261.527893066,
                434.417663574,
                1358.14050293,
                1082.39685059,
                731.116943359,
                961.486206055,
                627.840637207,
                760.505126953,
                659.71472168,
                774.798461914,
                644.774597168,
                970.015197754,
                572.350036621,
                1044.79516602,
                620.190673828,
                350.054626465,
                311.469024658,
                157.722122192,
                143.051742554,
                79.3833312988,
                80.3004837036,
                61.6104660034,
                40.3270530701,
                23.8392829895,
                13.4354496002,
                1.84384703636,
                0.151094570756,
                0.0055882204324,
                3.21456900565e-05,
                1.81978521141e-07
            ],
            "dvar2": [
                0.132383316755,
                24.1116676331,
                257.748809814,
                298.224487305,
                201.377197266,
                344.585479736,
                231.117782593,
                450.109069824,
                4196.65625,
                2862.05444336,
                601.662536621,
                896.503295898,
                3086.0324707,
                2324.73950195,
                1816.17810059,
                2233.19360352,
                1482.48010254,
                1877.23095703,
                1711.79431152,
                1808.13549805,
                1295.62768555,
                2295.15893555,
                1379.55712891,
                2229.67236328,
                1620.89416504,
                752.781188965,
                655.763549805,
                338.689331055,
                329.014221191,
                181.57144165,
                183.447509766,
                122.175872803,
                81.5718536377,
                49.0848808289,
                30.3890705109,
                3.84181857109,
                0.326019138098,
                0.0118619427085,
                6.90658489475e-05,
                5.22438199368e-07
            ],
            "max": [
                3.54449725151,
                36.7051506042,
                118.426513672,
                118.079566956,
                119.908004761,
                292.253814697,
                209.760986328,
                413.84475708,
                859.233032227,
                728.241027832,
                455.45489502,
                897.150390625,
                1188.92382813,
                995.473815918,
                967.256713867,
                894.717346191,
                692.114746094,
                1132.03601074,
                595.903564453,
                770.1875,
                1050.21398926,
                638.472717285,
                719.349487305,
                1283.51269531,
                889.741699219,
                672.785644531,
                806.465393066,
                186.853149414,
                239.497344971,
                157.236602783,
                132.654754639,
                125.70941925,
                108.847755432,
                103.536010742,
                68.5653839111,
                34.4058647156,
                20.530128479,
                3.90124797821,
                0.222842484713,
                0.00550977280363
            ],
            "mean": [
                0.357112139463,
                1.24326038361,
                1.85521507263,
                2.35486030579,
                5.7506570816,
                10.1155252457,
                10.5117330551,
                12.194196701,
                44.7044296265,
                36.0797996521,
                17.3008155823,
                17.0837249756,
                28.0081501007,
                25.6377506256,
                20.0911693573,
                18.9017410278,
                18.2353515625,
                16.8259487152,
                16.1113624573,
                19.1050243378,
                16.9412994385,
                19.8623008728,
                17.8845424652,
                18.3605060577,
                13.3012905121,
                13.0036001205,
                11.2593317032,
                9.26629829407,
                8.85410881042,
                6.9065618515,
                8.1595287323,
                8.0170211792,
                5.63753652573,
                4.62253713608,
                3.10675311089,
                1.13788127899,
                0.242034554482,
                0.0377117805183,
                0.00285674561746,
                0.000153457585839
            ],
            "median": [
                0.0108984205872,
                0.206042230129,
                0.340389192104,
                0.657052636147,
                2.2081489563,
                4.13982391357,
                4.07338571548,
                6.73794984818,
                20.1287078857,
                12.3755092621,
                8.32878303528,
                7.12127017975,
                9.39128780365,
                10.0752086639,
                7.02005195618,
                5.74008655548,
                5.93467140198,
                5.07310390472,
                4.4021396637,
                4.20363903046,
                3.55392694473,
                4.42779874802,
                4.57809829712,
                2.9663977623,
                2.98483324051,
                3.08508968353,
                2.62958693504,
                2.72182822227,
                3.14038228989,
                2.43727874756,
                2.36599445343,
                2.01000356674,
                1.76112568378,
                1.77184808254,
                1.16618621349,
                0.33595764637,
                0.0603534914553,
                0.00757263321429,
                0.000475852255477,
                5.51495795662e-05
            ],
            "min": [
                3.4709390736e-23,
                4.67107084471e-22,
                2.74699471871e-21,
                6.44389287595e-21,
                1.8325099181e-20,
                2.44977648655e-20,
                5.79571915627e-20,
                6.53281463024e-20,
                8.38925801769e-20,
                1.62625349864e-19,
                1.46286878405e-19,
                4.0904797319e-19,
                4.52713364311e-19,
                6.50058961228e-19,
                1.00038147947e-18,
                1.37860216314e-18,
                2.21967320613e-18,
                2.52964052912e-18,
                2.79792849579e-18,
                3.83229717228e-18,
                4.33775291661e-18,
                5.46092025903e-18,
                5.02619383374e-18,
                5.93451838285e-18,
                6.7954008151e-18,
                9.14137395421e-18,
                9.86696851574e-18,
                1.13974917042e-17,
                1.00191515505e-17,
                1.13723230797e-17,
                1.04695588386e-17,
                1.17720911979e-17,
                1.03457315553e-17,
                8.83430796722e-18,
                6.98446493821e-18,
                4.51238480599e-18,
                2.47148725052e-18,
                1.00990046717e-18,
                2.67951536806e-19,
                2.69820321987e-20
            ],
            "var": [
                0.339483469725,
                10.4635066986,
                57.7293434143,
                59.2150611877,
                96.2209396362,
                290.04510498,
                281.39553833,
                273.920776367,
                4142.13085938,
                3559.90673828,
                647.431884766,
                1122.8972168,
                3462.37158203,
                2410.62426758,
                2122.22143555,
                1692.30517578,
                1182.07983398,
                1409.69006348,
                1018.13641357,
                1749.359375,
                1628.11169434,
                2009.48046875,
                1510.29455566,
                3155.72607422,
                1344.84008789,
                959.649719238,
                621.789306641,
                294.567626953,
                255.350906372,
                151.938522339,
                178.947387695,
                166.333938599,
                90.0585174561,
                59.0760307312,
                25.220457077,
                3.95297718048,
                0.267157047987,
                0.00925341062248,
                5.93955228396e-05,
                1.57048603455e-07
            ]
        },
        "erbbands_crest": {
            "dmean": 2.61057806015,
            "dmean2": 4.12990236282,
            "dvar": 6.73098278046,
            "dvar2": 16.0995731354,
            "max": 33.6593017578,
            "mean": 9.39208889008,
            "median": 8.36360359192,
            "min": 2.17917990685,
            "var": 21.7878475189
        },
        "erbbands_flatness_db": {
            "dmean": 0.0165235921741,
            "dmean2": 0.0240455940366,
            "dvar": 0.000374562048819,
            "dvar2": 0.000748321821447,
            "max": 0.561529994011,
            "mean": 0.152000695467,
            "median": 0.133810952306,
            "min": 0.0442248620093,
            "var": 0.004855082836
        },
        "erbbands_kurtosis": {
            "dmean": 1.50758886337,
            "dmean2": 2.31345367432,
            "dvar": 9.05300712585,
            "dvar2": 20.034318924,
            "max": 87.8878326416,
            "mean": 1.7403062582,
            "median": 0.180001676083,
            "min": -1.90246129036,
            "var": 27.9963092804
        },
        "erbbands_skewness": {
            "dmean": 0.436251282692,
            "dmean2": 0.634163081646,
            "dvar": 0.259678483009,
            "dvar2": 0.503636062145,
            "max": 8.54929351807,
            "mean": 0.687684357166,
            "median": 0.625487029552,
            "min": -6.60286092758,
            "var": 1.23657596111
        },
        "erbbands_spread": {
            "dmean": 10.1251926422,
            "dmean2": 15.1803655624,
            "dvar": 178.446350098,
            "dvar2": 406.669799805,
            "max": 188.570968628,
            "mean": 45.3512268066,
            "median": 41.5380783081,
            "min": 0.800110518932,
            "var": 701.126037598
        },
        "gfcc": {
            "cov": [
                [
                    32141.7324219,
                    -2589.84667969,
                    -2189.24707031,
                    1389.91308594,
                    -1242.8203125,
                    1204.88598633,
                    -430.300689697,
                    1219.98181152,
                    -17.9425811768,
                    1433.24035645,
                    311.589080811,
                    481.2578125,
                    -141.178909302
                ],
                [
                    -2589.84667969,
                    3861.11914063,
                    608.76953125,
                    -483.385864258,
                    794.407226563,
                    31.2082462311,
                    445.167480469,
                    -100.205039978,
                    148.503845215,
                    -315.917022705,
                    60.0773048401,
                    -131.716812134,
                    188.784576416
                ],
                [
                    -2189.24707031,
                    608.76953125,
                    1561.35974121,
                    146.339813232,
                    344.664672852,
                    212.191345215,
                    230.921783447,
                    86.3824157715,
                    33.113483429,
                    -34.9267311096,
                    -45.990901947,
                    40.1213264465,
                    48.2455635071
                ],
                [
                    1389.91308594,
                    -483.385864258,
                    146.339813232,
                    880.662780762,
                    173.994400024,
                    168.102645874,
                    90.1350250244,
                    181.398788452,
                    88.7728271484,
                    167.55480957,
                    71.6559371948,
                    44.2981185913,
                    23.3617630005
                ],
                [
                    -1242.8203125,
                    794.407226563,
                    344.664672852,
                    173.994400024,
                    725.809143066,
                    129.479492188,
                    275.202026367,
                    87.5991287231,
                    84.7539901733,
                    -22.3226184845,
                    40.6140670776,
                    -2.86291623116,
                    99.9824676514
                ],
                [
                    1204.88598633,
                    31.2082462311,
                    212.191345215,
                    168.102645874,
                    129.479492188,
                    378.231262207,
                    163.029312134,
                    133.145324707,
                    63.3526191711,
                    129.873825073,
                    55.2434616089,
                    61.3162841797,
                    32.7932548523
                ],
                [
                    -430.300689697,
                    445.167480469,
                    230.921783447,
                    90.1350250244,
                    275.202026367,
                    163.029312134,
                    356.667877197,
                    102.399375916,
                    65.6020126343,
                    44.5383415222,
                    55.5725631714,
                    30.5950031281,
                    71.0864334106
                ],
                [
                    1219.98181152,
                    -100.205039978,
                    86.3824157715,
                    181.398788452,
                    87.5991287231,
                    133.145324707,
                    102.399375916,
                    285.341491699,
                    56.658493042,
                    130.306808472,
                    59.1880187988,
                    69.0463790894,
                    32.5789108276
                ],
                [
                    -17.9425811768,
                    148.503845215,
                    33.113483429,
                    88.7728271484,
                    84.7539901733,
                    63.3526191711,
                    65.6020126343,
                    56.658493042,
                    177.343658447,
                    54.0242614746,
                    55.7057304382,
                    26.0269069672,
                    27.7383861542
                ],
                [
                    1433.24035645,
                    -315.917022705,
                    -34.9267311096,
                    167.55480957,
                    -22.3226184845,
                    129.873825073,
                    44.5383415222,
                    130.306808472,
                    54.0242614746,
                    231.124893188,
                    85.0349960327,
                    58.0403671265,
                    6.2571721077
                ],
                [
                    311.589080811,
                    60.0773048401,
                    -45.990901947,
                    71.6559371948,
                    40.6140670776,
                    55.2434616089,
                    55.5725631714,
                    59.1880187988,
                    55.7057304382,
                    85.0349960327,
                    150.448822021,
                    37.4377288818,
                    17.5845680237
                ],
                [
                    481.2578125,
                    -131.716812134,
                    40.1213264465,
                    44.2981185913,
                    -2.86291623116,
                    61.3162841797,
                    30.5950031281,
                    69.0463790894,
                    26.0269069672,
                    58.0403671265,
                    37.4377288818,
                    118.640945435,
                    17.7216262817
                ],
                [
                    -141.178909302,
                    188.784576416,
                    48.2455635071,
                    23.3617630005,
                    99.9824676514,
                    32.7932548523,
                    71.0864334106,
                    32.5789108276,
                    27.7383861542,
                    6.2571721077,
                    17.5845680237,
                    17.7216262817,
                    106.04183197
                ]
            ],
            "icov": [
                [
                    8.11318168417e-05,
                    -8.30332501209e-05,
                    0.000140805903357,
                    -0.000110905544716,
                    0.000135173584567,
                    -0.000251764431596,
                    0.000192632331164,
                    -0.000232829886954,
                    0.000191508195712,
                    -0.000344859581674,
                    0.000190861072042,
                    -0.000152747918037,
                    7.3146817158e-05
                ],
                [
                    -8.30332501209e-05,
                    0.000635287258774,
                    -0.00025930715492,
                    0.000478286179714,
                    -0.000498802168295,
                    0.000223349736189,
                    -0.000514095067047,
                    0.000270852877293,
                    -0.000578013190534,
                    0.00100262346677,
                    -0.000733378983568,
                    0.000737520807888,
                    -0.000475890643429
                ],
                [
                    0.000140805903357,
                    -0.00025930715492,
                    0.0010830918327,
                    -0.000341863429639,
                    7.6587908552e-05,
                    -0.000787567405496,
                    0.000137346127303,
                    -0.000473351043183,
                    0.000430249463534,
                    -0.00039689076948,
                    0.000906472501811,
                    -0.000684492755681,
                    0.000331292161718
                ],
                [
                    -0.000110905544716,
                    0.000478286179714,
                    -0.000341863429639,
                    0.0018770362949,
                    -0.000766744487919,
                    0.000152413806063,
                    -0.000220955364057,
                    -0.000134161033202,
                    -0.000768168014474,
                    0.000104439815914,
                    -0.000616524775978,
                    0.000779033114668,
                    -0.000225171708735
                ],
                [
                    0.000135173584567,
                    -0.000498802168295,
                    7.6587908552e-05,
                    -0.000766744487919,
                    0.00282530323602,
                    -0.000507624528836,
                    -0.000766578596085,
                    -0.000664659135509,
                    0.00013555624173,
                    -8.31268516777e-06,
                    0.000296297919704,
                    5.5746826547e-05,
                    -0.000680164783262
                ],
                [
                    -0.000251764431596,
                    0.000223349736189,
                    -0.000787567405496,
                    0.000152413806063,
                    -0.000507624528836,
                    0.00513794180006,
                    -0.00185376871377,
                    0.000366867927369,
                    -0.000791092577856,
                    -0.000793197657913,
                    -0.000277002167422,
                    -0.000268925388809,
                    -4.37553571828e-05
                ],
                [
                    0.000192632331164,
                    -0.000514095067047,
                    0.000137346127303,
                    -0.000220955364057,
                    -0.000766578596085,
                    -0.00185376871377,
                    0.00573910959065,
                    -0.00118942430709,
                    0.000413275818573,
                    -0.00107754592318,
                    -0.000105158243969,
                    -0.000550800876226,
                    -0.000962956808507
                ],
                [
                    -0.000232829886954,
                    0.000270852877293,
                    -0.000473351043183,
                    -0.000134161033202,
                    -0.000664659135509,
                    0.000366867927369,
                    -0.00118942430709,
                    0.00642421748489,
                    -0.000745958241168,
                    -0.00116694369353,
                    -0.000434546149336,
                    -0.00121030129958,
                    -0.000672070018481
                ],
                [
                    0.000191508195712,
                    -0.000578013190534,
                    0.000430249463534,
                    -0.000768168014474,
                    0.00013555624173,
                    -0.000791092577856,
                    0.000413275818573,
                    -0.000745958241168,
                    0.00775719061494,
                    -0.00178850791417,
                    -0.000839009298943,
                    -0.00105756835546,
                    -0.000281275977613
                ],
                [
                    -0.000344859581674,
                    0.00100262346677,
                    -0.00039689076948,
                    0.000104439815914,
                    -8.31268516777e-06,
                    -0.000793197657913,
                    -0.00107754592318,
                    -0.00116694369353,
                    -0.00178850791417,
                    0.0109039032832,
                    -0.00427945144475,
                    0.00042570970254,
                    -0.000289587187581
                ],
                [
                    0.000190861072042,
                    -0.000733378983568,
                    0.000906472501811,
                    -0.000616524775978,
                    0.000296297919704,
                    -0.000277002167422,
                    -0.000105158243969,
                    -0.000434546149336,
                    -0.000839009298943,
                    -0.00427945144475,
                    0.0106183467433,
                    -0.00236728764139,
                    0.00040022682515
                ],
                [
                    -0.000152747918037,
                    0.000737520807888,
                    -0.000684492755681,
                    0.000779033114668,
                    5.5746826547e-05,
                    -0.000268925388809,
                    -0.000550800876226,
                    -0.00121030129958,
                    -0.00105756835546,
                    0.00042570970254,
                    -0.00236728764139,
                    0.0118553955108,
                    -0.00194207171444
                ],
                [
                    7.3146817158e-05,
                    -0.000475890643429,
                    0.000331292161718,
                    -0.000225171708735,
                    -0.000680164783262,
                    -4.37553571828e-05,
                    -0.000962956808507,
                    -0.000672070018481,
                    -0.000281275977613,
                    -0.000289587187581,
                    0.00040022682515,
                    -0.00194207171444,
                    0.0121294166893
                ]
            ],
            "mean": [
                -36.560333252,
                60.2858085632,
                -91.2035140991,
                10.9781627655,
                -70.5663757324,
                10.633731842,
                -47.8375473022,
                11.4919347763,
                -27.3669910431,
                5.48386859894,
                -15.757191658,
                4.98793697357,
                -9.73040676117
            ]
        },
        "hfc": {
            "dmean": 8.98785305023,
            "dmean2": 12.276848793,
            "dvar": 274.673370361,
            "dvar2": 562.116455078,
            "max": 230.739547729,
            "mean": 27.355764389,
            "median": 17.897277832,
            "min": 1.09519454256e-16,
            "var": 887.658569336
        },
        "melbands": {
            "dmean": [
                0.000841476488858,
                0.00103226338979,
                0.000400281918701,
                0.000391849578591,
                0.000170157829416,
                0.000172527317773,
                0.000339656573487,
                0.00016834338021,
                7.61582050472e-05,
                5.53038262296e-05,
                7.96899548732e-05,
                6.09013732173e-05,
                4.04595048167e-05,
                2.65675371338e-05,
                3.5117209336e-05,
                2.52612444456e-05,
                2.11444348679e-05,
                1.75100976776e-05,
                1.976855674e-05,
                1.66606860148e-05,
                1.2293097825e-05,
                1.48904191519e-05,
                9.38980792853e-06,
                8.84130076884e-06,
                9.10173639568e-06,
                6.03563876211e-06,
