{
    "lowlevel": {
        "average_loudness": 0.826752483845,
        "barkbands": {
            "dmean": [
                9.85414008028e-05,
                0.00233805482276,
                0.00279507390223,
                0.00119691668078,
                0.00120579544455,
                0.00104155146983,
                0.000826178991701,
                0.00146271265112,
                0.00137304293457,
                0.00089623418171,
                0.000737010443117,
                0.000757682253607,
                0.000427230814239,
                0.000399642303819,
                0.000322932668496,
                0.00025808007922,
                0.000231202080613,
                0.00017284633941,
                0.000167984064319,
                0.000174500411958,
                0.000260770553723,
                0.000146013189806,
                0.000134695117595,
                0.000128361542011,
                9.31376271183e-05,
                1.94456479221e-05,
                1.0724720596e-06
            ],
            "dmean2": [
                0.000162436932442,
                0.00362713751383,
                0.00468384055421,
                0.0021133874543,
                0.00198021344841,
                0.00166782434098,
                0.00135096826125,
                0.00230802828446,
                0.00213351845741,
                0.00137145724148,
                0.0011017707875,
                0.00115687190555,
                0.000686588755343,
                0.000624743057415,
                0.000522884307429,
                0.000418453331804,
                0.0003914971021,
                0.000269879237749,
                0.000254438171396,
                0.00025567485136,
                0.00038750373642,
                0.000202623748919,
                0.000177075853571,
                0.000170659594005,
                0.000130242886371,
                2.65782036877e-05,
                1.57954093538e-06
            ],
            "dvar": [
                1.36194032052e-07,
                3.76496391254e-05,
                5.98155675107e-05,
                1.13541673272e-05,
                7.77956756792e-06,
                4.78821539218e-06,
                4.16754755861e-06,
                1.03573665911e-05,
                1.22466481116e-05,
                5.79946026846e-06,
                5.3058956837e-06,
                3.62258560926e-06,
                1.07484208911e-06,
                8.38007281345e-07,
                4.8191532187e-07,
                2.4376345209e-07,
                2.0509571641e-07,
                9.50318437276e-08,
                8.28466468761e-08,
                9.66109894307e-08,
                2.15568832118e-07,
                8.63362430437e-08,
                1.49880065692e-07,
                1.11776557787e-07,
                8.33777207276e-08,
                5.25844612298e-09,
                5.82142667405e-11
            ],
            "dvar2": [
                2.98088906447e-07,
                9.67524756561e-05,
                0.000160155759659,
                3.07900118059e-05,
                2.04094067158e-05,
                1.15460970846e-05,
                1.02116846392e-05,
                2.47489952017e-05,
                2.84989109787e-05,
                1.36625949381e-05,
                1.05907520265e-05,
                7.25218160369e-06,
                2.6603374863e-06,
                1.96050018531e-06,
                1.18256866699e-06,
                5.63469541248e-07,
                5.49054391286e-07,
                2.29524147244e-07,
                1.82446925123e-07,
                2.14398085063e-07,
                4.75026723734e-07,
                1.73338477794e-07,
                2.93217368608e-07,
                2.12882710571e-07,
                1.48081511497e-07,
                1.09305631213e-08,
                1.10297583567e-10
            ],
            "max": [
                0.0221000555903,
                0.120633214712,
                0.107053294778,
                0.0550760179758,
                0.0615326538682,
                0.0571257732809,
                0.0432738773525,
                0.0822279155254,
                0.0896658822894,
                0.0663368701935,
                0.0764177292585,
                0.0522431023419,
                0.0303729232401,
                0.0203845407814,
                0.0225452333689,
                0.0175971966237,
                0.00831943377852,
                0.00518495729193,
                0.00617210334167,
                0.00379685405642,
                0.00503218220547,
                0.00649558706209,
                0.0208945125341,
                0.00998453330249,
                0.0116987787187,
                0.00317441183142,
                0.000440355652245
            ],
            "mean": [
                0.000169456776348,
                0.00455148611218,
                0.00373878632672,
                0.00112655654084,
                0.00204035197385,
                0.00192100333516,
                0.001202639658,
                0.00224049808457,
                0.0021828697063,
                0.00140183139592,
                0.00117889989633,
                0.00121588946786,
                0.000687471649144,
                0.000592462485656,
                0.000491114973556,
                0.000385660212487,
                0.000333944975864,
                0.000291854375973,
                0.000320941529935,
                0.000278511841316,
                0.000437794602476,
                0.000219448862481,
                0.000191161496332,
                0.000190955834114,
                0.00012816261733,
                2.35333682213e-05,
                1.23257404994e-06
            ],
            "median": [
                9.71578992903e-06,
                0.000315920973662,
                0.000254915386904,
                9.58568853093e-05,
                0.000847370363772,
                0.000733070890419,
                0.000292351527605,
                0.000618623686023,
                0.000594033394009,
                0.000381688732887,
                0.000232929043705,
                0.000361532293027,
                0.000227221607929,
                0.000189914775547,
                0.000188006510143,
                0.000170875660842,
                0.000125160993775,
                0.000106051884359,
                0.000132982881041,
                9.1570589575e-05,
                0.000125890030176,
                3.82687576348e-05,
                2.04576681426e-05,
                3.12803822453e-05,
                1.76383109647e-05,
                1.93524306269e-06,
                9.83093357831e-08
            ],
            "min": [
                2.62162588366e-25,
                3.30124345718e-24,
                1.751522659e-24,
                7.00488367883e-25,
                9.87718539931e-24,
                1.15918258528e-23,
                4.26428623079e-24,
                7.51108625538e-24,
                2.01403036416e-23,
                8.79080087052e-24,
                1.33616108389e-23,
                2.33600315376e-23,
                2.25708850647e-23,
                2.9399760465e-23,
                3.15913832982e-23,
                4.88428499058e-23,
                4.03951025549e-23,
                8.19452868017e-23,
                1.18583376187e-22,
                1.66335575404e-22,
                1.9971061423e-22,
                3.48399017774e-22,
                3.30222349853e-22,
                5.87692438173e-22,
                8.03823110103e-22,
                1.28656483711e-21,
                1.89225441109e-21
            ],
            "var": [
                6.91862339863e-07,
                7.13613044354e-05,
                6.82593745296e-05,
                9.20589718589e-06,
                1.34689998958e-05,
                1.00055212897e-05,
                8.17883937998e-06,
                1.86496436072e-05,
                2.22348808165e-05,
                1.04935406853e-05,
                1.24986745504e-05,
                8.34007460071e-06,
                2.38429720412e-06,
                1.52246548168e-06,
                8.62368096932e-07,
                4.12528123661e-07,
                3.01714550233e-07,
                2.15114724256e-07,
                2.22552273499e-07,
                1.83654748298e-07,
                4.45848797881e-07,
                1.80881755796e-07,
                2.81182224171e-07,
                2.08010959568e-07,
                1.49550317019e-07,
                7.09664371712e-09,
                8.75931618904e-11
            ]
        },
        "barkbands_crest": {
            "dmean": 2.84171175957,
            "dmean2": 4.53257274628,
            "dvar": 7.36176490784,
            "dvar2": 18.0653076172,
            "max": 26.5102939606,
            "mean": 10.4095077515,
            "median": 9.5161523819,
            "min": 2.07790851593,
            "var": 21.4139003754
        },
        "barkbands_flatness_db": {
            "dmean": 0.0257923267782,
            "dmean2": 0.0377207100391,
            "dvar": 0.000723443285096,
            "dvar2": 0.00143272103742,
            "max": 0.577159762383,
            "mean": 0.149681463838,
            "median": 0.131559580564,
            "min": 0.0223982427269,
            "var": 0.007410840597
        },
        "barkbands_kurtosis": {
            "dmean": 3.15260410309,
            "dmean2": 4.98466348648,
            "dvar": 75.1769561768,
            "dvar2": 172.608047485,
            "max": 360.096496582,
            "mean": 4.0375161171,
            "median": 1.27733075619,
            "min": -1.9182792902,
            "var": 133.336730957
        },
        "barkbands_skewness": {
            "dmean": 0.581043064594,
            "dmean2": 0.875505447388,
            "dvar": 0.516655445099,
            "dvar2": 1.15469181538,
            "max": 12.1647043228,
            "mean": 1.13031983376,
            "median": 1.06975853443,
            "min": -9.12653923035,
            "var": 1.96896052361
        },
        "barkbands_spread": {
            "dmean": 6.29820919037,
            "dmean2": 9.36334705353,
            "dvar": 66.2545776367,
            "dvar2": 139.943908691,
            "max": 118.56452179,
            "mean": 21.9755477905,
            "median": 18.7100105286,
            "min": 0.154215618968,
            "var": 233.602523804
        },
        "dissonance": {
            "dmean": 0.0223466269672,
            "dmean2": 0.0369847565889,
            "dvar": 0.000650736154057,
            "dvar2": 0.00172434642445,
            "max": 0.500000059605,
            "mean": 0.457237154245,
            "median": 0.468553453684,
            "min": 0.093630887568,
            "var": 0.00177388801239
        },
        "dynamic_complexity": 6.45214319229,
        "erbbands": {
            "dmean": [
                0.0610409341753,
                0.582453608513,
                2.63354253769,
                4.15960597992,
                2.53362298012,
                4.62708568573,
                7.98157739639,
                9.33076477051,
                8.9224691391,
                16.4226379395,
                36.2927932739,
                29.6392593384,
                28.6721954346,
                29.0607051849,
                27.9891262054,
                26.6868991852,
                18.5023880005,
                17.9324493408,
                18.5455131531,
                13.6173496246,
                14.8529806137,
                11.7975444794,
                9.10892677307,
                9.48633670807,
                6.29935407639,
                7.40773010254,
                11.2859678268,
                8.91205692291,
                5.49561882019,
                4.22087430954,
                3.80425739288,
                2.84817147255,
                2.11635875702,
                1.27747285366,
                0.535983085632,
                0.139999210835,
                0.0271332785487,
                0.00285886134952,
                0.000210759841138,
                2.2034642825e-05
            ],
            "dmean2": [
                0.0963099449873,
                0.907706558704,
                4.37151861191,
                7.21733808517,
                4.40333271027,
                7.61586284637,
                12.6197137833,
                14.9139137268,
                14.6613721848,
                26.4565258026,
                56.9292144775,
                46.3568153381,
                42.6810951233,
                43.2905807495,
                41.2764549255,
                40.4513778687,
                29.2055702209,
                28.8149604797,
                28.762752533,
                22.4230060577,
                24.5753059387,
                19.827791214,
                14.5033397675,
                14.1270551682,
                9.51149272919,
                10.7125911713,
                16.530708313,
                13.3907651901,
                7.61472272873,
                5.6738319397,
                5.0573849678,
                3.81205677986,
                2.92201161385,
                1.84534239769,
                0.743557691574,
                0.191048234701,
                0.0375784114003,
                0.00402487441897,
                0.000304014509311,
                3.08453709295e-05
            ],
            "dvar": [
                0.0300600938499,
                2.15064549446,
                48.5095710754,
                131.59588623,
                68.6206283569,
                110.839691162,
                248.453033447,
                512.64465332,
                405.825592041,
                1499.11938477,
                7230.84082031,
                5784.79882813,
                4875.91650391,
                5449.35888672,
                6187.86816406,
                4211.55371094,
                1929.21728516,
                1714.88342285,
                1763.44348145,
                632.534118652,
                762.637878418,
                512.447998047,
                250.838684082,
                289.987945557,
                102.381996155,
                161.06401062,
                395.158966064,
                271.935150146,
                122.688858032,
                106.740615845,
                132.387176514,
                50.5014381409,
                37.3474960327,
                17.7823429108,
                2.58602833748,
                0.250608235598,
                0.0102394158021,
                0.000117561336083,
                1.81406016964e-06,
                2.92076887121e-08
            ],
            "dvar2": [
                0.0759622454643,
                5.52999687195,
                128.672821045,
                357.779632568,
                193.867034912,
                277.495849609,
                602.972717285,
                1237.20605469,
                1029.32702637,
                3576.00561523,
                17100.6425781,
                13898.6289063,
                10976.7998047,
                11188.3300781,
                12938.6982422,
                8228.13867188,
                4477.40136719,
                4138.63720703,
                4130.41064453,
                1548.45153809,
                1869.60864258,
                1350.35168457,
                620.072143555,
                623.077026367,
                231.19178772,
                337.194091797,
                843.182312012,
                590.375915527,
                249.969314575,
                217.987976074,
                266.219512939,
                101.267456055,
                72.6240463257,
                32.366065979,
                4.93454551697,
                0.53619158268,
                0.019853502512,
                0.000245959090535,
                4.8634938139e-06,
                5.10459337022e-08
            ],
            "max": [
                4.79741954803,
                27.6747570038,
                96.3874130249,
                166.695251465,
                247.795684814,
                261.827209473,
                332.054046631,
                673.224182129,
                487.171051025,
                831.73046875,
                2354.27880859,
                2022.35461426,
                1371.92260742,
                2156.16333008,
                2511.09082031,
                2339.28955078,
                1370.89331055,
                1107.09655762,
                1440.72912598,
                508.870056152,
                596.093200684,
                554.299316406,
                257.794555664,
                376.682189941,
                203.259109497,
                141.458938599,
                296.801605225,
                206.469573975,
                284.746307373,
                347.832763672,
                653.623718262,
                198.99446106,
                192.091995239,
                187.402954102,
                45.897808075,
                20.8606262207,
                3.58541274071,
                0.393287718296,
                0.0770389139652,
                0.0116322403774
            ],
            "mean": [
                0.109420545399,
                1.12937307358,
                3.95673513412,
                4.53303146362,
                2.88384747505,
                7.39528656006,
                15.0238351822,
                16.529296875,
                14.0456457138,
                25.703502655,
                57.7802810669,
                48.6306686401,
                46.1501922607,
                51.0638809204,
                47.6636276245,
                46.7800788879,
                33.0527305603,
                28.4517288208,
                31.2807483673,
                21.6662731171,
                22.6884479523,
                18.434551239,
                15.7106246948,
                18.6139583588,
                12.8009700775,
                12.8429841995,
                19.2636165619,
                14.4687232971,
                8.44803333282,
                6.05097389221,
                5.36071014404,
                4.10426616669,
                3.06491661072,
                1.77286279202,
                0.717668354511,
                0.174097701907,
                0.0326077491045,
                0.00331646553241,
                0.000257007282926,
                5.01147806062e-05
            ],
            "median": [
                0.00780326128006,
                0.0713254511356,
                0.295291393995,
                0.47189283371,
                0.929403543472,
                2.76277756691,
                6.50776338577,
                5.49267244339,
                4.76947259903,
                8.23506832123,
                17.759771347,
                16.2028427124,
                15.8015394211,
                16.2247200012,
                14.0558719635,
                15.9496593475,
                12.1520690918,
                10.923825264,
                11.9286718369,
                10.1144323349,
                10.3936471939,
                7.60924482346,
                6.18376255035,
                7.51365470886,
                5.90849876404,
                4.4899687767,
                5.30505561829,
                3.96325492859,
                1.68226528168,
                0.698639214039,
                0.612507581711,
                0.657369613647,
                0.458803296089,
                0.25465875864,
                0.0890218690038,
                0.0184488724917,
                0.00228530401364,
                0.000267544470262,
                4.32883571193e-05,
                3.59693876817e-05
            ],
            "min": [
                7.60326480993e-23,
                4.96447005103e-22,
                2.66777925036e-21,
                4.45334210466e-21,
                1.07971101797e-20,
                1.89981818615e-20,
                3.88981779988e-20,
                1.06151370688e-19,
                9.8923841312e-20,
                1.352046486e-19,
                3.09459434094e-19,
                4.35062725906e-19,
                2.59671148681e-19,
                6.0202954614e-19,
                6.25085913246e-19,
                9.88187906666e-19,
                1.16241334017e-18,
                2.17152405665e-18,
                1.91989137161e-18,
                2.45363834726e-18,
                2.99737146085e-18,
                3.58305193728e-18,
                4.52650395187e-18,
                6.20964361766e-18,
                7.39398965178e-18,
                8.79181156325e-18,
                8.18442690152e-18,
                8.85776846375e-18,
                9.83890145037e-18,
                1.02033026343e-17,
                9.90316593934e-18,
                1.04715440721e-17,
                1.00431828016e-17,
                7.48161620279e-18,
                6.09060240135e-18,
                3.90955625508e-18,
                2.29011342556e-18,
                9.71618755214e-19,
                2.54572097193e-19,
                2.61456702044e-20
            ],
            "var": [
                0.0551274679601,
                4.23817396164,
                64.7794494629,
                115.438613892,
                49.5242805481,
                204.887008667,
                650.90423584,
                1016.324646,
                682.666442871,
                3031.04199219,
                12623.2763672,
                10119.0166016,
                8798.734375,
                13752.6132813,
                14156.2255859,
                10792.0898438,
                5151.30419922,
                2761.74780273,
                3673.3605957,
                1175.13232422,
                1263.23803711,
                851.855834961,
                565.590209961,
                829.898071289,
                299.392089844,
                353.679779053,
                891.618347168,
                523.53717041,
                251.604537964,
                217.234436035,
                232.584854126,
                89.5232696533,
                65.015083313,
                30.7702045441,
                4.26706027985,
                0.331879526377,
                0.0150975165889,
                0.000159313902259,
                2.21151049118e-06,
                4.14347844924e-08
            ]
        },
        "erbbands_crest": {
            "dmean": 3.04309129715,
            "dmean2": 4.87842655182,
            "dvar": 9.08010482788,
            "dvar2": 21.461107254,
            "max": 33.8014335632,
            "mean": 10.1045331955,
            "median": 8.81740093231,
            "min": 2.33493947983,
            "var": 29.1079235077
        },
        "erbbands_flatness_db": {
            "dmean": 0.0224919430912,
            "dmean2": 0.0316858366132,
            "dvar": 0.000550149183255,
            "dvar2": 0.00101558747701,
            "max": 0.632925987244,
            "mean": 0.191604837775,
            "median": 0.170211032033,
            "min": 0.0381224490702,
            "var": 0.00837241113186
        },
        "erbbands_kurtosis": {
            "dmean": 1.54024982452,
            "dmean2": 2.41482686996,
            "dvar": 12.8661489487,
            "dvar2": 31.428030014,
            "max": 84.248336792,
            "mean": 1.46029007435,
            "median": 0.132336825132,
            "min": -1.88691854477,
            "var": 23.0273513794
        },
        "erbbands_skewness": {
            "dmean": 0.438455700874,
            "dmean2": 0.667293310165,
            "dvar": 0.216025084257,
            "dvar2": 0.483485609293,
            "max": 6.64122438431,
            "mean": 0.433365315199,
            "median": 0.4256311059,
            "min": -6.20773363113,
            "var": 0.88985145092
        },
        "erbbands_spread": {
            "dmean": 8.17579078674,
            "dmean2": 12.2820825577,
            "dvar": 99.7836303711,
            "dvar2": 219.400466919,
            "max": 176.878341675,
            "mean": 33.3881835938,
            "median": 31.651058197,
            "min": 0.407503098249,
            "var": 383.245239258
        },
        "gfcc": {
            "cov": [
                [
                    49172.171875,
                    4572.31982422,
                    498.695739746,
                    4059.28027344,
                    -2249.81274414,
                    2015.74804688,
                    -1028.49060059,
                    672.603027344,
                    -312.318603516,
                    694.613647461,
                    -788.097717285,
                    -305.366027832,
                    -191.306213379
                ],
                [
                    4572.31982422,
                    2144.6237793,
                    409.434234619,
                    517.446899414,
                    92.811706543,
                    190.964492798,
                    138.316635132,
                    77.7016372681,
                    127.194244385,
                    30.0373039246,
                    83.2179412842,
                    -149.930450439,
                    44.5003738403
                ],
                [
                    498.695739746,
                    409.434234619,
                    2524.53417969,
                    1461.9107666,
                    334.34854126,
                    497.001800537,
                    -176.446563721,
                    117.45816803,
                    181.12991333,
                    132.706359863,
                    -118.134796143,
                    87.7476119995,
                    -144.003768921
                ],
                [
                    4059.28027344,
                    517.446899414,
                    1461.9107666,
                    1751.61315918,
                    86.2147445679,
                    360.009460449,
                    -217.33543396,
                    97.9164733887,
                    94.9958648682,
                    115.283447266,
                    -133.431015015,
                    37.0787200928,
                    -48.0427207947
                ],
                [
                    -2249.81274414,
                    92.811706543,
                    334.34854126,
                    86.2147445679,
                    566.314880371,
                    59.2981567383,
                    167.500808716,
                    46.5603141785,
                    109.996734619,
                    16.4905586243,
                    36.4032745361,
                    12.9556188583,
                    -24.6878929138
                ],
                [
                    2015.74804688,
                    190.964492798,
                    497.001800537,
                    360.009460449,
                    59.2981567383,
                    502.539703369,
                    70.9915313721,
                    51.2411155701,
                    68.3269729614,
                    72.0653305054,
                    -64.3793029785,
                    -16.2978477478,
                    -67.8854827881
                ],
                [
                    -1028.49060059,
                    138.316635132,
                    -176.446563721,
                    -217.33543396,
                    167.500808716,
                    70.9915313721,
                    332.102294922,
                    61.2852058411,
                    67.7104568481,
                    -4.08835363388,
                    62.4008483887,
                    -43.1013412476,
                    4.45585775375
                ],
                [
                    672.603027344,
                    77.7016372681,
                    117.45816803,
                    97.9164733887,
                    46.5603141785,
                    51.2411155701,
                    61.2852058411,
                    192.974014282,
                    65.9211349487,
                    30.9119815826,
                    0.457816153765,
                    5.09679937363,
                    -29.3445568085
                ],
                [
                    -312.318603516,
                    127.194244385,
                    181.12991333,
                    94.9958648682,
                    109.996734619,
                    68.3269729614,
                    67.7104568481,
                    65.9211349487,
                    167.976135254,
                    38.9204406738,
                    6.6666302681,
                    -4.16377305984,
                    -23.2930622101
                ],
                [
                    694.613647461,
                    30.0373039246,
                    132.706359863,
                    115.283447266,
                    16.4905586243,
                    72.0653305054,
                    -4.08835363388,
                    30.9119815826,
                    38.9204406738,
                    130.096481323,
                    7.43805599213,
                    -2.6332783699,
                    -12.4428052902
                ],
                [
                    -788.097717285,
                    83.2179412842,
                    -118.134796143,
                    -133.431015015,
                    36.4032745361,
                    -64.3793029785,
                    62.4008483887,
                    0.457816153765,
                    6.6666302681,
                    7.43805599213,
                    135.204544067,
                    10.421005249,
                    24.1155414581
                ],
                [
                    -305.366027832,
                    -149.930450439,
                    87.7476119995,
                    37.0787200928,
                    12.9556188583,
                    -16.2978477478,
                    -43.1013412476,
                    5.09679937363,
                    -4.16377305984,
                    -2.6332783699,
                    10.421005249,
                    98.9465560913,
                    9.43236732483
                ],
                [
                    -191.306213379,
                    44.5003738403,
                    -144.003768921,
                    -48.0427207947,
                    -24.6878929138,
                    -67.8854827881,
                    4.45585775375,
                    -29.3445568085,
                    -23.2930622101,
                    -12.4428052902,
                    24.1155414581,
                    9.43236732483,
                    119.162452698
                ]
            ],
            "icov": [
                [
                    0.000144427642226,
                    -0.000345706910593,
                    0.000341883685905,
                    -0.000294826226309,
                    0.00037084435462,
                    -0.000503843242768,
                    0.000341856124578,
                    -0.000518815475516,
                    0.00049509521341,
                    -0.000574244942982,
                    0.000551951001398,
                    -0.000303484936012,
                    0.000253648497164
                ],
                [
                    -0.000345706910593,
                    0.00152445281856,
                    -0.000871597556397,
                    0.00047146572615,
                    -0.00084170390619,
                    0.00104504905175,
                    -0.000866905727889,
                    0.00110549619421,
                    -0.00149816181511,
                    0.00170596013777,
                    -0.00210522511043,
                    0.00199684943072,
                    -0.00110862764996
                ],
                [
                    0.000341883685905,
                    -0.000871597556397,
                    0.00184824177995,
                    -0.0013206632575,
                    0.0003789679904,
                    -0.00165993324481,
                    0.00131027132738,
                    -0.00120499916375,
                    0.000825563678518,
                    -0.00136922043748,
                    0.00126694259234,
                    -0.00135249644518,
                    0.00123164325487
                ],
                [
                    -0.000294826226309,
                    0.00047146572615,
                    -0.0013206632575,
                    0.00198286958039,
                    -0.000759343383834,
                    0.000741449825,
                    -2.90355492325e-05,
                    0.000652131391689,
                    -0.000953070586547,
                    0.000806985539384,
                    -0.000486180710141,
                    0.000542131136172,
                    -0.00106573326048
                ],
                [
                    0.00037084435462,
                    -0.00084170390619,
                    0.0003789679904,
                    -0.000759343383834,
                    0.00362551235594,
                    -0.000822035362944,
                    -0.000793172512203,
                    -0.000928298104554,
                    0.000367216183804,
                    -0.00142916280311,
                    0.00126262125559,
                    -0.00133330747485,
                    0.000917964207474
                ],
                [
                    -0.000503843242768,
                    0.00104504905175,
                    -0.00165993324481,
                    0.000741449825,
                    -0.000822035362944,
                    0.00517427967861,
                    -0.00300390133634,
                    0.0022397483699,
                    -0.00167607236654,
                    0.000655650976114,
                    -0.000292709213682,
                    0.000709976244252,
                    0.00027898119879
                ],
                [
                    0.000341856124578,
                    -0.000866905727889,
                    0.00131027132738,
                    -2.90355492325e-05,
                    -0.000793172512203,
                    -0.00300390133634,
                    0.00705554336309,
                    -0.00294671999291,
                    1.6848625819e-05,
                    -0.000211179125472,
                    -0.0008599840221,
                    0.00154726020992,
                    -0.00038801151095
                ],
                [
                    -0.000518815475516,
                    0.00110549619421,
                    -0.00120499916375,
                    0.000652131391689,
                    -0.000928298104554,
                    0.0022397483699,
                    -0.00294671999291,
                    0.00864262226969,
                    -0.00349204731174,
                    0.00107700633816,
                    -0.00143838161603,
                    -0.000367262924556,
                    0.000633109884802
                ],
                [
                    0.00049509521341,
                    -0.00149816181511,
                    0.000825563678518,
                    -0.000953070586547,
                    0.000367216183804,
                    -0.00167607236654,
                    1.6848625819e-05,
                    -0.00349204731174,
                    0.0104127023369,
                    -0.00370426266454,
                    0.00221272511408,
                    -0.0012935315026,
                    0.00153159990441
                ],
                [
                    -0.000574244942982,
                    0.00170596013777,
                    -0.00136922043748,
                    0.000806985539384,
                    -0.00142916280311,
                    0.000655650976114,
                    -0.000211179125472,
                    0.00107700633816,
                    -0.00370426266454,
                    0.0118839526549,
                    -0.00444283848628,
                    0.00262733828276,
                    -0.00132977007888
                ],
                [
                    0.000551951001398,
                    -0.00210522511043,
                    0.00126694259234,
                    -0.000486180710141,
                    0.00126262125559,
                    -0.000292709213682,
                    -0.0008599840221,
                    -0.00143838161603,
                    0.00221272511408,
                    -0.00444283848628,
                    0.0128424037248,
                    -0.00436688261107,
                    0.000495410640724
                ],
                [
                    -0.000303484936012,
                    0.00199684943072,
                    -0.00135249644518,
                    0.000542131136172,
                    -0.00133330747485,
                    0.000709976244252,
                    0.00154726020992,
                    -0.000367262924556,
                    -0.0012935315026,
                    0.00262733828276,
                    -0.00436688261107,
                    0.0149325169623,
                    -0.00294562033378
                ],
                [
                    0.000253648497164,
                    -0.00110862764996,
                    0.00123164325487,
                    -0.00106573326048,
                    0.000917964207474,
                    0.00027898119879,
                    -0.00038801151095,
                    0.000633109884802,
                    0.00153159990441,
                    -0.00132977007888,
                    0.000495410640724,
                    -0.00294562033378,
                    0.0110848229378
                ]
            ],
            "mean": [
                -77.7724075317,
                71.9217147827,
                -141.694839478,
                14.6613779068,
                -68.5194854736,
                10.825387001,
                -34.3460350037,
                10.1148948669,
                -23.7708530426,
                1.45771169662,
                -11.4163742065,
                -4.06181907654,
                -2.05404210091
            ]
        },
        "hfc": {
            "dmean": 8.63362026215,
            "dmean2": 11.8299379349,
            "dvar": 170.169082642,
            "dvar2": 313.43850708,
            "max": 227.60369873,
            "mean": 24.6800785065,
            "median": 18.907623291,
            "min": 1.09240747329e-16,
            "var": 590.711730957
        },
        "melbands": {
            "dmean": [
                0.000598565442488,
                0.00109682918992,
                0.000647047127131,
                0.000231450001593,
                0.00026759217144,
                0.000200058828341,
                0.000147494458361,
                0.000199399408302,
                0.000288045528578,
                0.000196066466742,
                0.000150049847434,
                0.000126316721435,
                9.57608790486e-05,
                9.30225069169e-05,
                5.15844803886e-05,
                3.98077354475e-05,
                3.5488516005e-05,
                3.33486132149e-05,
                2.313189907e-05,
                1.70631847141e-05,
                1.88020403584e-05,
                1.41909249578e-05,
                9.09172194952e-06,
                8.34475940792e-06,
                8.42228564579e-06,
                5.97602593189e-06,
                4.39440464106e-06,
