{
    "lowlevel": {
        "average_loudness": 0.766495466232,
        "barkbands": {
            "dmean": [
                0.000472831394291,
                0.00644610775635,
                0.00390394357964,
                0.00185567885637,
                0.00237862672657,
                0.00152630521916,
                0.00083474162966,
                0.000609427283052,
                0.000500524474774,
                0.000711215543561,
                0.000273200275842,
                0.000176820685738,
                0.000281909480691,
                0.000245691189775,
                0.000301960855722,
                0.000315096694976,
                0.000143520475831,
                0.000135379712447,
                8.44637397677e-05,
                8.87391724973e-05,
                7.93151411926e-05,
                7.1699891123e-05,
                6.04887754889e-05,
                6.51133232168e-05,
                5.94204539084e-05,
                2.18681252591e-05,
                9.74378690444e-06
            ],
            "dmean2": [
                0.000702049059328,
                0.0102328984067,
                0.0070454692468,
                0.00331040425226,
                0.00400232244283,
                0.00252360571176,
                0.00136954581831,
                0.000930495094508,
                0.000779444235377,
                0.00108866172377,
                0.000428670173278,
                0.000282229972072,
                0.000427722174209,
                0.000381614430808,
                0.000481836235849,
                0.000497016124427,
                0.000227894182899,
                0.000215715670493,
                0.000140092452057,
                0.000145643280121,
                0.000124812140712,
                0.000107542466139,
                9.00314262253e-05,
                9.18980222195e-05,
                8.23368900456e-05,
                2.95277241094e-05,
                1.36961734825e-05
            ],
            "dvar": [
                1.33380649459e-06,
                0.000130126907607,
                0.000163009943208,
                1.89287566172e-05,
                1.69434388226e-05,
                7.21972037354e-06,
                2.86772001346e-06,
                1.77676997737e-06,
                1.50953519551e-06,
                2.91587798529e-06,
                8.33871467876e-07,
                2.61522728806e-07,
                6.46237424462e-07,
                7.79303206855e-07,
                6.75392243465e-07,
                1.00562101579e-06,
                1.06752956697e-07,
                8.64876099627e-08,
                3.78540931933e-08,
                4.06492866034e-08,
                3.32985692353e-08,
                3.2176206588e-08,
                2.94639033172e-08,
                3.14766275267e-08,
                3.05464560313e-08,
                6.01008620649e-09,
                2.57186805186e-09
            ],
            "dvar2": [
                2.39947939917e-06,
                0.000320053048199,
                0.00045981904259,
                5.34108330612e-05,
                4.61413073936e-05,
                1.9546769181e-05,
                7.46907335269e-06,
                3.73049192604e-06,
                3.30722582476e-06,
                6.57498776491e-06,
                1.72328634562e-06,
                5.70896190766e-07,
                1.17024956126e-06,
                1.55646398525e-06,
                1.64168613992e-06,
                2.33313721765e-06,
                2.27875389669e-07,
                2.09806103157e-07,
                9.87383685924e-08,
                1.05914885751e-07,
                8.046406208e-08,
                6.8236893469e-08,
                5.59421806656e-08,
                5.89367594728e-08,
                6.16818383037e-08,
                1.20687753125e-08,
                5.75786929247e-09
            ],
            "max": [
                0.0263270828873,
                0.138865694404,
                0.123988501728,
                0.0527885481715,
                0.0616769827902,
                0.0451731234789,
                0.0336813554168,
                0.0338257104158,
                0.0302187763155,
                0.0352620333433,
                0.020856551826,
                0.0154127385467,
                0.0297410935163,
                0.0249661318958,
                0.019219679758,
                0.0263455230743,
                0.0104771535844,
                0.00541810179129,
                0.00293102301657,
                0.00340598262846,
                0.00483645359054,
                0.00423663249239,
                0.00444760965183,
                0.00625482015312,
                0.00491303438321,
                0.00136556057259,
                0.000805042218417
            ],
            "mean": [
                0.00207136315294,
                0.0145593928173,
                0.00382052338682,
                0.00225197314285,
                0.00462756073102,
                0.00299977115355,
                0.00153919891454,
                0.00122733751778,
                0.000892628042493,
                0.00162258150522,
                0.000463762233267,
                0.000292962038657,
                0.000560402113479,
                0.0004507281119,
                0.000560045882594,
                0.000573270663153,
                0.000283987494186,
                0.00026200764114,
                0.000156029083882,
                0.000162355485372,
                0.000149195067934,
                0.000133221794385,
                0.000115768794785,
                0.000122843077406,
                0.000110025066533,
                3.49417896359e-05,
                1.16744968182e-05
            ],
            "median": [
                0.000230590550927,
                0.00672030262649,
                0.00122187845409,
                0.00107721087988,
                0.00300225336105,
                0.00135090271942,
                0.0006396038807,
                0.000483546114992,
                0.000266594899585,
                0.000341306003975,
                8.398132195e-05,
                8.49792995723e-05,
                9.03644104255e-05,
                7.53437489038e-05,
                9.14440970519e-05,
                9.8270145827e-05,
                7.29989333195e-05,
                5.86347705394e-05,
                2.77796607406e-05,
                4.99713605677e-05,
                4.54178116343e-05,
                2.30121786444e-05,
                1.92757488549e-05,
                2.45620194619e-05,
                2.11340302485e-05,
                4.2973847485e-06,
                1.77002405621e-07
            ],
            "min": [
                4.27765379437e-23,
                1.00107843579e-22,
                5.32538855642e-23,
                7.1032570003e-24,
                9.67610081026e-24,
                3.51232618767e-23,
                1.70984086594e-23,
                2.77020560663e-23,
                3.93874810543e-23,
                7.43693759014e-23,
                4.57097783802e-23,
                1.03762459448e-22,
                4.54454216246e-23,
                6.65980799321e-23,
                1.53973254117e-22,
                1.89484048646e-22,
                2.87965431432e-22,
                1.65766396484e-22,
                2.01825405166e-22,
                3.37269010817e-22,
                5.55360551143e-22,
                6.17887105373e-22,
                6.29008453794e-22,
                9.59028476602e-22,
                1.17021045368e-21,
                1.84634406956e-21,
                2.29339257953e-21
            ],
            "var": [
                2.26460342674e-05,
                0.000316253135679,
                0.000105215847725,
                1.52196635099e-05,
                2.86181020783e-05,
                1.91544622794e-05,
                6.80221819493e-06,
                5.17622174812e-06,
                3.92673382521e-06,
                1.18854277389e-05,
                2.19115145228e-06,
                5.31365685674e-07,
                2.41683028435e-06,
                2.00087697522e-06,
                1.77723677552e-06,
                2.38219081439e-06,
                3.26232850512e-07,
                2.2553574297e-07,
                7.15356947012e-08,
                7.43230330613e-08,
                7.07997998006e-08,
                7.28006668282e-08,
                7.58984555205e-08,
                8.4818289281e-08,
                7.13888042014e-08,
                1.1252908827e-08,
                3.37374128634e-09
            ]
        },
        "barkbands_crest": {
            "dmean": 2.54105401039,
            "dmean2": 4.11130666733,
            "dvar": 5.87214279175,
            "dvar2": 14.7082061768,
            "max": 26.2492752075,
            "mean": 11.8260555267,
            "median": 11.0684232712,
            "min": 2.94340014458,
            "var": 16.8311328888
        },
        "barkbands_flatness_db": {
            "dmean": 0.0242487825453,
            "dmean2": 0.0357831902802,
            "dvar": 0.000705486396328,
            "dvar2": 0.00146223965567,
            "max": 0.58572024107,
            "mean": 0.193779021502,
            "median": 0.169320330024,
            "min": 0.030364472419,
            "var": 0.00967170018703
        },
        "barkbands_kurtosis": {
            "dmean": 5.26025009155,
            "dmean2": 8.08425617218,
            "dvar": 116.671463013,
            "dvar2": 257.447387695,
            "max": 392.069519043,
            "mean": 10.2860155106,
            "median": 5.30215930939,
            "min": -1.94084906578,
            "var": 316.208587646
        },
        "barkbands_skewness": {
            "dmean": 0.61004024744,
            "dmean2": 0.926750957966,
            "dvar": 0.566495239735,
            "dvar2": 1.2727663517,
            "max": 12.8575401306,
            "mean": 2.16699004173,
            "median": 2.00435948372,
            "min": -2.09910607338,
            "var": 2.20719432831
        },
        "barkbands_spread": {
            "dmean": 4.59717845917,
            "dmean2": 6.76414203644,
            "dvar": 63.9592437744,
            "dvar2": 112.239753723,
            "max": 106.24319458,
            "mean": 16.0334339142,
            "median": 11.8817644119,
            "min": 0.161492556334,
            "var": 229.552688599
        },
        "dissonance": {
            "dmean": 0.0264889840037,
            "dmean2": 0.0440921634436,
            "dvar": 0.000775883265305,
            "dvar2": 0.00200984207913,
            "max": 0.500000119209,
            "mean": 0.433483481407,
            "median": 0.455429583788,
            "min": 0.0371756106615,
            "var": 0.00434595812112
        },
        "dynamic_complexity": 4.57856893539,
        "erbbands": {
            "dmean": [
                0.243548825383,
                1.31768476963,
                3.94094586372,
                5.3324432373,
                6.77799701691,
                9.46342563629,
                9.52008914948,
                14.908572197,
                12.1463270187,
                10.0137329102,
                13.0153074265,
                12.5603609085,
                14.9363670349,
                20.9333457947,
                9.38245582581,
                7.0611448288,
                12.6689901352,
                11.126953125,
                16.3164539337,
                12.3807535172,
                13.0771541595,
                6.92024898529,
                7.62887763977,
                4.97518444061,
                4.2398109436,
                4.24341917038,
                3.55511188507,
                2.90559673309,
                2.59157276154,
                2.08236503601,
                1.75168538094,
                1.47440254688,
                1.02905714512,
                0.767378866673,
                0.373536527157,
                0.13210748136,
                0.0340157710016,
                0.00760305533186,
                0.00171804777347,
                0.000118251336971
            ],
            "dmean2": [
                0.39589419961,
                2.05630207062,
                6.97938776016,
                9.42532062531,
                11.7703180313,
                15.8050994873,
                15.4593486786,
                24.7693824768,
                19.5737762451,
                15.8361625671,
                19.9690608978,
                19.3717002869,
                21.9598846436,
                32.0944252014,
                14.3511323929,
                11.1559772491,
                18.9873695374,
                16.8528614044,
                25.2173404694,
                19.5561218262,
                20.2153320312,
                10.738535881,
                12.2381191254,
                7.98600959778,
                7.0791053772,
                6.9367442131,
                5.59420013428,
                4.5211558342,
                3.93148946762,
                3.12468075752,
                2.58138465881,
                2.08232474327,
                1.475954175,
                1.10484790802,
                0.52396607399,
                0.182283580303,
                0.046276178211,
                0.0104390056804,
                0.00246122921817,
                0.000166599478689
            ],
            "dvar": [
                0.168769702315,
                7.31691122055,
                169.80947876,
                193.845611572,
                208.522323608,
                266.228759766,
                290.470428467,
                843.596374512,
                604.208740234,
                502.538726807,
                957.397705078,
                961.789794922,
                1713.48376465,
                2888.94384766,
                728.811828613,
                361.358398438,
                1430.54516602,
                1311.42175293,
                2151.19995117,
                1162.20959473,
                1789.79882812,
                304.639160156,
                302.716888428,
                127.675971985,
                102.470314026,
                101.540931702,
                66.4094009399,
                50.7933959961,
                47.4030685425,
                32.1528015137,
                24.6267108917,
                20.0557975769,
                6.55087375641,
                4.67576503754,
                1.29211509228,
                0.191973656416,
                0.0169288981706,
                0.00113663205411,
                8.33103840705e-05,
                3.55107658834e-07
            ],
            "dvar2": [
                0.46767911315,
                16.2506103516,
                469.546936035,
                537.536621094,
                575.998962402,
                717.23236084,
                707.191894531,
                2254.7487793,
                1519.35595703,
                1201.66015625,
                2043.15917969,
                2149.32836914,
                3326.39257812,
                6865.83203125,
                1384.57397461,
                793.982055664,
                2452.89819336,
                2708.16430664,
                4832.74609375,
                2874.81494141,
                3882.81347656,
                639.859619141,
                731.250610352,
                316.1847229,
                275.371917725,
                262.794433594,
                161.550186157,
                116.695144653,
                104.439064026,
                70.4174499512,
                45.993927002,
                37.0516853333,
                12.7734050751,
                9.56806755066,
                2.63342142105,
                0.390570580959,
                0.0338457487524,
                0.00244141439907,
                0.000190653066966,
                7.8275161286e-07
            ],
            "max": [
                4.57726716995,
                39.7926177979,
                143.051452637,
                151.680114746,
                263.380981445,
                287.854187012,
                385.337402344,
                487.366912842,
                538.365966797,
                759.465393066,
                987.073364258,
                766.61517334,
                1085.5513916,
                1422.02392578,
                747.727661133,
                715.23638916,
                1592.86962891,
                1092.23937988,
                1534.14624023,
                881.213195801,
                1772.94311523,
                503.674468994,
                391.128234863,
                203.681381226,
                161.198883057,
                235.647994995,
                226.469589233,
                156.935852051,
                199.574783325,
                175.337341309,
                137.901870728,
                167.313934326,
                61.3443260193,
                56.3387756348,
                28.6703395844,
                8.28835201263,
                2.38370037079,
                0.515980958939,
                0.158079385757,
                0.00931713357568
            ],
            "mean": [
                0.652150511742,
                2.39314174652,
                4.16742897034,
                6.35487270355,
                10.2211313248,
                17.6889457703,
                19.9293994904,
                27.6790733337,
                24.6112213135,
                19.1324768066,
                27.8467769623,
                24.5198917389,
                30.9719753265,
                48.4833030701,
                18.860616684,
                14.1413192749,
                26.2685585022,
                23.0981864929,
                33.7159309387,
                25.8082561493,
                26.3378238678,
                15.2131681442,
                15.2734003067,
                9.70974826813,
                7.86063861847,
                7.91479730606,
                6.70017910004,
                5.40284490585,
                4.82666444778,
                3.88030123711,
                3.31681132317,
                2.67760157585,
                1.95786583424,
                1.4104988575,
                0.664281010628,
                0.21940100193,
                0.0527479983866,
                0.0103547694162,
                0.00205274811015,
                0.000179308262886
            ],
            "median": [
                0.267088264227,
                0.949990689754,
                1.49354422092,
                3.29503893852,
                6.1325378418,
                10.221157074,
                11.4068994522,
                9.81076526642,
                11.8850011826,
                8.56404972076,
                11.6450386047,
                8.8776807785,
                7.9516248703,
                10.7869749069,
                4.89080142975,
                4.23839616776,
                4.52749443054,
                4.60002946854,
                5.61102962494,
                5.46060180664,
                5.46121120453,
                4.06829500198,
                3.65040922165,
                2.00924563408,
                1.7553409338,
                2.44541049004,
                2.14941120148,
                1.35045969486,
                0.808924794197,
                0.736053407192,
                0.549479603767,
                0.411717295647,
                0.435571402311,
                0.301111221313,
                0.105435624719,
                0.0298504475504,
                0.00585008598864,
                0.000641142483801,
                5.91742536926e-05,
                4.46456942882e-05
            ],
            "min": [
                4.66764044835e-21,
                1.64227437152e-20,
                5.77840329337e-20,
                3.6827473507e-20,
                4.33645720281e-20,
                1.51683130072e-20,
                6.79450808042e-20,
                3.50981936291e-19,
                3.43796063213e-19,
                3.37442463079e-19,
                6.43674884658e-19,
                9.0764584741e-19,
                2.5285579565e-18,
                1.9493187355e-18,
                2.06845673194e-18,
                4.5070126815e-18,
                2.30425821403e-18,
                3.00321673265e-18,
                7.145844567e-18,
                9.77137621543e-18,
                1.08742337923e-17,
                1.51443237484e-17,
                1.17561646624e-17,
                8.96754773875e-18,
                1.32185414032e-17,
                1.53166469767e-17,
                1.8756793537e-17,
                2.17160255609e-17,
                2.14583637632e-17,
                2.04517163906e-17,
                1.67617546678e-17,
                1.81528226496e-17,
                1.66893267334e-17,
                1.12923760735e-17,
                9.1703873142e-18,
                5.69761054669e-18,
                3.65873358666e-18,
                1.44250993047e-18,
                3.10073615699e-19,
                3.5429228079e-20
            ],
            "var": [
                0.652539849281,
                13.0277738571,
                117.269920349,
                144.150238037,
                203.982589722,
                508.799835205,
                794.866577148,
                2167.17895508,
                1561.3079834,
                1109.37683105,
                2944.23730469,
                2669.58300781,
                5957.61816406,
                12116.4609375,
                2621.00292969,
                1095.10754395,
                5627.79882812,
                3402.45898438,
                7036.14306641,
                2769.46289062,
                4584.31884766,
                992.258483887,
                800.851745605,
                276.825775146,
                177.070007324,
                188.484939575,
                137.438690186,
                108.440284729,
                99.1151275635,
                68.3456039429,
                64.8876800537,
                52.0454864502,
                17.5445423126,
                10.6929273605,
                2.95819401741,
                0.382185041904,
                0.0299682337791,
                0.00168655184098,
                0.000103974169178,
                4.88298837809e-07
            ]
        },
        "erbbands_crest": {
            "dmean": 2.5003862381,
            "dmean2": 3.97859573364,
            "dvar": 5.99424171448,
            "dvar2": 14.6866092682,
            "max": 30.1997776031,
            "mean": 10.8141231537,
            "median": 9.77438735962,
            "min": 2.36273980141,
            "var": 28.0318031311
        },
        "erbbands_flatness_db": {
            "dmean": 0.0171489808708,
            "dmean2": 0.0241398476064,
            "dvar": 0.000384245213354,
            "dvar2": 0.000696068804245,
            "max": 0.547409653664,
            "mean": 0.180271908641,
            "median": 0.157678648829,
            "min": 0.0456241033971,
            "var": 0.00777669530362
        },
        "erbbands_kurtosis": {
            "dmean": 1.42521643639,
            "dmean2": 2.20046210289,
            "dvar": 9.69548988342,
            "dvar2": 21.6984882355,
            "max": 146.163452148,
            "mean": 2.38126015663,
            "median": 0.618060827255,
            "min": -1.90406799316,
            "var": 56.7707519531
        },
        "erbbands_skewness": {
            "dmean": 0.380775123835,
            "dmean2": 0.568703234196,
            "dvar": 0.201943159103,
            "dvar2": 0.398197561502,
            "max": 9.55831241608,
            "mean": 0.786437809467,
            "median": 0.637391805649,
            "min": -3.86550331116,
            "var": 1.06777858734
        },
        "erbbands_spread": {
            "dmean": 8.13766670227,
            "dmean2": 12.0088024139,
            "dvar": 141.568481445,
            "dvar2": 286.100280762,
            "max": 161.478866577,
            "mean": 35.7510452271,
            "median": 31.9878425598,
            "min": 1.04516530037,
            "var": 589.040283203
        },
        "gfcc": {
            "cov": [
                [
                    22740.5917969,
                    -4672.27197266,
                    -1873.62744141,
                    2216.61352539,
                    493.235656738,
                    2835.53637695,
                    419.495117188,
                    1182.64782715,
                    260.793060303,
                    998.005859375,
                    33.2539520264,
                    751.392089844,
                    139.262619019
                ],
                [
                    -4672.27197266,
                    2548.125,
                    -78.6100463867,
                    -722.953613281,
                    318.820159912,
                    -821.599487305,
                    191.711166382,
                    -286.642974854,
                    52.4838790894,
                    -287.39465332,
                    188.872207642,
                    -259.883453369,
                    75.2323913574
                ],
                [
                    -1873.62744141,
                    -78.6100463867,
                    1112.31433105,
                    59.0110473633,
                    -172.321243286,
                    52.1525154114,
                    -149.842651367,
                    -32.5928649902,
                    5.55679368973,
                    -17.9020576477,
                    -57.0686569214,
                    5.89681434631,
                    -76.4597015381
                ],
                [
                    2216.61352539,
                    -722.953613281,
                    59.0110473633,
                    737.726379395,
                    53.2332458496,
                    351.036773682,
                    7.67156887054,
                    138.083297729,
                    68.9322357178,
                    128.304092407,
                    -21.7007808685,
                    103.683319092,
                    15.3701591492
                ],
                [
                    493.235656738,
                    318.820159912,
                    -172.321243286,
                    53.2332458496,
                    413.783630371,
                    -7.17777681351,
                    143.290817261,
                    26.0019893646,
                    89.3920516968,
                    45.8626823425,
                    102.292427063,
                    32.1089820862,
                    41.4322967529
                ],
                [
                    2835.53637695,
                    -821.599487305,
                    52.1525154114,
                    351.036773682,
                    -7.17777681351,
                    711.075805664,
                    52.281463623,
                    166.993652344,
                    32.3791275024,
                    182.546951294,
                    -19.0420265198,
                    108.970680237,
                    -0.928670346737
                ],
                [
                    419.495117188,
                    191.711166382,
                    -149.842651367,
                    7.67156887054,
                    143.290817261,
                    52.281463623,
                    245.141998291,
                    25.87241745,
                    39.7036209106,
                    39.8968582153,
                    81.9285964966,
                    19.9135818481,
                    29.8228874207
                ],
                [
                    1182.64782715,
                    -286.642974854,
                    -32.5928649902,
                    138.083297729,
                    26.0019893646,
                    166.993652344,
                    25.87241745,
                    180.882095337,
                    44.0118522644,
                    69.4015350342,
                    2.8873667717,
                    60.0745658875,
                    21.5381164551
                ],
                [
                    260.793060303,
                    52.4838790894,
                    5.55679368973,
                    68.9322357178,
                    89.3920516968,
                    32.3791275024,
                    39.7036209106,
                    44.0118522644,
                    151.516891479,
                    54.9125709534,
                    50.2325248718,
                    40.0279922485,
                    26.523853302
                ],
                [
                    998.005859375,
                    -287.39465332,
                    -17.9020576477,
                    128.304092407,
                    45.8626823425,
                    182.546951294,
                    39.8968582153,
                    69.4015350342,
                    54.9125709534,
                    176.431716919,
                    39.4034194946,
                    65.0778961182,
                    8.43213367462
                ],
                [
                    33.2539520264,
                    188.872207642,
                    -57.0686569214,
                    -21.7007808685,
                    102.292427063,
                    -19.0420265198,
                    81.9285964966,
                    2.8873667717,
                    50.2325248718,
                    39.4034194946,
                    132.205383301,
                    37.2150154114,
                    19.9784793854
                ],
                [
                    751.392089844,
                    -259.883453369,
                    5.89681434631,
                    103.683319092,
                    32.1089820862,
                    108.970680237,
                    19.9135818481,
                    60.0745658875,
                    40.0279922485,
                    65.0778961182,
                    37.2150154114,
                    141.627059937,
                    27.8726482391
                ],
                [
                    139.262619019,
                    75.2323913574,
                    -76.4597015381,
                    15.3701591492,
                    41.4322967529,
                    -0.928670346737,
                    29.8228874207,
                    21.5381164551,
                    26.523853302,
                    8.43213367462,
                    19.9784793854,
                    27.8726482391,
                    82.7468566895
                ]
            ],
            "icov": [
                [
                    0.000220924441237,
                    0.000142084260006,
                    0.000388031359762,
                    -0.000189817845239,
                    -0.000166469471878,
                    -0.000514283427037,
                    2.18207260332e-05,
                    -0.000463287928142,
                    2.50618286373e-05,
                    -2.92637814709e-05,
                    -4.54025539511e-05,
                    -0.000172332627699,
                    0.000147076323628
                ],
                [
                    0.000142084260006,
                    0.00173519924283,
                    -0.000114717840916,
                    0.000611165422015,
                    -0.000957526732236,
                    0.000429362989962,
                    -0.00077394861728,
                    0.000366351130651,
                    -0.000765304779634,
                    0.00127221900038,
                    -0.00165864673909,
                    0.00220950087532,
                    -0.00159654614981
                ],
                [
                    0.000388031359762,
                    -0.000114717840916,
                    0.00185676722322,
                    -0.000573684927076,
                    0.000209043661016,
                    -0.00120712490752,
                    0.000667872373015,
                    -0.000663559942041,
                    -0.000308108283207,
                    -0.000106044455606,
                    0.000266755727353,
                    -0.0010867464589,
                    0.00149851036258
                ],
                [
                    -0.000189817845239,
                    0.000611165422015,
                    -0.000573684927076,
                    0.00249456404708,
                    -0.000592857424635,
                    0.000118764670333,
                    -0.000169751147041,
                    0.000228857126785,
                    -0.000814376398921,
                    0.000236857144046,
                    0.000131015156512,
                    0.00056283181766,
                    -0.000914178323001
                ],
                [
                    -0.000166469471878,
                    -0.000957526732236,
                    0.000209043661016,
                    -0.000592857424635,
                    0.0042652534321,
                    0.000259608845226,
                    -0.000911491224542,
                    5.70755510125e-05,
                    -0.000880301638972,
                    -0.000645006715786,
                    -0.000581488595344,
                    -0.000897072080988,
                    0.000425398524385
                ],
                [
                    -0.000514283427037,
                    0.000429362989962,
                    -0.00120712490752,
                    0.000118764670333,
                    0.000259608845226,
                    0.00421729171649,
                    -0.00119333178736,
                    0.000211430393392,
                    0.000160319788847,
                    -0.00123978813644,
                    0.000332213006914,
                    0.000819286506157,
                    -0.000651134701911
                ],
                [
                    2.18207260332e-05,
                    -0.00077394861728,
                    0.000667872373015,
                    -0.000169751147041,
                    -0.000911491224542,
                    -0.00119333178736,
                    0.00666567217559,
                    -0.000618176185526,
                    0.000501144269947,
                    -0.000540529668797,
                    -0.00216859276406,
                    -0.000321672123391,
                    4.35051661043e-05
                ],
                [
                    -0.000463287928142,
                    0.000366351130651,
                    -0.000663559942041,
                    0.000228857126785,
                    5.70755510125e-05,
                    0.000211430393392,
                    -0.000618176185526,
                    0.00959812570363,
                    -0.00181078689639,
                    -0.000253673439147,
                    0.000655343115795,
                    -0.000329464353854,
                    -0.00195168482605
                ],
                [
                    2.50618286373e-05,
                    -0.000765304779634,
                    -0.000308108283207,
                    -0.000814376398921,
                    -0.000880301638972,
                    0.000160319788847,
                    0.000501144269947,
                    -0.00181078689639,
                    0.00989541597664,
                    -0.00243087369017,
                    -0.00127152039204,
                    -0.00131910981145,
                    -0.000919370912015
                ],
                [
                    -2.92637814709e-05,
                    0.00127221900038,
                    -0.000106044455606,
                    0.000236857144046,
                    -0.000645006715786,
                    -0.00123978813644,
                    -0.000540529668797,
                    -0.000253673439147,
                    -0.00243087369017,
                    0.0108434753492,
                    -0.0035047584679,
                    0.000279766274616,
                    -0.000253355974564
                ],
                [
                    -4.54025539511e-05,
                    -0.00165864673909,
                    0.000266755727353,
                    0.000131015156512,
                    -0.000581488595344,
                    0.000332213006914,
                    -0.00216859276406,
                    0.000655343115795,
                    -0.00127152039204,
                    -0.0035047584679,
                    0.0146495467052,
                    -0.00522049563006,
                    0.00169868115336
                ],
                [
                    -0.000172332627699,
                    0.00220950087532,
                    -0.0010867464589,
                    0.00056283181766,
                    -0.000897072080988,
                    0.000819286506157,
                    -0.000321672123391,
                    -0.000329464353854,
                    -0.00131910981145,
                    0.000279766274616,
                    -0.00522049563006,
                    0.0140703814104,
                    -0.00525221414864
                ],
                [
                    0.000147076323628,
                    -0.00159654614981,
                    0.00149851036258,
                    -0.000914178323001,
                    0.000425398524385,
                    -0.000651134701911,
                    4.35051661043e-05,
                    -0.00195168482605,
                    -0.000919370912015,
                    -0.000253355974564,
                    0.00169868115336,
                    -0.00525221414864,
                    0.0167951080948
                ]
            ],
            "mean": [
                -42.4796180725,
                116.479019165,
                -91.3149490356,
                27.0490760803,
                -57.305973053,
                7.34733581543,
                -41.7114486694,
                7.82554149628,
                -21.2349452972,
                0.0941924676299,
                -14.7927703857,
                -3.44768953323,
                -1.50499987602
            ]
        },
        "hfc": {
            "dmean": 4.69577932358,
            "dmean2": 6.72522640228,
            "dvar": 64.4650039673,
            "dvar2": 134.343109131,
            "max": 135.9034729,
            "mean": 19.4980430603,
            "median": 14.2301855087,
            "min": 1.20248886773e-16,
            "var": 399.048278809
        },
        "melbands": {
            "dmean": [
                0.00191966479179,
                0.00178352545481,
                0.000945380248595,
                0.000576647056732,
                0.000333031959599,
                0.000310580537189,
                0.000184599441127,
                0.000111405359348,
                0.000106776853499,
                7.70325423218e-05,
                7.83161449363e-05,
                9.21283353819e-05,
                3.35029544658e-05,
                2.07361990761e-05,
                2.29395864153e-05,
                2.88606861432e-05,
                2.3255150154e-05,
                2.8083266443e-05,
                1.78091740963e-05,
                2.53335620073e-05,
                1.35197242344e-05,
                8.1654470705e-06,
                7.56498593546e-06,
                6.47175966151e-06,
                4.1769303607e-06,
                3.32282911586e-06,
