{
    "lowlevel": {
        "average_loudness": 0.197878628969,
        "barkbands": {
            "dmean": [
                7.86592354416e-05,
                0.00100818381179,
                0.0010728641646,
                0.0011889092857,
                0.00242021563463,
                0.000880544423126,
                0.000861216918565,
                0.000773425912485,
                0.000418235111283,
                0.000249796081334,
                0.000252665253356,
                0.000287276372546,
                0.000170446728589,
                0.000100592151284,
                8.10848214314e-05,
                7.64986325521e-05,
                6.33396266494e-05,
                5.80008163524e-05,
                4.77106950711e-05,
                3.89284541598e-05,
                3.77348478651e-05,
                4.18529270974e-05,
                5.02364782733e-05,
                5.54723192181e-05,
                4.99679481436e-05,
                3.05012581521e-05,
                1.43296392707e-05
            ],
            "dmean2": [
                0.000128533007228,
                0.00164656399284,
                0.00178788183257,
                0.00203208276071,
                0.00388004793786,
                0.00138644862454,
                0.00131468195468,
                0.00123896845616,
                0.000648439105134,
                0.000388231594115,
                0.000392922491301,
                0.000441304815467,
                0.000263919035206,
                0.000155969886691,
                0.000128063547891,
                0.000121296863654,
                9.88244064501e-05,
                8.72735545272e-05,
                7.19478484825e-05,
                5.93393051531e-05,
                5.48892676306e-05,
                6.10222014075e-05,
                7.40309842513e-05,
                7.96969397925e-05,
                7.29833336663e-05,
                4.51533378509e-05,
                2.16935368371e-05
            ],
            "dvar": [
                1.07176447273e-07,
                7.95133018983e-06,
                1.97278477572e-05,
                1.95383890969e-05,
                4.73616382806e-05,
                1.02929161585e-05,
                1.25899914565e-05,
                2.07611738006e-05,
                5.7857128013e-06,
                1.51462677422e-06,
                1.93263485926e-06,
                2.37441167883e-06,
                8.99203200788e-07,
                3.95582020474e-07,
                1.11093477528e-07,
                9.49715683873e-08,
                3.71365445062e-08,
                2.66596646981e-08,
                1.68454725724e-08,
                1.69832343744e-08,
                1.47261687289e-08,
                1.9853384714e-08,
                3.25437277127e-08,
                3.88206018442e-08,
                3.7320994295e-08,
                1.86626039067e-08,
                5.18286791262e-09
            ],
            "dvar2": [
                2.4663748377e-07,
                2.00836893782e-05,
                5.15685933351e-05,
                5.44143440493e-05,
                0.000116937932034,
                2.46167892328e-05,
                2.90887328447e-05,
                5.45200855413e-05,
                1.23517665997e-05,
                3.53912469109e-06,
                4.68410325993e-06,
                5.45923467143e-06,
                1.99381474886e-06,
                9.49954369389e-07,
                2.73523681926e-07,
                2.35781499214e-07,
                9.27704704168e-08,
                5.64197222275e-08,
                3.80779070497e-08,
                3.82953793121e-08,
                3.08194998411e-08,
                4.34764331203e-08,
                7.22054949165e-08,
                7.97872061753e-08,
                8.38525835434e-08,
                4.23588417675e-08,
                1.18216627598e-08
            ],
            "max": [
                0.0130046326667,
                0.0940115302801,
                0.105631485581,
                0.110878817737,
                0.184591591358,
                0.133145704865,
                0.16215620935,
                0.123004108667,
                0.134308815002,
                0.0450709611177,
                0.0579868741333,
                0.079530030489,
                0.0412294082344,
                0.038161739707,
                0.0147596122697,
                0.0192807987332,
                0.00664118304849,
                0.00707730418071,
                0.00400869641453,
                0.0038991109468,
                0.00325095606968,
                0.00425437884405,
                0.00456133997068,
                0.00511240912601,
                0.00479851802811,
                0.00381320109591,
                0.00210304069333
            ],
            "mean": [
                9.63406127994e-05,
                0.00176630856004,
                0.00147208699491,
                0.00149468309246,
                0.00378052378073,
                0.00156524521299,
                0.00162906851619,
                0.00106907158624,
                0.000611902098171,
                0.000395887007471,
                0.000379737874027,
                0.000533790211193,
                0.000281015556538,
                0.000147830578499,
                0.000136479022331,
                0.000135684167617,
                0.000117170769954,
                0.00011103633733,
                8.66200571181e-05,
                6.67309068376e-05,
                6.71318484819e-05,
                7.06828359398e-05,
                7.34385757823e-05,
                7.97555694589e-05,
                6.53780080029e-05,
                3.51944290742e-05,
                1.5305400666e-05
            ],
            "median": [
                4.53657435173e-07,
                2.40625195147e-05,
                0.000129863386974,
                0.000165318735526,
                0.000862971006427,
                0.000297887250781,
                0.000187599071069,
                7.01760000084e-05,
                5.42951565876e-05,
                2.01729708351e-05,
                1.48858889588e-05,
                2.02763476409e-05,
                1.45962858369e-05,
                1.02685153252e-05,
                9.97978168016e-06,
                1.00246943475e-05,
                8.84779183252e-06,
                8.15671864984e-06,
                8.65024048835e-06,
                3.88884382119e-06,
                3.25322821482e-06,
                4.62764364784e-06,
                3.78444065063e-06,
                2.40530516749e-06,
                1.03182924249e-06,
                2.00178646992e-07,
                2.92213115927e-08
            ],
            "min": [
                4.89004107195e-24,
                3.37953817813e-23,
                3.59968866751e-24,
                4.09747685921e-24,
                1.96639957379e-23,
                9.8269680918e-24,
                4.31825488744e-23,
                1.70095419007e-23,
                2.13037914352e-23,
                7.94290540168e-23,
                8.45682430006e-23,
                5.81590100511e-23,
                6.38248741297e-23,
                8.8436861056e-23,
                1.07088915491e-22,
                1.50664241366e-22,
                1.22661648227e-22,
                1.41510513992e-22,
                2.64294858488e-22,
                3.11967957045e-22,
                3.16229850661e-22,
                4.9573533897e-22,
                6.66345833661e-22,
                7.0192156722e-22,
                1.0280571632e-21,
                1.52656727307e-21,
                2.15824952357e-21
            ],
            "var": [
                1.23196542745e-07,
                1.36000571729e-05,
                2.08411202038e-05,
                1.79530579771e-05,
                7.59674439905e-05,
                2.03208837775e-05,
                3.33444113494e-05,
                3.41870036209e-05,
                1.18448306239e-05,
                3.44271347785e-06,
                3.6023714074e-06,
                8.4850780695e-06,
                2.28488897847e-06,
                6.41580413685e-07,
                2.9309819638e-07,
                2.3937772653e-07,
                9.54808072606e-08,
                8.22959052016e-08,
                4.28654836071e-08,
                3.98645347843e-08,
                3.71791166742e-08,
                3.92510024483e-08,
                5.44794289681e-08,
                7.28129236904e-08,
                5.79707553072e-08,
                2.45063223048e-08,
                6.26542639992e-09
            ]
        },
        "barkbands_crest": {
            "dmean": 2.83772230148,
            "dmean2": 4.57386112213,
            "dvar": 6.65857362747,
            "dvar2": 16.5988082886,
            "max": 26.9914340973,
            "mean": 11.8588867188,
            "median": 10.857585907,
            "min": 2.07421851158,
            "var": 24.1474552155
        },
        "barkbands_flatness_db": {
            "dmean": 0.0271666571498,
            "dmean2": 0.0395956076682,
            "dvar": 0.000699720752891,
            "dvar2": 0.00139751716051,
            "max": 0.615359604359,
            "mean": 0.18070833385,
            "median": 0.167952075601,
            "min": 0.017112635076,
            "var": 0.00628607999533
        },
        "barkbands_kurtosis": {
            "dmean": 11.2525730133,
            "dmean2": 16.4315986633,
            "dvar": 16045.1728516,
            "dvar2": 34902.2929688,
            "max": 19447.2207031,
            "mean": 23.6985683441,
            "median": 7.26341247559,
            "min": -1.92263197899,
            "var": 73678.34375
        },
        "barkbands_skewness": {
            "dmean": 0.780838370323,
            "dmean2": 1.17227005959,
            "dvar": 1.13830423355,
            "dvar2": 2.46795034409,
            "max": 124.641471863,
            "mean": 2.57280492783,
            "median": 2.23807573318,
            "min": -5.33069896698,
            "var": 9.41025352478
        },
        "barkbands_spread": {
            "dmean": 5.11827230453,
            "dmean2": 7.72345590591,
            "dvar": 65.0093460083,
            "dvar2": 135.951095581,
            "max": 104.972129822,
            "mean": 14.0425739288,
            "median": 9.6519985199,
            "min": 0.0106974123046,
            "var": 202.569046021
        },
        "dissonance": {
            "dmean": 0.0262132920325,
            "dmean2": 0.0430339239538,
            "dvar": 0.000763619143981,
            "dvar2": 0.00193957705051,
            "max": 0.500000119209,
            "mean": 0.436791449785,
            "median": 0.454378426075,
            "min": 0.118899799883,
            "var": 0.00299314060248
        },
        "dynamic_complexity": 9.42750930786,
        "erbbands": {
            "dmean": [
                0.0260508097708,
                0.248041331768,
                0.963977992535,
                2.68987441063,
                7.46628189087,
                7.70584344864,
                7.02632713318,
                7.73910331726,
                12.7976398468,
                12.3253803253,
                16.449514389,
                8.68960380554,
                6.58321142197,
                10.3205318451,
                9.20412063599,
                10.2866544724,
                7.26145887375,
                5.1083407402,
                3.93968391418,
                4.09341955185,
                3.64533925056,
                3.70446586609,
                3.01194691658,
                2.76843094826,
                2.17048335075,
                1.59663748741,
                1.50453829765,
                1.5821723938,
                1.49504089355,
                1.47182059288,
                1.37325644493,
                1.2335691452,
                0.899732470512,
                0.568395256996,
                0.35155236721,
                0.151520967484,
                0.0552916266024,
                0.0123797375709,
                0.00198863330297,
                0.0002328913979
            ],
            "dmean2": [
                0.0436940640211,
                0.402059793472,
                1.60306978226,
                4.5305762291,
                12.1208114624,
                12.5414896011,
                11.3822431564,
                12.0159435272,
                19.2742671967,
                19.5662555695,
                26.1390228271,
                13.4519872665,
                10.0148630142,
                15.5607786179,
                14.5079488754,
                15.6600952148,
                11.1360311508,
                7.79106092453,
                6.11841249466,
                6.34701442719,
                5.67589902878,
                5.67854309082,
                4.513630867,
                4.12768983841,
                3.2759115696,
                2.40953540802,
                2.23101592064,
                2.32427310944,
                2.18423819542,
                2.17755746841,
                2.01436638832,
                1.78702294827,
                1.28786361217,
                0.824061512947,
                0.524164617062,
                0.225361570716,
                0.083409011364,
                0.0188838541508,
                0.00300167943351,
                0.000357947777957
            ],
            "dvar": [
                0.00577390054241,
                0.497874438763,
                12.4833717346,
                118.637809753,
                574.274108887,
                594.315368652,
                1020.29510498,
                902.52734375,
                2939.09008789,
                4451.32275391,
                9508.07519531,
                2100.35766602,
                855.912658691,
                3066.78930664,
                2361.56103516,
                3244.75732422,
                1390.78039551,
                1215.82495117,
                254.684509277,
                275.965942383,
                240.967498779,
                118.777030945,
                72.2439422607,
                62.6005973816,
                37.5771980286,
                26.5108242035,
                23.8274993896,
                28.9828643799,
                24.6147842407,
                31.5999584198,
                23.8393115997,
                20.1655693054,
                11.1357269287,
                4.49458312988,
                2.1770222187,
                0.498104810715,
                0.0665541738272,
                0.00307675963268,
                8.05221206974e-05,
                1.96640075956e-06
            ],
            "dvar2": [
                0.0154165951535,
                1.23733508587,
                32.2959785461,
                323.31539917,
                1431.05627441,
                1513.6550293,
                2730.31665039,
                2179.3737793,
                6672.13867188,
                11531.4804688,
                24959.296875,
                4648.65234375,
                1880.1348877,
                6850.26171875,
                5854.28076172,
                7433.25585938,
                3114.45678711,
                2867.88964844,
                611.264343262,
                631.987182617,
                614.688476562,
                296.647918701,
                153.81312561,
                141.325805664,
                81.7787017822,
                59.3632774353,
                53.3887481689,
                59.1898117065,
                52.4917221069,
                74.3131561279,
                52.9616012573,
                44.2593994141,
                22.0811882019,
                9.67825508118,
                5.00783348083,
                1.10770440102,
                0.158827498555,
                0.00730213988572,
                0.000188468300621,
                4.5295714699e-06
            ],
            "max": [
                1.94516348839,
                25.044418335,
                76.1399078369,
                253.972488403,
                680.050842285,
                889.504516602,
                1330.69934082,
                1155.91296387,
                2916.96020508,
                2530.4206543,
                2855.4128418,
                2278.86865234,
                1253.67333984,
                3514.25585938,
                2574.88061523,
                3250.06323242,
                1900.33544922,
                2392.53295898,
                859.648925781,
                898.179260254,
                1321.46179199,
                328.55065918,
                353.742340088,
                353.09487915,
                190.936294556,
                123.151977539,
                145.882736206,
                183.110107422,
                199.41217041,
                246.816085815,
                103.755386353,
                103.940948486,
                115.1434021,
                66.4094543457,
                31.8955993652,
                22.4249172211,
                9.7465801239,
                1.54674434662,
                0.20187933743,
                0.0568594038486
            ],
            "mean": [
                0.0455578640103,
                0.414250016212,
                1.47638452053,
                3.66131854057,
                10.6081914902,
                11.3274421692,
                11.0776424408,
                14.8454809189,
                25.4802494049,
                19.0548038483,
                23.6726512909,
                13.0738992691,
                11.1565742493,
                16.4147853851,
                17.0112133026,
                19.5920848846,
                13.3081102371,
                8.65362548828,
                6.77567672729,
                7.97143363953,
                6.84949445724,
                7.20358657837,
                6.03793764114,
                5.38093852997,
                4.00761032104,
                2.80416464806,
                2.63685536385,
                2.72389268875,
                2.55153417587,
                2.25899624825,
                1.99933171272,
                1.72031283379,
                1.30200099945,
                0.801493287086,
                0.420621603727,
                0.179309874773,
                0.0615307502449,
                0.0133763710037,
                0.00213410286233,
                0.0002514719381
            ],
            "median": [
                0.000330130103976,
                0.00926293618977,
                0.125586658716,
                0.47805467248,
                1.33793914318,
                2.53261899948,
                2.63902020454,
                2.53353834152,
                3.23804926872,
                2.77739906311,
                1.74840140343,
                1.28527212143,
                0.887278556824,
                0.788975715637,
                0.706554055214,
                0.851579964161,
                0.787063658237,
                0.631951451302,
                0.53308224678,
                0.614218592644,
                0.533604681492,
                0.563257336617,
                0.471430063248,
                0.477030336857,
                0.378936707973,
                0.193397864699,
                0.133437752724,
                0.138299673796,
                0.163040205836,
                0.138180375099,
                0.103958182037,
                0.0622431784868,
                0.0338500887156,
                0.0160994417965,
                0.00457840226591,
                0.00123163603712,
                0.000304394285195,
                5.29719181941e-05,
                1.00994093373e-05,
                8.92702882993e-06
            ],
            "min": [
                2.1127842763e-21,
                2.56224526176e-21,
                4.61459708767e-21,
                8.58891760714e-21,
                1.70657118516e-20,
                5.75835385704e-20,
                2.2963024943e-19,
                8.41267369138e-20,
                3.6145895423e-19,
                6.95207823229e-19,
                4.45949766936e-19,
                5.67913515751e-19,
                2.24176637311e-18,
                1.78966522585e-18,
                3.29823462723e-18,
                2.18754675191e-18,
                3.63016400907e-18,
                4.15558003518e-18,
                4.65240332264e-18,
                7.76152006001e-18,
                8.30979191362e-18,
                7.17523181262e-18,
                7.33972577642e-18,
                8.14266172521e-18,
                9.34465689847e-18,
                1.62389434335e-17,
                1.28784585021e-17,
                1.35934668061e-17,
                1.64746766732e-17,
                1.69068801976e-17,
                2.00666654698e-17,
                1.42307226141e-17,
                1.06036927924e-17,
                1.02211118329e-17,
                8.97306255189e-18,
                5.15375955986e-18,
                2.75800503712e-18,
                1.01678881372e-18,
                3.05497730099e-19,
                3.23828446676e-20
            ],
            "var": [
                0.00861686747521,
                0.848008394241,
                15.5383415222,
                110.134544373,
                855.884643555,
                826.848999023,
                1540.93115234,
                1927.48400879,
                8260.49902344,
                6839.25244141,
                16773.7246094,
                4597.87060547,
                1984.06677246,
                6498.82519531,
                6752.44580078,
                10983.8857422,
                4195.15917969,
                2704.29321289,
                555.485656738,
                895.849731445,
                628.065063477,
                338.637268066,
                227.476119995,
                177.206390381,
                94.9159393311,
                62.4792747498,
                53.0374298096,
                72.2913894653,
                52.0085220337,
                49.1073646545,
                38.6733283997,
                32.3410644531,
                22.5596923828,
                8.2023897171,
                2.8683989048,
                0.707873880863,
                0.0768008381128,
                0.00350619433448,
                9.70678520389e-05,
                2.20244555749e-06
            ]
        },
        "erbbands_crest": {
            "dmean": 3.23282003403,
            "dmean2": 5.1451716423,
            "dvar": 9.37198925018,
            "dvar2": 22.9576740265,
            "max": 32.4418258667,
            "mean": 11.9835138321,
            "median": 10.5578098297,
            "min": 2.3183028698,
            "var": 36.9999351501
        },
        "erbbands_flatness_db": {
            "dmean": 0.0233754795045,
            "dmean2": 0.0335792042315,
            "dvar": 0.000561891880352,
            "dvar2": 0.00109792826697,
            "max": 0.529182672501,
            "mean": 0.183831289411,
            "median": 0.175329059362,
            "min": 0.0401893854141,
            "var": 0.00541527988389
        },
        "erbbands_kurtosis": {
            "dmean": 2.7572863102,
            "dmean2": 4.20981836319,
            "dvar": 41.6713294983,
            "dvar2": 91.2692260742,
            "max": 479.999145508,
            "mean": 4.41705226898,
            "median": 0.99830186367,
            "min": -1.91251301765,
            "var": 243.830337524
        },
        "erbbands_skewness": {
            "dmean": 0.537094891071,
            "dmean2": 0.798800587654,
            "dvar": 0.3279299438,
            "dvar2": 0.701439201832,
            "max": 18.0881671906,
            "mean": 1.25741875172,
            "median": 0.999673485756,
            "min": -3.65030503273,
            "var": 1.96651244164
        },
        "erbbands_spread": {
            "dmean": 9.53162765503,
            "dmean2": 14.1821022034,
            "dvar": 154.215682983,
            "dvar2": 316.640716553,
            "max": 161.78944397,
            "mean": 36.5454597473,
            "median": 29.8789672852,
            "min": 0.357394725084,
            "var": 694.783691406
        },
        "gfcc": {
            "cov": [
                [
                    23281.4199219,
                    -2554.36108398,
                    702.529602051,
                    102.409957886,
                    361.827880859,
                    134.804595947,
                    222.399795532,
                    494.142730713,
                    -188.171813965,
                    343.428070068,
                    -91.3206939697,
                    635.865356445,
                    -108.069862366
                ],
                [
                    -2554.36108398,
                    1851.38842773,
                    -70.5437850952,
                    -135.163787842,
                    -12.2770061493,
                    -311.264587402,
                    -14.998957634,
                    -225.55178833,
                    123.980796814,
                    -220.996688843,
                    135.634124756,
                    -195.103012085,
                    22.3978099823
                ],
                [
                    702.529602051,
                    -70.5437850952,
                    1369.08740234,
                    487.006103516,
                    110.856018066,
                    -14.726020813,
                    -119.076133728,
                    -38.0740242004,
                    -27.4839611053,
                    44.5276260376,
                    -62.7766914368,
                    35.1107749939,
                    8.38482379913
                ],
                [
                    102.409957886,
                    -135.163787842,
                    487.006103516,
                    566.279785156,
                    139.123535156,
                    33.9064407349,
                    -73.6193771362,
                    2.52570271492,
                    17.6517848969,
                    14.3597764969,
                    -57.9402770996,
                    3.57580447197,
                    32.3221206665
                ],
                [
                    361.827880859,
                    -12.2770061493,
                    110.856018066,
                    139.123535156,
                    381.71270752,
                    111.780967712,
                    32.9797210693,
                    47.9955406189,
                    -4.96849822998,
                    17.2942523956,
                    -56.9417915344,
                    -17.1476459503,
                    3.09035658836
                ],
                [
                    134.804595947,
                    -311.264587402,
                    -14.726020813,
                    33.9064407349,
                    111.780967712,
                    376.644348145,
                    153.259796143,
                    91.110748291,
                    -45.0956764221,
                    49.2017860413,
                    -51.2197532654,
                    18.0204219818,
                    1.69516086578
                ],
                [
                    222.399795532,
                    -14.998957634,
                    -119.076133728,
                    -73.6193771362,
                    32.9797210693,
                    153.259796143,
                    253.56741333,
                    97.6058578491,
                    -25.2558116913,
                    1.55337059498,
                    -1.33623290062,
                    17.4230442047,
                    -8.42866325378
                ],
                [
                    494.142730713,
                    -225.55178833,
                    -38.0740242004,
                    2.52570271492,
                    47.9955406189,
                    91.110748291,
                    97.6058578491,
                    196.022232056,
                    25.8366641998,
                    53.0579338074,
                    -24.0708713531,
                    37.7555923462,
                    -5.56003761292
                ],
                [
                    -188.171813965,
                    123.980796814,
                    -27.4839611053,
                    17.6517848969,
                    -4.96849822998,
                    -45.0956764221,
                    -25.2558116913,
                    25.8366641998,
                    141.53175354,
                    31.5869140625,
                    11.7852830887,
                    -9.47010803223,
                    6.7999048233
                ],
                [
                    343.428070068,
                    -220.996688843,
                    44.5276260376,
                    14.3597764969,
                    17.2942523956,
                    49.2017860413,
                    1.55337059498,
                    53.0579338074,
                    31.5869140625,
                    144.19543457,
                    16.4810428619,
                    38.0279312134,
                    -4.67289638519
                ],
                [
                    -91.3206939697,
                    135.634124756,
                    -62.7766914368,
                    -57.9402770996,
                    -56.9417915344,
                    -51.2197532654,
                    -1.33623290062,
                    -24.0708713531,
                    11.7852830887,
                    16.4810428619,
                    123.178855896,
                    32.331615448,
                    -1.70256364346
                ],
                [
                    635.865356445,
                    -195.103012085,
                    35.1107749939,
                    3.57580447197,
                    -17.1476459503,
                    18.0204219818,
                    17.4230442047,
                    37.7555923462,
                    -9.47010803223,
                    38.0279312134,
                    32.331615448,
                    139.59588623,
                    26.5316181183
                ],
                [
                    -108.069862366,
                    22.3978099823,
                    8.38482379913,
                    32.3221206665,
                    3.09035658836,
                    1.69516086578,
                    -8.42866325378,
                    -5.56003761292,
                    6.7999048233,
                    -4.67289638519,
                    -1.70256364346,
                    26.5316181183,
                    89.4616622925
                ]
            ],
            "icov": [
                [
                    5.99976010562e-05,
                    8.29613491078e-05,
                    -3.74529590772e-05,
                    4.12333793065e-05,
                    -9.1874935606e-05,
                    0.000114203721751,
                    -8.89427610673e-05,
                    -1.76087069121e-05,
                    -6.61224976284e-06,
                    2.36471569224e-05,
                    7.39395716209e-07,
                    -0.000182902047527,
                    8.78503051354e-05
                ],
                [
                    8.29613491078e-05,
                    0.00157677207608,
                    -0.000348793226294,
                    0.000466879952,
                    -0.000698640360497,
                    0.000879754545167,
                    -0.00116657908075,
                    0.00104474718682,
                    -0.00165578874294,
                    0.00184431415983,
                    -0.00189862400293,
                    0.00153009779751,
                    -0.00073577609146
                ],
                [
                    -3.74529590772e-05,
                    -0.000348793226294,
                    0.00122198299505,
                    -0.00105744972825,
                    0.000148000923218,
                    -2.13179082493e-05,
                    0.000379546487238,
                    8.8178232545e-05,
                    0.000731356616598,
                    -0.000830801727716,
                    0.000777239678428,
                    -0.000637214048766,
                    0.000450918218121
                ],
                [
                    4.12333793065e-05,
                    0.000466879952,
                    -0.00105744972825,
                    0.003112165723,
                    -0.00090202287538,
                    -0.000138338727993,
                    0.000407595478464,
                    4.49412473245e-05,
                    -0.00106516957749,
                    0.000877878803294,
                    -0.000157916685566,
                    0.000413279281929,
                    -0.00101616012398
                ],
                [
                    -9.1874935606e-05,
                    -0.000698640360497,
                    0.000148000923218,
                    -0.00090202287538,
                    0.00363238784485,
                    -0.00113027531188,
                    0.000450287217973,
                    -0.000809780322015,
                    0.000710899592377,
                    -0.000910231377929,
                    0.00143312150612,
                    0.000117700074043,
                    0.00015477812849
                ],
                [
                    0.000114203721751,
                    0.000879754545167,
                    -2.13179082493e-05,
                    -0.000138338727993,
                    -0.00113027531188,
                    0.00516883702949,
                    -0.00318924314342,
                    0.000334807409672,
                    0.000597436795942,
                    -0.000972797162831,
                    0.000633103307337,
                    0.000492451828904,
                    -0.000599105318543
                ],
                [
                    -8.89427610673e-05,
                    -0.00116657908075,
                    0.000379546487238,
                    0.000407595478464,
                    0.000450287217973,
                    -0.00318924314342,
                    0.00783464405686,
                    -0.00376991182566,
                    0.00181874691043,
                    0.000491105020046,
                    -0.00015088407963,
                    -0.000933158386033,
                    0.00071179488441
                ],
                [
                    -1.76087069121e-05,
                    0.00104474718682,
                    8.8178232545e-05,
                    4.49412473245e-05,
                    -0.000809780322015,
                    0.000334807409672,
                    -0.00376991182566,
                    0.00930164195597,
                    -0.00318957818672,
                    -0.000947210239246,
                    0.00113870541099,
                    -0.000976875773631,
                    0.000441547454102
                ],
                [
                    -6.61224976284e-06,
                    -0.00165578874294,
                    0.000731356616598,
                    -0.00106516957749,
                    0.000710899592377,
                    0.000597436795942,
                    0.00181874691043,
                    -0.00318957818672,
                    0.0107560958713,
                    -0.00424909312278,
                    0.00123350752983,
                    -0.000133200839628,
                    -0.000316430494422
                ],
                [
                    2.36471569224e-05,
                    0.00184431415983,
                    -0.000830801727716,
                    0.000877878803294,
                    -0.000910231377929,
                    -0.000972797162831,
                    0.000491105020046,
                    -0.000947210239246,
                    -0.00424909312278,
                    0.0120146041736,
                    -0.00429861852899,
                    0.000270326796453,
                    0.000153345477884
                ],
                [
                    7.39395716209e-07,
                    -0.00189862400293,
                    0.000777239678428,
                    -0.000157916685566,
                    0.00143312150612,
                    0.000633103307337,
                    -0.00015088407963,
                    0.00113870541099,
                    0.00123350752983,
                    -0.00429861852899,
                    0.0135537618771,
                    -0.00530163012445,
                    0.00196745479479
                ],
                [
                    -0.000182902047527,
                    0.00153009779751,
                    -0.000637214048766,
                    0.000413279281929,
                    0.000117700074043,
                    0.000492451828904,
                    -0.000933158386033,
                    -0.000976875773631,
                    -0.000133200839628,
                    0.000270326796453,
                    -0.00530163012445,
                    0.0126519780606,
                    -0.0046844901517
                ],
                [
                    8.78503051354e-05,
                    -0.00073577609146,
                    0.000450918218121,
                    -0.00101616012398,
                    0.00015477812849,
                    -0.000599105318543,
                    0.00071179488441,
                    0.000441547454102,
                    -0.000316430494422,
                    0.000153345477884,
                    0.00196745479479,
                    -0.0046844901517,
                    0.0133524704725
                ]
            ],
            "mean": [
                -136.409393311,
                103.810417175,
                -100.383621216,
                27.3364334106,
                -65.1040115356,
                1.90286815166,
                -45.4258155823,
                -1.71887266636,
                -19.7315616608,
                -7.35942983627,
                -11.5837478638,
                -4.91662740707,
                -11.2900238037
            ]
        },
        "hfc": {
            "dmean": 4.31295442581,
            "dmean2": 6.07067680359,
            "dvar": 105.985115051,
            "dvar2": 217.565368652,
            "max": 186.976577759,
            "mean": 10.7066068649,
            "median": 2.65549945831,
            "min": 1.1182486618e-16,
            "var": 367.970153809
        },
        "melbands": {
            "dmean": [
                0.000252995843766,
                0.000434491725173,
                0.000589943490922,
                0.000550095457584,
                0.000263100402663,
                0.000175806184416,
                0.000184026008355,
                0.0001452294091,
                0.000126713784994,
                5.22862210346e-05,
                3.44607651641e-05,
                4.25330217695e-05,
                3.17858794006e-05,
                3.2262683817e-05,
                2.50631674135e-05,
                1.45587355291e-05,
                9.3219387054e-06,
                6.78689548295e-06,
                6.46453236186e-06,
                5.83643441132e-06,
                4.18257423007e-06,
                4.28010525866e-06,
                2.86123804472e-06,
                2.89173794954e-06,
                2.39172572947e-06,
