{
    "lowlevel": {
        "average_loudness": 0.930213689804,
        "barkbands": {
            "dmean": [
                0.00087066332344,
                0.0110723804682,
                0.00555848749354,
                0.00235031777993,
                0.00200124131516,
                0.00135293032508,
                0.00142026436515,
                0.00112177315168,
                0.00101714092307,
                0.0010940481443,
                0.000489009427838,
                0.000399516837206,
                0.000306851958157,
                0.000291913107503,
                0.000247766642133,
                0.000155608198838,
                0.000159530187375,
                0.000169101796928,
                0.000151956643094,
                0.000132592278533,
                0.000148752340465,
                0.000179610942723,
                0.000200385213248,
                0.000278113438981,
                0.000199224188691,
                6.63732207613e-05,
                6.374386885e-06
            ],
            "dmean2": [
                0.000971822824795,
                0.0156565587968,
                0.00948512461036,
                0.00404256070033,
                0.00319967279211,
                0.00206996197812,
                0.00222142017446,
                0.00171330629382,
                0.00157328543719,
                0.00174076692201,
                0.000750720675569,
                0.000646658183541,
                0.000485893629957,
                0.00047264949535,
                0.000404666439863,
                0.000251882418524,
                0.000258846674114,
                0.00027995245182,
                0.00025887292577,
                0.000214370316826,
                0.000230615478358,
                0.000272175268037,
                0.000298442319036,
                0.000388354441384,
                0.00028389779618,
                9.84579164651e-05,
                1.03573120214e-05
            ],
            "dvar": [
                2.61563718595e-06,
                0.000621572427917,
                0.000276852631941,
                3.16953992296e-05,
                1.36633489092e-05,
                9.29562520469e-06,
                2.04069474421e-05,
                6.36565755485e-06,
                4.48980381407e-06,
                6.65643074171e-06,
                1.59184753556e-06,
                7.22740196579e-07,
                4.91480420806e-07,
                5.77836431148e-07,
                3.01376417156e-07,
                1.36766871606e-07,
                1.04214741725e-07,
                2.35765952539e-07,
                1.26891990249e-07,
                1.73054530705e-07,
                2.87400382604e-07,
                3.13691089104e-07,
                5.98814153818e-07,
                1.50741323068e-06,
                7.35477271974e-07,
                6.25040783575e-08,
                6.38426367328e-10
            ],
            "dvar2": [
                3.93495565731e-06,
                0.00126008165535,
                0.000753632746637,
                8.87135174708e-05,
                3.38474674209e-05,
                2.07323282666e-05,
                4.97501787322e-05,
                1.43210581882e-05,
                9.83701920632e-06,
                1.61025654961e-05,
                3.14385465572e-06,
                1.67065866208e-06,
                1.06941695321e-06,
                1.32916102302e-06,
                7.1605688845e-07,
                2.88912275437e-07,
                2.50440876925e-07,
                5.77576145133e-07,
                3.46162693177e-07,
                3.73383102215e-07,
                6.07341178238e-07,
                6.46908233648e-07,
                1.19697369882e-06,
                2.71898102255e-06,
                1.46442391724e-06,
                1.29922270276e-07,
                1.53133272729e-09
            ],
            "max": [
                0.0268525611609,
                0.220978111029,
                0.136887967587,
                0.0923842787743,
                0.0996377840638,
                0.0933703109622,
                0.159677907825,
                0.0540647991002,
                0.041514094919,
                0.0505214855075,
                0.060815192759,
                0.024456679821,
                0.0157702825963,
                0.0187525618821,
                0.0122752683237,
                0.010229579173,
                0.00595608074218,
                0.0306728314608,
                0.00426316680387,
                0.0140126729384,
                0.0202387738973,
                0.0132281472906,
                0.0222722496837,
                0.0412696376443,
                0.0217310339212,
                0.00558045087382,
                0.000842433248181
            ],
            "mean": [
                0.00187228876166,
                0.0265050493181,
                0.00666382070631,
                0.00309838703834,
                0.00382104585879,
                0.00224807369523,
                0.00207300973125,
                0.00168370606843,
                0.00146384316031,
                0.001524919644,
                0.000632691022474,
                0.000511312682647,
                0.00040976391756,
                0.000363700033631,
                0.000319556042086,
                0.00019575690385,
                0.000209334248211,
                0.000217628738028,
                0.000180293907761,
                0.000180969043868,
                0.000211437014514,
                0.000263045541942,
                0.000323430373101,
                0.000432972912677,
                0.000304753659293,
                9.48642773437e-05,
                7.19474110156e-06
            ],
            "median": [
                0.000174604007043,
                0.00538440421224,
                0.00111155130435,
                0.000936310738325,
                0.00188694207463,
                0.0009131381521,
                0.000545475806575,
                0.000446437217761,
                0.000383971811971,
                0.000329159316607,
                0.000143431883771,
                0.00015200310736,
                0.000113934496767,
                0.000101996149169,
                8.61276130308e-05,
                5.48922689632e-05,
                6.75708870403e-05,
                6.41841179458e-05,
                6.67449348839e-05,
                6.64199033054e-05,
                6.89323569532e-05,
                5.99140694248e-05,
                4.52179701824e-05,
                5.36424049642e-05,
                4.78434558318e-05,
                1.86835131899e-05,
                1.0769954315e-06
            ],
            "min": [
                2.73796092699e-25,
                4.88949557464e-24,
                1.44275934526e-24,
                2.60017586818e-24,
                1.83613213261e-23,
                1.683406137e-23,
                1.04093864647e-23,
                1.08514238841e-23,
                2.02639181454e-23,
                1.0351944769e-23,
                2.16610144744e-23,
                2.86979519384e-23,
                2.13457367473e-23,
                2.59307020358e-23,
                3.80089844878e-23,
                4.68677283703e-23,
                3.8087747516e-23,
                9.58595183705e-23,
                9.4997078831e-23,
                1.85645842756e-22,
                2.65453815065e-22,
                3.31644495671e-22,
                3.85841259344e-22,
                6.1650845419e-22,
                9.28896564864e-22,
                1.41599901398e-21,
                1.89494133444e-21
            ],
            "var": [
                1.28425735966e-05,
                0.00182713661343,
                0.000217902095756,
                3.29821195919e-05,
                3.17548110615e-05,
                1.74631168193e-05,
                3.41804006894e-05,
                1.24353573483e-05,
                8.79503750184e-06,
                1.16526998681e-05,
                3.38229983754e-06,
                1.14262411444e-06,
                9.30757266815e-07,
                8.34732190924e-07,
                5.04313106831e-07,
                2.20663835648e-07,
                1.65328259527e-07,
                3.74017673721e-07,
                1.17364095331e-07,
                3.37171314868e-07,
                4.13896827922e-07,
                5.50644301711e-07,
                1.56728060574e-06,
                3.92208903577e-06,
                1.58031718911e-06,
                9.82453514098e-08,
                6.99495128487e-10
            ]
        },
        "barkbands_crest": {
            "dmean": 2.73445749283,
            "dmean2": 3.98585486412,
            "dvar": 7.97126579285,
            "dvar2": 15.9006175995,
            "max": 26.2690982819,
            "mean": 12.2881669998,
            "median": 10.6253814697,
            "min": 2.26699233055,
            "var": 34.3517112732
        },
        "barkbands_flatness_db": {
            "dmean": 0.0344968959689,
            "dmean2": 0.049076307565,
            "dvar": 0.00171596941072,
            "dvar2": 0.00319122802466,
            "max": 0.551493525505,
            "mean": 0.177859604359,
            "median": 0.165339738131,
            "min": 0.0179706420749,
            "var": 0.00658588157967
        },
        "barkbands_kurtosis": {
            "dmean": 12.5012817383,
            "dmean2": 18.2970657349,
            "dvar": 1094.0982666,
            "dvar2": 2081.19165039,
            "max": 694.470275879,
            "mean": 21.4544219971,
            "median": 5.43288230896,
            "min": -1.96333944798,
            "var": 2835.68945312
        },
        "barkbands_skewness": {
            "dmean": 1.0174665451,
            "dmean2": 1.41745042801,
            "dvar": 1.78845500946,
            "dvar2": 3.01259660721,
            "max": 22.5783615112,
            "mean": 2.7596347332,
            "median": 2.08242201805,
            "min": -9.04357624054,
            "var": 7.97969484329
        },
        "barkbands_spread": {
            "dmean": 6.80231428146,
            "dmean2": 10.2072839737,
            "dvar": 118.464241028,
            "dvar2": 240.227783203,
            "max": 124.204978943,
            "mean": 16.9993515015,
            "median": 12.5052490234,
            "min": 0.229491025209,
            "var": 278.222106934
        },
        "dissonance": {
            "dmean": 0.0272036064416,
            "dmean2": 0.0445308461785,
            "dvar": 0.000717718037777,
            "dvar2": 0.00183084281161,
            "max": 0.499999940395,
            "mean": 0.444762438536,
            "median": 0.454637765884,
            "min": 0.168199330568,
            "var": 0.00177216401789
        },
        "dynamic_complexity": 3.25425338745,
        "erbbands": {
            "dmean": [
                0.409036099911,
                2.69479346275,
                6.30335426331,
                6.90530872345,
                7.94096565247,
                5.88292694092,
                7.31853437424,
                12.0640821457,
                20.5497646332,
                19.719865799,
                23.9455127716,
                24.5815830231,
                33.4587593079,
                24.5375804901,
                19.0903930664,
                16.2482280731,
                14.9488716125,
                15.7608880997,
                11.762257576,
                11.058180809,
                7.63774871826,
                8.18295764923,
                8.76613616943,
                9.00562477112,
                6.77686071396,
                6.27025461197,
                6.40512609482,
                5.91131544113,
                6.41378259659,
                6.18314933777,
                5.98699045181,
                5.64956521988,
                4.83693122864,
                2.61837673187,
                1.25808167458,
                0.421885401011,
                0.0953069925308,
                0.0156870931387,
                0.00098287826404,
                3.24560096487e-05
            ],
            "dmean2": [
                0.462489843369,
                3.98027348518,
                10.5150470734,
                11.8302087784,
                13.2093381882,
                9.18762874603,
                11.38347435,
                18.4968261719,
                31.6390247345,
                30.7652301788,
                36.797542572,
                37.3458251953,
                53.6674728394,
                38.6129112244,
                28.8870429993,
                26.361415863,
                23.4539375305,
                25.0349502563,
                18.8399982452,
                18.0883216858,
                12.2046957016,
                13.3214673996,
                14.4099435806,
                15.2519159317,
                11.2958917618,
                10.0964107513,
                10.0492267609,
                9.02698421478,
                9.8913192749,
                9.18507003784,
                8.90885448456,
                8.06326580048,
                6.59808826447,
                3.73829317093,
                1.80176913738,
                0.622112214565,
                0.141682907939,
                0.023955065757,
                0.00160048494581,
                4.60304363514e-05
            ],
            "dvar": [
                0.585290431976,
                45.1570549011,
                348.383544922,
                342.590698242,
                222.649765015,
                184.616836548,
                247.589187622,
                1038.1340332,
                4268.16455078,
                3304.95922852,
                2462.84423828,
                3012.93481445,
                6080.97070312,
                4920.94677734,
                2844.86791992,
                976.141723633,
                1102.61303711,
                1699.3984375,
                677.188659668,
                569.051269531,
                278.218566895,
                267.738250732,
                332.694091797,
                831.70690918,
                236.017532349,
                349.911621094,
                634.871459961,
                384.802215576,
                420.698486328,
                523.5390625,
                567.499694824,
                567.80480957,
                582.599060059,
                141.85446167,
                25.5768241882,
                3.08729743958,
                0.0999893173575,
                0.00284284166992,
                1.59756164066e-05,
                5.65045299439e-09
            ],
            "dvar2": [
                0.721715390682,
                103.102592468,
                908.916931152,
                959.041870117,
                600.891357422,
                411.418945312,
                558.350891113,
                2377.59521484,
                9890.49609375,
                7971.67285156,
                5600.48242188,
                6531.68359375,
                14329.7304688,
                12191.2480469,
                5423.21337891,
                2430.22460938,
                2400.81030273,
                3811.17553711,
                1542.13977051,
                1371.36340332,
                580.773498535,
                654.13269043,
                786.015136719,
                2291.64624023,
                611.48248291,
                705.030334473,
                1455.84240723,
                799.800354004,
                895.63671875,
                1077.4921875,
                1152.10693359,
                1113.01208496,
                1042.58081055,
                281.208618164,
                53.350151062,
                6.36796140671,
                0.213512733579,
                0.00651460839435,
                3.84035956813e-05,
                1.21798438002e-08
            ],
            "max": [
                9.04082584381,
                59.516834259,
                169.954940796,
                233.557037354,
                344.274383545,
                577.078186035,
                595.536132812,
                1144.72241211,
                2530.19189453,
                1736.34143066,
                1141.18457031,
                1128.3458252,
                1555.06323242,
                2112.72827148,
                2917.95117188,
                603.898376465,
                731.752380371,
                1129.77648926,
                824.200744629,
                545.242004395,
                497.891448975,
                352.961853027,
                588.987060547,
                1718.6517334,
                224.396682739,
                617.239379883,
                747.850952148,
                609.38873291,
                635.33996582,
                859.213012695,
                559.33795166,
                716.208251953,
                1040.98657227,
                331.006195068,
                101.039482117,
                39.0750923157,
                8.94862174988,
                1.68280959129,
                0.115018874407,
                0.00202321331017
            ],
            "mean": [
                1.10831975937,
                4.52506113052,
                7.7409157753,
                9.6280412674,
                13.0591964722,
                10.9461240768,
                13.1491737366,
                19.4781646729,
                32.1509742737,
                28.9070930481,
                37.2763442993,
                38.2009353638,
                46.0630722046,
                34.9533119202,
                27.5816879272,
                21.6402359009,
                20.7792701721,
                20.6793842316,
                16.3297271729,
                14.382982254,
                10.5036048889,
                10.9130268097,
                11.7994451523,
                10.8404541016,
                8.62102413177,
                8.66703224182,
                8.80483436584,
                8.29669570923,
                9.33796310425,
                9.07269954681,
                9.58668804169,
                9.02341842651,
                7.10157966614,
                4.02289295197,
                1.81193780899,
                0.588362872601,
                0.138066515326,
                0.0219469405711,
                0.00112606293987,
                9.17701618164e-05
            ],
            "median": [
                0.16945721209,
                1.03564476967,
                1.95417559147,
                3.23182821274,
                5.1285905838,
                5.04816436768,
                6.69374275208,
                6.83133792877,
                8.51715373993,
                8.6095085144,
                13.4008893967,
                10.6384887695,
                13.2097816467,
                7.92161130905,
                6.91802692413,
                7.5022354126,
                6.12235736847,
                6.22599697113,
                5.32925319672,
                3.96145129204,
                3.56859064102,
                3.74725866318,
                3.76379823685,
                3.67370605469,
                3.30848503113,
                3.17786884308,
                3.14029502869,
                2.47115850449,
                2.13965415955,
                1.6948133707,
                1.23481106758,
                1.06316614151,
                0.861821770668,
                0.546496629715,
                0.311573386192,
                0.103171333671,
                0.0304612517357,
                0.00520949997008,
                0.000188611855265,
                6.44991814625e-05
            ],
            "min": [
                1.485048577e-22,
                8.33791645592e-22,
                2.35162520608e-21,
                8.8634664457e-21,
                1.87742776406e-20,
                3.18860871669e-20,
                5.27939334103e-20,
                1.43319820322e-19,
                2.05957322575e-19,
                2.28589397725e-19,
                3.79468485623e-19,
                3.22680572018e-19,
                6.92690764324e-19,
                9.39923055297e-19,
                1.18586918382e-18,
                1.31395386237e-18,
                1.66371860239e-18,
                1.35889572242e-18,
                2.36805989545e-18,
                3.30057637554e-18,
                3.48216113156e-18,
                3.4730588361e-18,
                4.60003575883e-18,
                6.11578136561e-18,
                6.40538929218e-18,
                9.00229511474e-18,
                9.11584054306e-18,
                1.07066685069e-17,
                1.00006136058e-17,
                1.23360463959e-17,
                9.85713499262e-18,
                1.02053490792e-17,
                1.09552222189e-17,
                7.97044272168e-18,
                6.06834876133e-18,
                4.6132334255e-18,
                2.52785568016e-18,
                1.0318763813e-18,
                2.51037528586e-19,
                2.841285271e-20
            ],
            "var": [
                3.58706641197,
                69.7350845337,
                294.60647583,
                305.092651367,
                403.54574585,
                438.592102051,
                510.398468018,
                1812.7565918,
                6581.07128906,
                5426.89404297,
                4934.52734375,
                6007.43505859,
                9740.68261719,
                8636.47851562,
                6625.76806641,
                1492.12841797,
                2146.14746094,
                2602.98168945,
                1246.87561035,
                865.643859863,
                456.487304688,
                389.197052002,
                586.555847168,
                879.269836426,
                265.766021729,
                772.245727539,
                882.743469238,
                552.901733398,
                687.893371582,
                1024.31298828,
                1439.00292969,
                1483.78991699,
                1292.80883789,
                310.49697876,
                48.2528381348,
                4.81826972961,
                0.162702575326,
                0.00389562803321,
                1.71582669282e-05,
                1.16361578151e-08
            ]
        },
        "erbbands_crest": {
            "dmean": 3.37855243683,
            "dmean2": 5.45157718658,
            "dvar": 10.0861520767,
            "dvar2": 24.9725074768,
            "max": 29.1209888458,
            "mean": 10.1894369125,
            "median": 9.208568573,
            "min": 2.13320946693,
            "var": 23.4005260468
        },
        "erbbands_flatness_db": {
            "dmean": 0.021444292739,
            "dmean2": 0.0320431031287,
            "dvar": 0.000524616101757,
            "dvar2": 0.00115751172416,
            "max": 0.491704672575,
            "mean": 0.154518768191,
            "median": 0.141462102532,
            "min": 0.0437085106969,
            "var": 0.00386817683466
        },
        "erbbands_kurtosis": {
            "dmean": 1.87513053417,
            "dmean2": 2.9599275589,
            "dvar": 11.4618721008,
            "dvar2": 26.1407279968,
            "max": 74.3035812378,
            "mean": 1.77685904503,
            "median": 0.494141697884,
            "min": -1.87124574184,
            "var": 19.3282165527
        },
        "erbbands_skewness": {
            "dmean": 0.518234074116,
            "dmean2": 0.772162258625,
            "dvar": 0.340543538332,
            "dvar2": 0.670525610447,
            "max": 7.36620283127,
            "mean": 0.618817806244,
            "median": 0.617479383945,
            "min": -6.69124507904,
            "var": 1.14818525314
        },
        "erbbands_spread": {
            "dmean": 11.6698617935,
            "dmean2": 17.7290115356,
            "dvar": 191.805358887,
            "dvar2": 464.727111816,
            "max": 183.298187256,
            "mean": 41.7069015503,
            "median": 37.7348937988,
            "min": 2.57129001617,
            "var": 590.855285645
        },
        "gfcc": {
            "cov": [
                [
                    15793.0527344,
                    -2423.8762207,
                    221.01171875,
                    599.661193848,
                    -523.129455566,
                    1002.24969482,
                    -343.462554932,
                    882.343505859,
                    -353.368591309,
                    564.10723877,
                    -236.188095093,
                    332.37991333,
                    -452.067779541
                ],
                [
                    -2423.8762207,
                    2356.52880859,
                    -423.352203369,
                    -369.681793213,
                    335.274963379,
                    -341.586090088,
                    232.2084198,
                    -261.934265137,
                    131.127471924,
                    -270.708312988,
                    95.9405593872,
                    -208.806976318,
                    145.471252441
                ],
                [
                    221.01171875,
                    -423.352203369,
                    1562.09106445,
                    482.308837891,
                    63.0287742615,
                    367.012237549,
                    139.040710449,
                    177.585769653,
                    28.9857559204,
                    267.004455566,
                    59.983253479,
                    139.686447144,
                    93.5099716187
                ],
                [
                    599.661193848,
                    -369.681793213,
                    482.308837891,
                    643.430297852,
                    145.923034668,
                    131.758575439,
                    10.8739910126,
                    81.4411697388,
                    59.8420257568,
                    88.5328979492,
                    19.0115528107,
                    92.3700408936,
                    65.6828613281
                ],
                [
                    -523.129455566,
                    335.274963379,
                    63.0287742615,
                    145.923034668,
                    452.308013916,
                    25.5018310547,
                    101.424552917,
                    39.1881713867,
                    109.126586914,
                    -3.6233291626,
                    35.3840332031,
                    23.748456955,
                    42.3349189758
                ],
                [
                    1002.24969482,
                    -341.586090088,
                    367.012237549,
                    131.758575439,
                    25.5018310547,
                    446.711364746,
                    154.543914795,
                    80.8287277222,
                    -28.6767539978,
                    103.74206543,
                    -1.47266459465,
                    55.0283203125,
                    -11.7083463669
                ],
                [
                    -343.462554932,
                    232.2084198,
                    139.040710449,
                    10.8739910126,
                    101.424552917,
                    154.543914795,
                    351.312561035,
                    33.4630661011,
                    32.9086036682,
                    33.9167251587,
                    55.4403839111,
                    29.1463947296,
                    78.0252609253
                ],
                [
                    882.343505859,
                    -261.934265137,
                    177.585769653,
                    81.4411697388,
                    39.1881713867,
                    80.8287277222,
                    33.4630661011,
                    238.783615112,
                    35.5607910156,
                    85.4381637573,
                    18.2920665741,
                    58.6079978943,
                    -17.8428878784
                ],
                [
                    -353.368591309,
                    131.127471924,
                    28.9857559204,
                    59.8420257568,
                    109.126586914,
                    -28.6767539978,
                    32.9086036682,
                    35.5607910156,
                    177.413269043,
                    31.8857345581,
                    28.8052444458,
                    18.6941947937,
                    45.1448097229
                ],
                [
                    564.10723877,
                    -270.708312988,
                    267.004455566,
                    88.5328979492,
                    -3.6233291626,
                    103.74206543,
                    33.9167251587,
                    85.4381637573,
                    31.8857345581,
                    205.700515747,
                    34.6668167114,
                    66.0429382324,
                    21.3676300049
                ],
                [
                    -236.188095093,
                    95.9405593872,
                    59.983253479,
                    19.0115528107,
                    35.3840332031,
                    -1.47266459465,
                    55.4403839111,
                    18.2920665741,
                    28.8052444458,
                    34.6668167114,
                    126.097717285,
                    42.2392539978,
                    37.3847122192
                ],
                [
                    332.37991333,
                    -208.806976318,
                    139.686447144,
                    92.3700408936,
                    23.748456955,
                    55.0283203125,
                    29.1463947296,
                    58.6079978943,
                    18.6941947937,
                    66.0429382324,
                    42.2392539978,
                    137.780960083,
                    42.5054168701
                ],
                [
                    -452.067779541,
                    145.471252441,
                    93.5099716187,
                    65.6828613281,
                    42.3349189758,
                    -11.7083463669,
                    78.0252609253,
                    -17.8428878784,
                    45.1448097229,
                    21.3676300049,
                    37.3847122192,
                    42.5054168701,
                    143.165512085
                ]
            ],
            "icov": [
                [
                    0.000166076046298,
                    -0.000162407712196,
                    0.000218172659515,
                    -0.000271341268672,
                    0.000265706970822,
                    -0.000416317925556,
                    0.000272752164165,
                    -0.000597836566158,
                    0.000325920147588,
                    -0.00042681308696,
                    0.000343369669281,
                    -0.000415783928474,
                    0.000330354319885
                ],
                [
                    -0.000162407712196,
                    0.00131170428358,
                    -0.000392699381337,
                    0.000880414445419,
                    -0.0010569532169,
                    0.000978178810328,
                    -0.000900749058928,
                    0.00119529489893,
                    -0.000727058853954,
                    0.00127496919595,
                    -0.00118241866585,
                    0.00187170004938,
                    -0.00116862612776
                ],
                [
                    0.000218172659515,
                    -0.000392699381337,
                    0.00145790586248,
                    -0.00105142930988,
                    0.000554123544134,
                    -0.0011725332588,
                    0.000448701088317,
                    -0.00115049665328,
                    0.000718836730812,
                    -0.00153463170864,
                    0.000428938888945,
                    -0.000636112759821,
                    4.96224747621e-05
                ],
                [
                    -0.000271341268672,
                    0.000880414445419,
                    -0.00105142930988,
                    0.00319376238622,
                    -0.00152969162446,
                    0.000582781794947,
                    -3.89912602259e-05,
                    0.00113878317643,
                    -0.00103205943014,
                    0.00133496511262,
                    -0.000724751618691,
                    0.000736808113288,
                    -0.00177003757562
                ],
                [
                    0.000265706970822,
                    -0.0010569532169,
                    0.000554123544134,
                    -0.00152969162446,
                    0.00397535506636,
                    -0.00105531339068,
                    8.63557797857e-05,
                    -0.00156786176376,
                    -0.000784910807852,
                    -0.000556316401344,
                    0.000825531897135,
                    -0.00169577274937,
                    0.00136699096765
                ],
                [
                    -0.000416317925556,
                    0.000978178810328,
                    -0.0011725332588,
                    0.000582781794947,
                    -0.00105531339068,
                    0.00525771686807,
                    -0.00297876494005,
                    0.00176871370059,
                    -0.00014629062207,
                    0.000491167651489,
                    -0.000213725637877,
                    0.000931666174438,
                    0.000527892552782
                ],
                [
                    0.000272752164165,
                    -0.000900749058928,
                    0.000448701088317,
                    -3.89912602259e-05,
                    8.63557797857e-05,
                    -0.00297876494005,
                    0.00552597688511,
                    -0.0018589386018,
                    0.000697720504832,
                    -0.000760040711612,
                    -0.000410827546148,
                    -0.000703920901287,
                    -0.00180146296043
                ],
                [
                    -0.000597836566158,
                    0.00119529489893,
                    -0.00115049665328,
                    0.00113878317643,
                    -0.00156786176376,
                    0.00176871370059,
                    -0.0018589386018,
                    0.00833599083126,
                    -0.00243326160125,
                    0.000583303917665,
                    -0.00153399736155,
                    0.000353286595782,
                    0.000762919487897
                ],
                [
                    0.000325920147588,
                    -0.000727058853954,
                    0.000718836730812,
                    -0.00103205943014,
                    -0.000784910807852,
                    -0.00014629062207,
                    0.000697720504832,
                    -0.00243326160125,
                    0.00854975730181,
                    -0.00247551663779,
                    0.000473989348393,
                    -0.000671854591928,
                    -0.000942331098486
                ],
                [
                    -0.00042681308696,
                    0.00127496919595,
                    -0.00153463170864,
                    0.00133496511262,
                    -0.000556316401344,
                    0.000491167651489,
                    -0.000760040711612,
                    0.000583303917665,
                    -0.00247551663779,
                    0.00958919152617,
                    -0.00256100273691,
                    0.000479841110064,
                    -0.00168604345527
                ],
                [
                    0.000343369669281,
                    -0.00118241866585,
                    0.000428938888945,
                    -0.000724751618691,
                    0.000825531897135,
                    -0.000213725637877,
                    -0.000410827546148,
                    -0.00153399736155,
                    0.000473989348393,
                    -0.00256100273691,
                    0.0114289550111,
                    -0.00443531339988,
                    0.000674337090459
                ],
                [
                    -0.000415783928474,
                    0.00187170004938,
                    -0.000636112759821,
                    0.000736808113288,
                    -0.00169577274937,
                    0.000931666174438,
                    -0.000703920901287,
                    0.000353286595782,
                    -0.000671854591928,
                    0.000479841110064,
                    -0.00443531339988,
                    0.0139202838764,
                    -0.00496645271778
                ],
                [
                    0.000330354319885,
                    -0.00116862612776,
                    4.96224747621e-05,
                    -0.00177003757562,
                    0.00136699096765,
                    0.000527892552782,
                    -0.00180146296043,
                    0.000762919487897,
                    -0.000942331098486,
                    -0.00168604345527,
                    0.000674337090459,
                    -0.00496645271778,
                    0.0125582339242
                ]
            ],
            "mean": [
                -11.719247818,
                94.7908096313,
                -87.7576675415,
                28.5862236023,
                -60.6748847961,
                17.9110641479,
                -31.5726623535,
                10.7627725601,
                -22.2566604614,
                4.71517705917,
                -16.1687049866,
                -0.485910445452,
                -10.0736865997
            ]
        },
        "hfc": {
            "dmean": 11.3340435028,
            "dmean2": 15.7186412811,
            "dvar": 688.612792969,
            "dvar2": 1221.0267334,
            "max": 546.063415527,
            "mean": 27.6129360199,
            "median": 18.5277500153,
            "min": 1.06831408433e-16,
            "var": 2035.87255859
        },
        "melbands": {
            "dmean": [
                0.00307247880846,
                0.00321387103759,
                0.00121216883417,
                0.000483615178382,
                0.000249105331022,
                0.000273177371128,
                0.000312468473567,
                0.00021683293744,
                0.000192846724531,
                0.000155307250679,
                0.000168001133716,
                0.000102707155747,
                6.59025245113e-05,
                4.87881770823e-05,
                3.82849138987e-05,
                2.73430923698e-05,
                3.2285508496e-05,
                1.87085133803e-05,
                1.74812666955e-05,
                1.36670041684e-05,
                8.73320368555e-06,
                8.80178959051e-06,
                8.7909593276e-06,
                8.08116692497e-06,
                7.6121600614e-06,
                5.62624472877e-06,
                4.30413228969e-06,
                4.30470208812e-06,
                4.44979605163e-06,
