{
    "lowlevel": {
        "average_loudness": 0.79375821352,
        "barkbands": {
            "dmean": [
                0.00169221998658,
                0.0069534224458,
                0.00160938873887,
                0.000654678849969,
                0.00131575088017,
                0.00117244245484,
                0.00121760938782,
                0.00111471465789,
                0.000760397815611,
                0.000509917153977,
                0.000518813554663,
                0.00106239342131,
                0.000763804710004,
                0.000617596670054,
                0.000525661103893,
                0.000456631591078,
                0.000304777582642,
                0.000299833947793,
                0.000300247134874,
                0.000274824677035,
                0.000293815566693,
                0.00036079614074,
                0.000329276925186,
                0.00030699610943,
                0.000150995372678,
                5.427724318e-05,
                1.12107491077e-05
            ],
            "dmean2": [
                0.00259726378135,
                0.00929356273264,
                0.00300200423226,
                0.00100396038033,
                0.00218081241474,
                0.00202891882509,
                0.00184312497731,
                0.00171191303525,
                0.00115734874271,
                0.000764073804021,
                0.000802163500339,
                0.00156176299788,
                0.00116108497605,
                0.000940276426263,
                0.000791378028225,
                0.000697678537108,
                0.000450875930255,
                0.000472785934107,
                0.000474326399853,
                0.000431837135693,
                0.000446236401331,
                0.000550247554202,
                0.000516000145581,
                0.000494863896165,
                0.000235251878621,
                8.48580748425e-05,
                1.98114103114e-05
            ],
            "dvar": [
                2.07459506782e-05,
                0.000478763278807,
                4.94314772368e-05,
                6.43701650915e-06,
                1.44278392327e-05,
                1.31506467369e-05,
                5.59082582186e-06,
                4.69545966553e-06,
                3.43403007719e-06,
                1.80336428457e-06,
                1.69461270616e-06,
                5.26705571247e-06,
                3.06535935124e-06,
                1.78693824182e-06,
                1.09832558337e-06,
                1.48012043155e-06,
                6.16867168901e-07,
                1.61275420396e-06,
                1.83201905202e-06,
                1.26031648051e-06,
                1.2095550801e-06,
                1.74492322458e-06,
                5.37149560387e-07,
                6.94950585967e-07,
                2.07117068385e-07,
                2.88387553837e-08,
                2.40204434121e-09
            ],
            "dvar2": [
                5.19740424352e-05,
                0.000833981786855,
                0.000144420424476,
                1.38275991048e-05,
                3.96817486035e-05,
                3.4852691897e-05,
                1.22523215396e-05,
                1.03699512692e-05,
                7.33433807909e-06,
                3.34384117195e-06,
                3.6663566334e-06,
                1.1717432244e-05,
                6.60952719045e-06,
                3.74877367904e-06,
                2.35600964515e-06,
                3.58326064998e-06,
                1.24501377741e-06,
                3.54968915417e-06,
                3.8130528992e-06,
                2.36756750382e-06,
                2.49137292485e-06,
                3.37307733389e-06,
                1.07685684725e-06,
                1.63772028827e-06,
                4.76226887258e-07,
                6.51724292311e-08,
                6.66824817586e-09
            ],
            "max": [
                0.0629046484828,
                0.264292865992,
                0.0866747200489,
                0.0388852730393,
                0.052123952657,
                0.0619333349168,
                0.028172172606,
                0.0307573452592,
                0.0277805253863,
                0.0288143586367,
                0.0151969045401,
                0.0315053202212,
                0.0172364469618,
                0.0208925008774,
                0.0156331472099,
                0.0136743057519,
                0.00972258206457,
                0.0156970527023,
                0.0137097071856,
                0.0120107224211,
                0.014607402496,
                0.0146559951827,
                0.00900001451373,
                0.01016544085,
                0.00994948018342,
                0.00328965601511,
                0.000642815080937
            ],
            "mean": [
                0.00789112504572,
                0.0364186763763,
                0.00139540573582,
                0.000788250938058,
                0.00163507356774,
                0.00112260389142,
                0.00174239487387,
                0.00163700757548,
                0.00111834984273,
                0.000761285133194,
                0.000648655637633,
                0.00132899323944,
                0.000876913487446,
                0.000807000149507,
                0.000684110156726,
                0.000555833219551,
                0.000442089774879,
                0.000320300314343,
                0.000270676042419,
                0.000279752828646,
                0.000300515559502,
                0.000357465731213,
                0.000349568435922,
                0.000300016923575,
                0.000156920825248,
                5.42713423783e-05,
                8.23792470328e-06
            ],
            "median": [
                0.00324610527605,
                0.0231008846313,
                0.000389995519072,
                0.000151088897837,
                0.000669868895784,
                0.000108301930595,
                0.000218469518586,
                0.000510383048095,
                0.00019107744447,
                0.000169298378751,
                9.45390856941e-05,
                0.000286508264253,
                9.68039821601e-05,
                0.000119803225971,
                0.000129379812279,
                0.000110772700282,
                0.000153080967721,
                5.2775038057e-05,
                1.1069845641e-05,
                2.6051664463e-05,
                4.43851313321e-05,
                3.37008641509e-05,
                2.71970438916e-05,
                2.93721896014e-05,
                1.92944044102e-05,
                4.21883714807e-06,
                5.05948548835e-07
            ],
            "min": [
                4.7283403636e-24,
                7.70795990491e-24,
                1.11923672007e-23,
                1.0248158284e-23,
                2.7499747954e-23,
                2.65784751681e-23,
                3.64912161061e-23,
                7.0680921055e-23,
                4.17323732505e-23,
                3.07270410261e-23,
                3.36192102085e-23,
                7.15712484053e-23,
                1.02900897121e-22,
                6.73272650876e-23,
                1.41465151334e-22,
                1.1213730974e-22,
                7.28167777331e-23,
                1.76398449194e-22,
                2.03162707416e-22,
                2.89680276201e-22,
                3.61339921203e-22,
                4.0057957919e-22,
                3.7901929121e-22,
                8.85402636813e-22,
                1.07196013772e-21,
                1.36101927115e-21,
                2.47862146197e-21
            ],
            "var": [
                0.000106633968244,
                0.00211499631405,
                2.81299344351e-05,
                8.4929561126e-06,
                1.16355095088e-05,
                1.23524723676e-05,
                1.08327394628e-05,
                8.80130028236e-06,
                7.55256496632e-06,
                4.23395067628e-06,
                2.31384592553e-06,
                7.47976810089e-06,
                4.2812916945e-06,
                3.22503137795e-06,
                1.84314546914e-06,
                1.63967956723e-06,
                8.76092087765e-07,
                1.56462454015e-06,
                1.85844066891e-06,
                1.45994306422e-06,
                1.31456806685e-06,
                2.0361865154e-06,
                7.47143985791e-07,
                7.23912023659e-07,
                2.33639468661e-07,
                3.35409495733e-08,
                1.57048007932e-09
            ]
        },
        "barkbands_crest": {
            "dmean": 2.3128759861,
            "dmean2": 3.65140128136,
            "dvar": 7.8053560257,
            "dvar2": 18.1344089508,
            "max": 25.9934158325,
            "mean": 14.1372241974,
            "median": 14.182012558,
            "min": 2.35047698021,
            "var": 28.4807853699
        },
        "barkbands_flatness_db": {
            "dmean": 0.0289811193943,
            "dmean2": 0.0430911593139,
            "dvar": 0.00112418667413,
            "dvar2": 0.00217380281538,
            "max": 0.500432014465,
            "mean": 0.203288286924,
            "median": 0.199451342225,
            "min": 0.0274793785065,
            "var": 0.0056353835389
        },
        "barkbands_kurtosis": {
            "dmean": 7.92990589142,
            "dmean2": 12.1360931396,
            "dvar": 397.26965332,
            "dvar2": 880.335205078,
            "max": 454.421600342,
            "mean": 11.7888116837,
            "median": 3.04478549957,
            "min": -1.92312121391,
            "var": 819.775390625
        },
        "barkbands_skewness": {
            "dmean": 0.841616928577,
            "dmean2": 1.20331060886,
            "dvar": 1.20794248581,
            "dvar2": 2.41345357895,
            "max": 17.8043327332,
            "mean": 2.26228260994,
            "median": 1.80624735355,
            "min": -3.49527573586,
            "var": 5.11476278305
        },
        "barkbands_spread": {
            "dmean": 7.07765579224,
            "dmean2": 10.7852172852,
            "dvar": 110.189086914,
            "dvar2": 220.202987671,
            "max": 137.868270874,
            "mean": 19.8397102356,
            "median": 15.5881481171,
            "min": 0.282980769873,
            "var": 268.532714844
        },
        "dissonance": {
            "dmean": 0.0301276762038,
            "dmean2": 0.0493446476758,
            "dvar": 0.000913245487027,
            "dvar2": 0.00229464145377,
            "max": 0.499992400408,
            "mean": 0.44029763341,
            "median": 0.449645876884,
            "min": 0.190338000655,
            "var": 0.0019063524669
        },
        "dynamic_complexity": 3.76347136497,
        "erbbands": {
            "dmean": [
                0.375095069408,
                1.2984046936,
                1.97213470936,
                2.030616045,
                3.21506071091,
                4.92107629776,
                6.77227020264,
                10.5011835098,
                11.2824573517,
                26.6832714081,
                21.8432044983,
                16.1377315521,
                15.4716281891,
                15.4971351624,
                26.7187576294,
                37.13804245,
                33.3175315857,
                29.0690097809,
                28.6510848999,
                27.9251861572,
                22.9610519409,
                19.0351047516,
                17.1046524048,
                15.1842679977,
                14.7630577087,
                12.7212171555,
                10.1113271713,
                13.0363388062,
                14.1393432617,
                9.98441982269,
                9.73209381104,
                7.86932325363,
                4.14070653915,
                1.94267916679,
                0.948212087154,
                0.312852531672,
                0.0891123488545,
                0.0175897181034,
                0.00220303353854,
                7.05103375367e-05
            ],
            "dmean2": [
                0.510396957397,
                1.85223579407,
                3.59636330605,
                3.29109525681,
                5.52604627609,
                7.86877918243,
                11.3741416931,
                18.1428813934,
                18.4472579956,
                39.3010635376,
                33.1125144958,
                24.3336486816,
                23.1337356567,
                23.0572299957,
                40.4943199158,
                53.4024620056,
                48.9407348633,
                42.7679481506,
                43.6396331787,
                41.5021743774,
                34.4883728027,
                27.7604103088,
                26.8164463043,
                23.8913993835,
                23.3884544373,
                20.4888954163,
                15.5660429001,
                19.8970546722,
                21.4099235535,
                15.6609191895,
                15.2266998291,
                12.7699670792,
                6.59471702576,
                3.05467057228,
                1.47616541386,
                0.485911011696,
                0.141904130578,
                0.0289984047413,
                0.00394584238529,
                0.000115998525871
            ],
            "dvar": [
                1.42727601528,
                15.9763698578,
                66.0834350586,
                65.564666748,
                211.232574463,
                116.184646606,
                277.094116211,
                1064.25976563,
                831.892028809,
                2369.8894043,
                2127.96899414,
                1957.90759277,
                1295.26086426,
                1325.86242676,
                3351.64331055,
                7368.69384766,
                5749.90527344,
                3725.06787109,
                3442.85742188,
                3523.10742188,
                3383.26049805,
                2600.70239258,
                5449.90576172,
                4561.02685547,
                4347.12792969,
                2817.44628906,
                1342.90820313,
                2582.58862305,
                2983.69946289,
                729.330200195,
                501.85949707,
                426.109558105,
                136.736419678,
                33.2849998474,
                8.33229255676,
                0.893652975559,
                0.08740465343,
                0.00436039315537,
                0.000105546278064,
                6.41281445724e-08
            ],
            "dvar2": [
                2.61962103844,
                34.679019928,
                191.596237183,
                158.867401123,
                594.096862793,
                297.073852539,
                728.733398438,
                2785.02783203,
                2019.71435547,
                4782.66259766,
                4688.38037109,
                4126.74511719,
                2703.86157227,
                2758.40307617,
                7788.28955078,
                15955.6035156,
                11704.7568359,
                7609.6171875,
                7696.77246094,
                7173.96044922,
                8169.78955078,
                5288.00830078,
                11994.4863281,
                10625.6826172,
                8512.76953125,
                5160.93896484,
                2525.77148438,
                5191.31835938,
                5991.85986328,
                1421.13708496,
                1078.66784668,
                1012.85449219,
                308.783050537,
                75.6088943481,
                19.1142311096,
                1.96720147133,
                0.205700069666,
                0.011147769168,
                0.000296971789794,
                1.70795630083e-07
            ],
            "max": [
                13.9652318954,
                51.2026290894,
                101.282371521,
                107.744262695,
                211.525497437,
                178.200408936,
                282.44744873,
                483.03125,
                487.561309814,
                624.263793945,
                675.5,
                789.172424316,
                758.789367676,
                561.039550781,
                568.166259766,
                1188.9564209,
                869.646362305,
                899.93927002,
                788.683654785,
                977.247009277,
                596.84552002,
                594.062194824,
                922.437988281,
                775.673828125,
                604.523864746,
                679.293212891,
                384.965087891,
                710.319213867,
                627.049133301,
                322.322937012,
                275.122680664,
                233.18258667,
                166.884277344,
                118.369316101,
                55.459312439,
                20.1405010223,
                6.18152761459,
                0.91580760479,
                0.123761437833,
                0.00326401577331
            ],
            "mean": [
                2.09105038643,
                3.9998664856,
                1.99461686611,
                2.413230896,
                3.02622818947,
                6.46192979813,
                7.86469221115,
                9.9979724884,
                13.7201843262,
                41.1032409668,
                33.6739845276,
                25.0183944702,
                24.3376274109,
                23.5707988739,
                36.0742912292,
                46.4343795776,
                42.9321937561,
                38.3657417297,
                37.81067276,
                38.1933746338,
                30.6359558105,
                27.4437255859,
                18.7364425659,
                14.5124645233,
                14.0633335114,
                13.5266265869,
                11.0296106339,
                13.1356115341,
                13.6586046219,
                10.0852851868,
                10.1351957321,
                7.5322022438,
                4.21805953979,
                2.01815533638,
                0.977200508118,
                0.330953150988,
                0.0842740088701,
                0.0147874513641,
                0.00159554346465,
                0.000120079508633
            ],
            "median": [
                1.43863666058,
                1.46761143208,
                0.76714348793,
                0.645247876644,
                0.720612168312,
                2.45117712021,
                2.13615107536,
                1.05729711056,
                2.79359221458,
                10.5020313263,
                11.9853963852,
                4.84769153595,
                7.65131521225,
                7.44816875458,
                10.9483575821,
                9.55508232117,
                5.70890665054,
                5.45254039764,
                8.06064128876,
                7.62864971161,
                7.29201793671,
                8.7428894043,
                4.02586650848,
                1.76108658314,
                0.768020510674,
                1.26790678501,
                1.7109079361,
                1.60180318356,
                1.25545251369,
                0.996267795563,
                0.731693029404,
                0.614390134811,
                0.43471711874,
                0.233807504177,
                0.112190894783,
                0.0302624311298,
                0.0056017502211,
                0.000885081361048,
                0.000121686491184,
                7.59862305131e-05
            ],
            "min": [
                2.91760369879e-22,
                1.91079226371e-21,
                1.15415985804e-20,
                3.1107813608e-20,
                3.1978333961e-20,
                1.23435367749e-19,
                1.72924536897e-19,
                2.18287690376e-19,
                5.8902202761e-19,
                8.98804734228e-19,
                1.59014367864e-18,
                1.07457234259e-18,
                1.11985975734e-18,
                8.96603710015e-19,
                1.7915704296e-18,
                2.30275729481e-18,
                3.24506738656e-18,
                6.20544650324e-18,
                6.09804909482e-18,
                5.92910241779e-18,
                6.17686120922e-18,
                4.77841560357e-18,
                9.94209223179e-18,
                1.02312845001e-17,
                1.25683187119e-17,
                1.32863205826e-17,
                1.63291259726e-17,
                9.90939378217e-18,
                1.23268340854e-17,
                1.41089930608e-17,
                1.07244446182e-17,
                1.56057102048e-17,
                1.56386386106e-17,
                1.11832386906e-17,
                8.53618793855e-18,
                5.21989968087e-18,
                2.82687009786e-18,
                1.00228285751e-18,
                3.20796435528e-19,
                3.31256367018e-20
            ],
            "var": [
                6.48851251602,
                38.3785171509,
                39.4686279297,
                71.8572769165,
                140.683914185,
                136.314575195,
                282.420562744,
                1023.61132813,
                1105.45898438,
                5077.15136719,
                3905.0793457,
                4591.70800781,
                3072.68676758,
                2125.62353516,
                4468.81152344,
                10208.4375,
                9019.609375,
                6338.47558594,
                5641.06835938,
                5963.93359375,
                4065.23999023,
                3590.60351563,
                5258.01513672,
                4126.36474609,
                4713.60351563,
                3340.55419922,
                1602.7578125,
                2863.0703125,
                3318.35498047,
                897.270446777,
                651.755554199,
                435.444549561,
                154.065567017,
                38.341381073,
                9.31614875793,
                1.114595294,
                0.0919926688075,
                0.00364606338553,
                6.56508273096e-05,
                5.22507974665e-08
            ]
        },
        "erbbands_crest": {
            "dmean": 3.48386120796,
            "dmean2": 5.5062456131,
            "dvar": 10.3696012497,
            "dvar2": 23.9034175873,
            "max": 30.3143692017,
            "mean": 11.1167964935,
            "median": 10.387919426,
            "min": 2.53058004379,
            "var": 23.5301303864
        },
        "erbbands_flatness_db": {
            "dmean": 0.0249021369964,
            "dmean2": 0.036695189774,
            "dvar": 0.000566971022636,
            "dvar2": 0.0011109666666,
            "max": 0.413385540247,
            "mean": 0.182780146599,
            "median": 0.175896272063,
            "min": 0.0350416079164,
            "var": 0.00401212880388
        },
        "erbbands_kurtosis": {
            "dmean": 1.56500709057,
            "dmean2": 2.43355178833,
            "dvar": 5.01785039902,
            "dvar2": 11.6167230606,
            "max": 37.1353111267,
            "mean": 1.23114299774,
            "median": 0.309807807207,
            "min": -1.87841784954,
            "var": 8.83662033081
        },
        "erbbands_skewness": {
            "dmean": 0.548110723495,
            "dmean2": 0.813749194145,
            "dvar": 0.285921692848,
            "dvar2": 0.590459465981,
            "max": 5.16103172302,
            "mean": 0.06050728634,
            "median": 0.0450055301189,
            "min": -5.82221126556,
            "var": 0.850679278374
        },
        "erbbands_spread": {
            "dmean": 13.0033054352,
            "dmean2": 20.1681461334,
            "dvar": 270.668060303,
            "dvar2": 591.874633789,
            "max": 198.324310303,
            "mean": 36.1445159912,
            "median": 29.6241970062,
            "min": 3.63052487373,
            "var": 613.445617676
        },
        "gfcc": {
            "cov": [
                [
                    14019.2617188,
                    -3857.61376953,
                    511.735015869,
                    1189.52587891,
                    -1640.96813965,
                    1584.0994873,
                    -508.509155273,
                    -9.99238491058,
                    343.61114502,
                    1042.65649414,
                    -399.766235352,
                    304.523986816,
                    29.6769638062
                ],
                [
                    -3857.61376953,
                    3388.46899414,
                    -608.410339355,
                    -637.736022949,
                    1198.12109375,
                    -688.49041748,
                    389.998443604,
                    49.637424469,
                    -10.5978794098,
                    -440.714782715,
                    260.266326904,
                    -233.932922363,
                    112.107849121
                ],
                [
                    511.735015869,
                    -608.410339355,
                    1313.82275391,
                    408.133514404,
                    -270.18157959,
                    491.022705078,
                    -72.1335372925,
                    56.9921035767,
                    140.046295166,
                    23.1317653656,
                    28.3531074524,
                    160.025024414,
                    7.1136674881
                ],
                [
                    1189.52587891,
                    -637.736022949,
                    408.133514404,
                    655.234924316,
                    -126.104064941,
                    184.788711548,
                    -56.4566879272,
                    11.4520788193,
                    100.38243103,
                    33.8594093323,
                    13.4421396255,
                    130.30770874,
                    46.440448761
                ],
                [
                    -1640.96813965,
                    1198.12109375,
                    -270.18157959,
                    -126.104064941,
                    842.12097168,
                    -299.895599365,
                    203.096969604,
                    73.0332641602,
                    -56.0506401062,
                    -156.374679565,
                    148.126327515,
                    -31.5390300751,
                    76.8082504272
                ],
                [
                    1584.0994873,
                    -688.49041748,
                    491.022705078,
                    184.788711548,
                    -299.895599365,
                    664.563476563,
                    14.2504892349,
                    8.76924705505,
                    130.198455811,
                    166.640426636,
                    -22.0227584839,
                    70.9709091187,
                    3.70568084717
                ],
                [
                    -508.509155273,
                    389.998443604,
                    -72.1335372925,
                    -56.4566879272,
                    203.096969604,
                    14.2504892349,
                    386.890808105,
                    58.1330375671,
                    -96.0493469238,
                    -17.4386367798,
                    69.54737854,
                    -5.11205339432,
                    29.0269489288
                ],
                [
                    -9.99238491058,
                    49.637424469,
                    56.9921035767,
                    11.4520788193,
                    73.0332641602,
                    8.76924705505,
                    58.1330375671,
                    172.495498657,
                    34.6245651245,
                    -12.5950012207,
                    43.1758575439,
                    4.85503387451,
                    -3.24964904785
                ],
                [
                    343.61114502,
                    -10.5978794098,
                    140.046295166,
                    100.38243103,
                    -56.0506401062,
                    130.198455811,
                    -96.0493469238,
                    34.6245651245,
                    312.607299805,
                    85.8869552612,
                    0.189030006528,
                    -13.9147596359,
                    24.686498642
                ],
                [
                    1042.65649414,
                    -440.714782715,
                    23.1317653656,
                    33.8594093323,
                    -156.374679565,
                    166.640426636,
                    -17.4386367798,
                    -12.5950012207,
                    85.8869552612,
                    302.746490479,
                    -70.2869949341,
                    -27.9072990417,
                    25.468164444
                ],
                [
                    -399.766235352,
                    260.266326904,
                    28.3531074524,
                    13.4421396255,
                    148.126327515,
                    -22.0227584839,
                    69.54737854,
                    43.1758575439,
                    0.189030006528,
                    -70.2869949341,
                    169.278488159,
                    37.0374794006,
                    -2.248087883
                ],
                [
                    304.523986816,
                    -233.932922363,
                    160.025024414,
                    130.30770874,
                    -31.5390300751,
                    70.9709091187,
                    -5.11205339432,
                    4.85503387451,
                    -13.9147596359,
                    -27.9072990417,
                    37.0374794006,
                    163.664352417,
                    26.9486808777
                ],
                [
                    29.6769638062,
                    112.107849121,
                    7.1136674881,
                    46.440448761,
                    76.8082504272,
                    3.70568084717,
                    29.0269489288,
                    -3.24964904785,
                    24.686498642,
                    25.468164444,
                    -2.248087883,
                    26.9486808777,
                    133.075668335
                ]
            ],
            "icov": [
                [
                    0.000194061751245,
                    -0.000107758663944,
                    0.000245681148954,
                    -0.000370764377294,
                    0.000225073919864,
                    -0.000434536166722,
                    0.000297800521366,
                    -0.000310051516863,
                    0.000258108600974,
                    -0.000513664621394,
                    0.000175530338311,
                    -0.00033062955481,
                    9.37665972742e-05
                ],
                [
                    -0.000107758663944,
                    0.00147420319263,
                    -0.000355898955604,
                    0.00116507255007,
                    -0.0012616525637,
                    0.000800335314125,
                    -0.001053056214,
                    0.00099576881621,
                    -0.00136078207288,
                    0.00173896574415,
                    -0.000811250298284,
                    0.00161546422169,
                    -0.00106674502604
                ],
                [
                    0.000245681148954,
                    -0.000355898955604,
                    0.00167957623489,
                    -0.00107957306318,
                    0.000573300407268,
                    -0.00148906512186,
                    0.000734822067898,
                    -0.000916702265386,
                    0.000412255933043,
                    -0.000440602103481,
                    0.000225316500291,
                    -0.00108107726555,
                    0.000290476920782
                ],
                [
                    -0.000370764377294,
                    0.00116507255007,
                    -0.00107957306318,
                    0.00355103518814,
                    -0.00108125421684,
                    0.0012512357207,
                    -0.00111199333332,
                    0.0012002409203,
                    -0.00178896228317,
                    0.00185443530791,
                    -0.000826448726002,
                    0.000331180606736,
                    -0.00132331124041
                ],
                [
                    0.000225073919864,
                    -0.0012616525637,
                    0.000573300407268,
                    -0.00108125421684,
                    0.00334237981588,
                    -0.000264199101366,
                    0.000312779913656,
                    -0.0013939961791,
                    0.00107709935401,
                    -0.00119370548055,
                    -0.000548662850633,
                    -0.00102783169132,
                    -0.000437180598965
                ],
                [
                    -0.000434536166722,
                    0.000800335314125,
                    -0.00148906512186,
                    0.0012512357207,
                    -0.000264199101366,
                    0.00414993055165,
                    -0.00194167310838,
                    0.00128989107907,
                    -0.00185133621562,
                    0.000593300908804,
                    -0.000762637588196,
                    0.000637554912828,
                    -0.000354531483026
                ],
                [
                    0.000297800521366,
                    -0.001053056214,
                    0.000734822067898,
                    -0.00111199333332,
                    0.000312779913656,
                    -0.00194167310838,
                    0.00490521499887,
                    -0.00212773610838,
                    0.0027960203588,
                    -0.00201475061476,
                    -0.000380295561627,
                    -0.000783767085522,
                    -5.96640566073e-05
                ],
                [
                    -0.000310051516863,
                    0.00099576881621,
                    -0.000916702265386,
                    0.0012002409203,
                    -0.0013939961791,
                    0.00128989107907,
                    -0.00212773610838,
                    0.00789644848555,
                    -0.00231865909882,
                    0.00163015408907,
                    -0.0015431351494,
                    0.00122071325313,
                    0.000130895074108
                ],
                [
                    0.000258108600974,
                    -0.00136078207288,
                    0.000412255933043,
                    -0.00178896228317,
                    0.00107709935401,
                    -0.00185133621562,
                    0.0027960203588,
                    -0.00231865909882,
                    0.00611786404625,
                    -0.00282865646295,
                    -0.000114654292702,
                    -0.000155743939104,
                    -0.000109494234493
                ],
                [
                    -0.000513664621394,
                    0.00173896574415,
                    -0.000440602103481,
                    0.00185443530791,
                    -0.00119370548055,
                    0.000593300908804,
                    -0.00201475061476,
                    0.00163015408907,
                    -0.00282865646295,
                    0.00775980530307,
                    5.05738426e-05,
                    0.00327073852532,
                    -0.00244412571192
                ],
                [
                    0.000175530338311,
                    -0.000811250298284,
                    0.000225316500291,
                    -0.000826448726002,
                    -0.000548662850633,
                    -0.000762637588196,
                    -0.000380295561627,
                    -0.0015431351494,
                    -0.000114654292702,
                    5.05738426e-05,
                    0.00928679388016,
                    -0.00324287964031,
                    0.00212901039049
                ],
                [
                    -0.00033062955481,
                    0.00161546422169,
                    -0.00108107726555,
                    0.000331180606736,
                    -0.00102783169132,
                    0.000637554912828,
                    -0.000783767085522,
                    0.00122071325313,
                    -0.000155743939104,
                    0.00327073852532,
                    -0.00324287964031,
                    0.0111433211714,
                    -0.00347716663964
                ],
                [
                    9.37665972742e-05,
                    -0.00106674502604,
                    0.000290476920782,
                    -0.00132331124041,
                    -0.000437180598965,
                    -0.000354531483026,
                    -5.96640566073e-05,
                    0.000130895074108,
                    -0.000109494234493,
                    -0.00244412571192,
                    0.00212901039049,
                    -0.00347716663964,
                    0.0103451544419
                ]
            ],
            "mean": [
                -31.5204200745,
                100.70400238,
                -108.914405823,
                22.4314308167,
                -42.659160614,
                28.431476593,
                -28.2661418915,
                15.6204147339,
                -7.05277872086,
                4.38019275665,
                -7.78251600266,
                5.54037046432,
                -1.87127220631
            ]
        },
        "hfc": {
            "dmean": 16.5795516968,
            "dmean2": 24.9663619995,
            "dvar": 2367.09643555,
            "dvar2": 4616.12353516,
            "max": 542.625854492,
            "mean": 28.5038795471,
            "median": 18.0434837341,
            "min": 1.1269142059e-16,
            "var": 2913.41699219
        },
        "melbands": {
            "dmean": [
                0.0023774234578,
                0.00120601861272,
                0.000383951934054,
                0.000290099676931,
                0.000234803257626,
                0.000232066828175,
                0.000189414437045,
                0.000286771450192,
                0.000165762408869,
                0.000100836856291,
                7.95100422692e-05,
                6.61338999635e-05,
                8.44380701892e-05,
                0.00011301858467,
                8.81372980075e-05,
                8.13604856376e-05,
                5.2754432545e-05,
                5.31466685061e-05,
                3.72922768292e-05,
                3.3119424188e-05,
                2.82691962639e-05,
                2.08525416383e-05,
                1.56071182573e-05,
                1.47136552187e-05,
                1.21748462334e-05,
                1.19071455629e-05,
                1.0337463209e-05,
                8.15851944935e-06,
                6.2231033553e-06,
