{
    "lowlevel": {
        "average_loudness": 0.540494501591,
        "barkbands": {
            "dmean": [
                1.7411294948e-06,
                6.34547977825e-05,
                9.94729271042e-05,
                4.77993635286e-05,
                0.000202406750759,
                0.00016380433226,
                0.000124943559058,
                0.000185847224202,
                0.000573032652028,
                0.000504914612975,
                0.000686361687258,
                0.00060976628447,
                0.00114129914436,
                0.000896354846191,
                0.000792660866864,
                0.000317148660542,
                0.000163832737599,
                0.000182861491339,
                0.000166393758263,
                0.000104735270725,
                3.88124281017e-05,
                1.60286253958e-05,
                2.56942494161e-05,
                5.98524384259e-05,
                2.86707872874e-05,
                4.05283299187e-06,
                4.28881861581e-07
            ],
            "dmean2": [
                2.67924087893e-06,
                8.89024158823e-05,
                0.00013895482698,
                7.02204706613e-05,
                0.000305275258143,
                0.000244346505497,
                0.00019106194668,
                0.000273142126389,
                0.000819700304419,
                0.000723346660379,
                0.000973911897745,
                0.000885848829057,
                0.00167394045275,
                0.00131846452132,
                0.0011665757047,
                0.000460376351839,
                0.00024821338593,
                0.000275515252724,
                0.00024872974609,
                0.000151285814354,
                5.70507945667e-05,
                2.32861148106e-05,
                3.77923424821e-05,
                8.43736634124e-05,
                4.10944667237e-05,
                5.34872742719e-06,
                6.29439114164e-07
            ],
            "dvar": [
                2.47615695309e-11,
                6.08038064343e-08,
                1.25162515019e-07,
                3.89380332422e-08,
                2.00334369538e-07,
                1.73919460167e-07,
                1.43340670888e-07,
                3.83367620316e-07,
                4.40399981017e-06,
                3.07073219119e-06,
                6.14755117567e-06,
                5.99945587965e-06,
                1.58355469466e-05,
                8.23164373287e-06,
                6.84780115989e-06,
                1.60552133366e-06,
                3.31792250563e-07,
                4.37729738678e-07,
                2.72311979188e-07,
                1.17407395805e-07,
                1.30944188825e-08,
                3.13429504573e-09,
                1.72074940963e-08,
                1.42202978282e-07,
                5.01953039134e-08,
                1.02713892947e-09,
                9.58606197893e-12
            ],
            "dvar2": [
                5.52260008557e-11,
                1.30120241693e-07,
                2.62991648015e-07,
                1.00388106716e-07,
                4.50594427548e-07,
                4.17276879716e-07,
                3.39329801591e-07,
                7.95070377535e-07,
                8.57766917761e-06,
                6.28782618151e-06,
                1.07750065581e-05,
                1.1834169527e-05,
                3.41228333127e-05,
                1.73271600943e-05,
                1.407158652e-05,
                3.24852294398e-06,
                7.38752532925e-07,
                1.00651379853e-06,
                5.71467978716e-07,
                2.12830400415e-07,
                2.67791335773e-08,
                5.89007820295e-09,
                3.29750236006e-08,
                2.74477343964e-07,
                9.74846088297e-08,
                1.76102421534e-09,
                1.87321824718e-11
            ],
            "max": [
                0.000231762096519,
                0.00929385330528,
                0.012153185904,
                0.00821033585817,
                0.0151652544737,
                0.0168571528047,
                0.010471843183,
                0.0161862969398,
                0.0836383327842,
                0.064435005188,
                0.0851140394807,
                0.0606351606548,
                0.147836729884,
                0.0862936377525,
                0.0860900357366,
                0.0581019967794,
                0.0207727421075,
                0.0337080843747,
                0.016260350123,
                0.0186711996794,
                0.00300504663028,
                0.00273152487352,
                0.00741762435064,
                0.0242997985333,
                0.0129802599549,
                0.00134588382207,
                0.000208916229894
            ],
            "mean": [
                2.37329641095e-06,
                0.00019045798399,
                0.000457741232822,
                0.000161982097779,
                0.000603004358709,
                0.000456503214082,
                0.000288119597826,
                0.000364297942724,
                0.00128478324041,
                0.00106221809983,
                0.00139773008414,
                0.00111896847375,
                0.00228301319294,
                0.0015974631533,
                0.00128723937087,
                0.000514115672559,
                0.000275940867141,
                0.000302362954244,
                0.000290684431093,
                0.000208642231883,
                7.30082392693e-05,
                3.16100631608e-05,
                5.06336400576e-05,
                0.000110776833026,
                4.8577268899e-05,
                6.69328164804e-06,
                6.92344769959e-07
            ],
            "median": [
                6.0905074406e-07,
                8.06474236015e-06,
                1.23333093143e-05,
                4.65271705252e-06,
                0.000192432256881,
                0.000169567851117,
                7.44779244997e-05,
                4.35814181401e-05,
                9.08835936571e-05,
                9.40089739743e-05,
                4.95497442898e-05,
                5.56701816095e-05,
                9.99827025225e-05,
                0.000100518591353,
                8.26956020319e-05,
                4.32943052147e-05,
                2.5018278393e-05,
                3.19890787068e-05,
                3.51152630174e-05,
                3.38393510901e-05,
                6.59700799588e-06,
                2.33057971855e-06,
                3.84549093724e-06,
                6.23225059826e-06,
                2.64309687736e-06,
                4.8905752692e-07,
                6.52056542094e-08
            ],
            "min": [
                8.4505846864e-25,
                1.97225895649e-24,
                1.48115813589e-24,
                1.9482572718e-24,
                1.01775489221e-23,
                1.4323154974e-23,
                8.90186065306e-24,
                1.04722515791e-23,
                1.97342564233e-23,
                1.47419643841e-23,
                2.08860895859e-23,
                3.63325635563e-23,
                3.89472398712e-23,
                3.65159169188e-23,
                3.94082754278e-23,
                5.32314314274e-23,
                7.88701492209e-23,
                9.95183940885e-23,
                1.34805032214e-22,
                2.03468646608e-22,
                2.79873839003e-22,
                3.29062484509e-22,
                3.53136550339e-22,
                5.54939791669e-22,
                9.63091880192e-22,
                1.31091799562e-21,
                2.0309749828e-21
            ],
            "var": [
                3.75542687225e-11,
                3.10730939646e-07,
                1.66546988112e-06,
                2.6988820423e-07,
                1.16195258215e-06,
                6.885280186e-07,
                3.06301330966e-07,
                1.05032745523e-06,
                2.73594505416e-05,
                1.24233447423e-05,
                2.58137788478e-05,
                1.85450771824e-05,
                5.02904767927e-05,
                2.16610078496e-05,
                1.56029182108e-05,
                3.28004580297e-06,
                8.29201155739e-07,
                7.92818468653e-07,
                5.93011463934e-07,
                3.78214252805e-07,
                3.68935921813e-08,
                9.18098219671e-09,
                4.95845284831e-08,
                5.60781870718e-07,
                1.58115867066e-07,
                2.81407497305e-09,
                2.26593830505e-11
            ]
        },
        "barkbands_crest": {
            "dmean": 2.50652623177,
            "dmean2": 3.89838624001,
            "dvar": 5.78599786758,
            "dvar2": 13.5618438721,
            "max": 26.6356430054,
            "mean": 12.1083374023,
            "median": 11.1359233856,
            "min": 2.83877563477,
            "var": 23.5965442657
        },
        "barkbands_flatness_db": {
            "dmean": 0.0194474868476,
            "dmean2": 0.0280846636742,
            "dvar": 0.000348966568708,
            "dvar2": 0.000690654967912,
            "max": 0.420159637928,
            "mean": 0.193166136742,
            "median": 0.184756621718,
            "min": 0.0408187247813,
            "var": 0.00438053812832
        },
        "barkbands_kurtosis": {
            "dmean": 2.82526731491,
            "dmean2": 4.30278587341,
            "dvar": 33.5569458008,
            "dvar2": 71.7059860229,
            "max": 195.436737061,
            "mean": 6.01975870132,
            "median": 2.18032503128,
            "min": -1.95852518082,
            "var": 200.690811157
        },
        "barkbands_skewness": {
            "dmean": 0.491217076778,
            "dmean2": 0.7146961689,
            "dvar": 0.291681647301,
            "dvar2": 0.560955166817,
            "max": 12.1410427094,
            "mean": 0.972575426102,
            "median": 0.802455186844,
            "min": -8.22323131561,
            "var": 2.93930244446
        },
        "barkbands_spread": {
            "dmean": 3.46536564827,
            "dmean2": 5.13662099838,
            "dvar": 30.8685398102,
            "dvar2": 65.6432876587,
            "max": 90.764541626,
            "mean": 13.8698453903,
            "median": 10.6056537628,
            "min": 0.500753998756,
            "var": 140.710968018
        },
        "dissonance": {
            "dmean": 0.0277741309255,
            "dmean2": 0.046849552542,
            "dvar": 0.000802701048087,
            "dvar2": 0.00214914279059,
            "max": 0.500000059605,
            "mean": 0.440633386374,
            "median": 0.452716708183,
            "min": 0.188693225384,
            "var": 0.00220332574099
        },
        "dynamic_complexity": 7.4488735199,
        "erbbands": {
            "dmean": [
                0.000594904704485,
                0.0186821483076,
                0.0990747958422,
                0.133979424834,
                0.301486700773,
                0.69970035553,
                1.75632822514,
                0.985723614693,
                1.42092931271,
                2.92186450958,
                4.50512886047,
                12.5022115707,
                12.4146871567,
                20.3408298492,
                31.2858905792,
                23.1530799866,
                56.2028999329,
                41.8759880066,
                49.6496124268,
                22.1610507965,
                12.4712409973,
                8.32458305359,
                6.84405612946,
                12.0254259109,
                4.97664022446,
                5.7536406517,
                2.59310722351,
                0.836466312408,
                0.545989990234,
                0.526905298233,
                0.849456071854,
                1.5335316658,
                0.784362316132,
                0.46778228879,
                0.106829032302,
                0.0243738796562,
                0.0070782774128,
                0.0010587181896,
                6.43981984467e-05,
                7.28885879653e-06
            ],
            "dmean2": [
                0.000888888083864,
                0.0260943099856,
                0.136640965939,
                0.198753014207,
                0.444316506386,
                1.07020676136,
                2.68005895615,
                1.4517364502,
                2.13824748993,
                4.41889381409,
                6.40457201004,
                17.8624095917,
                17.123003006,
                28.3431034088,
                43.9378929138,
                31.4279289246,
                80.4061737061,
                59.7633247375,
                71.1708526611,
                32.4946327209,
                17.8126583099,
                12.2204809189,
                10.0793132782,
                17.7638721466,
                7.08504772186,
                8.23296642303,
                3.71853089333,
                1.20854783058,
                0.798720836639,
                0.752700150013,
                1.22679448128,
                2.169080019,
                1.08810281754,
                0.664109170437,
                0.145666629076,
                0.0325270816684,
                0.0093911215663,
                0.00143698591273,
                9.25642380025e-05,
                1.01695995909e-05
            ],
            "dvar": [
                9.14301472221e-06,
                0.00493470253423,
                0.124559730291,
                0.239037632942,
                1.06162917614,
                2.67773222923,
                21.3550338745,
                6.27345371246,
                17.6165924072,
                124.079627991,
                179.452438354,
                2213.0144043,
                2012.08117676,
                4600.20019531,
                11341.0898438,
                6109.78466797,
                38704.9570312,
                22094.4550781,
                24127.6484375,
                4488.81152344,
                2634.32739258,
                841.734313965,
                436.022949219,
                1601.22241211,
                200.105209351,
                459.788574219,
                55.2295799255,
                6.71601867676,
                3.2284014225,
                3.85023593903,
                17.2335262299,
                81.4554519653,
                34.4092178345,
                13.2538528442,
                0.537168562412,
                0.0366747714579,
                0.0033323680982,
                6.17969271843e-05,
                1.95754253696e-07,
                6.58541277065e-10
            ],
            "dvar2": [
                2.2243735657e-05,
                0.0104721765965,
                0.258015573025,
                0.605598032475,
                2.30100798607,
                5.79762983322,
                53.7386398315,
                14.3382730484,
                41.4837226868,
                287.229064941,
                364.621246338,
                4218.47265625,
                3455.49389648,
                9683.93554688,
                20755.8925781,
                10905.4492188,
                81300.5546875,
                45357.109375,
                48094.5898438,
                9507.70898438,
                4577.52685547,
                1815.56726074,
                908.196655273,
                3325.73608398,
                387.262786865,
                823.853820801,
                110.559654236,
                12.4798374176,
                6.67275571823,
                7.14620828629,
                33.4649581909,
                157.488128662,
                71.0747756958,
                25.1488761902,
                0.862294435501,
                0.0642274096608,
                0.00567459873855,
                0.000105264101876,
                3.33413822773e-07,
                1.25147847641e-09
            ],
            "max": [
                0.178613394499,
                2.68270087242,
                12.4918136597,
                18.3779640198,
                45.9463195801,
                90.4353027344,
                154.375991821,
                106.025123596,
                157.065185547,
                507.603118896,
                488.83505249,
                1809.41601562,
                1638.76525879,
                3158.02709961,
                3100.34887695,
                2786.26220703,
                6813.98828125,
                4558.45019531,
                5406.5859375,
                1894.43103027,
                3173.89135742,
                1348.52197266,
                870.190490723,
                1175.22717285,
                401.975189209,
                1286.77233887,
                214.922225952,
                100.072731018,
                52.1688537598,
                101.08694458,
                229.894302368,
                506.601654053,
                407.500274658,
                194.110031128,
                33.5699310303,
                8.18229579926,
                2.88646316528,
                0.413075059652,
                0.0293378308415,
                0.00219668983482
            ],
            "mean": [
                0.00211097788997,
                0.0632317364216,
                0.48392406106,
                0.495759785175,
                0.890247523785,
                1.99295222759,
                4.84195995331,
                2.86266517639,
                3.97160005569,
                5.28824090958,
                10.2988586426,
                26.9133911133,
                28.8069648743,
                43.6254730225,
                70.4362945557,
                47.3409690857,
                111.7837677,
                79.0763320923,
                89.0368347168,
                38.6717262268,
                22.8536720276,
                15.4906129837,
                13.7406053543,
                21.9621562958,
                10.5416021347,
                11.3180589676,
                5.11346197128,
                1.72108745575,
                1.07502746582,
                1.03961908817,
                1.67128908634,
                2.74372076988,
                1.44329226017,
                0.79282695055,
                0.183873951435,
                0.0406652875245,
                0.0114676160738,
                0.00173088756856,
                0.000120182681712,
                2.31673566304e-05
            ],
            "median": [
                0.000116094430268,
                0.00253702374175,
                0.0148214669898,
                0.0314330235124,
                0.139699339867,
                0.583557367325,
                1.45249295235,
                1.12380552292,
                1.08949112892,
                1.24773097038,
                1.89119243622,
                2.69531679153,
                4.29061889648,
                6.52543735504,
                5.09574604034,
                4.78990077972,
                6.68821716309,
                7.771504879,
                8.65517902374,
                4.69387531281,
                2.68018293381,
                1.74458432198,
                1.96891725063,
                2.52662277222,
                1.70368480682,
                1.92999815941,
                0.842610895634,
                0.178803384304,
                0.0945921838284,
                0.0728596001863,
                0.124203696847,
                0.156640261412,
                0.0791415572166,
                0.0400937125087,
                0.0110172824934,
                0.00243939040229,
                0.000864747038577,
                0.000169711667695,
                1.87020596059e-05,
                1.03155289253e-05
            ],
            "min": [
                7.47323844464e-23,
                5.16161257591e-22,
                1.80988693224e-21,
                3.86962239525e-21,
                7.071405498e-21,
                3.98177605019e-20,
                4.09872129423e-20,
                1.15771242105e-19,
                1.40057303664e-19,
                1.84325231238e-19,
                2.69193445098e-19,
                5.07335305483e-19,
                6.87815671986e-19,
                7.66784537115e-19,
                1.53838988284e-18,
                1.68693807917e-18,
                1.94013620352e-18,
                2.48553753361e-18,
                2.76394005801e-18,
                2.44143143617e-18,
                3.7448823795e-18,
                5.42365659962e-18,
                6.46729176691e-18,
                6.21689633728e-18,
                6.48273150663e-18,
                9.19011226308e-18,
                8.68205793085e-18,
                1.22077771527e-17,
                1.08975793107e-17,
                1.12262189952e-17,
                1.19571554892e-17,
                1.09766677034e-17,
                8.93492704411e-18,
                9.85503147232e-18,
                7.44696395257e-18,
                4.1144790849e-18,
                2.38120193422e-18,
                1.00693223294e-18,
                2.66607652654e-19,
                2.94338520798e-20
            ],
            "var": [
                4.07985498896e-05,
                0.0305396150798,
                1.79610240459,
                1.61622905731,
                6.14471912384,
                18.1090717316,
                90.6073913574,
                25.0837039948,
                51.7470436096,
                196.867889404,
                815.197387695,
                11025.2607422,
                10187.0556641,
                17163.640625,
                50138.3515625,
                21009.7011719,
                119151.328125,
                53154.0351562,
                59836.0351562,
                9617.32421875,
                6896.01708984,
                2536.26367188,
                1097.13354492,
                3673.99609375,
                601.918518066,
                1433.44836426,
                149.234313965,
                22.5524272919,
                8.88552856445,
                12.4286804199,
                53.3575325012,
                287.648040771,
                125.067214966,
                43.4341087341,
                1.82983326912,
                0.104217194021,
                0.00858461018652,
                0.000151317930431,
                5.47467266188e-07,
                2.39155539816e-09
            ]
        },
        "erbbands_crest": {
            "dmean": 3.10585093498,
            "dmean2": 4.86680746078,
            "dvar": 8.37132072449,
            "dvar2": 20.0843849182,
            "max": 33.6715965271,
            "mean": 13.5410041809,
            "median": 12.4636831284,
            "min": 2.53411841393,
            "var": 33.2549705505
        },
        "erbbands_flatness_db": {
            "dmean": 0.01862122491,
            "dmean2": 0.0263775791973,
            "dvar": 0.000330437236698,
            "dvar2": 0.000629803980701,
            "max": 0.495152682066,
            "mean": 0.246098920703,
            "median": 0.242969095707,
            "min": 0.0413449853659,
            "var": 0.00464739557356
        },
        "erbbands_kurtosis": {
            "dmean": 1.82485258579,
            "dmean2": 2.78914070129,
            "dvar": 10.2185344696,
            "dvar2": 21.9231414795,
            "max": 95.8744888306,
            "mean": 3.01972198486,
            "median": 1.20067310333,
            "min": -1.88498139381,
            "var": 34.417339325
        },
        "erbbands_skewness": {
            "dmean": 0.425915449858,
            "dmean2": 0.629085600376,
            "dvar": 0.189811199903,
            "dvar2": 0.382550895214,
            "max": 8.61224651337,
            "mean": 0.563884139061,
            "median": 0.560603737831,
            "min": -7.12518930435,
            "var": 1.43993616104
        },
        "erbbands_spread": {
            "dmean": 4.92558240891,
            "dmean2": 7.32149124146,
            "dvar": 57.6304931641,
            "dvar2": 124.476867676,
            "max": 143.006072998,
            "mean": 21.3230724335,
            "median": 17.0406951904,
            "min": 0.69191890955,
            "var": 304.674621582
        },
        "gfcc": {
            "cov": [
                [
                    25127.421875,
                    -2172.93041992,
                    -5002.89892578,
                    905.557006836,
                    -609.170043945,
                    817.487060547,
                    -263.08001709,
                    119.569572449,
                    -320.2706604,
                    -93.0828018188,
                    376.452514648,
                    -400.355316162,
                    -160.459823608
                ],
                [
                    -2172.93041992,
                    2977.78808594,
                    872.273864746,
                    -113.490447998,
                    496.942077637,
                    -409.155639648,
                    147.794067383,
                    -325.558898926,
                    20.694601059,
                    -162.168640137,
                    -197.764007568,
                    -105.473091125,
                    5.96516895294
                ],
                [
                    -5002.89892578,
                    872.273864746,
                    2776.93017578,
                    351.788818359,
                    -76.8527679443,
                    -11.2284975052,
                    -221.686279297,
                    -8.07200527191,
                    16.1500205994,
                    -35.703918457,
                    -349.533691406,
                    67.4165649414,
                    -91.8043823242
                ],
                [
                    905.557006836,
                    -113.490447998,
                    351.788818359,
                    742.10144043,
                    91.5699539185,
                    115.344978333,
                    -59.260269165,
                    -6.52755355835,
                    54.9116859436,
                    -59.1308784485,
                    -95.120262146,
                    -18.8890132904,
                    -88.6351776123
                ],
                [
                    -609.170043945,
                    496.942077637,
                    -76.8527679443,
                    91.5699539185,
                    524.613891602,
                    45.1729698181,
                    147.886932373,
                    -83.7055358887,
                    19.5096435547,
                    -26.223449707,
                    24.3332977295,
                    1.48176372051,
                    -29.5264091492
                ],
                [
                    817.487060547,
                    -409.155639648,
                    -11.2284975052,
                    115.344978333,
                    45.1729698181,
                    465.733276367,
                    118.273757935,
                    -41.4243812561,
                    -25.9022445679,
                    28.0649471283,
                    46.0024261475,
                    -20.3032302856,
                    -85.5908126831
                ],
                [
                    -263.08001709,
                    147.794067383,
                    -221.686279297,
                    -59.260269165,
                    147.886932373,
                    118.273757935,
                    336.507263184,
                    -33.7032661438,
                    25.7357807159,
                    37.5100708008,
                    61.3989868164,
                    -35.2232933044,
                    -42.6181335449
                ],
                [
                    119.569572449,
                    -325.558898926,
                    -8.07200527191,
                    -6.52755355835,
                    -83.7055358887,
                    -41.4243812561,
                    -33.7032661438,
                    316.573455811,
                    69.9281005859,
                    17.2509078979,
                    -12.3351078033,
                    -13.0336122513,
                    15.4619045258
                ],
                [
                    -320.2706604,
                    20.694601059,
                    16.1500205994,
                    54.9116859436,
                    19.5096435547,
                    -25.9022445679,
                    25.7357807159,
                    69.9281005859,
                    249,
                    27.7038898468,
                    -36.962184906,
                    30.676076889,
                    -17.9528274536
                ],
                [
                    -93.0828018188,
                    -162.168640137,
                    -35.703918457,
                    -59.1308784485,
                    -26.223449707,
                    28.0649471283,
                    37.5100708008,
                    17.2509078979,
                    27.7038898468,
                    180.092788696,
                    66.7779083252,
                    -6.94634342194,
                    -25.4037208557
                ],
                [
                    376.452514648,
                    -197.764007568,
                    -349.533691406,
                    -95.120262146,
                    24.3332977295,
                    46.0024261475,
                    61.3989868164,
                    -12.3351078033,
                    -36.962184906,
                    66.7779083252,
                    207.56072998,
                    32.4603881836,
                    6.70773935318
                ],
                [
                    -400.355316162,
                    -105.473091125,
                    67.4165649414,
                    -18.8890132904,
                    1.48176372051,
                    -20.3032302856,
                    -35.2232933044,
                    -13.0336122513,
                    30.676076889,
                    -6.94634342194,
                    32.4603881836,
                    168.630706787,
                    42.0341644287
                ],
                [
                    -160.459823608,
                    5.96516895294,
                    -91.8043823242,
                    -88.6351776123,
                    -29.5264091492,
                    -85.5908126831,
                    -42.6181335449,
                    15.4619045258,
                    -17.9528274536,
                    -25.4037208557,
                    6.70773935318,
                    42.0341644287,
                    157.259552002
                ]
            ],
            "icov": [
                [
                    0.000167082747794,
                    -0.000246552372118,
                    0.000503619259689,
                    -0.000411631102907,
                    0.000432179862401,
                    -0.000529414392076,
                    0.000440721196355,
                    -0.000292825134238,
                    0.000322362902807,
                    -0.000176914050826,
                    0.000172212734469,
                    -0.000158590773935,
                    0.000226329240832
                ],
                [
                    -0.000246552372118,
                    0.00128800584935,
                    -0.00114953168668,
                    0.000949335924815,
                    -0.00139159930404,
                    0.00173497130163,
                    -0.00113065948244,
                    0.00134735496249,
                    -0.000865655543748,
                    0.000969858840108,
                    -0.000278577761492,
                    0.00123943376821,
                    -0.000453873159131
                ],
                [
                    0.000503619259689,
                    -0.00114953168668,
                    0.00223578442819,
                    -0.00151806068607,
                    0.0016363132745,
                    -0.00203773262911,
                    0.00169309950434,
                    -0.0012983874185,
                    0.00141104415525,
                    -0.00120859046001,
                    0.00157810887322,
                    -0.00147415848915,
                    0.00108428124804
                ],
                [
                    -0.000411631102907,
                    0.000949335924815,
                    -0.00151806068607,
                    0.00292792520486,
                    -0.00173587270547,
                    0.00114746333566,
                    -0.000645010790322,
                    0.00104459992144,
                    -0.0013972108718,
                    0.00123350636568,
                    -0.000160628027515,
                    0.000956786738243,
                    0.000119982585602
                ],
                [
                    0.000432179862401,
                    -0.00139159930404,
                    0.0016363132745,
                    -0.00173587270547,
                    0.00414992589504,
                    -0.00194872985594,
                    0.000396901741624,
                    -0.000977065763436,
                    0.000955444178544,
                    -0.000497837376315,
                    0.000139949814184,
                    -0.00137296516914,
                    0.000782465795055
                ],
                [
                    -0.000529414392076,
                    0.00173497130163,
                    -0.00203773262911,
                    0.00114746333566,
                    -0.00194872985594,
                    0.0054488661699,
                    -0.00286656455137,
                    0.00199288316071,
                    -0.000926910201088,
                    0.00115810567513,
                    -0.0010634829523,
                    0.00136085657869,
                    0.000240982626565
                ],
                [
                    0.000440721196355,
                    -0.00113065948244,
                    0.00169309950434,
                    -0.000645010790322,
                    0.000396901741624,
                    -0.00286656455137,
                    0.00583549076691,
                    -0.000997678376734,
                    0.000213501014514,
                    -0.00108494784217,
                    -0.000175087508978,
                    4.52596214018e-05,
                    0.00115579878911
                ],
                [
                    -0.000292825134238,
                    0.00134735496249,
                    -0.0012983874185,
                    0.00104459992144,
                    -0.000977065763436,
                    0.00199288316071,
                    -0.000997678376734,
                    0.00508173322305,
                    -0.00218292488717,
                    0.000904443790205,
                    -0.000585143512581,
                    0.00201385677792,
                    -0.00100433756597
                ],
                [
                    0.000322362902807,
                    -0.000865655543748,
                    0.00141104415525,
                    -0.0013972108718,
                    0.000955444178544,
                    -0.000926910201088,
                    0.000213501014514,
                    -0.00218292488717,
                    0.0061594475992,
                    -0.002090776572,
                    0.00238170241937,
                    -0.00274035730399,
                    0.00134169205558
                ],
                [
                    -0.000176914050826,
                    0.000969858840108,
                    -0.00120859046001,
                    0.00123350636568,
                    -0.000497837376315,
                    0.00115810567513,
                    -0.00108494784217,
                    0.000904443790205,
                    -0.002090776572,
                    0.00811924319714,
                    -0.00336658861488,
                    0.00200672470964,
                    0.000606392452028
                ],
                [
                    0.000172212734469,
                    -0.000278577761492,
                    0.00157810887322,
                    -0.000160628027515,
                    0.000139949814184,
                    -0.0010634829523,
                    -0.000175087508978,
                    -0.000585143512581,
                    0.00238170241937,
                    -0.00336658861488,
                    0.00903101451695,
                    -0.00309650809504,
                    0.000645075167995
                ],
                [
                    -0.000158590773935,
                    0.00123943376821,
                    -0.00147415848915,
                    0.000956786738243,
                    -0.00137296516914,
                    0.00136085657869,
                    4.52596214018e-05,
                    0.00201385677792,
                    -0.00274035730399,
                    0.00200672470964,
                    -0.00309650809504,
                    0.00917739234865,
                    -0.00254263426177
                ],
                [
                    0.000226329240832,
                    -0.000453873159131,
                    0.00108428124804,
                    0.000119982585602,
                    0.000782465795055,
                    0.000240982626565,
                    0.00115579878911,
                    -0.00100433756597,
                    0.00134169205558,
                    0.000606392452028,
                    0.000645075167995,
                    -0.00254263426177,
                    0.00890094880015
                ]
            ],
            "mean": [
                -124.825775146,
                80.8863983154,
                -152.440719604,
                -3.51432132721,
                -60.4162979126,
                5.89962482452,
                -42.4566802979,
                0.672304034233,
                -29.8719997406,
                -2.17431139946,
                -5.62220048904,
                -8.91188621521,
                -3.19290113449
            ]
        },
        "hfc": {
            "dmean": 6.0700507164,
            "dmean2": 8.48536491394,
            "dvar": 120.667442322,
            "dvar2": 231.941665649,
            "max": 374.535186768,
            "mean": 20.0376529694,
            "median": 7.23469877243,
            "min": 1.07909125509e-16,
            "var": 701.052062988
        },
        "melbands": {
            "dmean": [
                1.09327174869e-05,
                4.18170238845e-05,
                2.49640397669e-05,
                3.30879411194e-05,
                5.46889386897e-05,
                2.38405846176e-05,
                2.24666400754e-05,
                3.43729079759e-05,
                4.39505529357e-05,
                8.2679107436e-05,
                6.42989034532e-05,
                8.39391796035e-05,
                0.000103585836769,
                7.55560176913e-05,
                0.000106025043351,
                0.000112130685011,
                8.05684539955e-05,
                8.6358631961e-05,
                4.48147729912e-05,
                2.53896687354e-05,
                1.38392724693e-05,
                8.34177353681e-06,
                8.92065781954e-06,
