{
    "lowlevel": {
        "average_loudness": 0.653885900974,
        "barkbands": {
            "dmean": [
                9.26215122377e-08,
                5.7860983361e-05,
                9.68635213212e-05,
                0.000177008478204,
                0.00117498706095,
                0.000901507737581,
                0.000585589674301,
                0.000398775475333,
                0.000635848147795,
                0.000877282989677,
                0.000223555849516,
                0.000253364589298,
                0.000325610250002,
                0.000336516270181,
                0.000344181782566,
                0.000141334778164,
                9.84411453828e-05,
                0.000135290392791,
                5.01263530168e-05,
                9.11901443033e-05,
                4.32174238085e-05,
                3.37455421686e-05,
                4.61944691779e-05,
                7.05812853994e-05,
                8.5327817942e-05,
                1.98148063646e-05,
                2.42117562266e-06
            ],
            "dmean2": [
                1.643789318e-07,
                9.17467914405e-05,
                0.000143253273563,
                0.00027571208193,
                0.00179477536585,
                0.00131753785536,
                0.000900387531146,
                0.000596059253439,
                0.000945088919252,
                0.00134844775312,
                0.000341071281582,
                0.000376338401111,
                0.000471373146866,
                0.00050629657926,
                0.0005068363389,
                0.000201902017579,
                0.000148735576659,
                0.000200524111278,
                7.93156432337e-05,
                0.000133775844006,
                6.33706658846e-05,
                4.93202751386e-05,
                6.34500393062e-05,
                9.89508116618e-05,
                0.000120297481772,
                2.89123727271e-05,
                3.49238848685e-06
            ],
            "dvar": [
                3.9827280471e-13,
                2.01278389511e-08,
                4.37509335427e-08,
                1.81330818805e-07,
                4.64852701043e-06,
                4.35449419456e-06,
                2.95062955047e-06,
                1.78851610144e-06,
                5.33568891115e-06,
                7.44719045542e-06,
                5.52552478439e-07,
                7.67701124005e-07,
                2.1488854145e-06,
                2.03577201319e-06,
                1.77158187853e-06,
                3.79630762382e-07,
                1.76195854351e-07,
                2.22490129431e-07,
                2.97863174126e-08,
                9.45881950543e-08,
                2.76820451006e-08,
                1.99647818278e-08,
                2.36450361513e-08,
                1.58937297101e-07,
                2.5907422696e-07,
                1.23712906586e-08,
                1.65432723076e-10
            ],
            "dvar2": [
                1.10751392866e-12,
                4.51275710134e-08,
                9.47674507756e-08,
                5.03527132878e-07,
                1.08129361251e-05,
                9.02126703295e-06,
                6.82298013999e-06,
                3.75028798771e-06,
                1.05619737951e-05,
                1.69523264049e-05,
                1.16143667128e-06,
                1.51087897393e-06,
                4.05149012295e-06,
                4.13007910538e-06,
                3.52031224793e-06,
                7.40486029827e-07,
                4.04458916137e-07,
                4.76872344279e-07,
                6.98809117239e-08,
                1.96417872189e-07,
                5.4967429719e-08,
                4.18078833775e-08,
                4.33693401192e-08,
                3.01924757196e-07,
                4.98095516832e-07,
                2.44085462953e-08,
                3.36723704475e-10
            ],
            "max": [
                4.09333806601e-05,
                0.00632084626704,
                0.00889355968684,
                0.0106365680695,
                0.0504022277892,
                0.0915284156799,
                0.0537445470691,
                0.03084660694,
                0.0706092789769,
                0.0665555745363,
                0.037281319499,
                0.0372655503452,
                0.0609323419631,
                0.0426248311996,
                0.0428531095386,
                0.0252713598311,
                0.0181119497865,
                0.0196243710816,
                0.00550213828683,
                0.0099183563143,
                0.00567002315074,
                0.00874739326537,
                0.00546787772328,
                0.017434373498,
                0.0221955124289,
                0.00566060561687,
                0.000671848421916
            ],
            "mean": [
                1.1517421683e-07,
                0.00020187436894,
                0.000357259181328,
                0.000496994587593,
                0.0034535638988,
                0.00280919461511,
                0.00117557053454,
                0.000920682563446,
                0.00136247836053,
                0.00189952726942,
                0.000459866714664,
                0.000538801250514,
                0.00067400658736,
                0.000604296044912,
                0.000692171801347,
                0.000289380695904,
                0.00021923953318,
                0.000309254071908,
                0.000106098552351,
                0.000198942259885,
                8.36487015476e-05,
                7.22187760402e-05,
                0.000100061166449,
                0.000115373790322,
                0.00012911077647,
                2.89661293209e-05,
                3.80430697078e-06
            ],
            "median": [
                2.92302964056e-08,
                5.52312958462e-05,
                0.000149532643263,
                0.000180785427801,
                0.00191590259783,
                0.000966831110418,
                0.000230209319852,
                0.00026941546821,
                0.000215424792259,
                0.00023722538026,
                3.42224448104e-05,
                0.000101568664832,
                0.000110666267574,
                6.83798934915e-05,
                7.14095731382e-05,
                3.39469515893e-05,
                4.71587591164e-05,
                4.5469703764e-05,
                2.14230331039e-05,
                3.53261384589e-05,
                1.2665781469e-05,
                7.15070700608e-06,
                1.87339537661e-05,
                1.52148813868e-05,
                1.06048537418e-05,
                3.10993073072e-06,
                3.63398669379e-07
            ],
            "min": [
                1.89616385585e-24,
                2.14412630697e-23,
                4.81984672977e-23,
                6.66950088493e-23,
                5.49609237652e-23,
                3.12626965134e-23,
                1.00954493278e-22,
                5.31822506832e-23,
                1.79129454093e-23,
                7.69092745134e-23,
                5.54822093622e-23,
                1.82939210503e-23,
                8.65529854837e-23,
                8.4403957984e-23,
                1.93079916466e-22,
                1.77736256315e-22,
                2.00961242754e-22,
                1.78182827318e-22,
                3.53260849574e-22,
                3.70561036231e-22,
                3.85423453365e-22,
                5.6548336574e-22,
                6.13614584224e-22,
                8.47507425001e-22,
                1.30632185217e-21,
                1.97201009138e-21,
                2.15771092721e-21
            ],
            "var": [
                2.84680997309e-13,
                1.48037401004e-07,
                2.87700345325e-07,
                6.9243372991e-07,
                1.89794627659e-05,
                3.5905653931e-05,
                9.04862463358e-06,
                6.48559853289e-06,
                1.70977928065e-05,
                2.90420612146e-05,
                3.03908109345e-06,
                3.37961409969e-06,
                7.55188011681e-06,
                5.1296701713e-06,
                5.58063356948e-06,
                1.21735320135e-06,
                4.25032709472e-07,
                7.56809981795e-07,
                6.871965752e-08,
                2.57207545928e-07,
                7.31411802235e-08,
                5.10142541543e-08,
                7.76544126779e-08,
                2.98682692801e-07,
                4.9086082754e-07,
                2.05487893368e-08,
                2.82270040675e-10
            ]
        },
        "barkbands_crest": {
            "dmean": 2.12542104721,
            "dmean2": 3.33917403221,
            "dvar": 4.33320474625,
            "dvar2": 10.4101076126,
            "max": 25.3766479492,
            "mean": 12.0825748444,
            "median": 11.2390880585,
            "min": 2.34642744064,
            "var": 23.7193965912
        },
        "barkbands_flatness_db": {
            "dmean": 0.0168509799987,
            "dmean2": 0.0252120997757,
            "dvar": 0.000284313719021,
            "dvar2": 0.000603888125625,
            "max": 0.406283348799,
            "mean": 0.18217086792,
            "median": 0.173137128353,
            "min": 0.0405083447695,
            "var": 0.00347486394458
        },
        "barkbands_kurtosis": {
            "dmean": 3.54850673676,
            "dmean2": 5.40833282471,
            "dvar": 41.4437561035,
            "dvar2": 98.3904647827,
            "max": 228.783493042,
            "mean": 8.91354084015,
            "median": 3.59237623215,
            "min": -1.94525337219,
            "var": 194.218017578
        },
        "barkbands_skewness": {
            "dmean": 0.47386559844,
            "dmean2": 0.698085606098,
            "dvar": 0.321255981922,
            "dvar2": 0.662656486034,
            "max": 13.0839748383,
            "mean": 1.94088721275,
            "median": 1.624827981,
            "min": -3.67640852928,
            "var": 2.59334540367
        },
        "barkbands_spread": {
            "dmean": 3.716547966,
            "dmean2": 5.59445905685,
            "dvar": 66.8147201538,
            "dvar2": 122.539588928,
            "max": 110.234039307,
            "mean": 14.6253156662,
            "median": 10.85405159,
            "min": 0.853262126446,
            "var": 211.777770996
        },
        "dissonance": {
            "dmean": 0.0261581763625,
            "dmean2": 0.0439904518425,
            "dvar": 0.000616940378677,
            "dvar2": 0.0016706015449,
            "max": 0.500000178814,
            "mean": 0.427972614765,
            "median": 0.435575574636,
            "min": 0.220901444554,
            "var": 0.0021713017486
        },
        "dynamic_complexity": 3.06701493263,
        "erbbands": {
            "dmean": [
                0.00047565321438,
                0.0171128641814,
                0.0937127992511,
                0.3349609375,
                1.53523385525,
                4.32122087479,
                8.47525215149,
                7.08552837372,
                8.47241973877,
                7.87741804123,
                9.0594959259,
                15.0597190857,
                20.2314491272,
                24.3944168091,
                9.09096336365,
                9.22580051422,
                14.3728122711,
                9.97116184235,
                23.5170631409,
                8.30022144318,
                5.98475599289,
                4.82648563385,
                6.06990337372,
                4.76365709305,
                2.50237393379,
                4.22288036346,
                2.44484758377,
                1.07372486591,
                1.18602347374,
                1.15878379345,
                1.37489211559,
                1.17972719669,
                1.41954064369,
                1.1668087244,
                0.487920701504,
                0.135678380728,
                0.0268736574799,
                0.00516250124201,
                0.000382248515962,
                1.38057248478e-05
            ],
            "dmean2": [
                0.000775673310272,
                0.0270083341748,
                0.140006959438,
                0.511683285236,
                2.43494725227,
                6.58097696304,
                12.7010946274,
                10.2503376007,
                12.9169921875,
                11.5806455612,
                13.2587709427,
                22.0703773499,
                30.338973999,
                36.1283416748,
                13.3505792618,
                13.3015766144,
                20.3762817383,
                14.6551265717,
                34.4396400452,
                12.0118217468,
                8.29057884216,
                6.9835100174,
                8.77317142487,
                7.13570261002,
                3.78280472755,
                6.09785985947,
                3.46565508842,
                1.52505683899,
                1.74613165855,
                1.63007438183,
                1.89196789265,
                1.64847171307,
                2.00211668015,
                1.7040002346,
                0.698038339615,
                0.196335405111,
                0.0382312498987,
                0.00738471141085,
                0.000537047395483,
                1.92507177417e-05
            ],
            "dvar": [
                1.07529615434e-06,
                0.0017606485635,
                0.0436632931232,
                0.567270815372,
                11.3071451187,
                79.6843109131,
                283.960540771,
                445.442840576,
                556.774719238,
                664.020996094,
                834.870178223,
                3918.40087891,
                4153.86669922,
                5730.89550781,
                677.732788086,
                1017.3012085,
                4473.14208984,
                1877.58752441,
                7838.17675781,
                752.672424316,
                863.086120605,
                251.997894287,
                321.167266846,
                395.118225098,
                51.7760276794,
                238.64151001,
                82.8468856812,
                17.4388771057,
                33.8680686951,
                11.3669471741,
                23.5783843994,
                36.7776184082,
                71.5685958862,
                52.4386329651,
                8.00352859497,
                0.591153144836,
                0.0245003122836,
                0.000790030928329,
                3.73370698981e-06,
                2.49031595345e-09
            ],
            "dvar2": [
                2.65211724582e-06,
                0.00394531572238,
                0.097612015903,
                1.3851776123,
                28.1712818146,
                183.864517212,
                647.206298828,
                921.574584961,
                1299.32531738,
                1425.24890137,
                1684.64562988,
                7720.64941406,
                9101.18652344,
                11816.4248047,
                1430.73535156,
                1883.27832031,
                8302.30957031,
                3315.42773438,
                15838.3251953,
                1523.53857422,
                1443.16186523,
                504.268676758,
                623.921630859,
                862.715087891,
                120.596382141,
                451.662567139,
                160.59954834,
                33.883228302,
                73.5760879517,
                21.4364471436,
                43.0027770996,
                69.1783828735,
                138.120697021,
                105.489219666,
                15.9658136368,
                1.13431680202,
                0.0489070601761,
                0.00151902344078,
                7.32426360628e-06,
                4.57087123706e-09
            ],
            "max": [
                0.0388794802129,
                1.93978786469,
                9.70858955383,
                28.6774673462,
                84.6760787964,
                179.359817505,
                420.238006592,
                1037.02246094,
                863.205383301,
                824.066650391,
                862.842956543,
                2067.95678711,
                1779.84777832,
                2136.04418945,
                1037.94226074,
                1769.08984375,
                3308.34423828,
                2230.72241211,
                2712.36791992,
                1095.59741211,
                1652.70324707,
                817.217956543,
                589.791564941,
                876.837341309,
                243.073898315,
                543.917297363,
                348.486236572,
                170.368057251,
                406.261810303,
                94.1189727783,
                204.916213989,
                279.769439697,
                368.320800781,
                276.593383789,
                120.868690491,
                34.494178772,
                9.94553279877,
                1.7511677742,
                0.102420084178,
                0.00244765589014
            ],
            "mean": [
                0.00158556969836,
                0.0629862546921,
                0.374529719353,
                1.13331449032,
                3.72772240639,
                11.5030317307,
                24.4594116211,
                23.7318153381,
                19.3725891113,
                16.1206760406,
                21.6726360321,
                30.8926830292,
                42.0297698975,
                53.3742866516,
                21.5266075134,
                21.8067493439,
                33.0704460144,
                21.7732868195,
                51.1985626221,
                18.4575710297,
                14.8992395401,
                12.6721696854,
                14.6929597855,
                11.7256622314,
                6.60036897659,
                9.46071434021,
                5.494389534,
                2.29979085922,
                2.51302719116,
                2.76127481461,
                2.87052369118,
                1.97736477852,
                2.27003931999,
                1.7393206358,
                0.724408864975,
                0.198315873742,
                0.0398107357323,
                0.00801478885114,
                0.000631045433693,
                3.92941547034e-05
            ],
            "median": [
                0.00065987202106,
                0.019284799695,
                0.156299069524,
                0.479131549597,
                1.63825201988,
                5.2327413559,
                13.1893997192,
                6.21213769913,
                4.33091020584,
                4.5731215477,
                7.61800909042,
                6.12338685989,
                8.02809524536,
                8.44723129272,
                4.47880220413,
                4.35704803467,
                5.61413764954,
                4.35319709778,
                4.35754108429,
                3.57155418396,
                2.21093463898,
                2.79565215111,
                2.75747513771,
                1.79581856728,
                1.27238452435,
                1.74221694469,
                0.943807959557,
                0.336700558662,
                0.245094239712,
                0.441689074039,
                0.524716675282,
                0.316628754139,
                0.235604584217,
                0.1381367594,
                0.0569452270865,
                0.0169446002692,
                0.00443174457178,
                0.000796339416411,
                7.5063231634e-05,
                2.16637508856e-05
            ],
            "min": [
                6.03519487043e-22,
                5.74117951957e-21,
                3.57799106535e-20,
                1.82007044647e-19,
                1.11663695828e-19,
                2.98076498287e-19,
                1.4516031011e-19,
                3.55240055289e-19,
                1.40039113445e-18,
                1.14894373787e-18,
                1.13065984101e-18,
                4.51513900724e-19,
                1.58845230108e-18,
                2.33971944689e-18,
                1.68245899955e-18,
                9.94933771357e-19,
                4.87107596219e-18,
                4.266228677e-18,
                6.05808593147e-18,
                1.20918229744e-17,
                8.27032216351e-18,
                1.28146076034e-17,
                1.04222805035e-17,
                1.157555143e-17,
                2.12006754957e-17,
                1.88798333443e-17,
                1.72847660799e-17,
                1.61806056936e-17,
                1.7193549565e-17,
                1.98410354141e-17,
                1.92813368875e-17,
                1.3415886845e-17,
                1.64361681069e-17,
                1.35261707002e-17,
                1.03355357271e-17,
                7.2823111701e-18,
                3.84798506618e-18,
                1.06381847764e-18,
                2.74235395275e-19,
                3.43248482572e-20
            ],
            "var": [
                7.48833372199e-06,
                0.0130744371563,
                0.321257889271,
                3.58030295372,
                31.9538116455,
                267.903137207,
                1206.94274902,
                4123.71142578,
                2061.70239258,
                1557.9588623,
                2960.53515625,
                9976.72851563,
                10943.1269531,
                25141.2207031,
                3338.31738281,
                5011.02148438,
                17586.3339844,
                6303.90332031,
                28507.9570313,
                2091.77441406,
                3900.38720703,
                1266.95275879,
                1361.63696289,
                1401.44274902,
                215.924087524,
                672.408630371,
                289.33114624,
                52.3406562805,
                72.6138153076,
                45.4595069885,
                72.2902526855,
                71.4946136475,
                130.825454712,
                95.0615997314,
                14.1329526901,
                1.03227138519,
                0.0393931344151,
                0.00138048408553,
                6.91424793331e-06,
                5.56951817998e-09
            ]
        },
        "erbbands_crest": {
            "dmean": 2.58263087273,
            "dmean2": 4.01512432098,
            "dvar": 6.31637048721,
            "dvar2": 14.4846420288,
            "max": 31.0480632782,
            "mean": 12.0958375931,
            "median": 10.9795179367,
            "min": 2.40743279457,
            "var": 28.521522522
        },
        "erbbands_flatness_db": {
            "dmean": 0.0150159122422,
            "dmean2": 0.0219505149871,
            "dvar": 0.000244676368311,
            "dvar2": 0.000488110032165,
            "max": 0.375920504332,
            "mean": 0.19989413023,
            "median": 0.198170080781,
            "min": 0.0665945634246,
            "var": 0.00221586506814
        },
        "erbbands_kurtosis": {
            "dmean": 1.39913523197,
            "dmean2": 2.13984918594,
            "dvar": 4.33329057693,
            "dvar2": 9.62619972229,
            "max": 59.0270500183,
            "mean": 2.34095525742,
            "median": 1.0254150629,
            "min": -1.88585197926,
            "var": 17.0937900543
        },
        "erbbands_skewness": {
            "dmean": 0.365637421608,
            "dmean2": 0.539093255997,
            "dvar": 0.154225215316,
            "dvar2": 0.301762461662,
            "max": 6.54204416275,
            "mean": 0.982914745808,
            "median": 0.883191525936,
            "min": -3.71192765236,
            "var": 0.994569420815
        },
        "erbbands_spread": {
            "dmean": 6.23163843155,
            "dmean2": 9.33856678009,
            "dvar": 117.076820374,
            "dvar2": 239.74647522,
            "max": 163.263381958,
            "mean": 28.8427581787,
            "median": 22.9115428925,
            "min": 3.79131865501,
            "var": 421.803192139
        },
        "gfcc": {
            "cov": [
                [
                    4714.69433594,
                    -2529.43920898,
                    -841.687988281,
                    558.928466797,
                    -282.791992188,
                    456.63772583,
                    64.7384109497,
                    189.392868042,
                    -58.0560150146,
                    190.602432251,
                    -156.598342896,
                    181.590805054,
                    19.0113105774
                ],
                [
                    -2529.43920898,
                    2434.14916992,
                    94.6320571899,
                    -366.238372803,
                    469.673187256,
                    -345.035736084,
                    156.791137695,
                    -166.352264404,
                    110.575286865,
                    -167.662231445,
                    156.824859619,
                    -190.273345947,
                    29.1634922028
                ],
                [
                    -841.687988281,
                    94.6320571899,
                    1118.11474609,
                    -1.8008711338,
                    -197.86428833,
                    13.8353891373,
                    -293.185272217,
                    33.0369338989,
                    -71.3725662231,
                    24.6678314209,
                    14.4326162338,
                    -8.30991268158,
                    -82.6629714966
                ],
                [
                    558.928466797,
                    -366.238372803,
                    -1.8008711338,
                    438.345428467,
                    -37.0527381897,
                    36.1749572754,
                    -3.21120738983,
                    32.8787651062,
                    3.29677414894,
                    53.7548561096,
                    10.1725950241,
                    44.5814247131,
                    12.2919082642
                ],
                [
                    -282.791992188,
                    469.673187256,
                    -197.86428833,
                    -37.0527381897,
                    368.859588623,
                    -5.04952335358,
                    149.14276123,
                    -16.5396842957,
                    51.3604240417,
                    -50.5838737488,
                    -9.48154640198,
                    -12.8504085541,
                    27.6786174774
                ],
                [
                    456.63772583,
                    -345.035736084,
                    13.8353891373,
                    36.1749572754,
                    -5.04952335358,
                    286.508911133,
                    74.1881866455,
                    17.1795463562,
                    -22.903678894,
                    35.0007286072,
                    -20.0865459442,
                    19.931886673,
                    -6.12109327316
                ],
                [
                    64.7384109497,
                    156.791137695,
                    -293.185272217,
                    -3.21120738983,
                    149.14276123,
                    74.1881866455,
                    281.593811035,
                    -10.4337797165,
                    13.345495224,
                    -13.9173240662,
                    -5.04090976715,
                    -2.83390617371,
                    20.7402038574
                ],
                [
                    189.392868042,
                    -166.352264404,
                    33.0369338989,
                    32.8787651062,
                    -16.5396842957,
                    17.1795463562,
                    -10.4337797165,
                    139.884567261,
                    22.7657356262,
                    10.6152000427,
                    -20.9979000092,
                    8.11399269104,
                    8.59783363342
                ],
                [
                    -58.0560150146,
                    110.575286865,
                    -71.3725662231,
                    3.29677414894,
                    51.3604240417,
                    -22.903678894,
                    13.345495224,
                    22.7657356262,
                    122.087524414,
                    24.0123214722,
                    15.8980789185,
                    -3.13229131699,
                    12.5880737305
                ],
                [
                    190.602432251,
                    -167.662231445,
                    24.6678314209,
                    53.7548561096,
                    -50.5838737488,
                    35.0007286072,
                    -13.9173240662,
                    10.6152000427,
                    24.0123214722,
                    148.627807617,
                    55.8433685303,
                    25.9034500122,
                    5.41281175613
                ],
                [
                    -156.598342896,
                    156.824859619,
                    14.4326162338,
                    10.1725950241,
                    -9.48154640198,
                    -20.0865459442,
                    -5.04090976715,
                    -20.9979000092,
                    15.8980789185,
                    55.8433685303,
                    144.213882446,
                    21.3579692841,
                    7.27592563629
                ],
                [
                    181.590805054,
                    -190.273345947,
                    -8.30991268158,
                    44.5814247131,
                    -12.8504085541,
                    19.931886673,
                    -2.83390617371,
                    8.11399269104,
                    -3.13229131699,
                    25.9034500122,
                    21.3579692841,
                    100.917381287,
                    20.1899414063
                ],
                [
                    19.0113105774,
                    29.1634922028,
                    -82.6629714966,
                    12.2919082642,
                    27.6786174774,
                    -6.12109327316,
                    20.7402038574,
                    8.59783363342,
                    12.5880737305,
                    5.41281175613,
                    7.27592563629,
                    20.1899414063,
                    90.8572692871
                ]
            ],
            "icov": [
                [
                    0.000720383250155,
                    0.000544710666873,
                    0.000600484781899,
                    -0.000390693487134,
                    -4.82210380142e-05,
                    -0.000475288456073,
                    0.00025991682196,
                    -0.000322478474118,
                    0.000185363271157,
                    -0.000208634824958,
                    8.96260899026e-05,
                    7.60576658649e-05,
                    0.000190129489056
                ],
                [
                    0.000544710666873,
                    0.0023278540466,
                    -0.000607548397966,
                    0.000521383306477,
                    -0.00180035224184,
                    0.00149476865772,
                    -0.00127299223095,
                    0.00115486886352,
                    -0.00101467198692,
                    0.00130642415024,
                    -0.00246465811506,
                    0.0028350665234,
                    -0.00102387811057
                ],
                [
                    0.000600484781899,
                    -0.000607548397966,
                    0.00248822267167,
                    -0.000735316833016,
                    0.000921099097468,
                    -0.00181123369839,
                    0.0024854070507,
                    -0.00144228956196,
                    0.00142707268242,
                    -0.00102195946965,
                    0.00114852772094,
                    -0.00130410329439,
                    0.00166014826391
                ],
                [
                    -0.000390693487134,
                    0.000521383306477,
                    -0.000735316833016,
                    0.0030709868297,
                    -0.000593834440224,
                    0.000926407345105,
                    -0.000787421129644,
                    0.000320009101415,
                    -0.000516323081683,
                    1.00768356788e-05,
                    -0.000980162061751,
                    0.000289748626528,
                    -0.000692250032444
                ],
                [
                    -4.82210380142e-05,
                    -0.00180035224184,
                    0.000921099097468,
                    -0.000593834440224,
                    0.00565004348755,
                    -0.00145918084309,
                    -0.000649308611173,
                    -0.000777009816375,
                    -0.000679901102558,
                    2.04335246963e-05,
                    0.00230699288659,
                    -0.00250700674951,
                    0.00037388887722
                ],
                [
                    -0.000475288456073,
                    0.00149476865772,
                    -0.00181123369839,
                    0.000926407345105,
                    -0.00145918084309,
                    0.00651419628412,
                    -0.00341631448828,
                    0.00119101186283,
                    -0.000380166427931,
                    0.000116504750622,
                    -0.00139807036612,
                    0.00187778880354,
                    -0.000862608896568
                ],
                [
                    0.00025991682196,
                    -0.00127299223095,
                    0.0024854070507,
                    -0.000787421129644,
                    -0.000649308611173,
                    -0.00341631448828,
                    0.00777272507548,
                    -0.0012880921131,
                    0.00163760781288,
                    -0.00106438738294,
                    0.00145247881301,
                    -0.00160781270824,
                    0.0011147307232
                ],
                [
                    -0.000322478474118,
                    0.00115486886352,
                    -0.00144228956196,
                    0.000320009101415,
                    -0.000777009816375,
                    0.00119101186283,
                    -0.0012880921131,
                    0.00931501295418,
                    -0.00301375472918,
                    0.000878712919075,
                    -0.000189963466255,
                    0.00147481565364,
                    -0.00187653396279
                ],
                [
                    0.000185363271157,
                    -0.00101467198692,
                    0.00142707268242,
                    -0.000516323081683,
                    -0.000679901102558,
                    -0.000380166427931,
                    0.00163760781288,
                    -0.00301375472918,
                    0.0110959094018,
                    -0.00319576309994,
                    0.000816615414806,
                    -0.000732079031877,
                    0.0004983653198
                ],
                [
                    -0.000208634824958,
                    0.00130642415024,
                    -0.00102195946965,
                    1.00768356788e-05,
                    2.04335246963e-05,
                    0.000116504750622,
                    -0.00106438738294,
                    0.000878712919075,
                    -0.00319576309994,
                    0.0108411964029,
                    -0.00539025990292,
                    0.00112119503319,
                    -0.00116598245222
                ],
                [
                    8.96260899026e-05,
                    -0.00246465811506,
                    0.00114852772094,
                    -0.000980162061751,
                    0.00230699288659,
                    -0.00139807036612,
                    0.00145247881301,
                    -0.000189963466255,
                    0.000816615414806,
                    -0.00539025990292,
                    0.012337625958,
                    -0.00509528955445,
                    0.00119156320579
                ],
                [
                    7.60576658649e-05,
                    0.0028350665234,
                    -0.00130410329439,
                    0.000289748626528,
                    -0.00250700674951,
                    0.00187778880354,
                    -0.00160781270824,
                    0.00147481565364,
                    -0.000732079031877,
                    0.00112119503319,
                    -0.00509528955445,
                    0.0156083982438,
                    -0.00405967840925
                ],
                [
                    0.000190129489056,
                    -0.00102387811057,
                    0.00166014826391,
                    -0.000692250032444,
                    0.00037388887722,
                    -0.000862608896568,
                    0.0011147307232,
                    -0.00187653396279,
                    0.0004983653198,
                    -0.00116598245222,
                    0.00119156320579,
                    -0.00405967840925,
                    0.0134574305266
                ]
            ],
            "mean": [
                -44.4006996155,
                92.794883728,
                -120.020401001,
                1.27377808094,
                -70.2811965942,
                -0.267873257399,
                -52.496711731,
                -0.779621958733,
                -32.5495452881,
                -8.57107639313,
                -14.4870128632,
                -5.64555644989,
                -8.78654575348
            ]
        },
        "hfc": {
            "dmean": 4.68890714645,
            "dmean2": 6.45031309128,
            "dvar": 132.454376221,
            "dvar2": 235.228652954,
            "max": 466.315917969,
            "mean": 17.3319797516,
            "median": 8.82511997223,
            "min": 1.155389336e-16,
            "var": 564.82232666
        },
        "melbands": {
            "dmean": [
                9.84666257864e-06,
                3.95210809074e-05,
                8.22468282422e-05,
                0.000192871826584,
                0.000284456968075,
                0.000157920687343,
                0.000129398657009,
                8.88224312803e-05,
                7.71131817601e-05,
                9.579291509e-05,
                0.00010807524086,
                0.000110438202682,
                3.15708020935e-05,
                2.74988487945e-05,
                3.51436974597e-05,
                2.55041341006e-05,
                1.99400983547e-05,
                4.35613983427e-05,
                1.75008353835e-05,
                1.07024170575e-05,
                6.97471341482e-06,
                5.09737856191e-06,
                5.9927269831e-06,
                7.51746665628e-06,
                3.95592996938e-06,
