{
    "lowlevel": {
        "average_loudness": 0.865518569946,
        "barkbands": {
            "dmean": [
                0.000730495026801,
                0.010729377158,
                0.00165942322928,
                0.00116358650848,
                0.00137537904084,
                0.00160602468532,
                0.00116231758147,
                0.000736068643164,
                0.00107065099292,
                0.000454432913102,
                0.000462787342258,
                0.000423766759923,
                0.000335778400768,
                0.000279697094811,
                0.000257684325334,
                0.000225229538046,
                0.000273118785117,
                0.000334375305101,
                0.000313683412969,
                0.000298971950542,
                0.00027435447555,
                0.000293187447824,
                0.000366386462701,
                0.000421556993388,
                0.000386505271308,
                0.000215028223465,
                1.23333438751e-05
            ],
            "dmean2": [
                0.00102672155481,
                0.0160678476095,
                0.00317791523412,
                0.00211821659468,
                0.00232298253104,
                0.00254226033576,
                0.00189600826707,
                0.00117117690388,
                0.00162858329713,
                0.000701785902493,
                0.000691194960382,
                0.000651842099614,
                0.000525704061147,
                0.000404121587053,
                0.000385548832128,
                0.000350364367478,
                0.00040617067134,
                0.000516249798238,
                0.000472477608128,
                0.000439543044195,
                0.000414726353483,
                0.000413341127569,
                0.000584472494666,
                0.000635276548564,
                0.000590618292335,
                0.000351120892446,
                1.89538350241e-05
            ],
            "dvar": [
                4.17022829424e-06,
                0.000921946659219,
                7.1574060712e-05,
                2.52433619607e-05,
                1.03245783976e-05,
                1.19724945762e-05,
                6.67511221764e-06,
                3.31158571498e-06,
                5.75979947826e-06,
                1.18015896078e-06,
                9.31067745569e-07,
                8.15173621049e-07,
                9.78688376563e-07,
                4.9438096994e-07,
                4.10450013533e-07,
                2.14573390167e-07,
                3.6640625467e-07,
                7.0446361633e-07,
                7.27786073185e-07,
                5.93789707182e-07,
                4.66182086711e-07,
                3.71408901856e-07,
                5.53732718345e-07,
                7.7967905554e-07,
                5.39104462405e-07,
                1.31761254352e-07,
                1.57428858838e-09
            ],
            "dvar2": [
                7.48683305574e-06,
                0.00187915062997,
                0.000210495796637,
                7.27177466615e-05,
                2.80368894892e-05,
                2.65167618636e-05,
                1.64184766618e-05,
                8.30383032735e-06,
                1.29739801196e-05,
                2.50231482823e-06,
                1.9715516828e-06,
                1.76389676199e-06,
                2.22422954721e-06,
                8.87306384811e-07,
                8.20597563234e-07,
                4.99967427459e-07,
                7.95936159648e-07,
                1.57518888955e-06,
                1.64227549249e-06,
                1.21385016882e-06,
                9.92015884549e-07,
                7.13479209935e-07,
                1.21625714655e-06,
                1.75353261511e-06,
                1.18263460536e-06,
                3.16931050293e-07,
                3.62137608789e-09
            ],
            "max": [
                0.0384723320603,
                0.289400935173,
                0.0915769487619,
                0.0505390949547,
                0.0381444729865,
                0.0711250677705,
                0.0339511930943,
                0.0328515395522,
                0.039572853595,
                0.0374884791672,
                0.0223422646523,
                0.0155812641606,
                0.0164416134357,
                0.00935354828835,
                0.00911088474095,
                0.00532843964174,
                0.00739908544347,
                0.00997699890286,
                0.0122265145183,
                0.0107470331714,
                0.0115679819137,
                0.00809355080128,
                0.0139969699085,
                0.0135894147679,
                0.011688567698,
                0.00382489012554,
                0.00118378887419
            ],
            "mean": [
                0.00186909001786,
                0.0250302422792,
                0.00123901979532,
                0.00086342880968,
                0.00166439334862,
                0.00256810779683,
                0.00137679593172,
                0.000904949149117,
                0.00148691819049,
                0.000622937863227,
                0.000645694148261,
                0.000550210883375,
                0.000373427435989,
                0.000340975238942,
                0.000323243584717,
                0.00028209577431,
                0.000324767344864,
                0.000407253246522,
                0.000381516467314,
                0.00036370367161,
                0.000348297442542,
                0.000395002396544,
                0.000505555362906,
                0.000556355284061,
                0.000491631042678,
                0.00025147368433,
                1.4454738448e-05
            ],
            "median": [
                0.000144402103615,
                0.0101876389235,
                0.000122618454043,
                0.00010799660231,
                0.000457071553683,
                0.000438741699327,
                0.000289046409307,
                0.000189879268873,
                0.000288491952233,
                0.000124333048007,
                0.000108859792817,
                0.000118990901683,
                4.92701947223e-05,
                4.63960677735e-05,
                5.46362462046e-05,
                5.81993117521e-05,
                7.70095502958e-05,
                9.06094428501e-05,
                8.46727270982e-05,
                7.698238187e-05,
                8.46419934533e-05,
                0.000118159419799,
                0.000190983701032,
                0.000173330146936,
                0.000149259838508,
                8.95677148947e-05,
                1.88379863175e-06
            ],
            "min": [
                1.85051038478e-23,
                7.86364318228e-23,
                2.88311211255e-23,
                5.67309951078e-24,
                7.55708867907e-23,
                2.48064048519e-23,
                3.87980441859e-23,
                2.94373133995e-23,
                5.66131329777e-23,
                1.76007527595e-22,
                8.92314711795e-23,
                2.78393999053e-23,
                7.21457032273e-23,
                9.10199387585e-23,
                2.23544020686e-22,
                3.0603829788e-22,
                2.6194468408e-22,
                2.61777521298e-22,
                3.46269421496e-22,
                3.66694759515e-22,
                4.25468456295e-22,
                4.30547710782e-22,
                6.05071056537e-22,
                8.64377890724e-22,
                1.12085709402e-21,
                1.3959529098e-21,
                2.5137891588e-21
            ],
            "var": [
                1.48792132677e-05,
                0.00230335397646,
                3.99544514949e-05,
                1.48132803588e-05,
                1.08308577182e-05,
                3.23718231812e-05,
                8.72322743817e-06,
                4.48288801635e-06,
                1.02184667412e-05,
                2.86516910819e-06,
                1.96159453481e-06,
                1.43631541505e-06,
                1.28108194986e-06,
                8.41148562358e-07,
                6.64776450776e-07,
                3.43363950606e-07,
                5.11081168497e-07,
                9.3851690508e-07,
                9.77441459327e-07,
                8.91316460638e-07,
                7.19128593119e-07,
                6.62864181322e-07,
                9.0943944997e-07,
                1.213960104e-06,
                8.39322069623e-07,
                1.6626754018e-07,
                2.34117059073e-09
            ]
        },
        "barkbands_crest": {
            "dmean": 3.07993984222,
            "dmean2": 4.819439888,
            "dvar": 10.9941854477,
            "dvar2": 23.8592033386,
            "max": 26.2813434601,
            "mean": 13.648393631,
            "median": 12.9491453171,
            "min": 2.07927703857,
            "var": 36.976650238
        },
        "barkbands_flatness_db": {
            "dmean": 0.0313915833831,
            "dmean2": 0.0439989753067,
            "dvar": 0.00100121565629,
            "dvar2": 0.00178617890924,
            "max": 0.461131483316,
            "mean": 0.154546916485,
            "median": 0.146128177643,
            "min": 0.0213843844831,
            "var": 0.00457373633981
        },
        "barkbands_kurtosis": {
            "dmean": 10.791103363,
            "dmean2": 16.5308799744,
            "dvar": 975.81817627,
            "dvar2": 2133.7331543,
            "max": 1177.8840332,
            "mean": 13.5990781784,
            "median": 2.87830877304,
            "min": -1.9798913002,
            "var": 1510.87524414
        },
        "barkbands_skewness": {
            "dmean": 1.07677459717,
            "dmean2": 1.54466724396,
            "dvar": 2.07032132149,
            "dvar2": 4.09167957306,
            "max": 26.2024269104,
            "mean": 2.26886916161,
            "median": 1.7025821209,
            "min": -11.9399785995,
            "var": 6.80864953995
        },
        "barkbands_spread": {
            "dmean": 12.1009778976,
            "dmean2": 18.8214321136,
            "dvar": 237.216110229,
            "dvar2": 507.120239258,
            "max": 128.694107056,
            "mean": 30.1756210327,
            "median": 24.7376098633,
            "min": 0.17373020947,
            "var": 534.625671387
        },
        "dissonance": {
            "dmean": 0.0251832939684,
            "dmean2": 0.0403638705611,
            "dvar": 0.000649405061267,
            "dvar2": 0.00156671623699,
            "max": 0.499999970198,
            "mean": 0.452079951763,
            "median": 0.461966454983,
            "min": 0.171886339784,
            "var": 0.00153434160165
        },
        "dynamic_complexity": 2.7396697998,
        "erbbands": {
            "dmean": [
                0.484091579914,
                1.9054466486,
                1.94985258579,
                3.18495774269,
                3.91010975838,
                4.77547121048,
                9.45771408081,
                12.4557790756,
                15.9792995453,
                15.2282848358,
                19.1536426544,
                23.8162307739,
                15.1110649109,
                14.8872442245,
                17.3191223145,
                17.8229236603,
                16.1310462952,
                13.9985160828,
                14.3181381226,
                11.3471374512,
                12.8529720306,
                15.3543958664,
                15.5588655472,
                17.4736976624,
                15.8795537949,
                15.1467676163,
                11.0545415878,
                11.1535100937,
                10.1855344772,
                10.5730247498,
                10.1752347946,
                9.1305847168,
                7.14884185791,
                4.92565250397,
                2.46740436554,
                1.28373801708,
                0.31103053689,
                0.0458352006972,
                0.00211483100429,
                7.88167671999e-05
            ],
            "dmean2": [
                0.698226332664,
                2.9788620472,
                3.5784611702,
                5.93951845169,
                6.78203725815,
                7.96267461777,
                14.8052883148,
                20.125043869,
                25.9356536865,
                24.3666419983,
                29.4591617584,
                36.0598106384,
                23.0080089569,
                22.330947876,
                26.5261611938,
                27.2566566467,
                25.3975505829,
                19.1835899353,
                20.4947681427,
                16.923324585,
                19.5664768219,
                22.7243461609,
                23.4461345673,
                26.3128013611,
                23.8484764099,
                22.4093399048,
                17.0076694489,
                16.719083786,
                14.2956819534,
                15.7179393768,
                16.0918369293,
                13.6908340454,
                11.0381917953,
                7.62861633301,
                3.73348474503,
                2.12191939354,
                0.493716239929,
                0.0725798010826,
                0.0034027993679,
                0.000123583478853
            ],
            "dvar": [
                1.87524724007,
                31.4904346466,
                81.5066146851,
                226.503311157,
                156.995635986,
                132.841140747,
                666.239624023,
                752.909912109,
                1324.17602539,
                1444.67736816,
                2001.43249512,
                2993.98754883,
                1879.25939941,
                1036.35754395,
                1404.03198242,
                1620.16259766,
                2372.2355957,
                1290.78967285,
                1307.18127441,
                693.977111816,
                712.515136719,
                1159.74487305,
                1243.06799316,
                2278.45678711,
                1994.05322266,
                1791.72497559,
                782.436035156,
                700.361083984,
                441.783905029,
                500.456359863,
                452.095611572,
                331.797729492,
                250.474578857,
                101.286598206,
                21.5869884491,
                4.85851573944,
                0.26569762826,
                0.00711752241477,
                5.23868548044e-05,
                4.76060364463e-08
            ],
            "dvar2": [
                3.47398710251,
                74.9029769897,
                234.791213989,
                659.925537109,
                443.847503662,
                343.58972168,
                1386.19396973,
                1798.80712891,
                3276.95581055,
                3508.74291992,
                4741.69677734,
                6657.01269531,
                4220.78466797,
                2310.7565918,
                3106.79638672,
                3502.11132812,
                5493.17333984,
                2207.73095703,
                2627.72705078,
                1335.73962402,
                1579.76086426,
                2482.00830078,
                2532.53735352,
                5041.95996094,
                4426.19140625,
                3866.83520508,
                1714.42456055,
                1508.98693848,
                814.445495605,
                1064.70629883,
                981.785095215,
                701.924865723,
                595.949829102,
                238.591705322,
                45.753780365,
                11.9771871567,
                0.598923504353,
                0.0150399692357,
                0.000131408698508,
                1.20180132512e-07
            ],
            "max": [
                13.3843851089,
                58.0259666443,
                97.7279434204,
                152.698226929,
                188.58442688,
                163.027023315,
                567.025146484,
                574.536315918,
                622.633911133,
                647.415466309,
                848.236083984,
                958.866455078,
                1405.77709961,
                653.531799316,
                1059.77197266,
                786.709594727,
                767.627258301,
                523.760620117,
                486.005554199,
                346.361633301,
                346.770355225,
                383.161712646,
                426.764801025,
                543.861694336,
                611.014465332,
                604.769348145,
                581.878845215,
                413.690704346,
                355.552825928,
                278.814788818,
                481.541320801,
                283.582366943,
                238.768493652,
                157.448791504,
                70.9053955078,
                29.4392147064,
                5.25014352798,
                1.06294882298,
                0.244338721037,
                0.00767309870571
            ],
            "mean": [
                1.14975273609,
                3.86759853363,
                2.10022616386,
                2.33694195747,
                3.95971417427,
                5.8297419548,
                16.8793506622,
                17.334197998,
                19.3196315765,
                18.6765632629,
                26.0256690979,
                33.9673538208,
                22.681842804,
                21.5378131866,
                24.5900325775,
                23.9085960388,
                18.7058353424,
                17.8567142487,
                17.5437831879,
                14.9906644821,
                16.8561191559,
                18.8707027435,
                20.5851669312,
                20.9102592468,
                19.4344825745,
                17.6735897064,
                13.6825370789,
                14.6424798965,
                14.0352573395,
                13.9549970627,
                14.1234893799,
                12.1853656769,
                9.15406513214,
                6.10270595551,
                3.13515067101,
                1.47069859505,
                0.379589080811,
                0.0535622723401,
                0.0024361400865,
                0.000129804000608
            ],
            "median": [
                0.241785869002,
                1.25512111187,
                0.358042389154,
                0.378267586231,
                0.749401569366,
                1.36373436451,
                2.17479085922,
                3.788626194,
                4.58505725861,
                4.60421180725,
                6.39258861542,
                7.0129032135,
                5.07877349854,
                5.39341831207,
                4.42154979706,
                5.39779233932,
                3.04716825485,
                2.93479442596,
                2.7978105545,
                3.13166093826,
                3.80708479881,
                4.65999317169,
                4.97455072403,
                4.66563653946,
                4.19546127319,
                3.65822815895,
                3.12732028961,
                3.80919408798,
                3.99981021881,
                4.31562709808,
                5.38671731949,
                3.9985833168,
                2.68911075592,
                1.71428132057,
                0.970300257206,
                0.491822093725,
                0.143719494343,
                0.0145213790238,
                0.000425364531111,
                6.04360357102e-05
            ],
            "min": [
                3.45105567671e-21,
                1.37688445798e-20,
                2.40408428967e-20,
                3.86562405944e-20,
                1.47093780168e-19,
                2.76140754117e-19,
                1.39323284268e-19,
                2.64872873963e-19,
                4.23554834128e-19,
                6.23358398235e-19,
                6.6582729845e-19,
                1.22579119492e-18,
                4.78801172585e-18,
                4.92945382033e-18,
                2.30750903384e-18,
                1.64745871309e-18,
                3.15459430027e-18,
                4.57900303739e-18,
                6.81579040361e-18,
                1.22884851651e-17,
                1.84884263677e-17,
                1.46640147082e-17,
                1.385733494e-17,
                1.45776223107e-17,
                2.1683944188e-17,
                1.6679240093e-17,
                1.43430289259e-17,
                1.7324570011e-17,
                1.23376254837e-17,
                2.27038893162e-17,
                1.41395540757e-17,
                1.68002417274e-17,
                1.44229263013e-17,
                1.44247014309e-17,
                7.62169096772e-18,
                4.60145644153e-18,
                2.72626053355e-18,
                1.32573384487e-18,
                4.044268253e-19,
                3.13742013082e-20
            ],
            "var": [
                5.50111341476,
                54.8475379944,
                52.0418663025,
                126.656867981,
                116.776489258,
                160.392028809,
                2162.20776367,
                1206.89306641,
                1710.78405762,
                1864.2623291,
                3238.29638672,
                5663.0703125,
                4243.78222656,
                1898.31396484,
                3036.2199707,
                2915.68652344,
                3018.41625977,
                2302.0871582,
                2021.93322754,
                1184.23291016,
                1161.33972168,
                1663.09802246,
                2007.7845459,
                2926.23071289,
                2735.95043945,
                2393.04101562,
                1174.77258301,
                1097.98291016,
                842.899475098,
                779.775878906,
                759.574035645,
                568.632629395,
                347.616210938,
                144.380203247,
                33.9915313721,
                5.88477563858,
                0.374744683504,
                0.0115395961329,
                7.1282076533e-05,
                6.85375027842e-08
            ]
        },
        "erbbands_crest": {
            "dmean": 3.42495584488,
            "dmean2": 5.41305875778,
            "dvar": 10.6605548859,
            "dvar2": 24.3874340057,
            "max": 30.9003353119,
            "mean": 9.93502521515,
            "median": 8.83856964111,
            "min": 2.39410161972,
            "var": 25.1638126373
        },
        "erbbands_flatness_db": {
            "dmean": 0.022494841367,
            "dmean2": 0.0340360440314,
            "dvar": 0.000462124560727,
            "dvar2": 0.000957718817517,
            "max": 0.370229691267,
            "mean": 0.137175008655,
            "median": 0.13123357296,
            "min": 0.0430856496096,
            "var": 0.00181427807547
        },
        "erbbands_kurtosis": {
            "dmean": 1.86045098305,
            "dmean2": 2.95871949196,
            "dvar": 11.1161365509,
            "dvar2": 25.1153316498,
            "max": 83.8905639648,
            "mean": 1.25504529476,
            "median": -0.0749504566193,
            "min": -1.93368065357,
            "var": 17.6997566223
        },
        "erbbands_skewness": {
            "dmean": 0.625788450241,
            "dmean2": 0.922939777374,
            "dvar": 0.451067835093,
            "dvar2": 0.931781709194,
            "max": 5.80814313889,
            "mean": 0.397344708443,
            "median": 0.453261852264,
            "min": -7.05044412613,
            "var": 1.45108771324
        },
        "erbbands_spread": {
            "dmean": 16.8195304871,
            "dmean2": 26.3843326569,
            "dvar": 341.725280762,
            "dvar2": 802.703369141,
            "max": 242.19468689,
            "mean": 53.3356323242,
            "median": 48.1945953369,
            "min": 2.31738305092,
            "var": 801.609130859
        },
        "gfcc": {
            "cov": [
                [
                    4954.04003906,
                    -304.334197998,
                    110.216270447,
                    396.013275146,
                    356.3409729,
                    369.105560303,
                    216.639892578,
                    242.076766968,
                    153.074264526,
                    284.490814209,
                    147.561935425,
                    270.877105713,
                    79.6100540161
                ],
                [
                    -304.334197998,
                    1751.89074707,
                    291.651428223,
                    176.359161377,
                    321.383880615,
                    48.5128593445,
                    230.957397461,
                    138.470855713,
                    178.742599487,
                    21.1314182281,
                    168.109817505,
                    -22.6872501373,
                    67.3405151367
                ],
                [
                    110.216270447,
                    291.651428223,
                    1448.47460938,
                    494.726806641,
                    273.103546143,
                    394.598480225,
                    177.64630127,
                    220.507003784,
                    239.696426392,
                    155.618057251,
                    183.620483398,
                    133.805374146,
                    44.9201889038
                ],
                [
                    396.013275146,
                    176.359161377,
                    494.726806641,
                    749.320068359,
                    348.17086792,
                    216.373748779,
                    150.447006226,
                    176.109970093,
                    199.118881226,
                    113.996582031,
                    165.560760498,
                    51.6302719116,
                    74.5197677612
                ],
                [
                    356.3409729,
                    321.383880615,
                    273.103546143,
                    348.17086792,
                    590.816772461,
                    308.056793213,
                    234.068084717,
                    185.372131348,
                    163.247711182,
                    120.695259094,
                    123.690345764,
                    56.1621932983,
                    61.566116333
                ],
                [
                    369.105560303,
                    48.5128593445,
                    394.598480225,
                    216.373748779,
                    308.056793213,
                    557.736694336,
                    307.079101562,
                    152.746322632,
                    183.078948975,
                    122.170677185,
                    98.9904937744,
                    74.3919372559,
                    23.9941062927
                ],
                [
                    216.639892578,
                    230.957397461,
                    177.64630127,
                    150.447006226,
                    234.068084717,
                    307.079101562,
                    437.669158936,
                    185.922042847,
                    158.353912354,
                    107.176795959,
                    110.717269897,
                    86.7727508545,
                    46.5934486389
                ],
                [
                    242.076766968,
                    138.470855713,
                    220.507003784,
                    176.109970093,
                    185.372131348,
                    152.746322632,
                    185.922042847,
                    326.367492676,
                    189.691543579,
                    94.6196746826,
                    114.832817078,
                    64.4559860229,
                    58.2786903381
                ],
                [
                    153.074264526,
                    178.742599487,
                    239.696426392,
                    199.118881226,
                    163.247711182,
                    183.078948975,
                    158.353912354,
                    189.691543579,
                    291.180053711,
                    113.722747803,
                    97.7879562378,
                    54.9036331177,
                    41.5309371948
                ],
                [
                    284.490814209,
                    21.1314182281,
                    155.618057251,
                    113.996582031,
                    120.695259094,
                    122.170677185,
                    107.176795959,
                    94.6196746826,
                    113.722747803,
                    195.676376343,
                    109.561233521,
                    61.7711105347,
                    42.7218780518
                ],
                [
                    147.561935425,
                    168.109817505,
                    183.620483398,
                    165.560760498,
                    123.690345764,
                    98.9904937744,
                    110.717269897,
                    114.832817078,
                    97.7879562378,
                    109.561233521,
                    221.271987915,
                    96.4513702393,
                    57.1755905151
                ],
                [
                    270.877105713,
                    -22.6872501373,
                    133.805374146,
                    51.6302719116,
                    56.1621932983,
                    74.3919372559,
                    86.7727508545,
                    64.4559860229,
                    54.9036331177,
                    61.7711105347,
                    96.4513702393,
                    191.761398315,
                    66.927772522
                ],
                [
                    79.6100540161,
                    67.3405151367,
                    44.9201889038,
                    74.5197677612,
                    61.566116333,
                    23.9941062927,
                    46.5934486389,
                    58.2786903381,
                    41.5309371948,
                    42.7218780518,
                    57.1755905151,
                    66.927772522,
                    129.993301392
                ]
            ],
            "icov": [
                [
                    0.000258755346294,
                    3.92648098568e-06,
                    0.000112266556243,
                    -0.00016449544637,
                    -1.43723063957e-05,
                    -0.000159474831889,
                    0.00011529456242,
                    -0.000177466601599,
                    0.000167684978805,
                    -0.00035761797335,
                    0.00021414787625,
                    -0.000420402357122,
                    0.000155697271111
                ],
                [
                    3.92648098568e-06,
                    0.000892441312317,
                    -0.00026412284933,
                    0.000317249359796,
                    -0.000598175392952,
                    0.000669904460665,
                    -0.000635268050246,
                    0.000390009285184,
                    -0.000625227461569,
                    0.000722154625691,
                    -0.000872522650752,
                    0.000798070279416,
                    -0.00040751992492
                ],
                [
                    0.000112266556243,
                    -0.00026412284933,
                    0.00123463675845,
                    -0.000732722925022,
                    0.000372302980395,
                    -0.000951056426857,
                    0.000637109857053,
                    -0.000484059622977,
                    0.000154954890604,
                    -0.000489116937388,
                    0.000232526217587,
                    -0.000906778383069,
                    0.000525172974449
                ],
                [
                    -0.00016449544637,
                    0.000317249359796,
                    -0.000732722925022,
                    0.00267441640608,
                    -0.00123699079268,
                    0.000550699594896,
                    -0.000201883594855,
                    0.000414690817706,
                    -0.00108512153383,
                    0.000783867028076,
                    -0.00141115277074,
                    0.00124528014567,
                    -0.000904289539903
                ],
                [
                    -1.43723063957e-05,
                    -0.000598175392952,
                    0.000372302980395,
                    -0.00123699079268,
                    0.00358460913412,
                    -0.00157781410962,
                    7.93333747424e-05,
                    -0.000905265333131,
                    0.000692942063324,
                    -0.000889463874046,
                    0.000496773340274,
                    -0.000257780397078,
                    -0.000144765901496
                ],
                [
                    -0.000159474831889,
                    0.000669904460665,
                    -0.000951056426857,
                    0.000550699594896,
                    -0.00157781410962,
                    0.00466643366963,
                    -0.00258927699178,
                    0.00104159605689,
                    -0.00140732037835,
                    0.000326955603668,
                    -0.000386569357943,
                    0.000692304456607,
                    0.000266385235591
                ],
                [
                    0.00011529456242,
                    -0.000635268050246,
                    0.000637109857053,
                    -0.000201883594855,
                    7.93333747424e-05,
                    -0.00258927699178,
                    0.00515818083659,
                    -0.0017061495455,
                    0.000303261127556,
                    -0.000871776544955,
                    0.000305177207338,
                    -0.00148184329737,
                    0.000328792084474
                ],
                [
                    -0.000177466601599,
                    0.000390009285184,
                    -0.000484059622977,
                    0.000414690817706,
                    -0.000905265333131,
                    0.00104159605689,
                    -0.0017061495455,
                    0.00631597498432,
                    -0.0031665773131,
                    0.000847114482895,
                    -0.00156391819473,
                    0.000861748063471,
                    -0.00116990727838
                ],
                [
                    0.000167684978805,
                    -0.000625227461569,
                    0.000154954890604,
                    -0.00108512153383,
                    0.000692942063324,
                    -0.00140732037835,
                    0.000303261127556,
                    -0.0031665773131,
                    0.00751566654071,
                    -0.00261756405234,
                    0.000993452034891,
                    -0.000833778933156,
                    0.000483656505821
                ],
                [
                    -0.00035761797335,
                    0.000722154625691,
                    -0.000489116937388,
                    0.000783867028076,
                    -0.000889463874046,
                    0.000326955603668,
                    -0.000871776544955,
                    0.000847114482895,
                    -0.00261756405234,
                    0.00950878020376,
                    -0.00380502897315,
                    0.00101025251206,
                    -0.00127713265829
                ],
                [
                    0.00021414787625,
                    -0.000872522650752,
                    0.000232526217587,
                    -0.00141115277074,
                    0.000496773340274,
                    -0.000386569357943,
                    0.000305177207338,
                    -0.00156391819473,
                    0.000993452034891,
                    -0.00380502897315,
                    0.00946275983006,
                    -0.00366071448661,
                    0.000133082561661
                ],
                [
                    -0.000420402357122,
                    0.000798070279416,
                    -0.000906778383069,
                    0.00124528014567,
                    -0.000257780397078,
                    0.000692304456607,
                    -0.00148184329737,
                    0.000861748063471,
                    -0.000833778933156,
                    0.00101025251206,
                    -0.00366071448661,
                    0.00944707728922,
                    -0.0037367939949
                ],
                [
                    0.000155697271111,
                    -0.00040751992492,
                    0.000525172974449,
                    -0.000904289539903,
                    -0.000144765901496,
                    0.000266385235591,
                    0.000328792084474,
                    -0.00116990727838,
                    0.000483656505821,
                    -0.00127713265829,
                    0.000133082561661,
                    -0.0037367939949,
                    0.0107019916177
                ]
            ],
            "mean": [
                6.93455934525,
                38.4829788208,
                -91.5818328857,
                26.4941062927,
                -69.0580596924,
                22.3434066772,
                -38.7958297729,
                22.5145626068,
                -21.959646225,
                10.223783493,
                -13.1121778488,
                11.0217828751,
                -10.980219841
            ]
        },
        "hfc": {
            "dmean": 20.0721683502,
            "dmean2": 29.3287620544,
            "dvar": 1430.11975098,
            "dvar2": 2921.70239258,
            "max": 417.938659668,
            "mean": 34.9808273315,
            "median": 21.4856796265,
            "min": 1.1250828942e-16,
            "var": 2358.47412109
        },
        "melbands": {
            "dmean": [
                0.0035393780563,
                0.00137044268195,
                0.000571798591409,
                0.000306704489049,
                0.000290792115266,
                0.000292935234029,
                0.000244228576776,
                0.000158270282554,
                0.000173347129021,
                0.000149266881635,
                7.48394159018e-05,
                6.02453073952e-05,
                5.95768615312e-05,
                4.91633945785e-05,
                3.91664325434e-05,
                3.52904462488e-05,
                2.54579572356e-05,
                2.34004055528e-05,
                1.95041247935e-05,
                1.47405644384e-05,
                1.57985323312e-05,
                1.69595496118e-05,
                1.51015838128e-05,
                1.46280326589e-05,
                1.42661729114e-05,
                1.26609065774e-05,
                1.01118175735e-05,
                1.02638414319e-05,
                7.14136513125e-06,
