{
    "lowlevel": {
        "average_loudness": 0.838942945004,
        "barkbands": {
            "dmean": [
                0.000225034047617,
                0.00480261072516,
                0.00194074993487,
                0.00070083461469,
                0.00121891312301,
                0.000803320959676,
                0.000640874204691,
                0.000953393930104,
                0.00119455368258,
                0.000899664766621,
                0.000724409939721,
                0.000874865567312,
                0.000692391186021,
                0.000471003324492,
                0.000347191293258,
                0.000294788565952,
                0.000201544797164,
                0.000170218307176,
                0.000203167757718,
                0.000185591998161,
                0.000202911935048,
                0.000156647205586,
                0.000111177680083,
                0.000114837006549,
                0.000139264870086,
                8.84026521817e-05,
                3.54837538907e-05
            ],
            "dmean2": [
                0.000306575384457,
                0.00712439976633,
                0.00327256252058,
                0.00118719460443,
                0.0020613677334,
                0.00136469665449,
                0.00105828500818,
                0.00158249784727,
                0.00196855212562,
                0.00144266127609,
                0.00112995156087,
                0.00133621704299,
                0.00108244328294,
                0.000774308573455,
                0.000557349063456,
                0.000479791051475,
                0.000318804901326,
                0.00027739876532,
                0.000325959321344,
                0.000295090838335,
                0.00031128237606,
                0.000255415565334,
                0.000175774592208,
                0.000178355025128,
                0.00021488283528,
                0.000135103982757,
                5.45356597286e-05
            ],
            "dvar": [
                4.29662946999e-07,
                0.0001170201067,
                4.16046932514e-05,
                3.73332568415e-06,
                7.29544808564e-06,
                2.70349414677e-06,
                1.99886221708e-06,
                5.16722684551e-06,
                5.67580673305e-06,
                4.96916754855e-06,
                4.76586728837e-06,
                4.20943933932e-06,
                2.84445945908e-06,
                9.45449983192e-07,
                5.5483980077e-07,
                2.62936850959e-07,
                1.32105498096e-07,
                8.14816516481e-08,
                1.10722872648e-07,
                8.4117203869e-08,
                1.09205934962e-07,
                8.96924561289e-08,
                3.65148338233e-08,
                4.42694592095e-08,
                1.2889898926e-07,
                4.73588706029e-08,
                7.42424832723e-09
            ],
            "dvar2": [
                6.89108276219e-07,
                0.000248351250775,
                0.000109394459287,
                9.67750838754e-06,
                1.94032818399e-05,
                7.38350217944e-06,
                5.11577945872e-06,
                1.3109340216e-05,
                1.41755990626e-05,
                1.16605842777e-05,
                1.08541498776e-05,
                9.16005046747e-06,
                6.359710369e-06,
                2.42950181928e-06,
                1.28942212996e-06,
                6.49554351639e-07,
                3.09798565468e-07,
                1.98847203592e-07,
                2.63372015752e-07,
                2.00237508352e-07,
                2.28006740599e-07,
                2.3225098289e-07,
                8.4082387275e-08,
                9.11033879447e-08,
                3.08738236754e-07,
                1.1239775688e-07,
                1.77118550937e-08
            ],
            "max": [
                0.00737713091075,
                0.134797930717,
                0.0863619744778,
                0.0284140519798,
                0.0329821296036,
                0.0224255137146,
                0.0232546702027,
                0.0391509607434,
                0.0557685792446,
                0.04375141114,
                0.0600148774683,
                0.0527026467025,
                0.0413027815521,
                0.0164383966476,
                0.022797498852,
                0.0113605400547,
                0.0103165917099,
                0.00656513823196,
                0.00755430664867,
                0.00483053456992,
                0.00977585930377,
                0.00481012975797,
                0.00314073846675,
                0.0076941321604,
                0.00929645542055,
                0.00466684438288,
                0.00145523145329
            ],
            "mean": [
                0.000285079499008,
                0.00929061323404,
                0.00173696374986,
                0.000664214952849,
                0.00148007157259,
                0.00103958486579,
                0.000844393507577,
                0.00122386810835,
                0.00163524365053,
                0.00125671131536,
                0.00102550536394,
                0.00156493764371,
                0.00112529983744,
                0.000713248096872,
                0.000536975276191,
                0.000458087277366,
                0.000338478625054,
                0.000314963370329,
                0.000397811614675,
                0.000396823656047,
                0.000452583451988,
                0.000314064702252,
                0.000266458431724,
                0.000280525215203,
                0.000289394694846,
                0.000173129083123,
                6.95940907463e-05
            ],
            "median": [
                9.405520359e-06,
                0.000531115802005,
                0.000130787753733,
                9.22010804061e-05,
                0.000566989649087,
                0.000474590080557,
                0.000325601809891,
                0.000329402158968,
                0.000600224127993,
                0.00038734608097,
                0.00030765379779,
                0.000503576593474,
                0.000403359299526,
                0.000344875443261,
                0.000271651952062,
                0.000252891681157,
                0.000207051431062,
                0.000211434133234,
                0.000258294428932,
                0.000272965058684,
                0.000287759292405,
                0.000168282189406,
                0.000154747394845,
                0.000151125597768,
                0.000145904865349,
                7.49256287236e-05,
                1.65017881955e-05
            ],
            "min": [
                3.50762564164e-25,
                9.95860669157e-25,
                7.39464801919e-25,
                1.11196245617e-24,
                9.52131920091e-24,
                2.27694346493e-24,
                7.46565023382e-24,
                5.95951439509e-24,
                1.37518666396e-23,
                2.48285655324e-23,
                1.01898157092e-23,
                2.99187772981e-23,
                3.74473723212e-23,
                2.85457869806e-23,
                3.71996542198e-23,
                4.47674840289e-23,
                7.4874625534e-23,
                1.07515367386e-22,
                1.29904148643e-22,
                1.79976053306e-22,
                2.5284824694e-22,
                2.85962355822e-22,
                3.90160430572e-22,
                6.05734860901e-22,
                8.22987608582e-22,
                1.1815939816e-21,
                1.94716882361e-21
            ],
            "var": [
                7.68629320191e-07,
                0.000347387278453,
                3.5030006984e-05,
                3.35046183864e-06,
                7.31218688088e-06,
                2.69999441116e-06,
                2.44530065174e-06,
                7.69900179876e-06,
                8.00968336989e-06,
                7.86879263615e-06,
                7.74742966314e-06,
                1.29176751216e-05,
                6.61376407152e-06,
                1.41943542076e-06,
                9.10780329377e-07,
                4.28488988291e-07,
                2.22468528932e-07,
                1.52930539343e-07,
                2.51633878179e-07,
                1.99603221063e-07,
                3.27343286699e-07,
                1.73478397869e-07,
                1.19363164686e-07,
                1.59538544153e-07,
                2.47290330435e-07,
                8.84327562289e-08,
                1.7107469219e-08
            ]
        },
        "barkbands_crest": {
            "dmean": 2.92500305176,
            "dmean2": 4.50986671448,
            "dvar": 7.95065355301,
            "dvar2": 17.7984199524,
            "max": 26.3882732391,
            "mean": 10.3980236053,
            "median": 8.56659889221,
            "min": 1.71444928646,
            "var": 34.5769691467
        },
        "barkbands_flatness_db": {
            "dmean": 0.020861543715,
            "dmean2": 0.0309070665389,
            "dvar": 0.000512285216246,
            "dvar2": 0.00102719152346,
            "max": 0.470549583435,
            "mean": 0.106154613197,
            "median": 0.0840817093849,
            "min": 0.0134653868154,
            "var": 0.00476757856086
        },
        "barkbands_kurtosis": {
            "dmean": 2.81856513023,
            "dmean2": 4.40030384064,
            "dvar": 69.5081329346,
            "dvar2": 163.33303833,
            "max": 323.334350586,
            "mean": 3.50104546547,
            "median": 0.477332830429,
            "min": -1.97511398792,
            "var": 118.451309204
        },
        "barkbands_skewness": {
            "dmean": 0.554103672504,
            "dmean2": 0.824552237988,
            "dvar": 0.535741627216,
            "dvar2": 1.09048032761,
            "max": 16.4442825317,
            "mean": 1.19369888306,
            "median": 0.886927187443,
            "min": -9.29211902618,
            "var": 1.95439767838
        },
        "barkbands_spread": {
            "dmean": 6.97800636292,
            "dmean2": 10.9557723999,
            "dvar": 75.1785888672,
            "dvar2": 173.724533081,
            "max": 161.701187134,
            "mean": 29.5367145538,
            "median": 27.5336799622,
            "min": 0.48617580533,
            "var": 285.679534912
        },
        "dissonance": {
            "dmean": 0.0168893896043,
            "dmean2": 0.0284358076751,
            "dvar": 0.000357237469871,
            "dvar2": 0.000968900625594,
            "max": 0.500000059605,
            "mean": 0.470472306013,
            "median": 0.480406522751,
            "min": 0.253435701132,
            "var": 0.00108590628952
        },
        "dynamic_complexity": 3.86071062088,
        "erbbands": {
            "dmean": [
                0.162148505449,
                1.14519536495,
                2.16014575958,
                2.29647827148,
                2.5557847023,
                4.72089242935,
                6.13023471832,
                6.87030553818,
                8.22523021698,
                12.3912811279,
                22.5892429352,
                26.8745079041,
                26.9052066803,
                24.614484787,
                33.0484848022,
                29.7221622467,
                31.8941249847,
                18.5881729126,
                21.392824173,
                16.4882488251,
                15.3753194809,
                10.9126119614,
                8.64859676361,
                9.14735889435,
                9.99587059021,
                8.88098239899,
                9.22570896149,
                6.98548698425,
                5.88405418396,
                4.37315797806,
                3.14837479591,
                2.50088596344,
                1.99695384502,
                1.57555866241,
                1.02922737598,
                0.474683731794,
                0.147675737739,
                0.0354648791254,
                0.00684020901099,
                0.000335020944476
            ],
            "dmean2": [
                0.201781928539,
                1.68291568756,
                3.32969975471,
                3.92298984528,
                4.27833604813,
                8.14876461029,
                10.4269809723,
                11.7361307144,
                13.4427175522,
                20.945526123,
                37.4645423889,
                44.2483634949,
                43.3964500427,
                39.9561233521,
                49.6605415344,
                45.8824234009,
                49.3189468384,
                30.3449764252,
                33.7216835022,
                26.5183429718,
                24.7237091064,
                17.2407913208,
                13.8421154022,
                14.8034629822,
                15.9135513306,
                14.2226524353,
                14.2783908844,
                10.8143835068,
                9.55970573425,
                7.05216550827,
                5.00292396545,
                3.94357061386,
                3.10248613358,
                2.4401345253,
                1.62693178654,
                0.74397611618,
                0.228026241064,
                0.0548814162612,
                0.0105861518532,
                0.000515348103363
            ],
            "dvar": [
                0.130992874503,
                7.0044631958,
                41.1404457092,
                40.4072647095,
                40.0492553711,
                126.019790649,
                152.094711304,
                218.282485962,
                286.948120117,
                1055.00610352,
                2808.12036133,
                3068.83691406,
                4229.81152344,
                3666.11547852,
                7044.86572266,
                4562.10986328,
                6537.74414062,
                1120.32128906,
                2592.57470703,
                833.859069824,
                837.086120605,
                386.47543335,
                208.617095947,
                214.813369751,
                332.826782227,
                215.0390625,
                248.656524658,
                126.201667786,
                125.049156189,
                59.0970001221,
                30.2525844574,
                19.5136547089,
                15.5981216431,
                15.5428256989,
                7.89342403412,
                1.74761748314,
                0.11618834734,
                0.00612583197653,
                0.000275414029602,
                7.45446470773e-07
            ],
            "dvar2": [
                0.212021946907,
                14.82746315,
                95.8412399292,
                106.700340271,
                103.263069153,
                338.911437988,
                399.939178467,
                603.966064453,
                745.321228027,
                2702.28491211,
                7334.28125,
                7662.90478516,
                10211.2597656,
                9249.72558594,
                15589.6542969,
                10263.359375,
                14402.0576172,
                2862.10498047,
                6049.85595703,
                1956.10778809,
                1995.8692627,
                915.562866211,
                507.389404297,
                519.777893066,
                749.68536377,
                524.600891113,
                521.521850586,
                269.344268799,
                318.281951904,
                149.353775024,
                69.4792633057,
                42.6172027588,
                33.9011802673,
                37.1526641846,
                19.5209903717,
                4.21789503098,
                0.278713554144,
                0.0146616874263,
                0.000666476145852,
                1.68950236912e-06
            ],
            "max": [
                4.59120893478,
                37.9108123779,
                101.563674927,
                57.9035415649,
                83.1435089111,
                175.499954224,
                203.714691162,
                203.526931763,
                316.874145508,
                694.734436035,
                1232.40576172,
                1599.90588379,
                1378.90393066,
                1642.66125488,
                2341.97924805,
                1835.31835938,
                1919.93225098,
                609.898254395,
                1434.70617676,
                651.396850586,
                749.129150391,
                567.772399902,
                388.97644043,
                270.808258057,
                534.445861816,
                265.753845215,
                375.475067139,
                376.030517578,
                195.8853302,
                104.834060669,
                98.2679290771,
                165.591079712,
                142.28793335,
                109.100875854,
                61.352016449,
                35.7740974426,
                6.1423163414,
                1.65745842457,
                0.274498671293,
                0.015956832096
            ],
            "mean": [
                0.299666553736,
                1.92199790478,
                2.47177648544,
                2.1323184967,
                2.91814351082,
                5.26089334488,
                8.04168701172,
                8.72465801239,
                10.9899358749,
                16.8856258392,
                30.3234672546,
                36.0342941284,
                39.591091156,
                36.7219963074,
                55.3135719299,
                52.8464241028,
                55.1605110168,
                32.6763534546,
                34.5492095947,
                27.7707481384,
                25.4228038788,
                19.6808109283,
                16.9289226532,
                18.7107620239,
                20.6112442017,
                19.2057323456,
                19.6263961792,
                15.6334323883,
                11.7954320908,
                9.22740745544,
                7.46956682205,
                6.02181577682,
                4.57565402985,
                3.30756688118,
                1.98595297337,
                0.894535303116,
                0.287149399519,
                0.0705591067672,
                0.0132276238874,
                0.000621045532171
            ],
            "median": [
                0.0133144343272,
                0.125494688749,
                0.316186398268,
                0.341187655926,
                0.82829284668,
                1.8402774334,
                3.42912149429,
                3.84199357033,
                4.46005725861,
                5.65330696106,
                10.0708847046,
                13.5040826797,
                13.8487815857,
                15.5876779556,
                20.3123130798,
                21.9993171692,
                20.0527591705,
                18.5717964172,
                17.3460235596,
                15.5919437408,
                14.4103336334,
                12.6036052704,
                11.8769025803,
                12.9119081497,
                13.2282600403,
                13.0781726837,
                12.3172693253,
                9.99163246155,
                6.28594017029,
                5.19940185547,
                4.26562976837,
                3.3090338707,
                2.42535114288,
                1.65973329544,
                0.973589420319,
                0.400599360466,
                0.122790336609,
                0.0246774926782,
                0.00306334439665,
                0.000141756885569
            ],
            "min": [
                3.57782941071e-23,
                3.75747171905e-22,
                1.83118440963e-21,
                3.23274360874e-21,
                8.88911873822e-21,
                3.20386212105e-20,
                4.87646655607e-20,
                3.94051492414e-20,
                1.41325138898e-19,
                1.49061785017e-19,
                2.41338551561e-19,
                3.87453906311e-19,
                6.43119846467e-19,
                9.19492107758e-19,
                8.93631443279e-19,
                1.13863593007e-18,
                2.10910728237e-18,
                2.17408686898e-18,
                1.81077487509e-18,
                3.00934179829e-18,
                3.73451739284e-18,
                4.73007351421e-18,
                5.74698992054e-18,
                6.60243694898e-18,
                7.14480976405e-18,
                8.98422204554e-18,
                8.66805872617e-18,
                1.05530966359e-17,
                1.16164902529e-17,
                1.09804644624e-17,
                1.13240612268e-17,
                9.3788649527e-18,
                9.63485584559e-18,
                7.80459383605e-18,
                6.72941620404e-18,
                3.72821675811e-18,
                2.37809194192e-18,
                9.82204082115e-19,
                2.4160609279e-19,
                2.42932008382e-20
            ],
            "var": [
                0.458764612675,
                16.0576210022,
                51.6091842651,
                33.3433837891,
                38.1281242371,
                117.437263489,
                174.17906189,
                201.20123291,
                343.375488281,
                1434.62548828,
                3630.07983398,
                4171.08300781,
                6097.69335938,
                4757.7265625,
                13348.9023438,
                10424.5478516,
                15718.0107422,
                1972.9095459,
                4232.99902344,
                1640.04370117,
                1369.83325195,
                664.803955078,
                400.815155029,
                463.264373779,
                817.490966797,
                487.477722168,
                693.231384277,
                357.4765625,
                247.749252319,
                143.202224731,
                97.4108047485,
                67.6831130981,
                47.9017028809,
                31.8140926361,
                12.8798141479,
                2.75984025002,
                0.233667775989,
                0.0138046266511,
                0.000621918472461,
                1.65255107731e-06
            ]
        },
        "erbbands_crest": {
            "dmean": 2.57911157608,
            "dmean2": 4.16646385193,
            "dvar": 7.40343999863,
            "dvar2": 18.0466327667,
            "max": 31.2637042999,
            "mean": 8.01661014557,
            "median": 6.54873323441,
            "min": 2.02233338356,
            "var": 22.4632568359
        },
        "erbbands_flatness_db": {
            "dmean": 0.0162912216038,
            "dmean2": 0.0234021004289,
            "dvar": 0.000304243701976,
            "dvar2": 0.000572184915654,
            "max": 0.527697324753,
            "mean": 0.13896496594,
            "median": 0.118516147137,
            "min": 0.0426921099424,
            "var": 0.00480410596356
        },
        "erbbands_kurtosis": {
            "dmean": 0.946774661541,
            "dmean2": 1.46873557568,
            "dvar": 3.43832969666,
            "dvar2": 8.11845302582,
            "max": 44.6966972351,
            "mean": 0.771278560162,
            "median": -0.135588526726,
            "min": -1.81008207798,
            "var": 10.852189064
        },
        "erbbands_skewness": {
            "dmean": 0.344215869904,
            "dmean2": 0.525408387184,
            "dvar": 0.137824609876,
            "dvar2": 0.323010921478,
            "max": 5.14357566833,
            "mean": 0.38640755415,
            "median": 0.331261396408,
            "min": -5.17572164536,
            "var": 0.615649521351
        },
        "erbbands_spread": {
            "dmean": 8.09780311584,
            "dmean2": 11.9982194901,
            "dvar": 97.4841461182,
            "dvar2": 215.174835205,
            "max": 207.960693359,
            "mean": 39.621925354,
            "median": 37.8153457642,
            "min": 1.46284461021,
            "var": 390.821929932
        },
        "gfcc": {
            "cov": [
                [
                    32305.5117188,
                    -296.31451416,
                    377.491119385,
                    1569.26818848,
                    -150.348205566,
                    1156.56970215,
                    -118.570495605,
                    647.00958252,
                    3.11218762398,
                    46.636505127,
                    -416.329772949,
                    76.7545089722,
                    -391.01651001
                ],
                [
                    -296.31451416,
                    1165.55810547,
                    -74.7546691895,
                    94.9742736816,
                    29.0097942352,
                    -118.736335754,
                    60.228717804,
                    18.4797821045,
                    -4.78953504562,
                    -8.08430957794,
                    43.3395500183,
                    -57.9009895325,
                    44.1023597717
                ],
                [
                    377.491119385,
                    -74.7546691895,
                    1663.35986328,
                    691.11126709,
                    591.239929199,
                    386.378509521,
                    180.754043579,
                    247.2784729,
                    337.195159912,
                    -23.2486076355,
                    18.0240325928,
                    72.8503036499,
                    -139.403823853
                ],
                [
                    1569.26818848,
                    94.9742736816,
                    691.11126709,
                    729.508422852,
                    359.823638916,
                    307.221099854,
                    128.22756958,
                    217.077987671,
                    204.835296631,
                    39.9720916748,
                    12.5362005234,
                    56.564239502,
                    -25.0617408752
                ],
                [
                    -150.348205566,
                    29.0097942352,
                    591.239929199,
                    359.823638916,
                    588.648925781,
                    301.80065918,
                    258.297332764,
                    131.170837402,
                    207.630935669,
                    38.2302742004,
                    58.5611076355,
                    46.187587738,
                    -15.2704439163
                ],
                [
                    1156.56970215,
                    -118.736335754,
                    386.378509521,
                    307.221099854,
                    301.80065918,
                    402.746643066,
                    223.276992798,
                    172.414108276,
                    128.811828613,
                    56.6803131104,
                    45.0872383118,
                    44.6311454773,
                    -24.5763950348
                ],
                [
                    -118.570495605,
                    60.228717804,
                    180.754043579,
                    128.22756958,
                    258.297332764,
                    223.276992798,
                    369.25567627,
                    149.449005127,
                    117.997177124,
                    48.8132209778,
                    86.5888061523,
                    22.6159362793,
                    21.611536026
                ],
                [
                    647.00958252,
                    18.4797821045,
                    247.2784729,
                    217.077987671,
                    131.170837402,
                    172.414108276,
                    149.449005127,
                    246.600906372,
                    124.000556946,
                    59.4260177612,
                    29.4226875305,
                    22.2493076324,
                    16.5413417816
                ],
                [
                    3.11218762398,
                    -4.78953504562,
                    337.195159912,
                    204.835296631,
                    207.630935669,
                    128.811828613,
                    117.997177124,
                    124.000556946,
                    222.236175537,
                    44.2586326599,
                    34.6660232544,
                    37.2663345337,
                    -20.7819442749
                ],
                [
                    46.636505127,
                    -8.08430957794,
                    -23.2486076355,
                    39.9720916748,
                    38.2302742004,
                    56.6803131104,
                    48.8132209778,
                    59.4260177612,
                    44.2586326599,
                    122.215415955,
                    51.386680603,
                    19.9738903046,
                    31.3542118073
                ],
                [
                    -416.329772949,
                    43.3395500183,
                    18.0240325928,
                    12.5362005234,
                    58.5611076355,
                    45.0872383118,
                    86.5888061523,
                    29.4226875305,
                    34.6660232544,
                    51.386680603,
                    112.780723572,
                    30.9747810364,
                    26.7079029083
                ],
                [
                    76.7545089722,
                    -57.9009895325,
                    72.8503036499,
                    56.564239502,
                    46.187587738,
                    44.6311454773,
                    22.6159362793,
                    22.2493076324,
                    37.2663345337,
                    19.9738903046,
                    30.9747810364,
                    81.5866317749,
                    21.0823688507
                ],
                [
                    -391.01651001,
                    44.1023597717,
                    -139.403823853,
                    -25.0617408752,
                    -15.2704439163,
                    -24.5763950348,
                    21.611536026,
                    16.5413417816,
                    -20.7819442749,
                    31.3542118073,
                    26.7079029083,
                    21.0823688507,
                    114.598098755
                ]
            ],
            "icov": [
                [
                    5.01347203681e-05,
                    -1.67956804944e-05,
                    6.00744824624e-05,
                    -0.000116738214274,
                    9.07046996872e-05,
                    -0.000191009836271,
                    4.93976549478e-05,
                    -9.22941908357e-05,
                    8.18674743641e-05,
                    -2.30341374845e-05,
                    0.000180843024282,
                    -0.000119580887258,
                    0.000201205373742
                ],
                [
                    -1.67956804944e-05,
                    0.00113375438377,
                    0.000106489431346,
                    -0.000555122911464,
                    -0.000227785567404,
                    0.00102388043888,
                    -0.0003999909095,
                    -0.000137425144203,
                    0.000150127336383,
                    0.00028395789559,
                    -0.00080717401579,
                    0.00106263812631,
                    -0.000258833024418
                ],
                [
                    6.00744824624e-05,
                    0.000106489431346,
                    0.00164829613641,
                    -0.000858592684381,
                    -0.000853031408042,
                    -0.000170523533598,
                    0.000571603071876,
                    -0.000830894277897,
                    -0.000595323799644,
                    0.00109795364551,
                    -0.000247070769547,
                    -0.000526902964339,
                    0.00158936437219
                ],
                [
                    -0.000116738214274,
                    -0.000555122911464,
                    -0.000858592684381,
                    0.00377076817676,
                    -0.000831765355542,
                    -0.00124901439995,
                    0.00115451344755,
                    -0.00102227681782,
                    -0.000777047302108,
                    -8.98803045857e-05,
                    0.000480064016301,
                    -0.000571913435124,
                    -0.000976340379566
                ],
                [
                    9.07046996872e-05,
                    -0.000227785567404,
                    -0.000853031408042,
                    -0.000831765355542,
                    0.00510486355051,
                    -0.00215801084414,
                    -0.00185888609849,
                    0.00229787547141,
                    -0.00194970029406,
                    -0.000214036510442,
                    0.000564182002563,
                    0.000274030229775,
                    -0.00106302381027
                ],
                [
                    -0.000191009836271,
                    0.00102388043888,
                    -0.000170523533598,
                    -0.00124901439995,
                    -0.00215801084414,
                    0.00824579596519,
                    -0.00275704218075,
                    -0.00180105073377,
                    0.00180725182872,
                    -0.001348544145,
                    -0.000651892565656,
                    -0.000804277777206,
                    0.00173095136415
                ],
                [
                    4.93976549478e-05,
                    -0.0003999909095,
                    0.000571603071876,
                    0.00115451344755,
                    -0.00185888609849,
                    -0.00275704218075,
                    0.00686945393682,
                    -0.00256896065548,
                    -0.000899904989637,
                    0.00163433782291,
                    -0.00303197884932,
                    0.00102932541631,
                    -0.000586431473494
                ],
                [
                    -9.22941908357e-05,
                    -0.000137425144203,
                    -0.000830894277897,
                    -0.00102227681782,
                    0.00229787547141,
                    -0.00180105073377,
                    -0.00256896065548,
                    0.00972049683332,
                    -0.0032607507892,
                    -0.00218031392433,
                    0.001219584723,
                    0.00153560517356,
                    -0.00305652315728
                ],
                [
                    8.18674743641e-05,
                    0.000150127336383,
                    -0.000595323799644,
                    -0.000777047302108,
                    -0.00194970029406,
                    0.00180725182872,
                    -0.000899904989637,
                    -0.0032607507892,
                    0.0103678405285,
                    -0.00232817931101,
                    0.000133966168505,
                    -0.0026563196443,
                    0.00307020917535
                ],
                [
                    -2.30341374845e-05,
                    0.00028395789559,
                    0.00109795364551,
                    -8.98803045857e-05,
                    -0.000214036510442,
                    -0.001348544145,
                    0.00163433782291,
                    -0.00218031392433,
                    -0.00232817931101,
                    0.0130443749949,
                    -0.00533582130447,
                    0.000735123641789,
                    -0.00206599687226
                ],
                [
                    0.000180843024282,
                    -0.00080717401579,
                    -0.000247070769547,
                    0.000480064016301,
                    0.000564182002563,
                    -0.000651892565656,
                    -0.00303197884932,
                    0.001219584723,
                    0.000133966168505,
                    -0.00533582130447,
                    0.015597153455,
                    -0.00494032958522,
                    -0.000178738118848
                ],
                [
                    -0.000119580887258,
                    0.00106263812631,
                    -0.000526902964339,
                    -0.000571913435124,
                    0.000274030229775,
                    -0.000804277777206,
                    0.00102932541631,
                    0.00153560517356,
                    -0.0026563196443,
                    0.000735123641789,
                    -0.00494032958522,
                    0.0177548397332,
                    -0.00493251904845
                ],
                [
                    0.000201205373742,
                    -0.000258833024418,
                    0.00158936437219,
                    -0.000976340379566,
                    -0.00106302381027,
                    0.00173095136415,
                    -0.000586431473494,
                    -0.00305652315728,
                    0.00307020917535,
                    -0.00206599687226,
                    -0.000178738118848,
                    -0.00493251904845,
                    0.0140846176073
                ]
            ],
            "mean": [
                -2.24912643433,
                35.5923271179,
                -120.351043701,
                9.0998210907,
                -60.2192802429,
                12.6934623718,
                -30.5023670197,
                8.39086723328,
                -26.9462165833,
                8.03148937225,
                -14.77921772,
                2.1589319706,
                -7.53883647919
            ]
        },
        "hfc": {
            "dmean": 9.42169761658,
            "dmean2": 13.6411247253,
            "dvar": 183.123352051,
            "dvar2": 405.174835205,
            "max": 200.284255981,
            "mean": 31.8693256378,
            "median": 25.6709384918,
            "min": 1.08446289981e-16,
            "var": 767.312561035
        },
        "melbands": {
            "dmean": [
                0.0013631376205,
                0.00113613286521,
                0.000396028917748,
                0.00025649156305,
                0.00021725759143,
                0.000152912063641,
                0.000123017991427,
                0.000154608947923,
                0.000191168408492,
                0.000168766957358,
                0.000140083022416,
                0.00010733398085,
                0.000112585199531,
                0.00010468979599,
                7.52614068915e-05,
                6.36123659206e-05,
                3.63403232768e-05,
                4.14698733948e-05,
                2.47025000135e-05,
                2.07457233046e-05,
                1.88630692719e-05,
                1.27914017867e-05,
                9.28179451876e-06,
                8.82123640622e-06,
                8.02195154392e-06,
                8.31363286125e-06,
                6.62748698232e-06,
                6.40102280158e-06,
