{
    "lowlevel": {
        "average_loudness": 0.921233057976,
        "barkbands": {
            "dmean": [
                0.000760318187531,
                0.00580492056906,
                0.00291113555431,
                0.000612584699411,
                0.000407475541579,
                0.000819061533548,
                0.000612997449934,
                0.000379081699066,
                0.000403651647503,
                0.000269490643404,
                0.000369525776478,
                0.000539292348549,
                0.000785692420322,
                0.000469856051495,
                0.000547026225831,
                0.000442967837444,
                0.000334291544277,
                0.000260868517216,
                0.000154753637617,
                0.000251030141953,
                0.000214927553316,
                0.000312426738674,
                0.000370793684851,
                0.000288492039545,
                0.000167941019754,
                0.000134561676532,
                2.70447635558e-05
            ],
            "dmean2": [
                0.00130053528119,
                0.00838311668485,
                0.00514481263235,
                0.00111017411109,
                0.000648525485303,
                0.00147296499927,
                0.000993494410068,
                0.000577919010539,
                0.000596531317569,
                0.000425159611041,
                0.000602526008151,
                0.000841022352688,
                0.00127588177565,
                0.000705451937392,
                0.000830645964015,
                0.000649444351438,
                0.00051559478743,
                0.000415878253989,
                0.000238344597165,
                0.000435048510553,
                0.000339415302733,
                0.000507424760144,
                0.000502098992001,
                0.000405589642469,
                0.000222778311581,
                0.000179426002433,
                3.63287726941e-05
            ],
            "dvar": [
                3.48860453414e-06,
                0.000246273906669,
                9.88587999018e-05,
                5.15966894454e-06,
                7.17122247806e-07,
                7.41771691537e-06,
                1.6987936533e-06,
                7.32321552732e-07,
                1.0544071074e-06,
                4.80361677546e-07,
                1.25129497519e-06,
                2.84166435449e-06,
                6.40288499199e-06,
                1.31080662413e-06,
                1.50479581862e-06,
                9.36688650199e-07,
                6.06820094617e-07,
                4.70351665172e-07,
                1.63420466492e-07,
                5.07172046582e-07,
                2.79017541516e-07,
                6.61148021663e-07,
                5.04514332533e-07,
                3.17038001185e-07,
                9.83562458146e-08,
                8.30047923728e-08,
                4.14730561005e-09
            ],
            "dvar2": [
                9.13383883017e-06,
                0.000577796075959,
                0.000270256627118,
                1.50281130118e-05,
                1.93380469682e-06,
                2.12025934161e-05,
                4.04506772611e-06,
                1.58914542681e-06,
                1.95038956008e-06,
                1.10447967927e-06,
                2.92809136226e-06,
                7.11264056008e-06,
                1.60420404427e-05,
                2.78943798548e-06,
                3.44358227267e-06,
                1.99601095119e-06,
                1.52161010192e-06,
                1.21355503779e-06,
                4.07091306442e-07,
                1.4032832496e-06,
                7.10438541773e-07,
                1.70401881405e-06,
                9.61090563578e-07,
                6.48011621251e-07,
                1.85274075193e-07,
                1.55217563247e-07,
                8.16223622024e-09
            ],
            "max": [
                0.0253738462925,
                0.152729198337,
                0.105135381222,
                0.0261142607778,
                0.0126941194758,
                0.0283290222287,
                0.0245952568948,
                0.0158320274204,
                0.0178033392876,
                0.0119081167504,
                0.011233413592,
                0.0218430552632,
                0.0317542143166,
                0.0133645422757,
                0.0240907147527,
                0.0150580303743,
                0.0108965532854,
                0.0103275561705,
                0.00612327782437,
                0.00564927002415,
                0.00396301643923,
                0.00587459653616,
                0.00719305546954,
                0.00588873820379,
                0.00474362354726,
                0.00310807744972,
                0.00112262764014
            ],
            "mean": [
                0.00409976346418,
                0.0594833083451,
                0.00926854740828,
                0.000651525624562,
                0.000937185657676,
                0.000719886622392,
                0.000716853071935,
                0.000497656932566,
                0.000533246377017,
                0.000326359877363,
                0.000392849615309,
                0.000528141681571,
                0.000709346553776,
                0.00051177747082,
                0.000635071774013,
                0.000586661917623,
                0.000417176517658,
                0.000275266123936,
                0.000167443562532,
                0.000215288309846,
                0.00021428130276,
                0.000296167156193,
                0.000492541061249,
                0.000392409187043,
                0.000250561191933,
                0.000192842227989,
                4.06242106692e-05
            ],
            "median": [
                5.08848570462e-05,
                0.0539872683585,
                0.00167184206657,
                0.000194899330381,
                0.000655712094158,
                0.00016310128558,
                0.000109866821731,
                3.53926516254e-05,
                4.70911109005e-05,
                3.40650985891e-05,
                2.31407939282e-05,
                2.54517271969e-05,
                3.45104454027e-05,
                3.3289725252e-05,
                5.51281336811e-05,
                6.52903254377e-05,
                5.35767576366e-05,
                4.20733158535e-05,
                3.07537375193e-05,
                2.44038565143e-05,
                3.04388522636e-05,
                3.8363130443e-05,
                4.06355175073e-05,
                4.66746678285e-05,
                2.26428110182e-05,
                1.16950850497e-05,
                1.0370650898e-06
            ],
            "min": [
                8.75813382489e-23,
                1.1616619751e-23,
                1.30929484805e-23,
                1.88392732159e-23,
                8.09261479319e-23,
                4.48720743632e-23,
                9.05620270912e-23,
                3.93879228164e-23,
                6.75311256782e-23,
                8.99842338097e-23,
                3.81160739334e-23,
                5.84039608285e-23,
                1.41548947295e-22,
                1.54901320573e-22,
                1.12064418992e-22,
                1.24618553387e-22,
                2.64951266492e-22,
                2.14658922538e-22,
                2.40398860652e-22,
                2.31751253813e-22,
                6.18078148552e-22,
                6.76913338617e-22,
                7.01994521077e-22,
                7.30710471666e-22,
                1.28144625318e-21,
                1.21287457579e-21,
                2.51737879146e-21
            ],
            "var": [
                4.67767567898e-05,
                0.00197662739083,
                0.000359735451639,
                3.10001860271e-06,
                1.06350114493e-06,
                4.54962400909e-06,
                2.27992768487e-06,
                1.38200891797e-06,
                2.08864594242e-06,
                8.70891028626e-07,
                1.44031298532e-06,
                2.84614975499e-06,
                5.47301488041e-06,
                1.78328070888e-06,
                2.1497482976e-06,
                1.72849593127e-06,
                7.47719525407e-07,
                4.28512521466e-07,
                1.54507773686e-07,
                3.69289580249e-07,
                2.52604507978e-07,
                5.60364071589e-07,
                9.45505860273e-07,
                5.30886836714e-07,
                2.09487552638e-07,
                1.55864739781e-07,
                7.84742759663e-09
            ]
        },
        "barkbands_crest": {
            "dmean": 1.71941578388,
            "dmean2": 2.56726932526,
            "dvar": 7.63867378235,
            "dvar2": 16.6568527222,
            "max": 26.9423809052,
            "mean": 17.836315155,
            "median": 16.8288593292,
            "min": 2.41904354095,
            "var": 48.6647109985
        },
        "barkbands_flatness_db": {
            "dmean": 0.0538037829101,
            "dmean2": 0.0652800872922,
            "dvar": 0.00440840097144,
            "dvar2": 0.00755761051551,
            "max": 0.757096290588,
            "mean": 0.287931501865,
            "median": 0.24106810987,
            "min": 0.0281033981591,
            "var": 0.0297897160053
        },
        "barkbands_kurtosis": {
            "dmean": 81.6318817139,
            "dmean2": 128.026748657,
            "dvar": 67309.6953125,
            "dvar2": 158533.484375,
            "max": 9252.48632813,
            "mean": 122.176780701,
            "median": 15.9860830307,
            "min": -1.91286921501,
            "var": 125134.523438
        },
        "barkbands_skewness": {
            "dmean": 2.34642577171,
            "dmean2": 3.36484313011,
            "dvar": 16.9361476898,
            "dvar2": 38.0213127136,
            "max": 87.400680542,
            "mean": 6.02422094345,
            "median": 3.75722813606,
            "min": -5.89979934692,
            "var": 45.6913032532
        },
        "barkbands_spread": {
            "dmean": 7.82192707062,
            "dmean2": 10.9698696136,
            "dvar": 142.565170288,
            "dvar2": 291.328735352,
            "max": 136.511886597,
            "mean": 17.3400344849,
            "median": 9.7426815033,
            "min": 0.0206021461636,
            "var": 385.566375732
        },
        "dissonance": {
            "dmean": 0.0202989242971,
            "dmean2": 0.0308939721435,
            "dvar": 0.000624279200565,
            "dvar2": 0.00131771783344,
            "max": 0.499999582767,
            "mean": 0.456585466862,
            "median": 0.470646858215,
            "min": 0.210069656372,
            "var": 0.00190131738782
        },
        "dynamic_complexity": 2.87383627892,
        "erbbands": {
            "dmean": [
                0.141024708748,
                1.49964749813,
                3.49297714233,
                2.57469940186,
                1.12076938152,
                1.38178145885,
                4.31743621826,
                7.30697774887,
                9.17436313629,
                7.09468889236,
                8.10763549805,
                9.2983045578,
                7.4816160202,
                11.3234739304,
                17.7229995728,
                20.626996994,
                31.9904518127,
                28.5943431854,
                26.5988368988,
                30.4836425781,
                18.7165374756,
                20.4030532837,
                15.9155054092,
                9.19980812073,
                6.61869525909,
                11.0735712051,
                10.296497345,
                9.25897979736,
                10.5855998993,
                10.4392738342,
                12.1578207016,
                6.98294115067,
                4.17103862762,
                2.15995669365,
                1.08706998825,
                0.605169594288,
                0.252596318722,
                0.0545130670071,
                0.0040639587678,
                0.000122963407193
            ],
            "dmean2": [
                0.196187973022,
                2.21505689621,
                6.00679540634,
                4.61855077744,
                1.96720218658,
                2.23568415642,
                7.18463802338,
                13.261305809,
                14.9220256805,
                11.3216485977,
                12.158036232,
                13.376121521,
                10.9923563004,
                18.3102149963,
                28.0602664948,
                31.9616603851,
                50.8829727173,
                44.365020752,
                40.0488204956,
                45.9406776428,
                26.5251579285,
                32.2498016357,
                25.3357028961,
                14.4322681427,
                9.77904224396,
                19.0521240234,
                16.9941329956,
                15.0973777771,
                16.8214569092,
                16.1554489136,
                16.135602951,
                9.90207481384,
                6.05192232132,
                2.93112134933,
                1.48680973053,
                0.822460532188,
                0.340991705656,
                0.0696063563228,
                0.00550838001072,
                0.000174380911631
            ],
            "dvar": [
                0.125490352511,
                18.2936649323,
                134.026641846,
                84.293838501,
                17.2838859558,
                8.10737228394,
                116.682548523,
                646.611022949,
                406.844909668,
                244.100723267,
                334.507965088,
                677.132751465,
                406.635894775,
                777.65612793,
                3010.76074219,
                3902.75830078,
                9108.1796875,
                6223.77197266,
                3871.84667969,
                5355.70751953,
                1412.76428223,
                2950.61254883,
                1758.73681641,
                639.573364258,
                187.488540649,
                970.452148438,
                785.134643555,
                577.994262695,
                713.664611816,
                591.669006348,
                620.927368164,
                191.957672119,
                65.8322753906,
                16.4857330322,
                4.36557579041,
                1.66252183914,
                0.287118256092,
                0.0139150684699,
                0.000103352285805,
                1.24201406493e-07
            ],
            "dvar2": [
                0.268302291632,
                44.2671966553,
                353.553649902,
                241.385223389,
                50.17445755,
                21.7943077087,
                314.404296875,
                1852.56835938,
                1001.02624512,
                577.62512207,
                713.920593262,
                1165.72924805,
                864.727478027,
                1954.67578125,
                6874.046875,
                9773.04003906,
                22354.9726563,
                14662.2431641,
                8553.57324219,
                12365.7626953,
                2857.16650391,
                7804.25244141,
                4535.93554688,
                1663.40783691,
                420.100311279,
                2669.04150391,
                2090.1315918,
                1507.35595703,
                1765.17785645,
                1479.40441895,
                1128.75061035,
                377.453918457,
                135.500610352,
                30.8303585052,
                8.58684158325,
                3.22869968414,
                0.55119407177,
                0.0253117959946,
                0.000201974951779,
                2.77506956081e-07
            ],
            "max": [
                4.12224245071,
                41.7504310608,
                122.429336548,
                104.229576111,
                52.9277496338,
                42.9403800964,
                175.078735352,
                262.416503906,
                252.608444214,
                328.167816162,
                335.898620605,
                535.821777344,
                382.217681885,
                488.740539551,
                653.609069824,
                861.076416016,
                1118.9230957,
                909.147644043,
                863.606628418,
                999.240478516,
                521.747619629,
                785.408447266,
                643.400268555,
                400.977844238,
                175.492752075,
                272.192108154,
                230.393463135,
                176.814987183,
                192.26953125,
                206.378005981,
                242.682174683,
                158.040939331,
                100.94316864,
                70.0218048096,
                24.6034889221,
                15.4041318893,
                5.37409687042,
                1.27711427212,
                0.193753793836,
                0.00797085929662
            ],
            "mean": [
                1.47562742233,
                13.8209466934,
                17.0764026642,
                4.14757680893,
                2.16857433319,
                2.77736449242,
                5.91348791122,
                6.03612804413,
                10.6557540894,
                8.61653995514,
                11.2554416656,
                12.7308969498,
                9.8438615799,
                13.3155174255,
                18.9310779572,
                20.6836032867,
                29.8083381653,
                29.2611503601,
                30.4895591736,
                37.6819953918,
                27.1995429993,
                24.4185237885,
                17.4865379333,
                9.68382740021,
                7.76139450073,
                9.69973754883,
                9.70569038391,
                8.84959697723,
                10.0983724594,
                11.3321781158,
                16.5329914093,
                9.14342308044,
                5.98167705536,
                3.22973680496,
                1.59773123264,
                0.849001765251,
                0.348178058863,
                0.08088196069,
                0.00649566249922,
                0.000272313453024
            ],
            "median": [
                1.57013618946,
                11.4918756485,
                6.80470228195,
                1.59639298916,
                1.00932204723,
                1.73879659176,
                1.71448373795,
                1.23459541798,
                1.52346861362,
                1.23647153378,
                0.98269957304,
                1.10200202465,
                1.06808257103,
                1.18884813786,
                1.03881335258,
                1.16655254364,
                1.68377590179,
                1.91203951836,
                2.61511468887,
                3.23405098915,
                3.77911400795,
                3.40885043144,
                2.83956885338,
                1.73443996906,
                1.53381967545,
                1.17631995678,
                1.20185446739,
                1.25431036949,
                1.29081559181,
                1.25073230267,
                1.15758526325,
                0.976426064968,
                0.725574851036,
                0.301917523146,
                0.128998994827,
                0.0600755959749,
                0.0178262516856,
                0.00336195970885,
                0.000181012190296,
                0.000136583475978
            ],
            "min": [
                7.5632323278e-22,
                2.09766015929e-21,
                9.98010776607e-21,
                4.93194711072e-20,
                1.5378816579e-19,
                2.88130245958e-19,
                2.69722349552e-19,
                4.52592440845e-19,
                1.13496790104e-18,
                1.33842827554e-18,
                4.58850785962e-19,
                1.05252260259e-18,
                4.51850180662e-18,
                9.42533637311e-19,
                1.9916772071e-18,
                2.4581636456e-18,
                5.15514922329e-18,
                1.13088195969e-17,
                4.4545508191e-18,
                5.72891478338e-18,
                8.46904816977e-18,
                1.58799189235e-17,
                1.30192405064e-17,
                1.03770320697e-17,
                1.23984191228e-17,
                1.10437611501e-17,
                2.40844851914e-17,
                2.35438548323e-17,
                2.49723328844e-17,
                1.92929819362e-17,
                1.86515927066e-17,
                1.49461478172e-17,
                1.36509293889e-17,
                1.30567754811e-17,
                9.48752008924e-18,
                4.24146495741e-18,
                2.51516404122e-18,
                1.3473684436e-18,
                3.70074298804e-19,
                3.30520467079e-20
            ],
            "var": [
                1.04265260696,
                155.851776123,
                774.228088379,
                64.5238647461,
                13.5657091141,
                11.3205881119,
                120.433815002,
                385.224273682,
                492.604278564,
                348.017089844,
                668.769958496,
                1402.91125488,
                715.048156738,
                1217.26208496,
                3447.04638672,
                4039.05810547,
                8285.19433594,
                6610.32177734,
                5255.36669922,
                8079.41210938,
                3177.30078125,
                2903.9206543,
                1605.18701172,
                562.617553711,
                233.247772217,
                722.378173828,
                630.247070313,
                479.753509521,
                649.206481934,
                606.709106445,
                1209.80078125,
                308.165802002,
                118.575515747,
                35.0560264587,
                8.61190414429,
                3.03721141815,
                0.516832888126,
                0.0273065455258,
                0.000217724518734,
                2.07847008937e-07
            ]
        },
        "erbbands_crest": {
            "dmean": 3.0236530304,
            "dmean2": 4.54725551605,
            "dvar": 10.5118074417,
            "dvar2": 20.9920768738,
            "max": 28.7801933289,
            "mean": 11.9820289612,
            "median": 10.4355897903,
            "min": 2.69477796555,
            "var": 36.8457641602
        },
        "erbbands_flatness_db": {
            "dmean": 0.0308361239731,
            "dmean2": 0.042531978339,
            "dvar": 0.00147472391836,
            "dvar2": 0.00256962236017,
            "max": 0.4767177701,
            "mean": 0.176046684384,
            "median": 0.154881045222,
            "min": 0.0452501140535,
            "var": 0.00765572860837
        },
        "erbbands_kurtosis": {
            "dmean": 5.17331409454,
            "dmean2": 8.19803714752,
            "dvar": 271.879577637,
            "dvar2": 551.413696289,
            "max": 338.851501465,
            "mean": 8.32310390472,
            "median": 0.609357476234,
            "min": -1.96564912796,
            "var": 861.325195313
        },
        "erbbands_skewness": {
            "dmean": 0.848582983017,
            "dmean2": 1.19090652466,
            "dvar": 1.46093320847,
            "dvar2": 2.86275625229,
            "max": 14.8660678864,
            "mean": 0.822353005409,
            "median": 0.225219815969,
            "min": -5.35323238373,
            "var": 5.34255743027
        },
        "erbbands_spread": {
            "dmean": 19.6089363098,
            "dmean2": 28.4773445129,
            "dvar": 594.619628906,
            "dvar2": 1227.29406738,
            "max": 250.630126953,
            "mean": 53.0378494263,
            "median": 43.5637550354,
            "min": 0.75042116642,
            "var": 1913.94396973
        },
        "gfcc": {
            "cov": [
                [
                    16905.7441406,
                    -4205.13916016,
                    -3638.24707031,
                    -608.466064453,
                    -1564.52783203,
                    527.399291992,
                    -1240.33496094,
                    707.075622559,
                    -239.872314453,
                    702.315795898,
                    -465.195892334,
                    606.337097168,
                    -495.381866455
                ],
                [
                    -4205.13916016,
                    4478.52490234,
                    415.912872314,
                    -312.597961426,
                    854.642272949,
                    -782.561889648,
                    591.369628906,
                    -353.382049561,
                    200.758407593,
                    -337.481781006,
                    336.277435303,
                    -361.950439453,
                    409.169586182
                ],
                [
                    -3638.24707031,
                    415.912872314,
                    3191.56274414,
                    821.620422363,
                    712.70916748,
                    238.642425537,
                    404.755859375,
                    -89.4970245361,
                    173.53515625,
                    -130.423294067,
                    174.706558228,
                    5.2196097374,
                    81.2171554565
                ],
                [
                    -608.466064453,
                    -312.597961426,
                    821.620422363,
                    942.200134277,
                    283.423309326,
                    15.4513702393,
                    13.3136539459,
                    9.86694717407,
                    94.1576385498,
                    3.17013144493,
                    59.8573112488,
                    -0.0145221594721,
                    83.3105773926
                ],
                [
                    -1564.52783203,
                    854.642272949,
                    712.70916748,
                    283.423309326,
                    939.174926758,
                    161.877502441,
                    387.201934814,
                    -6.54321908951,
                    169.302810669,
                    -47.8817100525,
                    127.062583923,
                    -81.4189071655,
                    157.449539185
                ],
                [
                    527.399291992,
                    -782.561889648,
                    238.642425537,
                    15.4513702393,
                    161.877502441,
                    613.13470459,
                    198.093917847,
                    57.3657188416,
                    -30.8399753571,
                    66.1496734619,
                    -36.3134307861,
                    62.8740081787,
                    -81.2952804565
                ],
                [
                    -1240.33496094,
                    591.369628906,
                    404.755859375,
                    13.3136539459,
                    387.201934814,
                    198.093917847,
                    533.92199707,
                    -34.0232429504,
                    16.7006835938,
                    -69.412399292,
                    75.1384811401,
                    -47.0425643921,
                    53.2301025391
                ],
                [
                    707.075622559,
                    -353.382049561,
                    -89.4970245361,
                    9.86694717407,
                    -6.54321908951,
                    57.3657188416,
                    -34.0232429504,
                    237.452758789,
                    70.3760299683,
                    68.9496765137,
                    -18.9474124908,
                    56.3390960693,
                    -32.0153808594
                ],
                [
                    -239.872314453,
                    200.758407593,
                    173.53515625,
                    94.1576385498,
                    169.302810669,
                    -30.8399753571,
                    16.7006835938,
                    70.3760299683,
                    204.805648804,
                    33.4738616943,
                    20.5443191528,
                    -31.1699104309,
                    44.2141609192
                ],
                [
                    702.315795898,
                    -337.481781006,
                    -130.423294067,
                    3.17013144493,
                    -47.8817100525,
                    66.1496734619,
                    -69.412399292,
                    68.9496765137,
                    33.4738616943,
                    155.913131714,
                    -4.94652986526,
                    22.7112731934,
                    -32.0097007751
                ],
                [
                    -465.195892334,
                    336.277435303,
                    174.706558228,
                    59.8573112488,
                    127.062583923,
                    -36.3134307861,
                    75.1384811401,
                    -18.9474124908,
                    20.5443191528,
                    -4.94652986526,
                    130.716323853,
                    0.340526849031,
                    27.3645362854
                ],
                [
                    606.337097168,
                    -361.950439453,
                    5.2196097374,
                    -0.0145221594721,
                    -81.4189071655,
                    62.8740081787,
                    -47.0425643921,
                    56.3390960693,
                    -31.1699104309,
                    22.7112731934,
                    0.340526849031,
                    139.65574646,
                    -14.3196086884
                ],
                [
                    -495.381866455,
                    409.169586182,
                    81.2171554565,
                    83.3105773926,
                    157.449539185,
                    -81.2952804565,
                    53.2301025391,
                    -32.0153808594,
                    44.2141609192,
                    -32.0097007751,
                    27.3645362854,
                    -14.3196086884,
                    137.07258606
                ]
            ],
            "icov": [
                [
                    0.000144834528328,
                    -7.36893489375e-05,
                    0.000144865931361,
                    -0.000108986656414,
                    3.4920321923e-05,
                    -0.000192350940779,
                    0.000196804481675,
                    -0.000148254155647,
                    3.59194491466e-05,
                    -0.000313554046443,
                    0.00026710666134,
                    -0.000506385578774,
                    0.000267528463155
                ],
                [
                    -7.36893489375e-05,
                    0.00129142147489,
                    -0.000155151312356,
                    0.000968526117504,
                    -0.000533613434527,
                    0.00149958243128,
                    -0.000929437112063,
                    0.000633965071756,
                    -0.000492126273457,
                    0.00093884911621,
                    -0.00179611460771,
                    0.00168597488664,
                    -0.00169400672894
                ],
                [
                    0.000144865931361,
                    -0.000155151312356,
                    0.000694991205819,
                    -0.000573225610424,
                    -8.56231054058e-05,
                    -0.000405312457588,
                    6.01530591666e-05,
                    0.000180801056558,
                    -0.000422751618316,
                    0.000109087108285,
                    0.000108876003651,
                    -0.00100392953027,
                    0.000835351005662
                ],
                [
                    -0.000108986656414,
                    0.000968526117504,
                    -0.000573225610424,
                    0.00229631108232,
                    -0.000636792043224,
                    0.00110986223444,
                    -0.000235985600739,
                    0.000276459002635,
                    -0.000256477767834,
                    0.000506829062942,
                    -0.00156355695799,
                    0.00159028230701,
                    -0.002115736017
                ],
                [
                    3.4920321923e-05,
                    -0.000533613434527,
                    -8.56231054058e-05,
                    -0.000636792043224,
                    0.00291798845865,
                    -0.00158842932433,
                    -0.000466726487502,
                    -0.00064943934558,
                    -0.000964117934927,
                    5.03998344357e-05,
                    -0.000718285562471,
                    0.000606193032581,
                    -0.00157796754502
                ],
                [
                    -0.000192350940779,
                    0.00149958243128,
                    -0.000405312457588,
                    0.00110986223444,
                    -0.00158842932433,
                    0.00503696175292,
                    -0.00253193872049,
                    0.0010147964349,
                    0.000147292579641,
                    -0.000479078153148,
                    -7.36525616958e-05,
                    0.000425308709964,
                    0.000326000037603
                ],
                [
                    0.000196804481675,
                    -0.000929437112063,
                    6.01530591666e-05,
                    -0.000235985600739,
                    -0.000466726487502,
                    -0.00253193872049,
                    0.00450726412237,
                    -0.000993965892121,
                    0.000977681484073,
                    0.000450182182249,
                    -8.99363149074e-05,
                    -0.000289971969323,
                    0.000422869983595
                ],
                [
                    -0.000148254155647,
                    0.000633965071756,
                    0.000180801056558,
                    0.000276459002635,
                    -0.00064943934558,
                    0.0010147964349,
                    -0.000993965892121,
                    0.00717344367877,
                    -0.00329877389595,
                    -0.000743850541767,
                    0.00021827314049,
                    -0.00226504146121,
                    0.00131607940421
                ],
                [
                    3.59194491466e-05,
                    -0.000492126273457,
                    -0.000422751618316,
                    -0.000256477767834,
                    -0.000964117934927,
                    0.000147292579641,
                    0.000977681484073,
                    -0.00329877389595,
                    0.00860736798495,
                    -0.00238169240765,
                    0.000830700504594,
                    0.00179313414264,
                    -0.00126123032533
                ],
                [
                    -0.000313554046443,
                    0.00093884911621,
                    0.000109087108285,
                    0.000506829062942,
                    5.03998344357e-05,
                    -0.000479078153148,
                    0.000450182182249,
                    -0.000743850541767,
                    -0.00238169240765,
                    0.0106034446508,
                    -0.00351443979889,
                    0.00215510395356,
                    -0.000827829469927
                ],
                [
                    0.00026710666134,
                    -0.00179611460771,
                    0.000108876003651,
                    -0.00156355695799,
                    -0.000718285562471,
                    -7.36525616958e-05,
                    -8.99363149074e-05,
                    0.00021827314049,
                    0.000830700504594,
                    -0.00351443979889,
                    0.0135183930397,
                    -0.00521466787905,
                    0.00374774867669
                ],
                [
                    -0.000506385578774,
                    0.00168597488664,
                    -0.00100392953027,
                    0.00159028230701,
                    0.000606193032581,
                    0.000425308709964,
                    -0.000289971969323,
                    -0.00226504146121,
                    0.00179313414264,
                    0.00215510395356,
                    -0.00521466787905,
                    0.0142281847075,
                    -0.00564273120835
                ],
                [
                    0.000267528463155,
                    -0.00169400672894,
                    0.000835351005662,
                    -0.002115736017,
                    -0.00157796754502,
                    0.000326000037603,
                    0.000422869983595,
                    0.00131607940421,
                    -0.00126123032533,
                    -0.000827829469927,
                    0.00374774867669,
                    -0.00564273120835,
                    0.0151348253712
                ]
            ],
            "mean": [
                -50.4948425293,
                74.3326797485,
                -59.2636604309,
                49.9590034485,
                -26.0431880951,
                31.368730545,
                -25.3019943237,
                13.6226053238,
                -5.5410785675,
                5.95204305649,
                -9.22231292725,
                2.26440477371,
                -7.89438056946
            ]
        },
        "hfc": {
            "dmean": 17.3908748627,
            "dmean2": 24.2611026764,
            "dvar": 1070.66210938,
            "dvar2": 2286.04516602,
            "max": 267.667327881,
            "mean": 31.0131206512,
            "median": 15.6962509155,
            "min": 1.13713008499e-16,
            "var": 1602.68640137
        },
        "melbands": {
            "dmean": [
                0.00140087038744,
                0.00171693379525,
                0.000403428275604,
                7.65788718127e-05,
                0.000133733017719,
                0.000164031036547,
                0.000135326699819,
                7.83634823165e-05,
                6.46587650408e-05,
                6.03456064709e-05,
                3.71698261006e-05,
                4.51380874438e-05,
                5.52719684492e-05,
                5.70475785935e-05,
                5.90495328652e-05,
                8.34137172205e-05,
                4.89949743496e-05,
                4.42119307991e-05,
                4.1709128709e-05,
                3.6010525946e-05,
                2.06005643122e-05,
                2.05469550565e-05,
                1.99108126253e-05,
                1.02493322629e-05,
                7.65645563661e-06,
                5.35775825483e-06,
