{
    "lowlevel": {
        "average_loudness": 0.939736962318,
        "barkbands": {
            "dmean": [
                0.0035283502657,
                0.00854450650513,
                0.00303016533144,
                0.00117673911154,
                0.00207857554778,
                0.00118852953892,
                0.000574728532229,
                0.000622609979473,
                0.000695799535606,
                0.00132947182283,
                0.000393352209358,
                0.0003762304259,
                0.000350072514266,
                0.000341417500749,
                0.000383482285542,
                0.000230563251534,
                0.000179684881005,
                0.000276956707239,
                0.00020252194372,
                0.000313549186103,
                0.000255077698966,
                0.000138404269819,
                0.000303807260934,
                0.000202007053304,
                0.00024607803789,
                0.000168760219822,
                3.36323755619e-05
            ],
            "dmean2": [
                0.00489356834441,
                0.0112232742831,
                0.00562647543848,
                0.00215360987931,
                0.00352531392127,
                0.00198081484996,
                0.000878614839166,
                0.000961528276093,
                0.000991276581772,
                0.0021822003182,
                0.000541477522347,
                0.0004963829997,
                0.000499456713442,
                0.000539226923138,
                0.000599940249231,
                0.000340531638358,
                0.000278786581475,
                0.00039159253356,
                0.000294598343316,
                0.000458491500467,
                0.000374386610929,
                0.000186220655451,
                0.000476581975818,
                0.000302211701637,
                0.000356695090886,
                0.000242287802394,
                5.25691611983e-05
            ],
            "dvar": [
                0.000107344065327,
                0.000429372710641,
                0.00012849275663,
                1.77443926077e-05,
                1.79874587047e-05,
                3.67998518414e-06,
                1.95507709577e-06,
                2.13218004319e-06,
                2.01778152586e-06,
                4.75877241115e-05,
                9.74770046014e-07,
                1.05745277779e-06,
                1.15282466595e-06,
                9.96221956484e-07,
                1.03960780962e-06,
                3.84046870749e-07,
                2.37933903691e-07,
                4.35984901515e-07,
                2.66240562041e-07,
                3.31019862188e-07,
                3.09925979991e-07,
                1.8840560756e-07,
                6.30217641628e-07,
                2.59777323208e-07,
                3.69485917417e-07,
                1.1983709669e-07,
                4.95725016592e-09
            ],
            "dvar2": [
                0.000198974375962,
                0.000553059275262,
                0.000372835114831,
                5.15971260029e-05,
                5.06542492076e-05,
                9.53784365265e-06,
                4.64658796773e-06,
                4.78367655887e-06,
                3.92757419831e-06,
                0.000130715619889,
                1.64808477621e-06,
                1.91976482711e-06,
                2.33937794292e-06,
                2.6362929475e-06,
                2.72381339528e-06,
                8.1051274492e-07,
                5.06816604684e-07,
                8.18605258246e-07,
                4.5759185241e-07,
                6.94734239914e-07,
                6.57792327274e-07,
                3.33247413664e-07,
                1.35010986924e-06,
                5.11152848048e-07,
                6.83896416831e-07,
                2.28187587936e-07,
                1.12668550045e-08
            ],
            "max": [
                0.137539237738,
                0.217327848077,
                0.115929238498,
                0.045723143965,
                0.0489067956805,
                0.0280565898865,
                0.0290134754032,
                0.0298339817673,
                0.0257301982492,
                0.136966332793,
                0.0202303845435,
                0.0182046480477,
                0.0141491405666,
                0.0115986159071,
                0.0116299213842,
                0.0199245493859,
                0.00666203023866,
                0.00954345241189,
                0.00677876267582,
                0.00802802573889,
                0.00617236457765,
                0.0052653150633,
                0.00828010030091,
                0.0152613893151,
                0.0184043385088,
                0.00760220130906,
                0.000890384893864
            ],
            "mean": [
                0.0044250623323,
                0.0175842698663,
                0.00349490577355,
                0.00114689115435,
                0.00332765979692,
                0.00229775905609,
                0.00126320915297,
                0.0011049330933,
                0.00150952022523,
                0.00177483179141,
                0.000718880037311,
                0.000742567121051,
                0.000464309589006,
                0.00042631017277,
                0.000516940432135,
                0.000339469115715,
                0.000261702662101,
                0.00041906136903,
                0.000319820130244,
                0.000558417232241,
                0.00042329961434,
                0.000183973184903,
                0.00038747722283,
                0.000371685338905,
                0.00034636707278,
                0.000185026190593,
                3.16025434586e-05
            ],
            "median": [
                0.000379238743335,
                0.00725655257702,
                0.0015148811508,
                0.000379990204237,
                0.00165972812101,
                0.00108277925756,
                0.000343037914718,
                0.000290122639854,
                0.000346463988535,
                0.000176856192411,
                0.000122785146232,
                0.000117833551485,
                8.54700774653e-05,
                6.34915340925e-05,
                9.2907474027e-05,
                5.66728449485e-05,
                6.55037802062e-05,
                8.5741354269e-05,
                8.94965996849e-05,
                0.000124446538393,
                8.06642201496e-05,
                2.54223923548e-05,
                3.10844479827e-05,
                9.06980640138e-05,
                6.15131139057e-05,
                1.23507597891e-05,
                9.83889549389e-07
            ],
            "min": [
                5.47596202324e-13,
                2.40233648946e-11,
                1.7301732963e-11,
                8.49696788624e-12,
                8.55809347e-12,
                1.67920213325e-12,
                1.36597547509e-12,
                7.94742093316e-13,
                1.1298146663e-12,
                3.76853171065e-13,
                7.58392263919e-13,
                3.33045169134e-13,
                4.35748035961e-13,
                3.71846000172e-13,
                2.6071451855e-13,
                8.24730434228e-14,
                1.61711559399e-13,
                1.78078187504e-13,
                1.37717325066e-13,
                1.68452220489e-13,
                1.3972200133e-13,
                2.19673522536e-13,
                3.37481643109e-13,
                2.1702047982e-13,
                3.06823631172e-13,
                1.17800430868e-12,
                6.0210302022e-11
            ],
            "var": [
                0.000188718811842,
                0.00130891473964,
                7.7758115367e-05,
                1.11100471258e-05,
                2.35118477576e-05,
                8.81471532921e-06,
                5.6885351114e-06,
                4.81056940771e-06,
                7.35671528673e-06,
                3.90350905946e-05,
                3.06884453494e-06,
                3.24532493323e-06,
                1.70527300725e-06,
                1.04248897514e-06,
                1.24022926684e-06,
                6.63816024371e-07,
                4.04252261887e-07,
                7.97473944658e-07,
                5.10313668656e-07,
                8.07798585356e-07,
                6.25556026534e-07,
                2.9791087286e-07,
                9.42598262554e-07,
                5.898651807e-07,
                7.79335948664e-07,
                1.93985187025e-07,
                5.25959542585e-09
            ]
        },
        "barkbands_crest": {
            "dmean": 2.60024595261,
            "dmean2": 4.06669425964,
            "dvar": 7.13841629028,
            "dvar2": 15.0066108704,
            "max": 25.3179283142,
            "mean": 11.3677043915,
            "median": 10.4281511307,
            "min": 2.15857839584,
            "var": 24.4517536163
        },
        "barkbands_flatness_db": {
            "dmean": 0.0223852004856,
            "dmean2": 0.0317395590246,
            "dvar": 0.000568079878576,
            "dvar2": 0.000961997022387,
            "max": 0.528724312782,
            "mean": 0.149464085698,
            "median": 0.137155473232,
            "min": 0.0184568557888,
            "var": 0.00512430304661
        },
        "barkbands_kurtosis": {
            "dmean": 5.66047143936,
            "dmean2": 8.11725997925,
            "dvar": 191.920257568,
            "dvar2": 354.132324219,
            "max": 339.104614258,
            "mean": 10.1836185455,
            "median": 3.09699058533,
            "min": -1.97179186344,
            "var": 489.25012207
        },
        "barkbands_skewness": {
            "dmean": 0.672595560551,
            "dmean2": 0.948228180408,
            "dvar": 0.701956510544,
            "dvar2": 1.22634935379,
            "max": 14.9694194794,
            "mean": 2.17155122757,
            "median": 1.74467992783,
            "min": -3.48489785194,
            "var": 3.38031435013
        },
        "barkbands_spread": {
            "dmean": 7.99106216431,
            "dmean2": 12.2444982529,
            "dvar": 141.031509399,
            "dvar2": 301.649414062,
            "max": 141.838363647,
            "mean": 24.717092514,
            "median": 21.1151695251,
            "min": 0.304421544075,
            "var": 361.819641113
        },
        "dissonance": {
            "dmean": 0.0193960592151,
            "dmean2": 0.0324074663222,
            "dvar": 0.000346909451764,
            "dvar2": 0.000935621210374,
            "max": 0.499998360872,
            "mean": 0.458157062531,
            "median": 0.463584780693,
            "min": 0.303236752748,
            "var": 0.000791218772065
        },
        "dynamic_complexity": 3.17228865623,
        "erbbands": {
            "dmean": [
                0.494884282351,
                1.57614886761,
                3.40331959724,
                3.74284911156,
                5.04825592041,
                7.7598400116,
                9.4841337204,
                10.8601856232,
                8.35305976868,
                8.34176158905,
                13.9702177048,
                16.379360199,
                31.9527435303,
                26.791633606,
                15.7736825943,
                14.226392746,
                16.3614387512,
                13.0477552414,
                24.8901348114,
                13.170882225,
                11.3308734894,
                11.0788316727,
                12.8030261993,
                13.3685626984,
                8.595952034,
                15.9141054153,
                13.9473924637,
                6.28368854523,
                5.1115026474,
                7.65416574478,
                7.54693412781,
                4.46229171753,
                3.66229128838,
                2.70990371704,
                1.76899242401,
                0.961528837681,
                0.279098957777,
                0.0370763279498,
                0.0056668408215,
                0.000377616088372
            ],
            "dmean2": [
                0.642656743526,
                2.34289264679,
                6.10175037384,
                6.90525007248,
                8.96191120148,
                12.9895076752,
                15.7085914612,
                17.8896999359,
                12.7619256973,
                13.3219251633,
                21.2067623138,
                23.4632873535,
                50.3115615845,
                42.8466682434,
                21.9686508179,
                17.3991317749,
                23.2087249756,
                19.1760025024,
                40.4614906311,
                19.0075683594,
                16.5352134705,
                16.8749370575,
                17.5083427429,
                19.1943225861,
                12.3055343628,
                23.860874176,
                21.0063533783,
                8.87612819672,
                7.15325069427,
                11.3782300949,
                12.0130500793,
                6.84881639481,
                5.45240259171,
                3.92999100685,
                2.53319001198,
                1.37095403671,
                0.400832295418,
                0.0569912493229,
                0.00879744440317,
                0.000580656982493
            ],
            "dvar": [
                1.56468868256,
                18.574306488,
                146.515258789,
                191.022903442,
                199.657058716,
                218.668914795,
                358.437835693,
                341.305480957,
                361.608856201,
                473.771057129,
                912.98828125,
                1316.61035156,
                18997.8769531,
                14776.2314453,
                1656.14941406,
                1639.59814453,
                2565.65405273,
                1166.98156738,
                7643.04003906,
                850.214782715,
                838.196960449,
                864.132019043,
                935.845275879,
                868.014831543,
                696.080322266,
                1004.84887695,
                1024.05444336,
                202.012908936,
                299.657409668,
                371.19418335,
                416.68927002,
                122.88948822,
                103.905509949,
                44.283618927,
                21.8820724487,
                4.19851636887,
                0.324448406696,
                0.00560800218955,
                0.000138801842695,
                5.75446449602e-07
            ],
            "dvar2": [
                1.93231368065,
                40.350528717,
                410.119567871,
                555.659545898,
                580.713867188,
                583.503662109,
                937.991455078,
                879.873779297,
                801.054626465,
                1230.8260498,
                1999.22888184,
                2637.57958984,
                51430.0429688,
                40433.640625,
                3056.55004883,
                2458.96264648,
                5235.25585938,
                2493.55224609,
                21562.3046875,
                1824.7800293,
                1670.85803223,
                1769.62316895,
                1689.57800293,
                1715.55297852,
                1100.28344727,
                2233.95800781,
                2362.50830078,
                357.598449707,
                614.731079102,
                652.773376465,
                940.297058105,
                256.586456299,
                209.125808716,
                84.246673584,
                42.7609558105,
                7.65172767639,
                0.640653550625,
                0.0121223591268,
                0.000314986740705,
                1.26931377054e-06
            ],
            "max": [
                12.4572973251,
                46.1816253662,
                117.187171936,
                139.618881226,
                184.243408203,
                278.36529541,
                214.534729004,
                353.864624023,
                518.18560791,
                431.616271973,
                717.879211426,
                796.53894043,
                2643.61206055,
                2388.07226562,
                856.844665527,
                695.71484375,
                681.981567383,
                438.890472412,
                1133.85314941,
                534.873657227,
                604.610961914,
                429.489898682,
                462.87310791,
                411.213165283,
                303.332000732,
                434.027404785,
                424.92098999,
                271.378814697,
                222.599685669,
                196.49772644,
                212.108413696,
                142.265731812,
                350.860443115,
                203.423583984,
                175.391281128,
                43.9911079407,
                10.3905906677,
                1.26686298847,
                0.149458542466,
                0.0063120345585
            ],
            "mean": [
                0.840745449066,
                2.6281683445,
                4.17623376846,
                4.05654859543,
                6.17611932755,
                12.1370182037,
                16.8029403687,
                21.5672264099,
                20.6854438782,
                14.8887758255,
                26.686126709,
                35.9281692505,
                48.3703231812,
                38.2196846008,
                30.0835494995,
                28.3338375092,
                24.7934761047,
                17.5743904114,
                32.3848075867,
                20.3750476837,
                17.6436061859,
                17.3259563446,
                20.2747974396,
                22.4886302948,
                14.3382539749,
                27.6704692841,
                24.7730789185,
                10.583193779,
                6.53941011429,
                10.5567169189,
                9.50615978241,
                7.06783342361,
                6.73871898651,
                4.21638631821,
                2.20785975456,
                1.08150279522,
                0.297555476427,
                0.0383170135319,
                0.00538752181455,
                0.000400133110816
            ],
            "median": [
                0.223191782832,
                1.32659637928,
                1.82063245773,
                1.68453812599,
                2.40838193893,
                6.07892942429,
                7.72789335251,
                10.2815065384,
                6.51458311081,
                6.21766138077,
                8.24918746948,
                9.30515193939,
                8.87946033478,
                7.05723285675,
                6.75140237808,
                4.77293109894,
                4.36173820496,
                3.62311029434,
                4.7814283371,
                4.88455629349,
                3.51353144646,
                4.62354564667,
                5.16178274155,
                6.44655275345,
                4.05291748047,
                6.14152097702,
                4.4507598877,
                2.59380531311,
                1.24115669727,
                0.940182685852,
                0.8720484972,
                1.35188186169,
                1.64365530014,
                0.967270970345,
                0.249208465219,
                0.0772252306342,
                0.018646761775,
                0.00218808813952,
                0.000204896176001,
                5.98146179982e-05
            ],
            "min": [
                7.54101503464e-10,
                5.28286170365e-09,
                1.82038064622e-08,
                2.76391816101e-08,
                2.59646544265e-08,
                3.08086853806e-08,
                1.90903595154e-08,
                1.35493802844e-08,
                1.75728196439e-08,
                2.14419237921e-08,
                1.61662985221e-08,
                2.64981547815e-08,
                1.710958486e-08,
                1.65953029096e-08,
                3.26395479533e-08,
                1.29429356122e-08,
                2.07569748056e-08,
                1.76852612555e-08,
                2.1605302436e-08,
                6.09781070082e-09,
                5.97177329809e-09,
                8.24082135864e-09,
                8.09731037776e-09,
                9.85564341249e-09,
                7.25206739105e-09,
                8.29727753171e-09,
                5.03575137145e-09,
                5.61736346327e-09,
                8.48868975112e-09,
                8.75192274208e-09,
                9.99266180912e-09,
                4.22856505367e-09,
                4.36686153904e-09,
                3.66844132849e-09,
                2.33219887846e-09,
                4.12807610317e-09,
                2.0482642249e-09,
                1.40311195995e-09,
                2.41868258755e-09,
                1.5532450881e-09
            ],
            "var": [
                4.24340105057,
                27.8717041016,
                98.9911117554,
                118.277267456,
                168.145568848,
                345.513458252,
                568.559265137,
                931.191467285,
                1452.39819336,
                751.397033691,
                2332.73168945,
                4330.33154297,
                17549.9179688,
                12543.8925781,
                5412.77441406,
                5002.46337891,
                4152.60107422,
                1671.99414062,
                6284.23144531,
                1659.1159668,
                1568.00378418,
                1583.95568848,
                1795.09863281,
                1761.14538574,
                1243.45703125,
                2051.18701172,
                2009.79858398,
                435.259185791,
                399.542388916,
                669.480834961,
                586.248291016,
                221.493469238,
                230.74395752,
                101.903915405,
                40.347694397,
                7.39152002335,
                0.485084891319,
                0.00702567119151,
                0.000149239232996,
                6.31776970295e-07
            ]
        },
        "erbbands_crest": {
            "dmean": 2.36868453026,
            "dmean2": 3.82221841812,
            "dvar": 5.56805849075,
            "dvar2": 13.9584350586,
            "max": 28.9192256927,
            "mean": 8.60353469849,
            "median": 7.85253620148,
            "min": 2.5629491806,
            "var": 13.8678035736
        },
        "erbbands_flatness_db": {
            "dmean": 0.0167630836368,
            "dmean2": 0.0244139991701,
            "dvar": 0.000309695664328,
            "dvar2": 0.000584935885854,
            "max": 0.395082324743,
            "mean": 0.136775031686,
            "median": 0.134267568588,
            "min": 0.0230305120349,
            "var": 0.00212668441236
        },
        "erbbands_kurtosis": {
            "dmean": 0.898201525211,
            "dmean2": 1.45869278908,
            "dvar": 2.10903024673,
            "dvar2": 5.127368927,
            "max": 26.553237915,
            "mean": 0.251448184252,
            "median": -0.265472888947,
            "min": -1.85159099102,
            "var": 3.8437063694
        },
        "erbbands_skewness": {
            "dmean": 0.389716088772,
            "dmean2": 0.589531242847,
            "dvar": 0.179331123829,
            "dvar2": 0.388191431761,
            "max": 4.26824998856,
            "mean": 0.493876814842,
            "median": 0.507459044456,
            "min": -4.68105840683,
            "var": 0.6591553092
        },
        "erbbands_spread": {
            "dmean": 11.4326782227,
            "dmean2": 17.4159088135,
            "dvar": 232.559463501,
            "dvar2": 501.553741455,
            "max": 199.771469116,
            "mean": 49.4353370667,
            "median": 43.2038955688,
            "min": 4.32908582687,
            "var": 602.086120605
        },
        "gfcc": {
            "cov": [
                [
                    9796.97167969,
                    -2445.16357422,
                    -636.258666992,
                    491.032836914,
                    -707.467407227,
                    439.426177979,
                    99.1787261963,
                    692.258544922,
                    -150.73387146,
                    462.745880127,
                    61.9770507812,
                    168.65423584,
                    110.419929504
                ],
                [
                    -2445.16357422,
                    2507.59228516,
                    49.2511291504,
                    136.782455444,
                    534.49798584,
                    -15.7261972427,
                    297.009338379,
                    -20.6491317749,
                    181.091949463,
                    17.7700328827,
                    143.671646118,
                    -198.135971069,
                    223.385986328
                ],
                [
                    -636.258666992,
                    49.2511291504,
                    1194.12573242,
                    119.358802795,
                    236.608001709,
                    187.561309814,
                    44.555683136,
                    -63.4900093079,
                    220.057891846,
                    4.06039953232,
                    13.6160430908,
                    161.5493927,
                    -157.750076294
                ],
                [
                    491.032836914,
                    136.782455444,
                    119.358802795,
                    427.720611572,
                    85.1722564697,
                    39.2764968872,
                    82.2463912964,
                    123.172210693,
                    68.3966674805,
                    89.817489624,
                    66.9147872925,
                    17.6680030823,
                    74.0202026367
                ],
                [
                    -707.467407227,
                    534.49798584,
                    236.608001709,
                    85.1722564697,
                    420.917358398,
                    84.036491394,
                    166.958770752,
                    17.3526363373,
                    125.441246033,
                    10.9990625381,
                    7.53912782669,
                    12.493768692,
                    19.0066375732
                ],
                [
                    439.426177979,
                    -15.7261972427,
                    187.561309814,
                    39.2764968872,
                    84.036491394,
                    297.791168213,
                    154.054473877,
                    53.9054794312,
                    45.4688529968,
                    62.8154525757,
                    41.2526283264,
                    33.6520881653,
                    -8.06397914886
                ],
                [
                    99.1787261963,
                    297.009338379,
                    44.555683136,
                    82.2463912964,
                    166.958770752,
                    154.054473877,
                    322.544403076,
                    89.5681838989,
                    71.3416137695,
                    85.9562149048,
                    69.7195892334,
                    -9.75087070465,
                    56.7815284729
                ],
                [
                    692.258544922,
                    -20.6491317749,
                    -63.4900093079,
                    123.172210693,
                    17.3526363373,
                    53.9054794312,
                    89.5681838989,
                    238.115280151,
                    37.6741523743,
                    86.7344284058,
                    41.6609802246,
                    -23.8659133911,
                    98.4854049683
                ],
                [
                    -150.73387146,
                    181.091949463,
                    220.057891846,
                    68.3966674805,
                    125.441246033,
                    45.4688529968,
                    71.3416137695,
                    37.6741523743,
                    184.486297607,
                    43.1655540466,
                    19.099401474,
                    38.3729400635,
                    -5.19956970215
                ],
                [
                    462.745880127,
                    17.7700328827,
                    4.06039953232,
                    89.817489624,
                    10.9990625381,
                    62.8154525757,
                    85.9562149048,
                    86.7344284058,
                    43.1655540466,
                    140.446243286,
                    68.2118301392,
                    -9.13969707489,
                    55.8213539124
                ],
                [
                    61.9770507812,
                    143.671646118,
                    13.6160430908,
                    66.9147872925,
                    7.53912782669,
                    41.2526283264,
                    69.7195892334,
                    41.6609802246,
                    19.099401474,
                    68.2118301392,
                    140.506744385,
                    10.0695495605,
                    32.3772697449
                ],
                [
                    168.65423584,
                    -198.135971069,
                    161.5493927,
                    17.6680030823,
                    12.493768692,
                    33.6520881653,
                    -9.75087070465,
                    -23.8659133911,
                    38.3729400635,
                    -9.13969707489,
                    10.0695495605,
                    137.41192627,
                    -45.4264564514
                ],
                [
                    110.419929504,
                    223.385986328,
                    -157.750076294,
                    74.0202026367,
                    19.0066375732,
                    -8.06397914886,
                    56.7815284729,
                    98.4854049683,
                    -5.19956970215,
                    55.8213539124,
                    32.3772697449,
                    -45.4264564514,
                    173.804244995
                ]
            ],
            "icov": [
                [
                    0.000261886103544,
                    0.000114886148367,
                    0.00018003450532,
                    -0.000239246626734,
                    0.000290603231406,
                    -0.000345595180988,
                    9.33531828196e-06,
                    -0.000523773313034,
                    0.000165649107657,
                    -0.000621101236902,
                    0.000355392869096,
                    -0.000406626524637,
                    0.000229140510783
                ],
                [
                    0.000114886148367,
                    0.0011176650878,
                    3.22292726196e-05,
                    -0.000177837966476,
                    -0.000857284467202,
                    7.1623151598e-05,
                    -0.000308550836053,
                    0.000773526495323,
                    -0.000883827917278,
                    0.000843681860715,
                    -0.00127048126888,
                    0.00159869052004,
                    -0.0012878368143
                ],
                [
                    0.00018003450532,
                    3.22292726196e-05,
                    0.00170717539731,
                    -0.000568888382986,
                    -0.000262373185251,
                    -0.00107992033008,
                    0.000550881726667,
                    -4.39441100752e-05,
                    -0.00113158277236,
                    -0.000403176847612,
                    0.0002105316089,
                    -0.00110960169695,
                    0.00122588535305
                ],
                [
                    -0.000239246626734,
                    -0.000177837966476,
                    -0.000568888382986,
                    0.00349430483766,
                    -0.000627884757705,
                    0.00075602781726,
                    7.30648243916e-05,
                    -0.000758224108722,
                    -3.25523433276e-05,
                    -0.0005292709684,
                    -0.000846347247716,
                    -0.000243357921136,
                    -0.000851351534948
                ],
                [
                    0.000290603231406,
                    -0.000857284467202,
                    -0.000262373185251,
                    -0.000627884757705,
                    0.0053047449328,
                    -0.000640665297396,
                    -0.00171162793413,
                    -0.00086304085562,
                    -0.000844975525979,
                    -0.000153233922902,
                    0.00224639591761,
                    -0.0015453605447,
                    0.000586439156905
                ],
                [
                    -0.000345595180988,
                    7.1623151598e-05,
                    -0.00107992033008,
                    0.00075602781726,
                    -0.000640665297396,
                    0.00599993299693,
                    -0.00249723880552,
                    6.63830132908e-06,
                    0.000758519396186,
                    -0.000483832729515,
                    -0.000598437269218,
                    3.92073343392e-06,
                    0.00027647006209
                ],
                [
                    9.33531828196e-06,
                    -0.000308550836053,
                    0.000550881726667,
                    7.30648243916e-05,
                    -0.00171162793413,
                    -0.00249723880552,
                    0.00631945161149,
                    -0.000831537647173,
                    -0.00041366086225,
                    -0.00152493000496,
                    -0.00105464574881,
                    5.7926903537e-05,
                    2.64669415628e-05
                ],
                [
                    -0.000523773313034,
                    0.000773526495323,
                    -4.39441100752e-05,
                    -0.000758224108722,
                    -0.00086304085562,
                    6.63830132908e-06,
                    -0.000831537647173,
                    0.00912822596729,
                    -0.00249479967169,
                    0.000494205101859,
                    -0.00154656951781,
                    0.00290901702829,
                    -0.00436946330592
                ],
                [
                    0.000165649107657,
                    -0.000883827917278,
                    -0.00113158277236,
                    -3.25523433276e-05,
                    -0.000844975525979,
                    0.000758519396186,
                    -0.00041366086225,
                    -0.00249479967169,
                    0.0103346221149,
                    -0.00407051155344,
                    0.00206146785058,
                    -0.00334406807087,
                    0.00205239956267
                ],
                [
                    -0.000621101236902,
                    0.000843681860715,
                    -0.000403176847612,
                    -0.0005292709684,
                    -0.000153233922902,
                    -0.000483832729515,
                    -0.00152493000496,
                    0.000494205101859,
                    -0.00407051155344,
                    0.0163570623845,
                    -0.00635523954406,
                    0.00408436823636,
                    -0.00374166364782
                ],
                [
                    0.000355392869096,
                    -0.00127048126888,
                    0.0002105316089,
                    -0.000846347247716,
                    0.00224639591761,
                    -0.000598437269218,
                    -0.00105464574881,
                    -0.00154656951781,
                    0.00206146785058,
                    -0.00635523954406,
                    0.0124150831252,
                    -0.00418651523069,
                    0.00160198553931
                ],
                [
                    -0.000406626524637,
                    0.00159869052004,
                    -0.00110960169695,
                    -0.000243357921136,
                    -0.0015453605447,
                    3.92073343392e-06,
                    5.7926903537e-05,
                    0.00290901702829,
                    -0.00334406807087,
                    0.00408436823636,
                    -0.00418651523069,
                    0.013115119189,
                    -0.0014021191746
                ],
                [
                    0.000229140510783,
                    -0.0012878368143,
                    0.00122588535305,
                    -0.000851351534948,
                    0.000586439156905,
                    0.00027647006209,
                    2.64669415628e-05,
                    -0.00436946330592,
                    0.00205239956267,
                    -0.00374166364782,
                    0.00160198553931,
                    -0.0014021191746,
                    0.0117526911199
                ]
            ],
            "mean": [
                8.07408905029,
                76.8036956787,
                -93.1787109375,
                28.2815475464,
                -57.9711418152,
                12.158618927,
                -36.5564651489,
                12.974738121,
                -25.4192886353,
                3.56785106659,
                -11.4743204117,
                -1.86789989471,
                -2.94588470459
            ]
        },
        "hfc": {
            "dmean": 14.6839723587,
            "dmean2": 20.2772331238,
            "dvar": 845.073120117,
            "dvar2": 1342.53857422,
            "max": 363.531799316,
            "mean": 32.395904541,
            "median": 21.7946395874,
            "min": 2.06025310945e-06,
            "var": 1917.51501465
        },
        "melbands": {
            "dmean": [
                0.00316502456553,
                0.00174772902392,
                0.000677825475577,
                0.000449014158221,
                0.000329654081725,
                0.000231567813898,
                0.000122287034173,
                0.000105136452476,
                0.000111323075544,
                0.000106496700027,
                0.000175684777787,
                0.000132756307721,
                4.9366204621e-05,
                4.13014058722e-05,
                3.65375417459e-05,
                4.18667732447e-05,
                2.2762995286e-05,
                4.42435703008e-05,
                2.42942533077e-05,
                1.75012064574e-05,
                1.25116193885e-05,
                1.30216867547e-05,
                8.58866860654e-06,
                1.33256253321e-05,
                1.13309479275e-05,
                6.2342783167e-06,
                7.60960710977e-06,
                1.26844370243e-05,
                1.03533429865e-05,
