{
    "lowlevel": {
        "average_loudness": 0.478607833385,
        "barkbands": {
            "dmean": [
                7.84558096711e-07,
                6.03985972703e-05,
                0.000105183236883,
                0.000209295001696,
                0.00322413304821,
                0.00149566913024,
                0.000745574652683,
                0.000771170249209,
                0.000467381760245,
                0.000453390501207,
                0.000382384867407,
                0.000437361188233,
                0.000286585040158,
                0.000167634891113,
                0.000154889537953,
                9.19010926737e-05,
                8.64600588102e-05,
                7.22748009139e-05,
                8.04693845566e-05,
                5.19360291946e-05,
                5.99152044742e-05,
                5.42848501937e-05,
                5.1653933042e-05,
                4.52248859801e-05,
                2.95113877655e-05,
                5.51410630578e-06,
                3.33556499754e-06
            ],
            "dmean2": [
                1.27046223497e-06,
                0.00010492074216,
                0.00017070476315,
                0.000325143686496,
                0.00479547958821,
                0.00217154156417,
                0.00115816865582,
                0.00117884483188,
                0.000685487233568,
                0.000675682444125,
                0.000604210712481,
                0.000686894985847,
                0.000444124394562,
                0.000256065948633,
                0.000242029302171,
                0.000146671533003,
                0.000131323729875,
                0.000113285947009,
                0.000127392457216,
                7.92330829427e-05,
                8.82515523699e-05,
                8.31439756439e-05,
                7.82998104114e-05,
                6.52955350233e-05,
                4.54228465969e-05,
                8.43704310682e-06,
                5.22185609952e-06
            ],
            "dvar": [
                5.23539458314e-12,
                3.75326010271e-08,
                9.64205995047e-08,
                3.16384955568e-07,
                2.65256294369e-05,
                1.37402203109e-05,
                4.68585494673e-06,
                5.18336992172e-06,
                2.19589992412e-06,
                2.4620669592e-06,
                3.82849430025e-06,
                5.92057904214e-06,
                1.62459309649e-06,
                8.64266382905e-07,
                5.52436176804e-07,
                1.02746774644e-07,
                7.99648702809e-08,
                6.51239631111e-08,
                2.03160553269e-07,
                3.22828270782e-08,
                3.39799512972e-08,
                3.31078275906e-08,
                2.84797465611e-08,
                2.47895197703e-08,
                9.56673584795e-09,
                4.52979237453e-10,
                1.45594258871e-10
            ],
            "dvar2": [
                1.28356986498e-11,
                1.04796804123e-07,
                2.39410525182e-07,
                7.40107680031e-07,
                5.58971041755e-05,
                2.77900544461e-05,
                1.09438806248e-05,
                1.13450687422e-05,
                4.43979524789e-06,
                5.65693471799e-06,
                9.96334347292e-06,
                1.57117683557e-05,
                3.95342749471e-06,
                1.96995006263e-06,
                1.39619703532e-06,
                2.39640684185e-07,
                1.68424961089e-07,
                1.43429502941e-07,
                5.32116928298e-07,
                8.30591844192e-08,
                6.63969501602e-08,
                7.70359847024e-08,
                6.44640678615e-08,
                4.82298112559e-08,
                2.20826930075e-08,
                1.09680342586e-09,
                3.47368911413e-10
            ],
            "max": [
                5.71442833461e-05,
                0.00613253191113,
                0.00604561064392,
                0.012619940564,
                0.0715157017112,
                0.0732058510184,
                0.0649923533201,
                0.0661889463663,
                0.0348057486117,
                0.0470036715269,
                0.0696263164282,
                0.0787706971169,
                0.0342950448394,
                0.0517801940441,
                0.0436936616898,
                0.0132758524269,
                0.0130633655936,
                0.0102358348668,
                0.0228025503457,
                0.00919305067509,
                0.00765169644728,
                0.00339241791517,
                0.00301766186021,
                0.00426082033664,
                0.00168281537481,
                0.000769359001424,
                0.000274548539892
            ],
            "mean": [
                8.44921999033e-07,
                7.13957342668e-05,
                0.000146555845276,
                0.000311317504384,
                0.00777681963518,
                0.00307451467961,
                0.00117462326307,
                0.00134215469006,
                0.00077992095612,
                0.000818512693513,
                0.000635312462691,
                0.000820142682642,
                0.00048762964434,
                0.000259499647655,
                0.000264375703409,
                0.000152837019414,
                0.000145669764606,
                0.000124472775497,
                0.000133391731651,
                9.27447690628e-05,
                0.000103645623312,
                6.71122397762e-05,
                6.37190096313e-05,
                6.91179084242e-05,
                3.70392663172e-05,
                6.39094423605e-06,
                3.58980946658e-06
            ],
            "median": [
                2.82491896542e-07,
                1.83195588761e-05,
                1.95265929506e-05,
                5.00063142681e-05,
                0.00307925930247,
                0.000373238872271,
                0.000193028856302,
                0.000124527767184,
                7.56769222789e-05,
                6.09600938333e-05,
                2.74772628472e-05,
                3.21439874824e-05,
                2.50992507063e-05,
                2.66208335233e-05,
                3.22623163811e-05,
                1.81106388482e-05,
                2.19741104956e-05,
                2.20227866521e-05,
                2.24789218919e-05,
                2.02671162697e-05,
                1.818036435e-05,
                6.37260427538e-06,
                5.91642901782e-06,
                7.91917136667e-06,
                5.07685672346e-06,
                7.11489008154e-07,
                4.01654489224e-07
            ],
            "min": [
                4.19550820947e-24,
                5.13760558219e-23,
                8.68237824998e-24,
                8.42370050397e-24,
                5.30953371441e-23,
                6.16118857877e-23,
                7.30317249748e-24,
                7.72788590029e-23,
                1.22970010799e-22,
                8.8288826574e-23,
                6.83847236647e-23,
                1.06354075781e-22,
                1.5126701945e-22,
                3.44411016665e-22,
                1.14204718535e-22,
                1.64132709725e-22,
                1.55157277537e-22,
                1.29771405441e-22,
                2.50587661886e-22,
                3.28673784342e-22,
                4.60774184854e-22,
                5.82794482854e-22,
                4.42715858691e-22,
                1.00997369446e-21,
                9.96061166833e-22,
                1.78133203549e-21,
                2.55942343688e-21
            ],
            "var": [
                5.76768060395e-12,
                3.40625554429e-08,
                1.25050462429e-07,
                5.92256242271e-07,
                0.000102843281638,
                5.36440711585e-05,
                7.89088335296e-06,
                1.51314297909e-05,
                5.17043235959e-06,
                6.66074402034e-06,
                8.49836942507e-06,
                1.78823975148e-05,
                4.86178259962e-06,
                1.65492281212e-06,
                1.35283585223e-06,
                2.90865244779e-07,
                1.86453149809e-07,
                1.59235085562e-07,
                3.41397026205e-07,
                9.23304455114e-08,
                1.02551943826e-07,
                4.87246261116e-08,
                4.31506386178e-08,
                6.12981452264e-08,
                1.34989894818e-08,
                5.29809307537e-10,
                1.63559082944e-10
            ]
        },
        "barkbands_crest": {
            "dmean": 2.88201546669,
            "dmean2": 4.52170562744,
            "dvar": 7.4096326828,
            "dvar2": 16.830739975,
            "max": 26.8608531952,
            "mean": 13.807352066,
            "median": 13.2544689178,
            "min": 2.421179533,
            "var": 33.9720001221
        },
        "barkbands_flatness_db": {
            "dmean": 0.0301780700684,
            "dmean2": 0.0430311076343,
            "dvar": 0.0010539322393,
            "dvar2": 0.00184568041004,
            "max": 0.547987937927,
            "mean": 0.192456975579,
            "median": 0.189219564199,
            "min": 0.0231211818755,
            "var": 0.00745476968586
        },
        "barkbands_kurtosis": {
            "dmean": 12.880657196,
            "dmean2": 19.0616607666,
            "dvar": 1274.07214355,
            "dvar2": 2554.78710938,
            "max": 1405.06896973,
            "mean": 24.2111282349,
            "median": 7.57220172882,
            "min": -1.93891453743,
            "var": 2961.79931641
        },
        "barkbands_skewness": {
            "dmean": 1.01249372959,
            "dmean2": 1.47422587872,
            "dvar": 1.69115519524,
            "dvar2": 3.29674720764,
            "max": 29.5692939758,
            "mean": 2.95059466362,
            "median": 2.34741997719,
            "min": -5.25283384323,
            "var": 8.1737909317
        },
        "barkbands_spread": {
            "dmean": 5.69633102417,
            "dmean2": 8.63369369507,
            "dvar": 91.0378799438,
            "dvar2": 184.342010498,
            "max": 95.1307067871,
            "mean": 14.3483371735,
            "median": 7.96804618835,
            "min": 0.0607273057103,
            "var": 252.53944397
        },
        "dissonance": {
            "dmean": 0.0272689368576,
            "dmean2": 0.0443448238075,
            "dvar": 0.000798550492618,
            "dvar2": 0.00202588224784,
            "max": 0.500000059605,
            "mean": 0.437265902758,
            "median": 0.450452506542,
            "min": 0.148966774344,
            "var": 0.00287727848627
        },
        "dynamic_complexity": 5.83103179932,
        "erbbands": {
            "dmean": [
                0.000886619673111,
                0.0175196006894,
                0.103711910546,
                0.391309797764,
                4.18010663986,
                12.99198246,
                19.3217353821,
                7.64089393616,
                8.81334781647,
                13.8681621552,
                15.6103658676,
                10.988576889,
                11.5325155258,
                14.8391838074,
                14.9271430969,
                16.4783401489,
                11.9502086639,
                8.54819107056,
                8.39808177948,
                5.96924781799,
                4.37151479721,
                4.42560148239,
                3.78042888641,
                4.06600856781,
                3.24041032791,
                2.33771634102,
                2.74937129021,
                2.07291221619,
                2.03756737709,
                1.60663485527,
                1.40578055382,
                1.14715635777,
                0.667626082897,
                0.414398789406,
                0.165216445923,
                0.033160969615,
                0.00865675415844,
                0.00378609704785,
                0.000549041957129,
                2.18355744437e-05
            ],
            "dmean2": [
                0.00151958747301,
                0.0302889198065,
                0.168531119823,
                0.600152671337,
                6.07336616516,
                19.1035175323,
                28.0785961151,
                11.4446821213,
                13.4644050598,
                21.3065910339,
                23.4141082764,
                15.9063510895,
                16.7850761414,
                22.2525215149,
                23.5976257324,
                25.7799243927,
                18.4687538147,
                13.1838302612,
                12.8981466293,
                9.38333320618,
                6.74671983719,
                6.66556167603,
                5.92855548859,
                6.40769433975,
                5.00781583786,
                3.55343604088,
                4.07760858536,
                3.0806145668,
                3.13017868996,
                2.44644284248,
                2.12840723991,
                1.66425919533,
                0.970190525055,
                0.627612054348,
                0.260481804609,
                0.0515202283859,
                0.0133366491646,
                0.00589903630316,
                0.000859195017256,
                3.36303164659e-05
            ],
            "dvar": [
                8.52599441714e-06,
                0.00307330209762,
                0.0947948396206,
                0.870755493641,
                85.9954299927,
                554.48425293,
                1948.49145508,
                509.572296143,
                760.622070312,
                1784.21875,
                2303.42553711,
                1210.7947998,
                1324.84997559,
                3584.75341797,
                6801.93017578,
                8172.30273438,
                2654.0847168,
                1393.84326172,
                1601.32128906,
                608.541015625,
                170.151855469,
                186.076400757,
                149.542861938,
                569.533874512,
                219.306777954,
                68.3613052368,
                62.8164672852,
                52.3296318054,
                47.2952842712,
                32.0821647644,
                20.3617115021,
                16.5524940491,
                5.26685380936,
                1.78551948071,
                0.3729377985,
                0.0147552182898,
                0.00149322417565,
                0.000192561652511,
                3.84804661735e-06,
                3.75286468568e-09
            ],
            "dvar2": [
                2.33995742747e-05,
                0.008499504067,
                0.235809996724,
                2.06184840202,
                177.47467041,
                1134.11804199,
                3915.79467773,
                1162.34143066,
                1806.89147949,
                4213.50927734,
                5011.20410156,
                2401.23242188,
                2889.56469727,
                8170.4609375,
                18367.2109375,
                21487.2910156,
                6417.6015625,
                3286.25244141,
                3978.50976562,
                1414.59033203,
                391.454498291,
                388.379638672,
                312.313781738,
                1277.86315918,
                625.448181152,
                189.448989868,
                131.514328003,
                105.442611694,
                110.727645874,
                75.7510223389,
                45.2128677368,
                33.156162262,
                11.1731767654,
                3.969009161,
                0.916444599628,
                0.0351943783462,
                0.00376001931727,
                0.000461350602563,
                9.08676793188e-06,
                9.12699960054e-09
            ],
            "max": [
                0.0902568697929,
                1.61908888817,
                5.79019021988,
                18.2985420227,
                257.037322998,
                422.277191162,
                830.017700195,
                630.686950684,
                1076.31201172,
                1411.01086426,
                1811.26660156,
                1107.55871582,
                978.856994629,
                1799.59143066,
                3058.24755859,
                2932.61450195,
                1653.73498535,
                1623.93457031,
                1993.99121094,
                1144.58288574,
                352.172637939,
                520.352233887,
                532.919799805,
                1479.90332031,
                955.13848877,
                420.81640625,
                176.321914673,
                377.184051514,
                156.842712402,
                111.361953735,
                81.5406799316,
                98.5186309814,
                69.5285644531,
                24.5358886719,
                14.1278333664,
                2.89452886581,
                1.81089794636,
                0.281202435493,
                0.0445279590786,
                0.00131038902327
            ],
            "mean": [
                0.0011323436629,
                0.0213795620948,
                0.150296658278,
                0.696925997734,
                8.32312202454,
                30.0844135284,
                45.431968689,
                14.3254098892,
                15.0977945328,
                22.0885562897,
                28.5054206848,
                19.5749378204,
                21.7284507751,
                27.3880138397,
                28.5816421509,
                33.022808075,
                23.3188972473,
                14.4588356018,
                15.2047653198,
                11.3317451477,
                8.18902015686,
                8.02256774902,
                6.9241476059,
                7.10187101364,
                5.81318044662,
                4.35386657715,
                4.80826473236,
                3.33675694466,
                2.53393745422,
                1.93108832836,
                1.77121138573,
                1.68967282772,
                0.983548045158,
                0.550353825092,
                0.184288799763,
                0.0375961661339,
                0.0101224808022,
                0.00411179149523,
                0.000595750752836,
                4.13464294979e-05
            ],
            "median": [
                0.000506478419993,
                0.00495207961649,
                0.0286323595792,
                0.202600732446,
                1.86619901657,
                8.98718166351,
                5.83191013336,
                3.18963027,
                3.35632896423,
                3.68175888062,
                3.4401242733,
                2.45194983482,
                2.13684725761,
                2.04350447655,
                1.41689956188,
                1.43532252312,
                1.33358025551,
                1.47172391415,
                1.82595121861,
                1.49163889885,
                1.13038635254,
                1.25603032112,
                1.27974438667,
                1.20111048222,
                1.10078656673,
                0.946462213993,
                0.928454220295,
                0.548905968666,
                0.252240478992,
                0.144867986441,
                0.180486023426,
                0.178341016173,
                0.122182220221,
                0.0796675384045,
                0.0209358725697,
                0.00389307574369,
                0.00116119277664,
                0.000377281015972,
                6.51105292491e-05,
                2.48162614298e-05
            ],
            "min": [
                1.83014942413e-21,
                1.00303258687e-20,
                1.09933305072e-20,
                1.59293870254e-20,
                7.26365261212e-20,
                1.80553197172e-19,
                5.2273135973e-19,
                4.3210795921e-19,
                1.35616390675e-19,
                4.80550525164e-19,
                2.30047820543e-18,
                2.17241699812e-18,
                3.08070618525e-18,
                3.11745699269e-18,
                2.56333428381e-18,
                5.01877733237e-18,
                8.0940235052e-18,
                1.65408097631e-17,
                9.00404294737e-18,
                5.48058151501e-18,
                1.16594755206e-17,
                9.39831114172e-18,
                7.30982898754e-18,
                1.13875936609e-17,
                1.11307879952e-17,
                1.66093598749e-17,
                1.37243615206e-17,
                2.26469693639e-17,
                2.23601180167e-17,
                1.50444152196e-17,
                1.4710146571e-17,
                1.75871601508e-17,
                1.68929703284e-17,
                1.00712606203e-17,
                8.21593255669e-18,
                4.93422458452e-18,
                4.17107891831e-18,
                1.2996294723e-18,
                3.47951663514e-19,
                3.72249176354e-20
            ],
            "var": [
                7.88466695667e-06,
                0.00292368256487,
                0.123463213444,
                1.72873198986,
                278.592346191,
                2104.28881836,
                9085.37988281,
                1177.44921875,
                1352.20141602,
                2951.10083008,
                7690.14550781,
                3051.92358398,
                3842.48461914,
                9861.41210938,
                17717.5019531,
                26410.8867188,
                9716.95898438,
                3234.70288086,
                4877.83544922,
                1956.73852539,
                615.727539062,
                532.980163574,
                408.513427734,
                1038.84143066,
                456.823272705,
                208.163497925,
                173.684387207,
                135.090438843,
                69.8943862915,
                44.3376045227,
                32.9333000183,
                38.7661209106,
                11.3152799606,
                2.96109628677,
                0.40131855011,
                0.0173790045083,
                0.00156718678772,
                0.000222190952627,
                4.47862066721e-06,
                4.64051908011e-09
            ]
        },
        "erbbands_crest": {
            "dmean": 3.27571725845,
            "dmean2": 5.12897396088,
            "dvar": 9.65900707245,
            "dvar2": 21.6034526825,
            "max": 34.1805534363,
            "mean": 12.797036171,
            "median": 11.6064319611,
            "min": 2.47648620605,
            "var": 38.0591316223
        },
        "erbbands_flatness_db": {
            "dmean": 0.0241328030825,
            "dmean2": 0.0344524756074,
            "dvar": 0.000655427807942,
            "dvar2": 0.00119485764299,
            "max": 0.493103146553,
            "mean": 0.203972861171,
            "median": 0.203346952796,
            "min": 0.032648768276,
            "var": 0.00528502184898
        },
        "erbbands_kurtosis": {
            "dmean": 3.38716411591,
            "dmean2": 5.11006259918,
            "dvar": 52.502986908,
            "dvar2": 118.904602051,
            "max": 300.79296875,
            "mean": 5.57219600677,
            "median": 1.88104963303,
            "min": -1.89351189137,
            "var": 206.851776123
        },
        "erbbands_skewness": {
            "dmean": 0.607315421104,
            "dmean2": 0.882993280888,
            "dvar": 0.492685586214,
            "dvar2": 0.943854987621,
            "max": 11.9200162888,
            "mean": 1.28765463829,
            "median": 1.12228357792,
            "min": -10.7982807159,
            "var": 2.72186136246
        },
        "erbbands_spread": {
            "dmean": 9.63172721863,
            "dmean2": 14.7092237473,
            "dvar": 173.847885132,
            "dvar2": 387.187652588,
            "max": 142.70892334,
            "mean": 30.6292514801,
            "median": 24.8020896912,
            "min": 0.460442513227,
            "var": 492.397766113
        },
        "gfcc": {
            "cov": [
                [
                    9283.44921875,
                    -512.261474609,
                    -1525.09350586,
                    -368.616638184,
                    -827.062011719,
                    -113.924659729,
                    -354.809570312,
                    -106.503952026,
                    -320.37197876,
                    -198.865890503,
                    -296.463439941,
                    -135.085510254,
                    -124.819068909
                ],
                [
                    -512.261474609,
                    1568.88879395,
                    300.233123779,
                    -300.118499756,
                    -160.665084839,
                    -419.721191406,
                    -175.942306519,
                    -126.97052002,
                    -134.91960144,
                    -116.878829956,
                    47.1852378845,
                    -159.395370483,
                    83.083694458
                ],
                [
                    -1525.09350586,
                    300.233123779,
                    1755.39819336,
                    483.876647949,
                    -182.12097168,
                    -256.544433594,
                    -400.630249023,
                    -142.00881958,
                    -26.6363315582,
                    18.5592670441,
                    -78.2057037354,
                    -15.0142402649,
                    -65.5598831177
                ],
                [
                    -368.616638184,
                    -300.118499756,
                    483.876647949,
                    632.231567383,
                    91.9923019409,
                    33.3762741089,
                    -160.465393066,
                    -53.5950050354,
                    46.0729827881,
                    24.1301765442,
                    -70.7142715454,
                    24.8851146698,
                    -61.9766426086
                ],
                [
                    -827.062011719,
                    -160.665084839,
                    -182.12097168,
                    91.9923019409,
                    422.662445068,
                    203.255523682,
                    146.24546814,
                    44.4575080872,
                    50.0456504822,
                    6.35238170624,
                    17.1789493561,
                    42.7629737854,
                    -36.3712387085
                ],
                [
                    -113.924659729,
                    -419.721191406,
                    -256.544433594,
                    33.3762741089,
                    203.255523682,
                    451.043518066,
                    232.984909058,
                    28.7848510742,
                    33.2351951599,
                    23.6149330139,
                    -2.58764529228,
                    52.3117485046,
                    -66.4124145508
                ],
                [
                    -354.809570312,
                    -175.942306519,
                    -400.630249023,
                    -160.465393066,
                    146.24546814,
                    232.984909058,
                    396.844726562,
                    88.9256896973,
                    24.0949058533,
                    35.4874801636,
                    50.7844619751,
                    42.828212738,
                    -6.44658899307
                ],
                [
                    -106.503952026,
                    -126.97052002,
                    -142.00881958,
                    -53.5950050354,
                    44.4575080872,
                    28.7848510742,
                    88.9256896973,
                    192.2943573,
                    77.8003463745,
                    9.91850852966,
                    6.33365440369,
                    -4.27124023438,
                    5.81437444687
                ],
                [
                    -320.37197876,
                    -134.91960144,
                    -26.6363315582,
                    46.0729827881,
                    50.0456504822,
                    33.2351951599,
                    24.0949058533,
                    77.8003463745,
                    171.006576538,
                    48.4132499695,
                    -1.70720338821,
                    25.8736038208,
                    -5.75130081177
                ],
                [
                    -198.865890503,
                    -116.878829956,
                    18.5592670441,
                    24.1301765442,
                    6.35238170624,
                    23.6149330139,
                    35.4874801636,
                    9.91850852966,
                    48.4132499695,
                    132.563598633,
                    19.285577774,
                    20.9644145966,
                    5.30871105194
                ],
                [
                    -296.463439941,
                    47.1852378845,
                    -78.2057037354,
                    -70.7142715454,
                    17.1789493561,
                    -2.58764529228,
                    50.7844619751,
                    6.33365440369,
                    -1.70720338821,
                    19.285577774,
                    123.235519409,
                    28.6843070984,
                    15.9607868195
                ],
                [
                    -135.085510254,
                    -159.395370483,
                    -15.0142402649,
                    24.8851146698,
                    42.7629737854,
                    52.3117485046,
                    42.828212738,
                    -4.27124023438,
                    25.8736038208,
                    20.9644145966,
                    28.6843070984,
                    134.499954224,
                    22.7522087097
                ],
                [
                    -124.819068909,
                    83.083694458,
                    -65.5598831177,
                    -61.9766426086,
                    -36.3712387085,
                    -66.4124145508,
                    -6.44658899307,
                    5.81437444687,
                    -5.75130081177,
                    5.30871105194,
                    15.9607868195,
                    22.7522087097,
                    140.495925903
                ]
            ],
            "icov": [
                [
                    0.00034014027915,
                    8.21890862426e-05,
                    0.000549456453882,
                    -4.24023128289e-05,
                    0.000773130333982,
                    -5.89160845266e-05,
                    0.000553391757421,
                    -9.15303171496e-05,
                    0.000614482734818,
                    2.95703157462e-05,
                    0.000763356219977,
                    -0.000294064637274,
                    0.000677687581629
                ],
                [
                    8.21890862426e-05,
                    0.00139680656139,
                    -0.000242264824919,
                    0.000769029487856,
                    -0.000285252754111,
                    0.000990565866232,
                    -0.000121092401969,
                    0.000988886342384,
                    -9.52237405727e-06,
                    0.000906937988475,
                    -0.000397076073568,
                    0.0013547136914,
                    -0.000387826905353
                ],
                [
                    0.000549456453882,
                    -0.000242264824919,
                    0.00193084473722,
                    -0.000875681871548,
                    0.00163315504324,
                    -3.85901621485e-05,
                    0.0013846096117,
                    -0.000270668562734,
                    0.00120020681061,
                    -0.000473362888442,
                    0.00147199479397,
                    -0.00106976309326,
                    0.00169843214098
                ],
                [
                    -4.24023128289e-05,
                    0.000769029487856,
                    -0.000875681871548,
                    0.00316622550599,
                    -0.00124282028992,
                    5.22132249898e-05,
                    0.000872495293152,
                    0.000850748619996,
                    -0.00066488084849,
                    2.6555149816e-05,
                    0.000542756170034,
                    0.000306449364871,
                    6.39066565782e-05
                ],
                [
                    0.000773130333982,
                    -0.000285252754111,
                    0.00163315504324,
                    -0.00124282028992,
                    0.00542145641521,
                    -0.00139615801163,
                    0.000629957707133,
                    -0.000771721766796,
                    0.000941462640185,
                    0.000393372232793,
                    0.00131136190612,
                    -0.0014116227394,
                    0.00197706394829
                ],
                [
                    -5.89160845266e-05,
                    0.000990565866232,
                    -3.85901621485e-05,
                    5.22132249898e-05,
                    -0.00139615801163,
                    0.00508051738143,
                    -0.00248579168692,
                    0.00137110531796,
                    -0.000309983850457,
                    0.000487587501993,
                    0.000491004262585,
                    9.07389694476e-05,
                    0.00113463890739
                ],
                [
                    0.000553391757421,
                    -0.000121092401969,
                    0.0013846096117,
                    0.000872495293152,
                    0.000629957707133,
                    -0.00248579168692,
                    0.00653490796685,
                    -0.00208971672691,
                    0.00191078532953,
                    -0.00139630923513,
                    0.000444801844424,
                    -0.0014369104756,
                    0.00128176377621
                ],
                [
                    -9.15303171496e-05,
                    0.000988886342384,
                    -0.000270668562734,
                    0.000850748619996,
                    -0.000771721766796,
                    0.00137110531796,
                    -0.00208971672691,
                    0.00844726618379,
                    -0.00408504065126,
                    0.00156253040768,
                    -0.000438806368038,
                    0.00233797356486,
                    -0.00096928345738
                ],
                [
                    0.000614482734818,
                    -9.52237405727e-06,
                    0.00120020681061,
                    -0.00066488084849,
                    0.000941462640185,
                    -0.000309983850457,
                    0.00191078532953,
                    -0.00408504065126,
                    0.0100029623136,
                    -0.00299607589841,
                    0.00204261671752,
                    -0.0022562192753,
                    0.00182824931107
                ],
                [
                    2.95703157462e-05,
                    0.000906937988475,
                    -0.000473362888442,
                    2.6555149816e-05,
                    0.000393372232793,
                    0.000487587501993,
                    -0.00139630923513,
                    0.00156253040768,
                    -0.00299607589841,
                    0.00986153446138,
                    -0.00175993284211,
                    0.000799961446319,
                    -0.000940527301282
                ],
                [
                    0.000763356219977,
                    -0.000397076073568,
                    0.00147199479397,
                    0.000542756170034,
                    0.00131136190612,
                    0.000491004262585,
                    0.000444801844424,
                    -0.000438806368038,
                    0.00204261671752,
                    -0.00175993284211,
                    0.0118678510189,
                    -0.00335673289374,
                    0.00179493438918
                ],
                [
                    -0.000294064637274,
                    0.0013547136914,
                    -0.00106976309326,
                    0.000306449364871,
                    -0.0014116227394,
                    9.07389694476e-05,
                    -0.0014369104756,
                    0.00233797356486,
                    -0.0022562192753,
                    0.000799961446319,
                    -0.00335673289374,
                    0.0111238108948,
                    -0.00345427636057
                ],
                [
                    0.000677687581629,
                    -0.000387826905353,
                    0.00169843214098,
                    6.39066565782e-05,
                    0.00197706394829,
                    0.00113463890739,
                    0.00128176377621,
                    -0.00096928345738,
                    0.00182824931107,
                    -0.000940527301282,
                    0.00179493438918,
                    -0.00345427636057,
                    0.0103827416897
                ]
            ],
            "mean": [
                -89.8745117188,
                80.9493865967,
                -113.908149719,
                13.188835144,
                -73.7184906006,
                -8.68426990509,
                -49.1063499451,
                -5.87169361115,
                -29.154876709,
                -6.52726697922,
                -11.5159301758,
                -8.10690784454,
                -2.67044591904
            ]
        },
        "hfc": {
            "dmean": 4.28383159637,
            "dmean2": 6.19354343414,
            "dvar": 56.8721580505,
            "dvar2": 128.618438721,
            "max": 211.116424561,
            "mean": 12.9256458282,
            "median": 7.54375553131,
            "min": 1.15205559961e-16,
            "var": 307.219970703
        },
        "melbands": {
            "dmean": [
                1.19146961879e-05,
                4.28536368418e-05,
                0.000139646523166,
                0.000617655110545,
                0.000648476241622,
                0.000194736392586,
                0.000141061405884,
                0.000156719004735,
                0.000121482749819,
                6.75986084389e-05,
                5.94106095377e-05,
                6.18296835455e-05,
                5.02417678945e-05,
                4.90674319735e-05,
                3.64995466953e-05,
                2.56863422692e-05,
                1.60598829098e-05,
                1.49671650433e-05,
                1.09436377898e-05,
                7.33505794415e-06,
                5.34534501639e-06,
                5.13253871759e-06,
                4.37452445112e-06,
