{
    "lowlevel": {
        "average_loudness": 0.927128434181,
        "barkbands": {
            "dmean": [
                0.000491778366268,
                0.00946011021733,
                0.0050798477605,
                0.00240880181082,
                0.00160990923177,
                0.000670039502438,
                0.000340687838616,
                0.000185706929187,
                0.000460531184217,
                0.000666865671519,
                0.000694077520166,
                0.000728832674213,
                0.000540025241207,
                0.000629173708148,
                0.000600171682891,
                0.000404254940804,
                0.000233005033806,
                0.000209478777833,
                0.00024848812609,
                0.00014694694255,
                0.000139478870551,
                9.75674483925e-05,
                5.55238511879e-05,
                9.90597181953e-05,
                0.000118111383927,
                4.2811534513e-05,
                2.64915688604e-05
            ],
            "dmean2": [
                0.000768126919866,
                0.0133954640478,
                0.00858454219997,
                0.00428766058758,
                0.00296012731269,
                0.0011110502528,
                0.00055187480757,
                0.000306745554553,
                0.000701399578247,
                0.0010360138258,
                0.00103744596709,
                0.0011015185155,
                0.000859204039443,
                0.000957957759965,
                0.000907281180844,
                0.000632801966276,
                0.000336348894052,
                0.000330568611389,
                0.00036602516775,
                0.000227447060752,
                0.000213785504457,
                0.000162687472766,
                8.91028394108e-05,
                0.000168286045664,
                0.000201826696866,
                6.63481332595e-05,
                4.24525205744e-05
            ],
            "dvar": [
                6.78784090269e-07,
                0.000313142081723,
                0.000217414926738,
                5.99110862822e-05,
                2.63120891759e-05,
                2.71471526503e-06,
                7.47994931771e-07,
                2.78661957509e-07,
                1.02053900264e-06,
                4.14881424149e-06,
                3.09329743686e-06,
                2.78633024209e-06,
                1.66829306636e-06,
                2.57769875134e-06,
                1.92626475837e-06,
                7.06706543951e-07,
                3.64737729797e-07,
                1.59594961247e-07,
                1.86174759165e-07,
                4.77724313441e-08,
                4.75064787508e-08,
                3.52762725697e-08,
                1.17091270013e-08,
                5.054876695e-08,
                8.79254642427e-08,
                8.08400635322e-09,
                3.09379477592e-09
            ],
            "dvar2": [
                1.75523393864e-06,
                0.000560868065804,
                0.000553465797566,
                0.000166512254509,
                7.64954238548e-05,
                7.48764114178e-06,
                1.92332504412e-06,
                7.40914174457e-07,
                2.07030007005e-06,
                9.34267245611e-06,
                5.97753569309e-06,
                6.34369553154e-06,
                4.13358930018e-06,
                5.47250738236e-06,
                4.1476023398e-06,
                1.57460374339e-06,
                7.42260681363e-07,
                3.73808035192e-07,
                3.87880362496e-07,
                1.08010837607e-07,
                1.03338841484e-07,
                9.11468234222e-08,
                2.75723142096e-08,
                1.4245617308e-07,
                2.38536699726e-07,
                1.86752782128e-08,
                7.8311348517e-09
            ],
            "max": [
                0.0103479363024,
                0.154991194606,
                0.112984880805,
                0.0766590684652,
                0.0467159859836,
                0.0220890045166,
                0.0182317551225,
                0.0126001825556,
                0.0416071005166,
                0.0474041886628,
                0.0612824782729,
                0.0343233682215,
                0.0201484132558,
                0.0391982570291,
                0.0292188487947,
                0.0136293862015,
                0.0124420588836,
                0.00901589449495,
                0.00984152872115,
                0.0049029160291,
                0.00474729342386,
                0.00214024586603,
                0.00107420235872,
                0.00204229890369,
                0.00503419619054,
                0.00243663904257,
                0.000500277848914
            ],
            "mean": [
                0.00073138717562,
                0.0171954706311,
                0.00517394021153,
                0.00232088309713,
                0.00182143901475,
                0.0010297386907,
                0.000510481593665,
                0.000228698903811,
                0.000839926768094,
                0.000959896715358,
                0.00121237884741,
                0.0011945697479,
                0.000864979112521,
                0.00101639062632,
                0.00102651887573,
                0.000625492073596,
                0.000403240701417,
                0.000370407040464,
                0.000524833565578,
                0.00031133837183,
                0.000302305619698,
                0.00015432255168,
                9.34070703806e-05,
                0.000153083441546,
                0.000156814654474,
                7.25047575543e-05,
                3.96431350964e-05
            ],
            "median": [
                0.000139741838211,
                0.00679766573012,
                0.00102570606396,
                0.000453577551525,
                0.000657753029373,
                0.00050573667977,
                0.000175651235622,
                8.20210043457e-05,
                0.000256926519796,
                0.000200148017029,
                0.000222038113861,
                0.000244087379542,
                0.000224404924666,
                0.000200459966436,
                0.000168000318808,
                0.000126993094455,
                9.24117121031e-05,
                0.000116383533168,
                0.000233047496295,
                0.000169691309566,
                0.000169495004229,
                5.65630434721e-05,
                4.36526570411e-05,
                7.14936613804e-05,
                6.52746311971e-05,
                3.06139918393e-05,
                2.02549708774e-05
            ],
            "min": [
                2.74165747989e-25,
                2.03421037274e-24,
                1.14494295568e-24,
                8.19346286992e-25,
                7.76372132686e-24,
                7.09253480287e-24,
                5.94280001023e-24,
                9.71717600874e-24,
                9.92663514515e-24,
                1.29452516309e-23,
                1.33987109673e-23,
                2.15266809286e-23,
                1.65823011453e-23,
                2.31852010283e-23,
                3.73338205271e-23,
                4.9235065237e-23,
                5.05930703527e-23,
                8.14073783276e-23,
                1.07254803473e-22,
                1.37401091412e-22,
                2.52972899585e-22,
                3.04412310404e-22,
                3.63367912197e-22,
                6.21893256595e-22,
                8.82753780733e-22,
                1.23232574001e-21,
                1.83333818923e-21
            ],
            "var": [
                1.3574691593e-06,
                0.000733645632863,
                0.000171574080014,
                3.9718572225e-05,
                1.60006966325e-05,
                2.69724796453e-06,
                1.06592551674e-06,
                2.76390125009e-07,
                3.79806783712e-06,
                7.69410598878e-06,
                1.24032712847e-05,
                6.98814665157e-06,
                3.38006088896e-06,
                6.38596930003e-06,
                5.62411787541e-06,
                1.67018606589e-06,
                8.79282993083e-07,
                3.76835544103e-07,
                5.46589717487e-07,
                1.54733257318e-07,
                1.429656038e-07,
                6.09478547631e-08,
                2.01562606605e-08,
                5.11799100877e-08,
                7.95665826558e-08,
                1.29875781241e-08,
                3.61413943217e-09
            ]
        },
        "barkbands_crest": {
            "dmean": 2.95457530022,
            "dmean2": 4.4677400589,
            "dvar": 7.77773809433,
            "dvar2": 16.8871383667,
            "max": 26.4675731659,
            "mean": 12.6186933517,
            "median": 11.5457515717,
            "min": 2.18083882332,
            "var": 32.8899345398
        },
        "barkbands_flatness_db": {
            "dmean": 0.0270522814244,
            "dmean2": 0.0403558462858,
            "dvar": 0.000979995122179,
            "dvar2": 0.00213981932029,
            "max": 0.602034509182,
            "mean": 0.133370995522,
            "median": 0.119673252106,
            "min": 0.0153217343614,
            "var": 0.0041833166033
        },
        "barkbands_kurtosis": {
            "dmean": 7.14472055435,
            "dmean2": 10.8433732986,
            "dvar": 490.309387207,
            "dvar2": 984.378234863,
            "max": 614.326293945,
            "mean": 10.1998109818,
            "median": 2.1268863678,
            "min": -1.88494932652,
            "var": 1137.6685791
        },
        "barkbands_skewness": {
            "dmean": 0.833892524242,
            "dmean2": 1.21576988697,
            "dvar": 1.15587663651,
            "dvar2": 2.39580154419,
            "max": 20.6587677002,
            "mean": 1.89004063606,
            "median": 1.50470304489,
            "min": -3.77040290833,
            "var": 5.1788277626
        },
        "barkbands_spread": {
            "dmean": 7.19708156586,
            "dmean2": 11.2890844345,
            "dvar": 74.2121353149,
            "dvar2": 178.333633423,
            "max": 122.43787384,
            "mean": 25.2610988617,
            "median": 23.8363132477,
            "min": 0.208249539137,
            "var": 216.240188599
        },
        "dissonance": {
            "dmean": 0.0179506726563,
            "dmean2": 0.0301481075585,
            "dvar": 0.00037882925244,
            "dvar2": 0.00100183882751,
            "max": 0.499999910593,
            "mean": 0.468000859022,
            "median": 0.476595342159,
            "min": 0.246607512236,
            "var": 0.000819412176497
        },
        "dynamic_complexity": 3.4223511219,
        "erbbands": {
            "dmean": [
                0.342858672142,
                2.04721331596,
                4.65543699265,
                7.64371871948,
                6.37503290176,
                4.91640710831,
                5.55916643143,
                5.44926548004,
                4.79741430283,
                4.58305501938,
                5.08028173447,
                8.79962348938,
                17.440454483,
                28.3977775574,
                22.7300796509,
                21.9038467407,
                20.0035762787,
                28.4604206085,
                29.4060077667,
                25.1235809326,
                19.6029567719,
                12.3083629608,
                10.4046792984,
                14.0924348831,
                7.88086938858,
                6.76830244064,
                5.9280500412,
                5.13262271881,
                3.5908472538,
                1.9142614603,
                1.61990725994,
                1.86726593971,
                1.82619965076,
                1.5838881731,
                0.654359340668,
                0.233953997493,
                0.0702387541533,
                0.0214952062815,
                0.00420379592106,
                0.000316500751069
            ],
            "dmean2": [
                0.470136761665,
                2.80905866623,
                7.27398252487,
                12.9933700562,
                11.7418613434,
                9.00167942047,
                9.63064670563,
                9.02917766571,
                7.94399309158,
                7.31311655045,
                8.18570327759,
                13.5098323822,
                27.0406799316,
                42.4040489197,
                34.6402549744,
                32.2889900208,
                31.0454845428,
                43.5971450806,
                42.9175262451,
                38.6722221375,
                30.3097705841,
                17.7192611694,
                15.9778671265,
                21.1266555786,
                11.5215616226,
                10.5057373047,
                8.8657245636,
                7.99091911316,
                5.99872159958,
                3.10266375542,
                2.58197045326,
                3.11193442345,
                3.15680551529,
                2.78817725182,
                1.06553936005,
                0.369272321463,
                0.108075633645,
                0.0347996577621,
                0.00672376947477,
                0.000505613395944
            ],
            "dvar": [
                0.342499434948,
                15.9758176804,
                146.167861938,
                506.792449951,
                457.931488037,
                241.202301025,
                204.113464355,
                186.518417358,
                123.029129028,
                254.308227539,
                179.555145264,
                355.825744629,
                2634.21118164,
                5300.20507813,
                2706.43286133,
                2141.05175781,
                1883.59912109,
                4834.8125,
                4826.96484375,
                3187.3918457,
                1633.61413574,
                831.095947266,
                407.497131348,
                605.801391602,
                139.527755737,
                112.461769104,
                98.8922042847,
                71.3179092407,
                45.0966720581,
                14.5405912399,
                10.8151226044,
                16.977399826,
                18.8702373505,
                18.4599933624,
                2.12652802467,
                0.305389761925,
                0.0197382159531,
                0.00207722187042,
                7.22197510186e-05,
                4.31385615229e-07
            ],
            "dvar2": [
                0.704148769379,
                27.7886142731,
                338.974456787,
                1327.57592773,
                1317.2532959,
                699.209411621,
                574.348815918,
                504.053985596,
                332.607757568,
                664.18762207,
                443.256439209,
                764.701782227,
                6241.87695313,
                10471.5976563,
                6091.16650391,
                4653.95996094,
                4545.53662109,
                11465.1376953,
                8725.37597656,
                6955.82373047,
                3630.45629883,
                1752.91662598,
                886.109008789,
                1326.8182373,
                291.339355469,
                269.82925415,
                202.501586914,
                165.906188965,
                116.020713806,
                33.7488021851,
                25.8891925812,
                46.9912757874,
                53.6183242798,
                51.9497718811,
                5.24044418335,
                0.685032188892,
                0.0462670512497,
                0.00531258480623,
                0.000179723283509,
                1.10123323793e-06
            ],
            "max": [
                5.51126766205,
                35.7702407837,
                103.747024536,
                194.089065552,
                181.439376831,
                143.688308716,
                141.031509399,
                227.745407104,
                167.779769897,
                381.851654053,
                375.790466309,
                581.627075195,
                1069.17895508,
                2602.21289063,
                1078.53405762,
                1015.73858643,
                871.840026855,
                1535.1192627,
                1651.87231445,
                1139.62744141,
                763.873474121,
                619.730163574,
                641.229003906,
                544.551269531,
                320.415527344,
                226.192749023,
                246.981292725,
                152.619384766,
                75.7557220459,
                42.5783691406,
                34.1700325012,
                44.2222251892,
                39.7310714722,
                52.8911972046,
                38.7787513733,
                21.7146606445,
                1.93509542942,
                0.439758837223,
                0.0795176625252,
                0.00578021351248
            ],
            "mean": [
                0.580171346664,
                3.52140235901,
                5.91047382355,
                7.99175405502,
                6.00459432602,
                5.64001464844,
                8.32380199432,
                8.19558525085,
                7.09731149673,
                6.43280792236,
                7.43280553818,
                15.5058765411,
                28.6264152527,
                49.0910720825,
                39.4877738953,
                39.7100372314,
                38.7509498596,
                47.4187736511,
                56.9645423889,
                45.0255737305,
                32.1741371155,
                23.1231174469,
                20.2493629456,
                28.9663658142,
                18.662355423,
                14.5756807327,
                13.2770624161,
                10.6553487778,
                5.94687509537,
                3.19598269463,
                2.69171786308,
                2.96313166618,
                2.60971736908,
                1.86802816391,
                1.00985956192,
                0.3824608922,
                0.121076852083,
                0.0329969674349,
                0.00645801657811,
                0.000500755326357
            ],
            "median": [
                0.203779160976,
                1.10069203377,
                1.57943665981,
                1.99277102947,
                1.82141435146,
                2.27183938026,
                3.41533446312,
                3.62478804588,
                3.14498281479,
                2.13394427299,
                2.82139992714,
                5.40310430527,
                8.29184818268,
                12.2382526398,
                10.1844596863,
                10.5319633484,
                12.6067895889,
                13.0887546539,
                13.1769771576,
                10.6791553497,
                8.11486625671,
                5.82536268234,
                6.63695526123,
                13.0970783234,
                10.6756477356,
                7.95016145706,
                7.46595096588,
                5.56078720093,
                2.33817005157,
                1.4540681839,
                1.25774729252,
                1.31034469604,
                1.22580909729,
                0.700130462646,
                0.449945628643,
                0.163573056459,
                0.0485954768956,
                0.0153968380764,
                0.00329024624079,
                0.000288167764666
            ],
            "min": [
                5.11564211687e-23,
                2.20952265514e-22,
                1.83090673059e-21,
                5.06655112603e-21,
                6.42066113686e-21,
                1.73898842568e-20,
                3.77738876812e-20,
                7.23759577659e-20,
                9.28139815773e-20,
                1.46555789653e-19,
                2.12345987413e-19,
                2.80376177347e-19,
                3.28383646299e-19,
                5.63753210861e-19,
                8.09658238842e-19,
                1.13585949834e-18,
                9.64585652056e-19,
                1.30981103167e-18,
                1.81042807961e-18,
                2.53587995248e-18,
                3.51101153696e-18,
                2.78888182823e-18,
                4.60435157368e-18,
                4.9689380461e-18,
                5.70385245159e-18,
                5.87717904996e-18,
                8.03885552142e-18,
                1.02008806495e-17,
                1.03956246083e-17,
                8.79066922682e-18,
                1.15072536084e-17,
                1.029663425e-17,
                1.01334009095e-17,
                7.47043685681e-18,
                6.14745369767e-18,
                4.04642776309e-18,
                2.32281704505e-18,
                9.43659119931e-19,
                2.4602199649e-19,
                2.35621525069e-20
            ],
            "var": [
                0.779507696629,
                35.8570175171,
                155.723861694,
                387.849395752,
                270.797210693,
                151.102996826,
                178.188247681,
                217.950439453,
                133.351303101,
                283.400604248,
                252.341964722,
                1047.32714844,
                4859.38525391,
                19282.8554688,
                7141.07714844,
                6495.40527344,
                5275.02685547,
                9624.5703125,
                15011.3642578,
                8481.11621094,
                3556.18432617,
                2226.65966797,
                1211.63781738,
                1657.8951416,
                521.348571777,
                342.616760254,
                309.350402832,
                187.809051514,
                81.7215957642,
                25.0553245544,
                17.6244335175,
                19.7811203003,
                16.605802536,
                13.9483785629,
                2.80648493767,
                0.46262639761,
                0.0337792634964,
                0.00256776157767,
                9.11031311261e-05,
                4.85875034428e-07
            ]
        },
        "erbbands_crest": {
            "dmean": 2.86181950569,
            "dmean2": 4.56465530396,
            "dvar": 8.66635799408,
            "dvar2": 20.9032344818,
            "max": 32.0631332397,
            "mean": 9.4359331131,
            "median": 8.27282142639,
            "min": 2.14777421951,
            "var": 24.6738834381
        },
        "erbbands_flatness_db": {
            "dmean": 0.0196543224156,
            "dmean2": 0.0278418399394,
            "dvar": 0.000505150528625,
            "dvar2": 0.000985323567875,
            "max": 0.417182922363,
            "mean": 0.131364151835,
            "median": 0.121416017413,
            "min": 0.0298844110221,
            "var": 0.00312965642661
        },
        "erbbands_kurtosis": {
            "dmean": 1.19600892067,
            "dmean2": 1.83713817596,
            "dvar": 5.40599870682,
            "dvar2": 12.5678262711,
            "max": 81.8588180542,
            "mean": 1.06298863888,
            "median": 0.247747927904,
            "min": -1.78210008144,
            "var": 9.66807556152
        },
        "erbbands_skewness": {
            "dmean": 0.380242913961,
            "dmean2": 0.56999361515,
            "dvar": 0.195208415389,
            "dvar2": 0.461116939783,
            "max": 6.98776674271,
            "mean": 0.121843367815,
            "median": 0.0698879361153,
            "min": -4.32702159882,
            "var": 0.632142603397
        },
        "erbbands_spread": {
            "dmean": 9.55402183533,
            "dmean2": 13.9439458847,
            "dvar": 109.136405945,
            "dvar2": 233.349960327,
            "max": 162.487442017,
            "mean": 40.04845047,
            "median": 36.3106613159,
            "min": 2.0779979229,
            "var": 464.371185303
        },
        "gfcc": {
            "cov": [
                [
                    34427.6015625,
                    978.635437012,
                    -2044.37634277,
                    1200.4375,
                    -322.606872559,
                    712.711120605,
                    -443.518768311,
                    264.967895508,
                    -462.050048828,
                    18.6559181213,
                    -440.555358887,
                    -75.0994186401,
                    -235.793243408
                ],
                [
                    978.635437012,
                    948.88684082,
                    146.501785278,
                    129.333007813,
                    127.129379272,
                    136.832275391,
                    138.76852417,
                    58.6303405762,
                    -40.2323608398,
                    77.2874145508,
                    61.8650894165,
                    -81.0127944946,
                    19.2682800293
                ],
                [
                    -2044.37634277,
                    146.501785278,
                    1419.41577148,
                    142.077362061,
                    208.160766602,
                    57.2230873108,
                    99.2060699463,
                    -5.31004095078,
                    167.056640625,
                    -44.8897361755,
                    -19.8396244049,
                    48.0693702698,
                    -134.942337036
                ],
                [
                    1200.4375,
                    129.333007813,
                    142.077362061,
                    401.20135498,
                    194.218521118,
                    103.42906189,
                    81.533493042,
                    80.2692565918,
                    120.201881409,
                    12.0863523483,
                    -1.52505099773,
                    24.7289600372,
                    -4.84127235413
                ],
                [
                    -322.606872559,
                    127.129379272,
                    208.160766602,
                    194.218521118,
                    369.143829346,
                    168.777435303,
                    154.478591919,
                    38.8448600769,
                    90.1809844971,
                    18.3209934235,
                    35.3597259521,
                    -2.54555606842,
                    -12.7227373123
                ],
                [
                    712.711120605,
                    136.832275391,
                    57.2230873108,
                    103.42906189,
                    168.777435303,
                    299.140167236,
                    152.761322021,
                    55.9109535217,
                    6.42862272263,
                    67.1765213013,
                    49.48670578,
                    -12.0966329575,
                    -11.4691448212
                ],
                [
                    -443.518768311,
                    138.76852417,
                    99.2060699463,
                    81.533493042,
                    154.478591919,
                    152.761322021,
                    283.566741943,
                    61.242603302,
                    54.5456771851,
                    61.3473434448,
                    73.9225234985,
                    -2.9945089817,
                    -10.9485740662
                ],
                [
                    264.967895508,
                    58.6303405762,
                    -5.31004095078,
                    80.2692565918,
                    38.8448600769,
                    55.9109535217,
                    61.242603302,
                    227.052474976,
                    75.4357528687,
                    34.6882247925,
                    10.2022438049,
                    29.0250511169,
                    56.0593795776
                ],
                [
                    -462.050048828,
                    -40.2323608398,
                    167.056640625,
                    120.201881409,
                    90.1809844971,
                    6.42862272263,
                    54.5456771851,
                    75.4357528687,
                    209.308670044,
                    15.0416193008,
                    1.76108002663,
                    58.1605682373,
                    11.5321989059
                ],
                [
                    18.6559181213,
                    77.2874145508,
                    -44.8897361755,
                    12.0863523483,
                    18.3209934235,
                    67.1765213013,
                    61.3473434448,
                    34.6882247925,
                    15.0416193008,
                    148.510696411,
                    82.110458374,
                    -5.75224399567,
                    25.8128242493
                ],
                [
                    -440.555358887,
                    61.8650894165,
                    -19.8396244049,
                    -1.52505099773,
                    35.3597259521,
                    49.48670578,
                    73.9225234985,
                    10.2022438049,
                    1.76108002663,
                    82.110458374,
                    129.068649292,
                    21.3763275146,
                    19.9239997864
                ],
                [
                    -75.0994186401,
                    -81.0127944946,
                    48.0693702698,
                    24.7289600372,
                    -2.54555606842,
                    -12.0966329575,
                    -2.9945089817,
                    29.0250511169,
                    58.1605682373,
                    -5.75224399567,
                    21.3763275146,
                    116.179298401,
                    30.672410965
                ],
                [
                    -235.793243408,
                    19.2682800293,
                    -134.942337036,
                    -4.84127235413,
                    -12.7227373123,
                    -11.4691448212,
                    -10.9485740662,
                    56.0593795776,
                    11.5321989059,
                    25.8128242493,
                    19.9239997864,
                    30.672410965,
                    117.544235229
                ]
            ],
            "icov": [
                [
                    6.49204012007e-05,
                    -8.8075066742e-05,
                    0.00012849799532,
                    -0.000266721472144,
                    0.000143181940075,
                    -0.000217243112274,
                    0.000158330396516,
                    -7.28354498278e-05,
                    0.000163350152434,
                    -0.000124563011923,
                    0.00030384719139,
                    -0.000249262026045,
                    0.000349853158696
                ],
                [
                    -8.8075066742e-05,
                    0.00155627157073,
                    -0.000452902895631,
                    -0.000156457957928,
                    -0.000181891649845,
                    0.000211096048588,
                    -0.00057781196665,
                    -0.00012237795454,
                    0.000474913511425,
                    -2.5268207537e-05,
                    -0.000859970052261,
                    0.00153123401105,
                    -0.00124755932484
                ],
                [
                    0.00012849799532,
                    -0.000452902895631,
                    0.00126946624368,
                    -0.00036005768925,
                    -0.000139978015795,
                    -0.000355094816769,
                    0.000321784318658,
                    -0.000100194607512,
                    -0.000365708983736,
                    -0.000104596547317,
                    0.000799627508968,
                    -0.00119527173229,
                    0.00203771004453
                ],
                [
                    -0.000266721472144,
                    -0.000156457957928,
                    -0.00036005768925,
                    0.00518276588991,
                    -0.00222362205386,
                    0.000422992481617,
                    -0.000229563753237,
                    -0.000321304571116,
                    -0.00223575835116,
                    0.000393358059227,
                    -0.000382370431907,
                    0.000210425860132,
                    -0.000633966759779
                ],
                [
                    0.000143181940075,
                    -0.000181891649845,
                    -0.000139978015795,
                    -0.00222362205386,
                    0.0059300493449,
                    -0.00266270432621,
                    -0.000853654055391,
                    0.000683704507537,
                    -0.00119974801783,
                    0.00147957378067,
                    -0.000688603206072,
                    0.00104218081106,
                    -0.000321220228216
                ],
                [
                    -0.000217243112274,
                    0.000211096048588,
                    -0.000355094816769,
                    0.000422992481617,
                    -0.00266270432621,
                    0.00701013859361,
                    -0.00243444018997,
                    -0.000796483946033,
                    0.00159071339294,
                    -0.0019279763801,
                    -0.000188990947208,
                    1.90154314623e-05,
                    -1.73293319676e-05
                ],
                [
                    0.000158330396516,
                    -0.00057781196665,
                    0.000321784318658,
                    -0.000229563753237,
                    -0.000853654055391,
                    -0.00243444018997,
                    0.00685657374561,
                    -0.00116071943194,
                    -0.000935930293053,
                    -6.26289911452e-05,
                    -0.00208887527697,
                    0.000114456604933,
                    0.00206435332075
                ],
                [
                    -7.28354498278e-05,
                    -0.00012237795454,
                    -0.000100194607512,
                    -0.000321304571116,
                    0.000683704507537,
                    -0.000796483946033,
                    -0.00116071943194,
                    0.00655090343207,
                    -0.00203389674425,
                    -0.000393581896788,
                    0.000855304650031,
                    -3.37711353495e-05,
                    -0.00334058748558
                ],
                [
                    0.000163350152434,
                    0.000474913511425,
                    -0.000365708983736,
                    -0.00223575835116,
                    -0.00119974801783,
                    0.00159071339294,
                    -0.000935930293053,
                    -0.00203389674425,
                    0.00946226622909,
                    -0.00269450829364,
                    0.00276379357092,
                    -0.00391959864646,
                    0.000863796798512
                ],
                [
                    -0.000124563011923,
                    -2.5268207537e-05,
                    -0.000104596547317,
                    0.000393358059227,
                    0.00147957378067,
                    -0.0019279763801,
                    -6.26289911452e-05,
                    -0.000393581896788,
                    -0.00269450829364,
                    0.0131212500855,
                    -0.00862830225378,
                    0.00400855625048,
                    -0.00239627948031
                ],
                [
                    0.00030384719139,
                    -0.000859970052261,
                    0.000799627508968,
                    -0.000382370431907,
                    -0.000688603206072,
                    -0.000188990947208,
                    -0.00208887527697,
                    0.000855304650031,
                    0.00276379357092,
                    -0.00862830225378,
                    0.0169852674007,
                    -0.00624230829999,
                    0.0013307465706
                ],
                [
                    -0.000249262026045,
                    0.00153123401105,
                    -0.00119527173229,
                    0.000210425860132,
                    0.00104218081106,
                    1.90154314623e-05,
                    0.000114456604933,
                    -3.37711353495e-05,
                    -0.00391959864646,
                    0.00400855625048,
                    -0.00624230829999,
                    0.0146939139813,
                    -0.00524504948407
                ],
                [
                    0.000349853158696,
                    -0.00124755932484,
                    0.00203771004453,
                    -0.000633966759779,
                    -0.000321220228216,
                    -1.73293319676e-05,
                    0.00206435332075,
                    -0.00334058748558,
                    0.000863796798512,
                    -0.00239627948031,
                    0.0013307465706,
                    -0.00524504948407,
                    0.0150605486706
                ]
            ],
            "mean": [
                -7.45232629776,
                56.7371635437,
                -97.8229522705,
                25.3648090363,
                -35.3507575989,
                20.3960819244,
                -24.1552333832,
                9.24212837219,
                -26.9186096191,
                6.47190904617,
                -10.5484113693,
                -0.17929212749,
                -2.80669641495
            ]
        },
        "hfc": {
            "dmean": 8.34543418884,
            "dmean2": 12.2004985809,
            "dvar": 172.63671875,
            "dvar2": 419.793731689,
            "max": 145.171401978,
            "mean": 25.9125213623,
            "median": 21.78565979,
            "min": 1.07795894409e-16,
            "var": 448.600067139
        },
        "melbands": {
            "dmean": [
                0.00282783107832,
                0.00204261159524,
                0.00122537987772,
                0.000398247502744,
                0.000194693988306,
                0.000121900717204,
                7.20460448065e-05,
                4.57527494291e-05,
                4.60696683149e-05,
                6.17694749963e-05,
                9.11327006179e-05,
                0.00011727969104,
                7.8258686699e-05,
                7.54878128646e-05,
                5.47544004803e-05,
                5.78933686484e-05,
                5.4338695918e-05,
                4.9772701459e-05,
                5.08616612933e-05,
                3.06213187287e-05,
                2.16624539462e-05,
                1.53294549818e-05,
                8.77858656168e-06,
                1.09146358227e-05,
                1.28517713165e-05,
                9.17496709008e-06,
                4.84546262669e-06,
