{
    "lowlevel": {
        "average_loudness": 0.547082304955,
        "barkbands": {
            "dmean": [
                0.0112123377621,
                0.00791277643293,
                0.00393900461495,
                0.000984967686236,
                0.00256877252832,
                0.0014913767809,
                0.000664416409563,
                0.000655311276205,
                0.000542023743037,
                0.000346435845131,
                0.000222880626097,
                0.000184552380233,
                0.000161238174769,
                7.37042573746e-05,
                0.000118898853543,
                0.000117688636237,
                0.000167285543284,
                0.000294832803775,
                0.000151546744746,
                0.000185169628821,
                0.000108510066639,
                7.16233917046e-05,
                3.64630650438e-05,
                1.06240504465e-05,
                2.78251923191e-06,
                1.51255999299e-05,
                0.000114876274893
            ],
            "dmean2": [
                0.0170591957867,
                0.0120312590152,
                0.00563584966585,
                0.00165689294226,
                0.00406694132835,
                0.0022989155259,
                0.00105246785097,
                0.00105039030313,
                0.000838719366584,
                0.000538113235962,
                0.00034610167495,
                0.000278381281532,
                0.000250756624155,
                0.000108239401015,
                0.000176699890289,
                0.000177109977813,
                0.000251081684837,
                0.000463796954136,
                0.000217372202314,
                0.000252062542131,
                0.00015119733871,
                0.000103582191514,
                5.25100876985e-05,
                1.52108332259e-05,
                4.33951117884e-06,
                2.1383202693e-05,
                0.000155244939378
            ],
            "dvar": [
                0.00070375634823,
                0.000430770305684,
                0.000163755350513,
                3.51022890754e-06,
                2.39136152231e-05,
                1.08336544145e-05,
                1.92783591046e-06,
                2.53618600254e-06,
                1.4900831502e-06,
                5.51681011984e-07,
                2.99023810157e-07,
                1.4765858225e-07,
                1.44325994711e-07,
                2.41898767683e-08,
                5.28976791259e-08,
                4.25190940234e-08,
                2.19582517502e-07,
                8.82706387983e-07,
                4.25278841476e-07,
                2.37518150925e-07,
                1.03103481308e-07,
                7.43486125998e-08,
                1.09521964831e-08,
                1.26033261605e-09,
                3.66119877471e-11,
                1.69995095778e-09,
                4.77492818618e-08
            ],
            "dvar2": [
                0.00155838381033,
                0.00105580152012,
                0.000314461940434,
                9.32717102842e-06,
                5.66348062421e-05,
                2.5728431865e-05,
                4.60625551568e-06,
                6.29734495305e-06,
                3.4735051031e-06,
                1.2480334135e-06,
                7.40653092635e-07,
                3.0419832342e-07,
                3.42510389828e-07,
                4.96708985054e-08,
                1.1807901501e-07,
                9.46245251043e-08,
                4.45370289981e-07,
                2.08538267543e-06,
                1.00319607554e-06,
                4.49235784572e-07,
                2.17079062281e-07,
                1.72220211425e-07,
                2.07897610238e-08,
                2.50651299716e-09,
                7.96376437018e-11,
                3.08734482424e-09,
                8.98602152688e-08
            ],
            "max": [
                0.375508069992,
                0.298663139343,
                0.180619835854,
                0.0264563001692,
                0.0825006216764,
                0.0838262364268,
                0.0288504716009,
                0.0304425358772,
                0.0162329077721,
                0.00973949674517,
                0.016892792657,
                0.00880909152329,
                0.00485922256485,
                0.00325100007467,
                0.00447417376563,
                0.00337834260426,
                0.00857722666115,
                0.0116647146642,
                0.0175503883511,
                0.00796970073134,
                0.00338688120246,
                0.00345981447026,
                0.00112888566218,
                0.000474929460324,
                9.61229525274e-05,
                0.000465464749141,
                0.00301599060185
            ],
            "mean": [
                0.0202997643501,
                0.0115446336567,
                0.00438141776249,
                0.00112454919145,
                0.00333751924336,
                0.00204210425727,
                0.000836747698486,
                0.000755469896831,
                0.000618074787781,
                0.0004142113321,
                0.000282976718154,
                0.000252728466876,
                0.000207624922041,
                9.90784246824e-05,
                0.000170629791683,
                0.000186407691217,
                0.000240567926085,
                0.000378281285521,
                0.000204022449907,
                0.000266736111371,
                0.000122627869132,
                7.79739930294e-05,
                4.82701761939e-05,
                1.1855790035e-05,
                3.12517863676e-06,
                1.98378857021e-05,
                0.000209885518416
            ],
            "median": [
                0.000740607385524,
                0.00138837902341,
                0.000691489491146,
                0.00041706225602,
                0.00148003362119,
                0.000686685903929,
                0.000268076517386,
                0.000186917866813,
                0.000139549767482,
                9.12352843443e-05,
                5.85764428251e-05,
                6.95317867212e-05,
                5.2549999964e-05,
                3.2979696698e-05,
                5.11319194629e-05,
                5.69015537621e-05,
                3.31866176566e-05,
                1.85430017154e-05,
                1.99214773602e-05,
                2.05318956432e-05,
                1.16782366604e-05,
                5.37308551429e-06,
                3.97539679398e-06,
                1.11660438051e-06,
                5.76552452003e-07,
                2.50021639658e-06,
                5.52531892026e-05
            ],
            "min": [
                6.32428762197e-24,
                1.2359535425e-24,
                3.83933474975e-24,
                4.72658159821e-24,
                1.94189723853e-23,
                1.90664052032e-23,
                1.43847618553e-23,
                1.59066007592e-23,
                4.20424397625e-23,
                3.49888778438e-23,
                4.70768711735e-23,
                3.04556223876e-23,
                8.46707381203e-23,
                7.05358779335e-23,
                6.09315468995e-23,
                1.1371530923e-22,
                1.05448690653e-22,
                1.29423953233e-22,
                2.09296586893e-22,
                2.31524793935e-22,
                3.7440726957e-22,
                4.38349330565e-22,
                4.36709459137e-22,
                6.78733650933e-22,
                1.05560857839e-21,
                1.64494528037e-21,
                2.22767614948e-21
            ],
            "var": [
                0.00222530798055,
                0.000699210329913,
                0.000224537827307,
                3.70478574041e-06,
                3.01881445921e-05,
                1.53256169142e-05,
                2.62287539954e-06,
                2.84811153506e-06,
                1.79545008905e-06,
                7.48780905724e-07,
                3.96402327851e-07,
                2.55716770425e-07,
                1.93448542518e-07,
                3.89952603541e-08,
                9.78164678145e-08,
                9.37458750627e-08,
                4.24044543479e-07,
                1.22040455608e-06,
                5.42292639238e-07,
                5.11954851845e-07,
                1.3573178137e-07,
                7.58646407917e-08,
                1.71658847137e-08,
                1.63619451321e-09,
                5.77627112808e-11,
                2.68090394329e-09,
                1.27167140818e-07
            ]
        },
        "barkbands_crest": {
            "dmean": 3.35989499092,
            "dmean2": 5.31869506836,
            "dvar": 7.8080739975,
            "dvar2": 19.9719104767,
            "max": 25.8317222595,
            "mean": 11.9653482437,
            "median": 11.3780622482,
            "min": 2.66420221329,
            "var": 22.5424957275
        },
        "barkbands_flatness_db": {
            "dmean": 0.0381023064256,
            "dmean2": 0.0568287670612,
            "dvar": 0.001205150038,
            "dvar2": 0.00260566035286,
            "max": 0.495463371277,
            "mean": 0.179987728596,
            "median": 0.174167752266,
            "min": 0.0377711504698,
            "var": 0.00454152096063
        },
        "barkbands_kurtosis": {
            "dmean": 13.3256845474,
            "dmean2": 20.4526557922,
            "dvar": 703.098510742,
            "dvar2": 1555.88977051,
            "max": 895.475219727,
            "mean": 20.288974762,
            "median": 9.85075855255,
            "min": -1.8601988554,
            "var": 1195.83740234
        },
        "barkbands_skewness": {
            "dmean": 1.10841286182,
            "dmean2": 1.65020143986,
            "dvar": 1.45544552803,
            "dvar2": 3.02477264404,
            "max": 26.9134063721,
            "mean": 2.92894911766,
            "median": 2.49070048332,
            "min": -2.2458024025,
            "var": 4.66066551208
        },
        "barkbands_spread": {
            "dmean": 7.39699840546,
            "dmean2": 11.2170200348,
            "dvar": 108.93196106,
            "dvar2": 234.944549561,
            "max": 132.277130127,
            "mean": 17.1297092438,
            "median": 11.3083534241,
            "min": 0.234857589006,
            "var": 269.481048584
        },
        "dissonance": {
            "dmean": 0.0245910994709,
            "dmean2": 0.0399271510541,
            "dvar": 0.000650310597848,
            "dvar2": 0.00164326280355,
            "max": 0.500000178814,
            "mean": 0.456727832556,
            "median": 0.467262387276,
            "min": 0.220958560705,
            "var": 0.00144629564602
        },
        "dynamic_complexity": 3.32290911674,
        "erbbands": {
            "dmean": [
                0.45904520154,
                1.09732222557,
                4.12599134445,
                3.6682369709,
                5.82102298737,
                10.0896129608,
                10.431098938,
                12.3849563599,
                9.21213245392,
                11.6204128265,
                13.2515659332,
                12.5539340973,
                9.33487796783,
                11.0860509872,
                7.97388744354,
                7.49339389801,
                7.26938390732,
                3.89375567436,
                4.62064552307,
                7.02740478516,
                5.8722076416,
                8.96944999695,
                15.7766027451,
                9.66064167023,
                6.92939329147,
                9.08242893219,
                5.60390281677,
                3.45545387268,
                2.72390294075,
                1.97461676598,
                0.815851032734,
                0.348919779062,
                0.108317539096,
                0.0348268635571,
                0.0197639800608,
                0.0181616898626,
                0.0289923418313,
                0.0325223580003,
                0.0136418277398,
                0.00264411908574
            ],
            "dmean2": [
                0.692810535431,
                1.72296774387,
                5.86661481857,
                5.61828279495,
                9.32854270935,
                16.182220459,
                15.9779424667,
                19.4173927307,
                14.5349693298,
                17.9234371185,
                21.118188858,
                19.3309059143,
                14.4103946686,
                17.3109664917,
                12.049407959,
                11.1717796326,
                11.1850481033,
                5.60057735443,
                6.76512479782,
                10.3100833893,
                8.75580501556,
                12.5782976151,
                24.383556366,
                13.669793129,
                9.52723693848,
                12.3496675491,
                7.65230178833,
                4.88663625717,
                3.95462751389,
                2.93841862679,
                1.12054944038,
                0.496065199375,
                0.154710784554,
                0.0534200780094,
                0.0307473614812,
                0.0265476685017,
                0.0403388179839,
                0.0452933311462,
                0.0176671799272,
                0.00365020218305
            ],
            "dvar": [
                1.73855876923,
                6.26485586166,
                156.171279907,
                80.2621612549,
                110.827041626,
                513.316162109,
                706.666625977,
                684.824157715,
                419.477966309,
                573.82019043,
                1151.5736084,
                877.11541748,
                382.780883789,
                834.166137695,
                273.80456543,
                243.456253052,
                273.250854492,
                65.8775558472,
                88.8233642578,
                171.476242065,
                115.110847473,
                665.328125,
                2744.43432617,
                1812.99694824,
                476.712554932,
                583.105651855,
                266.955474854,
                125.923362732,
                113.303199768,
                45.8470420837,
                4.75340986252,
                1.54215252399,
                0.082426443696,
                0.00508460635319,
                0.0018171290867,
                0.00164012447931,
                0.00829577166587,
                0.0104968911037,
                0.00109696306754,
                1.8864935555e-05
            ],
            "dvar2": [
                4.13039875031,
                15.7181663513,
                286.960876465,
                178.612091064,
                267.494842529,
                1241.16943359,
                1625.73596191,
                1701.36743164,
                1015.20294189,
                1335.41345215,
                2918.00317383,
                2070.55151367,
                839.893310547,
                2079.92529297,
                606.794067383,
                478.993438721,
                648.235656738,
                126.676200867,
                193.696838379,
                389.197021484,
                245.990905762,
                1205.82666016,
                6387.85449219,
                3800.06713867,
                996.253051758,
                1092.60546875,
                539.189819336,
                281.653594971,
                262.291412354,
                103.337059021,
                8.62146091461,
                3.11693882942,
                0.16170682013,
                0.0108781168237,
                0.00395025266334,
                0.00321529759094,
                0.0161996949464,
                0.0218322928995,
                0.00206043524668,
                3.604795711e-05
            ],
            "max": [
                18.2383403778,
                30.1255874634,
                171.533401489,
                112.119697571,
                177.28024292,
                421.17590332,
                782.583984375,
                607.090332031,
                516.021911621,
                474.408081055,
                737.256164551,
                465.054382324,
                304.651977539,
                884.490112305,
                367.474517822,
                454.723999023,
                209.137130737,
                193.859573364,
                188.239959717,
                308.759216309,
                164.097351074,
                485.394165039,
                738.973510742,
                1190.64001465,
                458.307342529,
                411.901062012,
                206.657440186,
                143.519210815,
                129.680557251,
                92.7604217529,
                22.7265377045,
                17.3294353485,
                4.42071151733,
                1.09610128403,
                0.678705513477,
                0.558903753757,
                1.2425069809,
                1.36145484447,
                0.458401948214,
                0.0931349694729
            ],
            "mean": [
                0.715381503105,
                1.41907906532,
                4.73817873001,
                4.4065861702,
                7.29375696182,
                12.1995420456,
                13.648150444,
                17.0768871307,
                12.2668066025,
                15.0709247589,
                15.2882375717,
                14.5559062958,
                11.3968267441,
                13.8514976501,
                10.9267454147,
                10.5875024796,
                9.85052013397,
                5.70360469818,
                6.5165271759,
                10.6575202942,
                9.83097076416,
                14.1824245453,
                21.3238868713,
                14.0974388123,
                9.94764614105,
                13.3013343811,
                6.5066986084,
                3.90382003784,
                2.94022107124,
                2.26266384125,
                1.09051561356,
                0.396724939346,
                0.124837495387,
                0.0405633114278,
                0.0225717946887,
                0.0216132439673,
                0.0358340218663,
                0.0407386161387,
                0.0201200470328,
                0.00665376102552
            ],
            "median": [
                0.0520567819476,
                0.251582354307,
                0.78647851944,
                1.44313788414,
                3.28633451462,
                4.75206375122,
                4.68418979645,
                5.89342260361,
                4.39980697632,
                4.33988189697,
                3.95131158829,
                3.52148485184,
                3.04064130783,
                3.1640663147,
                2.82570123672,
                3.16942691803,
                2.70977163315,
                1.93010616302,
                2.39610338211,
                3.15452384949,
                3.21177768707,
                1.9926841259,
                1.13523185253,
                0.978126227856,
                1.10142290592,
                0.973410367966,
                0.644810914993,
                0.328484088182,
                0.196558058262,
                0.143784493208,
                0.101384311914,
                0.0380204580724,
                0.0155049525201,
                0.00752575881779,
                0.00446432083845,
                0.00372198037803,
                0.0046681528911,
                0.00438403058797,
                0.00304789887741,
                0.00327351083979
            ],
            "min": [
                6.69450083365e-23,
                3.25865767685e-22,
                3.13062436549e-21,
                1.92405134693e-20,
                3.24690523971e-20,
                7.15705294185e-20,
                8.45170433783e-20,
                1.75784733585e-19,
                3.29144859258e-19,
                3.84076372774e-19,
                3.83734204343e-19,
                9.409597194e-19,
                1.08129928552e-18,
                2.22350491352e-18,
                1.66400780541e-18,
                2.33121313506e-18,
                4.7767500754e-18,
                2.66180620663e-18,
                2.98471787223e-18,
                4.55726928039e-18,
                8.94005142801e-18,
                5.88871739233e-18,
                8.30386847325e-18,
                7.91295201475e-18,
                1.07450381068e-17,
                1.18987416487e-17,
                1.06844322376e-17,
                1.51396716846e-17,
                1.34788443886e-17,
                1.21748272402e-17,
                1.41830902457e-17,
                1.24905306471e-17,
                1.10689148853e-17,
                1.1773735633e-17,
                7.62819922478e-18,
                4.75678938004e-18,
                3.14141876067e-18,
                1.16719754604e-18,
                3.07810940682e-19,
                3.04862067647e-20
            ],
            "var": [
                3.27977323532,
                7.59162902832,
                226.213195801,
                101.752433777,
                140.779342651,
                563.436462402,
                977.605651855,
                927.272460938,
                573.343322754,
                800.955688477,
                1201.05810547,
                1035.44763184,
                531.761291504,
                934.415100098,
                456.728393555,
                447.390319824,
                386.033172607,
                121.415542603,
                141.899597168,
                340.030853271,
                268.275604248,
                1438.21289062,
                4005.8671875,
                2951.67773438,
                783.497741699,
                1303.24401855,
                382.477050781,
                144.478485107,
                114.030715942,
                52.6859207153,
                7.94739198685,
                1.92674851418,
                0.118033364415,
                0.00831057224423,
                0.00288950721733,
                0.00258988537826,
                0.0112737910822,
                0.0138117326424,
                0.00205602985807,
                7.69566031522e-05
            ]
        },
        "erbbands_crest": {
            "dmean": 3.45970463753,
            "dmean2": 5.59208440781,
            "dvar": 10.0668745041,
            "dvar2": 24.1287651062,
            "max": 34.463306427,
            "mean": 9.94892501831,
            "median": 8.91422843933,
            "min": 1.82732951641,
            "var": 21.865032196
        },
        "erbbands_flatness_db": {
            "dmean": 0.0280405413359,
            "dmean2": 0.042100071907,
            "dvar": 0.000609371752944,
            "dvar2": 0.00137940060813,
            "max": 0.373677164316,
            "mean": 0.155278503895,
            "median": 0.151032596827,
            "min": 0.0338231921196,
            "var": 0.00236651976593
        },
        "erbbands_kurtosis": {
            "dmean": 2.26192736626,
            "dmean2": 3.56762576103,
            "dvar": 22.9873714447,
            "dvar2": 57.6754493713,
            "max": 218.403015137,
            "mean": 1.8787817955,
            "median": 0.388860940933,
            "min": -1.89005172253,
            "var": 28.1459999084
        },
        "erbbands_skewness": {
            "dmean": 0.614921212196,
            "dmean2": 0.903611302376,
            "dvar": 0.375648617744,
            "dvar2": 0.784095108509,
            "max": 7.79901981354,
            "mean": 0.503502309322,
            "median": 0.498034775257,
            "min": -6.32099723816,
            "var": 1.35768258572
        },
        "erbbands_spread": {
            "dmean": 10.3042182922,
            "dmean2": 15.8300361633,
            "dvar": 116.685295105,
            "dvar2": 269.587158203,
            "max": 127.884971619,
            "mean": 33.3271331787,
            "median": 30.7458572388,
            "min": 0.476084172726,
            "var": 324.770111084
        },
        "gfcc": {
            "cov": [
                [
                    10897.4765625,
                    -589.776489258,
                    -742.157043457,
                    630.483093262,
                    43.9116477966,
                    -47.8702583313,
                    249.76222229,
                    109.828552246,
                    5.40850734711,
                    -47.1726799011,
                    14.2258672714,
                    201.950622559,
                    -138.078994751
                ],
                [
                    -589.776489258,
                    1229.80310059,
                    233.448654175,
                    -492.368560791,
                    13.7984380722,
                    -57.2464942932,
                    -201.925643921,
                    -66.5728988647,
                    12.1068744659,
                    -15.5519685745,
                    4.00743055344,
                    -129.014633179,
                    166.549957275
                ],
                [
                    -742.157043457,
                    233.448654175,
                    773.412536621,
                    132.904800415,
                    -95.6071166992,
                    213.463912964,
                    -156.150009155,
                    139.29006958,
                    6.4747467041,
                    86.0591812134,
                    0.642314910889,
                    -42.7608337402,
                    8.37963676453
                ],
                [
                    630.483093262,
                    -492.368560791,
                    132.904800415,
                    668.99029541,
                    111.639862061,
                    50.8635025024,
                    139.303253174,
                    62.2441291809,
                    3.43867945671,
                    15.4301776886,
                    4.36125087738,
                    96.5103607178,
                    -130.494522095
                ],
                [
                    43.9116477966,
                    13.7984380722,
                    -95.6071166992,
                    111.639862061,
                    270.517944336,
                    47.1713256836,
                    74.8346099854,
                    -41.8052749634,
                    -13.7353410721,
                    -41.1264839172,
                    31.2085018158,
                    19.3245201111,
                    18.4747066498
                ],
                [
                    -47.8702583313,
                    -57.2464942932,
                    213.463912964,
                    50.8635025024,
                    47.1713256836,
                    404.026855469,
                    -17.2539348602,
                    100.634033203,
                    -42.5081596375,
                    60.905254364,
                    4.08630609512,
                    30.8503303528,
                    24.1486625671
                ],
                [
                    249.76222229,
                    -201.925643921,
                    -156.150009155,
                    139.303253174,
                    74.8346099854,
                    -17.2539348602,
                    267.872802734,
                    2.02792620659,
                    49.1700668335,
                    -35.8026657104,
                    15.2395486832,
                    44.1610107422,
                    -70.984413147
                ],
                [
                    109.828552246,
                    -66.5728988647,
                    139.29006958,
                    62.2441291809,
                    -41.8052749634,
                    100.634033203,
                    2.02792620659,
                    252.271896362,
                    60.4052696228,
                    44.5348243713,
                    25.0023651123,
                    -1.86132538319,
                    -26.8503360748
                ],
                [
                    5.40850734711,
                    12.1068744659,
                    6.4747467041,
                    3.43867945671,
                    -13.7353410721,
                    -42.5081596375,
                    49.1700668335,
                    60.4052696228,
                    152.285324097,
                    42.7993354797,
                    10.4252710342,
                    -4.64004707336,
                    -47.8517379761
                ],
                [
                    -47.1726799011,
                    -15.5519685745,
                    86.0591812134,
                    15.4301776886,
                    -41.1264839172,
                    60.905254364,
                    -35.8026657104,
                    44.5348243713,
                    42.7993354797,
                    107.525276184,
                    31.441991806,
                    1.75963664055,
                    3.13941264153
                ],
                [
                    14.2258672714,
                    4.00743055344,
                    0.642314910889,
                    4.36125087738,
                    31.2085018158,
                    4.08630609512,
                    15.2395486832,
                    25.0023651123,
                    10.4252710342,
                    31.441991806,
                    101.744781494,
                    48.8271331787,
                    -1.47818231583
                ],
                [
                    201.950622559,
                    -129.014633179,
                    -42.7608337402,
                    96.5103607178,
                    19.3245201111,
                    30.8503303528,
                    44.1610107422,
                    -1.86132538319,
                    -4.64004707336,
                    1.75963664055,
                    48.8271331787,
                    107.268295288,
                    12.4084291458
                ],
                [
                    -138.078994751,
                    166.549957275,
                    8.37963676453,
                    -130.494522095,
                    18.4747066498,
                    24.1486625671,
                    -70.984413147,
                    -26.8503360748,
                    -47.8517379761,
                    3.13941264153,
                    -1.47818231583,
                    12.4084291458,
                    161.847686768
                ]
            ],
            "icov": [
                [
                    0.000119826429,
                    -0.00010106559057,
                    0.000293416494969,
                    -0.000326366629452,
                    0.000266809394816,
                    -0.000168551268871,
                    7.55512810429e-05,
                    -5.0904629461e-05,
                    -9.43251143326e-05,
                    0.00018464277673,
                    -0.000179687835043,
                    0.00011752917635,
                    -9.48412198341e-05
                ],
                [
                    -0.00010106559057,
                    0.00197211746126,
                    -0.0013466415694,
                    0.00161607773043,
                    -0.0012470963411,
                    0.000667001993861,
                    0.000216570013436,
                    0.000461759394966,
                    -0.000650133180898,
                    0.000490435573738,
                    -0.000369111046894,
                    0.000746390433051,
                    -0.000790806952864
                ],
                [
                    0.000293416494969,
                    -0.0013466415694,
                    0.00444067502394,
                    -0.00425490178168,
                    0.00423881458119,
                    -0.003480857471,
                    0.00180470687337,
                    0.000458882132079,
                    -0.00256871106103,
                    0.00336620840244,
                    -0.0046661417,
                    0.00516224652529,
                    -0.00238445447758
                ],
                [
                    -0.000326366629452,
                    0.00161607773043,
                    -0.00425490178168,
                    0.00821743533015,
                    -0.00734256207943,
                    0.00491781905293,
                    -0.0020246070344,
                    -0.00255049089901,
                    0.00550192873925,
                    -0.00794137176126,
                    0.00972610991448,
                    -0.0106308711693,
                    0.00638227257878
                ],
                [
                    0.000266809394816,
                    -0.0012470963411,
                    0.00423881458119,
                    -0.00734256207943,
                    0.0122254118323,
                    -0.00650123367086,
                    0.00073675828753,
                    0.00384940486401,
                    -0.00652664341033,
                    0.0109630338848,
                    -0.0127934021875,
                    0.0119262225926,
                    -0.00726592587307
                ],
                [
                    -0.000168551268871,
                    0.000667001993861,
                    -0.003480857471,
                    0.00491781905293,
                    -0.00650123367086,
                    0.00786971487105,
                    -0.00187471252866,
                    -0.00375340366736,
                    0.0067811794579,
                    -0.00936149060726,
                    0.00949530582875,
                    -0.00946662854403,
                    0.00443717557937
                ],
                [
                    7.55512810429e-05,
                    0.000216570013436,
                    0.00180470687337,
                    -0.0020246070344,
                    0.00073675828753,
                    -0.00187471252866,
                    0.00696063134819,
                    0.000810506928246,
                    -0.00414752122015,
                    0.00474436720833,
                    -0.00301066599786,
                    0.00132132531144,
                    5.16041181982e-05
                ],
                [
                    -5.0904629461e-05,
                    0.000461759394966,
                    0.000458882132079,
                    -0.00255049089901,
                    0.00384940486401,
                    -0.00375340366736,
                    0.000810506928246,
                    0.00747753074393,
                    -0.00570241734385,
                    0.00515018636361,
                    -0.00711091980338,
                    0.00659115659073,
                    -0.00323829706758
                ],
                [
                    -9.43251143326e-05,
                    -0.000650133180898,
                    -0.00256871106103,
                    0.00550192873925,
                    -0.00652664341033,
                    0.0067811794579,
                    -0.00414752122015,
                    -0.00570241734385,
                    0.0171000510454,
                    -0.0145339891315,
                    0.0117556545883,
                    -0.0110914688557,
                    0.00842120219022
                ],
                [
                    0.00018464277673,
                    0.000490435573738,
                    0.00336620840244,
                    -0.00794137176126,
                    0.0109630338848,
                    -0.00936149060726,
                    0.00474436720833,
                    0.00515018636361,
                    -0.0145339891315,
                    0.028578042984,
                    -0.0202877894044,
                    0.0168969612569,
                    -0.0101759843528
                ],
                [
                    -0.000179687835043,
                    -0.000369111046894,
                    -0.0046661417,
                    0.00972610991448,
                    -0.0127934021875,
                    0.00949530582875,
                    -0.00301066599786,
                    -0.00711091980338,
                    0.0117556545883,
                    -0.0202877894044,
                    0.032669775188,
                    -0.0254408270121,
                    0.0119716022164
                ],
                [
                    0.00011752917635,
                    0.000746390433051,
                    0.00516224652529,
                    -0.0106308711693,
                    0.0119262225926,
                    -0.00946662854403,
                    0.00132132531144,
                    0.00659115659073,
                    -0.0110914688557,
                    0.0168969612569,
                    -0.0254408270121,
                    0.0342372693121,
                    -0.014246724546
                ],
                [
                    -9.48412198341e-05,
                    -0.000790806952864,
                    -0.00238445447758,
                    0.00638227257878,
                    -0.00726592587307,
                    0.00443717557937,
                    5.16041181982e-05,
                    -0.00323829706758,
                    0.00842120219022,
                    -0.0101759843528,
                    0.0119716022164,
                    -0.014246724546,
                    0.0157224051654
                ]
            ],
            "mean": [
                -53.7753791809,
                100.623840332,
                -79.6136627197,
                8.96690940857,
                -21.0280990601,
                -21.4493637085,
                -6.90201282501,
                -15.7320966721,
                -3.44042849541,
                -8.50786685944,
                -6.31819534302,
                -1.31378233433,
                -5.14050149918
            ]
        },
        "hfc": {
            "dmean": 27.5765705109,
            "dmean2": 39.4524116516,
            "dvar": 2229.71166992,
            "dvar2": 4729.17382812,
            "max": 912.523132324,
            "mean": 74.3356933594,
            "median": 50.3777351379,
            "min": 1.13097837586e-16,
            "var": 6599.44873047
        },
        "melbands": {
            "dmean": [
                0.00331274163909,
                0.00183194887359,
                0.000658475793898,
                0.000612421543337,
                0.000362964667147,
                0.000273109908449,
                0.000138288305607,
                0.000132405999466,
                0.00010873159772,
                7.60902039474e-05,
                4.7045705287e-05,
                4.6695513447e-05,
                2.9373291909e-05,
                2.05140659091e-05,
                2.17347806029e-05,
                1.29598520289e-05,
                7.01277167536e-06,
                7.18809178579e-06,
                9.8043719845e-06,
                9.0235580501e-06,
                6.73053091305e-06,
                7.9332075984e-06,
                1.57061149366e-05,
                1.22037417896e-05,
                7.75700391387e-06,
                5.8401124079e-06,
                5.90425497649e-06,
                6.04797514825e-06,
