{
    "lowlevel": {
        "average_loudness": 0.865276515484,
        "barkbands": {
            "dmean": [
                0.000158634764375,
                0.010988663882,
                0.00441305758432,
                0.00159826467279,
                0.00226970179938,
                0.00156732928008,
                0.00152565247845,
                0.00104588689283,
                0.00103806401603,
                0.000723655859474,
                0.00068744685268,
                0.000329338421579,
                0.000456343812402,
                0.000297829741612,
                0.00019549416902,
                0.000123918915051,
                0.000115126844321,
                9.28001027205e-05,
                5.65310110687e-05,
                3.00753035845e-05,
                3.3553053072e-05,
                4.34616995335e-05,
                3.73692455469e-05,
                3.92455331166e-05,
                2.01330421987e-05,
                5.9393223637e-06,
                9.71394570115e-07
            ],
            "dmean2": [
                0.000197890520212,
                0.0166379138827,
                0.00812934432179,
                0.00294118304737,
                0.00394589547068,
                0.00255135283805,
                0.00242323009297,
                0.00158052472398,
                0.001566679799,
                0.00110278767534,
                0.00103488063905,
                0.000518241722602,
                0.00068989401916,
                0.000456961424788,
                0.000306059489958,
                0.000199201545911,
                0.000180764414836,
                0.000148936218466,
                8.52413941175e-05,
                4.54692235508e-05,
                4.97425462527e-05,
                6.6778040491e-05,
                5.52708552277e-05,
                5.65963273402e-05,
                2.98369632219e-05,
                8.71424526849e-06,
                1.44773878219e-06
            ],
            "dvar": [
                2.12163541846e-07,
                0.00168152188417,
                0.000406183302402,
                3.99713826482e-05,
                3.35160802933e-05,
                1.1458744666e-05,
                7.6767119026e-06,
                6.47211072646e-06,
                4.25521784564e-06,
                3.00444389723e-06,
                3.20497406392e-06,
                6.71183443046e-07,
                1.08645144792e-06,
                5.35103026778e-07,
                2.63402199607e-07,
                1.2802709648e-07,
                8.43498355607e-08,
                7.35507441618e-08,
                1.68514571186e-08,
                7.70857511156e-09,
                1.30800934528e-08,
                3.37746328682e-08,
                1.71380847291e-08,
                3.48796191929e-08,
                6.0810525504e-09,
                6.12267403444e-10,
                2.59038849398e-11
            ],
            "dvar2": [
                3.56495263532e-07,
                0.00390519946814,
                0.00116977514699,
                0.00011783336231,
                9.64195351116e-05,
                3.15511279041e-05,
                1.84269538295e-05,
                1.43576207847e-05,
                9.27989185584e-06,
                6.55544772599e-06,
                7.54812026571e-06,
                1.66241795796e-06,
                2.50993912232e-06,
                1.26372719933e-06,
                6.20019875441e-07,
                3.15418816399e-07,
                2.07508833228e-07,
                1.89295803921e-07,
                3.59015999152e-08,
                1.63774291906e-08,
                2.67314810287e-08,
                8.3418477459e-08,
                3.40457262382e-08,
                6.11827886132e-08,
                1.19790763975e-08,
                1.22066456942e-09,
                5.20668994031e-11
            ],
            "max": [
                0.0052823331207,
                0.356219768524,
                0.18399207294,
                0.068064853549,
                0.0751535966992,
                0.0509370602667,
                0.0452698655427,
                0.0597458854318,
                0.0426145158708,
                0.0385948941112,
                0.0592681504786,
                0.0269249062985,
                0.0339245200157,
                0.0178369581699,
                0.0109462616965,
                0.00913367886096,
                0.00725537957624,
                0.00514372298494,
                0.00263837911189,
                0.00247610174119,
                0.00327790039591,
                0.00454935058951,
                0.00489663239568,
                0.00978522375226,
                0.00240444391966,
                0.000756678869948,
                0.000184464530321
            ],
            "mean": [
                0.000222412942094,
                0.0136042572558,
                0.00386979454197,
                0.00171762949321,
                0.00330660236068,
                0.00264578894712,
                0.00271213753149,
                0.00177332281601,
                0.00191977655049,
                0.00138055800926,
                0.00148628128227,
                0.000606340472586,
                0.000901386840269,
                0.000460868061054,
                0.000268127507297,
                0.000163910968695,
                0.000172638057848,
                0.00013722445874,
                0.000104882856249,
                4.43235512648e-05,
                4.42113341705e-05,
                5.43744099559e-05,
                5.9275804233e-05,
                5.50078111701e-05,
                2.82442379103e-05,
                8.07813376014e-06,
                1.14715874133e-06
            ],
            "median": [
                2.03275544663e-06,
                0.00403255503625,
                0.00106735306326,
                0.000594544166233,
                0.00178726925515,
                0.00129166478291,
                0.00139109347947,
                0.00044114611228,
                0.000741265772376,
                0.000334304961143,
                0.000329186790623,
                0.000169892664417,
                0.000163367105415,
                0.000106892846816,
                6.37273551547e-05,
                4.88125297124e-05,
                5.64799265703e-05,
                5.26759686181e-05,
                2.68709281954e-05,
                1.44791229104e-05,
                9.17801935429e-06,
                8.92752450454e-06,
                1.13799078463e-05,
                8.79661638464e-06,
                3.60977037417e-06,
                8.22535469069e-07,
                5.75049554641e-08
            ],
            "min": [
                2.02661857261e-24,
                1.76676428e-23,
                1.44559697654e-24,
                5.59884087833e-24,
                1.69299868561e-23,
                1.209973158e-23,
                1.08540484243e-23,
                4.62589928088e-23,
                4.19583219465e-23,
                6.12226428844e-23,
                3.08310728469e-23,
                3.61463103412e-23,
                9.93378017392e-23,
                1.25225875309e-22,
                1.03224544663e-22,
                1.41498813607e-22,
                1.7662845579e-22,
                1.8027382621e-22,
                2.1210432587e-22,
                2.57120616628e-22,
                4.57691240706e-22,
                3.88889417882e-22,
                5.60652002904e-22,
                8.14554849589e-22,
                1.04263299032e-21,
                1.69310189386e-21,
                2.22676758366e-21
            ],
            "var": [
                5.05920240812e-07,
                0.00178357772529,
                0.000231590311159,
                2.33624868997e-05,
                2.8582115192e-05,
                1.51093263412e-05,
                1.47912642205e-05,
                1.37415509016e-05,
                1.09574093585e-05,
                9.78055868472e-06,
                1.09810653157e-05,
                1.5248034515e-06,
                3.2444554563e-06,
                1.01447631096e-06,
                4.37634582795e-07,
                1.65083775983e-07,
                1.22903074384e-07,
                8.12967400066e-08,
                4.2911445064e-08,
                1.17054241855e-08,
                2.01280005996e-08,
                3.67353933939e-08,
                3.15692645358e-08,
                5.87619339854e-08,
                1.07096669311e-08,
                1.05343733736e-09,
                4.06395507524e-11
            ]
        },
        "barkbands_crest": {
            "dmean": 2.36048126221,
            "dmean2": 3.57610106468,
            "dvar": 6.00317764282,
            "dvar2": 12.6727495193,
            "max": 26.2325763702,
            "mean": 10.1520881653,
            "median": 9.12550449371,
            "min": 2.3292555809,
            "var": 18.3159923553
        },
        "barkbands_flatness_db": {
            "dmean": 0.0210257638246,
            "dmean2": 0.0293878559023,
            "dvar": 0.000551826320589,
            "dvar2": 0.000978089403361,
            "max": 0.740650415421,
            "mean": 0.202754154801,
            "median": 0.18200686574,
            "min": 0.0335437655449,
            "var": 0.00963011663407
        },
        "barkbands_kurtosis": {
            "dmean": 3.5489025116,
            "dmean2": 5.47424936295,
            "dvar": 105.334960938,
            "dvar2": 258.899627686,
            "max": 211.155685425,
            "mean": 4.79275035858,
            "median": 2.36700296402,
            "min": -1.89771389961,
            "var": 112.945205688
        },
        "barkbands_skewness": {
            "dmean": 0.517998456955,
            "dmean2": 0.744254887104,
            "dvar": 0.583391427994,
            "dvar2": 1.22716927528,
            "max": 13.1007814407,
            "mean": 1.3533911705,
            "median": 1.21159851551,
            "min": -1.86141991615,
            "var": 1.55636966228
        },
        "barkbands_spread": {
            "dmean": 3.50120997429,
            "dmean2": 5.05619955063,
            "dvar": 39.1211776733,
            "dvar2": 71.8878936768,
            "max": 99.5322723389,
            "mean": 12.9812574387,
            "median": 10.9818201065,
            "min": 0.485785663128,
            "var": 107.626670837
        },
        "dissonance": {
            "dmean": 0.0302748698741,
            "dmean2": 0.0512361936271,
            "dvar": 0.000774723070208,
            "dvar2": 0.00213893945329,
            "max": 0.500000059605,
            "mean": 0.430941700935,
            "median": 0.443157941103,
            "min": 0.0966047868133,
            "var": 0.00297496072017
        },
        "dynamic_complexity": 3.39182901382,
        "erbbands": {
            "dmean": [
                0.249943479896,
                2.7065308094,
                5.14480447769,
                5.20302915573,
                5.84835863113,
                8.71521091461,
                9.91716003418,
                14.48188591,
                19.955821991,
                26.3976268768,
                15.9014034271,
                24.9194087982,
                23.4328842163,
                22.9833240509,
                20.3249588013,
                13.6057510376,
                19.4667015076,
                15.2566461563,
                10.2159967422,
                8.33433818817,
                6.00257205963,
                6.04821920395,
                5.92972898483,
                2.70517683029,
                2.6432185173,
                1.31606805325,
                1.26407110691,
                1.49392032623,
                1.53500688076,
                1.21235668659,
                1.08245444298,
                0.788846254349,
                0.681901216507,
                0.294750452042,
                0.112001255155,
                0.0368982739747,
                0.00895920675248,
                0.00151957164053,
                0.000182905598194,
                2.35729512497e-05
            ],
            "dmean2": [
                0.37408810854,
                4.12556695938,
                8.80413532257,
                9.5931634903,
                10.3478736877,
                15.0668048859,
                17.1883449554,
                22.6320991516,
                31.9692058563,
                40.8948478699,
                24.1850452423,
                37.0349769592,
                35.777923584,
                33.7710609436,
                31.8445129395,
                20.9681529999,
                28.9596004486,
                23.335641861,
                15.5868778229,
                13.1959075928,
                9.53050899506,
                9.47394943237,
                9.55124092102,
                4.12134218216,
                3.98150515556,
                1.96899819374,
                1.88068675995,
                2.21993684769,
                2.31066846848,
                1.81991243362,
                1.60354530811,
                1.13796377182,
                1.00091314316,
                0.436357110739,
                0.16489572823,
                0.0539596453309,
                0.013387854211,
                0.00220718467608,
                0.000274420483038,
                3.34628493874e-05
            ],
            "dvar": [
                0.823648691177,
                104.415504456,
                468.870391846,
                491.551269531,
                317.22668457,
                442.012451172,
                797.544067383,
                767.34161377,
                1146.66674805,
                3044.72143555,
                1412.06347656,
                2540.02612305,
                2909.94775391,
                4126.76611328,
                2204.13037109,
                1204.04858398,
                1897.78222656,
                1284.7824707,
                578.890991211,
                486.788146973,
                333.238739014,
                229.192779541,
                330.064331055,
                39.6524238586,
                44.178981781,
                16.1973285675,
                16.4001407623,
                31.0620002747,
                38.6928901672,
                18.4689807892,
                15.0675516129,
                13.2236242294,
                11.0672512054,
                1.46310067177,
                0.199516624212,
                0.0223114807159,
                0.0014732433483,
                6.86222847435e-05,
                8.81995333657e-07,
                3.56549612057e-09
            ],
            "dvar2": [
                1.90017199516,
                241.601898193,
                1271.79174805,
                1424.99951172,
                930.289916992,
                1247.62976074,
                2297.39331055,
                1974.35473633,
                2872.71704102,
                7220.58056641,
                3157.40844727,
                5368.25439453,
                6567.20458984,
                9571.18457031,
                5208.49560547,
                2940.64208984,
                4071.53222656,
                3126.58056641,
                1348.44445801,
                1201.15258789,
                842.225646973,
                555.609375,
                870.166503906,
                90.6961212158,
                93.8419494629,
                34.4128646851,
                32.6697273254,
                64.8631820679,
                90.8071365356,
                42.9697723389,
                30.1289653778,
                24.549161911,
                20.0766963959,
                2.85179877281,
                0.392220139503,
                0.0457493141294,
                0.00290161627345,
                0.000133476394694,
                1.81796565357e-06,
                6.65825439228e-09
            ],
            "max": [
                8.04721069336,
                87.7639160156,
                197.202911377,
                201.684280396,
                233.160858154,
                344.824066162,
                429.560638428,
                488.770782471,
                657.20111084,
                1171.77026367,
                919.142150879,
                1295.49572754,
                1224.12939453,
                1997.71765137,
                1075.16430664,
                1269.37768555,
                1047.4822998,
                854.410705566,
                408.432678223,
                438.828582764,
                326.788238525,
                261.30645752,
                355.468017578,
                160.492202759,
                142.262924194,
                112.239204407,
                94.6728057861,
                168.412902832,
                169.374908447,
                85.3672637939,
                174.657028198,
                138.662414551,
                178.001983643,
                47.4031829834,
                15.1333904266,
                3.58054280281,
                1.50515377522,
                0.445890933275,
                0.0254775099456,
                0.000894637778401
            ],
            "mean": [
                0.334926247597,
                3.20269465446,
                5.27639293671,
                5.00556087494,
                7.54060029984,
                12.4767999649,
                14.0449075699,
                27.1356296539,
                36.9018287659,
                45.8576431274,
                29.2498931885,
                47.5854072571,
                45.3963737488,
                57.1086616516,
                37.2906570435,
                28.6544723511,
                39.7702941895,
                28.9169139862,
                16.8112125397,
                12.0661697388,
                8.70324134827,
                9.58407974243,
                8.81817245483,
                5.08906698227,
                4.75320100784,
                2.02765250206,
                1.75301241875,
                1.88904058933,
                1.99554288387,
                1.75810945034,
                1.66220128536,
                1.11315786839,
                0.932302236557,
                0.414238810539,
                0.150925248861,
                0.049400575459,
                0.0121043547988,
                0.00197664136067,
                0.000225808835239,
                5.09077763127e-05
            ],
            "median": [
                0.039218492806,
                1.08033621311,
                1.60598504543,
                1.75716209412,
                3.72281885147,
                5.94888114929,
                7.40774345398,
                13.5205507278,
                20.8640193939,
                17.3070201874,
                10.733546257,
                18.6841430664,
                15.5529994965,
                10.6964597702,
                12.6671457291,
                8.52280521393,
                8.46609592438,
                6.99402427673,
                5.14275693893,
                3.46684598923,
                2.76281070709,
                3.42806434631,
                3.44682788849,
                1.88862216473,
                1.15526890755,
                0.695766866207,
                0.469875991344,
                0.330301612616,
                0.343204170465,
                0.364709734917,
                0.299141079187,
                0.16088449955,
                0.156656324863,
                0.0628580525517,
                0.0146860489622,
                0.00491946330294,
                0.00124938215595,
                0.000155425848789,
                2.71741791948e-05,
                3.15845791192e-05
            ],
            "min": [
                4.94516176529e-22,
                1.68290602443e-21,
                2.4687657746e-21,
                1.1908054132e-20,
                5.02669451066e-20,
                3.46591261599e-20,
                8.00594575301e-20,
                1.38981878395e-19,
                2.94605648437e-19,
                2.25415195522e-19,
                1.22797919104e-18,
                9.5580357889e-19,
                1.81010961508e-18,
                1.47094643538e-18,
                2.62762813769e-18,
                1.71479721201e-18,
                4.32248150814e-18,
                5.80015654082e-18,
                7.73316182707e-18,
                5.79847240109e-18,
                7.85677817935e-18,
                1.0380830483e-17,
                9.7983125249e-18,
                1.03747746938e-17,
                1.10358979712e-17,
                1.12609341112e-17,
                1.2865689315e-17,
                2.03135325605e-17,
                1.3719540712e-17,
                1.38283141354e-17,
                1.63313907931e-17,
                1.34826006158e-17,
                1.64480050615e-17,
                1.18784393277e-17,
                7.99528295548e-18,
                6.34684144842e-18,
                2.88064159396e-18,
                1.38508715575e-18,
                2.84801903817e-19,
                3.13067150024e-20
            ],
            "var": [
                1.08368957043,
                103.536102295,
                320.240142822,
                281.207885742,
                215.333572388,
                460.395690918,
                614.26550293,
                1544.14367676,
                2287.4765625,
                5955.9375,
                3343.87304688,
                7183.16455078,
                8087.41943359,
                17517.1601562,
                4876.94042969,
                3082.30322266,
                5870.70458984,
                3002.87109375,
                1050.12011719,
                721.042236328,
                411.37121582,
                334.547180176,
                336.726287842,
                87.9690170288,
                99.0521087646,
                23.4540157318,
                24.9051952362,
                46.6381416321,
                48.1224403381,
                24.2097835541,
                27.4601993561,
                23.1782188416,
                17.1933498383,
                2.45301508904,
                0.348068118095,
                0.0383008569479,
                0.00242869532667,
                0.000113150592369,
                1.28177407532e-06,
                5.88911497346e-09
            ]
        },
        "erbbands_crest": {
            "dmean": 2.75985097885,
            "dmean2": 4.36059045792,
            "dvar": 6.72170543671,
            "dvar2": 16.3569507599,
            "max": 31.1331100464,
            "mean": 10.9362611771,
            "median": 10.023604393,
            "min": 2.57258653641,
            "var": 19.9907894135
        },
        "erbbands_flatness_db": {
            "dmean": 0.0172995738685,
            "dmean2": 0.0249189473689,
            "dvar": 0.000308134738589,
            "dvar2": 0.000614328833763,
            "max": 0.547083199024,
            "mean": 0.207593649626,
            "median": 0.201608404517,
            "min": 0.0612564906478,
            "var": 0.0049567706883
        },
        "erbbands_kurtosis": {
            "dmean": 1.33612167835,
            "dmean2": 2.05475926399,
            "dvar": 2.88090515137,
            "dvar2": 6.84885835648,
            "max": 40.5052261353,
            "mean": 2.00314760208,
            "median": 1.28400373459,
            "min": -1.85707569122,
            "var": 8.66713047028
        },
        "erbbands_skewness": {
            "dmean": 0.379299938679,
            "dmean2": 0.57352077961,
            "dvar": 0.138623788953,
            "dvar2": 0.31175750494,
            "max": 4.84884309769,
            "mean": 0.757147371769,
            "median": 0.720211446285,
            "min": -3.00340342522,
            "var": 0.524679541588
        },
        "erbbands_spread": {
            "dmean": 6.22552537918,
            "dmean2": 9.24770545959,
            "dvar": 88.1723327637,
            "dvar2": 183.427429199,
            "max": 154.928344727,
            "mean": 24.3315887451,
            "median": 20.419801712,
            "min": 1.37759268284,
            "var": 293.26272583
        },
        "gfcc": {
            "cov": [
                [
                    14206.1083984,
                    -3306.96606445,
                    -2916.71972656,
                    1096.09741211,
                    -421.135803223,
                    1050.15380859,
                    -577.126586914,
                    561.440429688,
                    109.352401733,
                    521.46081543,
                    39.5143203735,
                    379.625793457,
                    -163.268768311
                ],
                [
                    -3306.96606445,
                    1922.0057373,
                    723.813415527,
                    -390.446075439,
                    341.144592285,
                    -351.879089355,
                    334.973052979,
                    -179.567184448,
                    55.5148582458,
                    -207.695755005,
                    110.091285706,
                    -155.612243652,
                    75.1083145142
                ],
                [
                    -2916.71972656,
                    723.813415527,
                    1637.17114258,
                    -77.8653564453,
                    117.192337036,
                    -112.724403381,
                    185.448379517,
                    -64.8457183838,
                    -0.275538355112,
                    -50.2789077759,
                    -79.4092636108,
                    -67.4265975952,
                    106.212631226
                ],
                [
                    1096.09741211,
                    -390.446075439,
                    -77.8653564453,
                    468.756591797,
                    21.4879398346,
                    46.5839157104,
                    -47.4229164124,
                    82.3553543091,
                    81.6993713379,
                    73.9300842285,
                    7.47835636139,
                    31.0942745209,
                    34.9008903503
                ],
                [
                    -421.135803223,
                    341.144592285,
                    117.192337036,
                    21.4879398346,
                    301.13381958,
                    -60.3233299255,
                    73.9365234375,
                    35.165813446,
                    24.8532238007,
                    8.45389842987,
                    18.1854438782,
                    -19.7743816376,
                    51.8324775696
                ],
                [
                    1050.15380859,
                    -351.879089355,
                    -112.724403381,
                    46.5839157104,
                    -60.3233299255,
                    377.302703857,
                    20.8186988831,
                    -0.526798844337,
                    36.1689414978,
                    15.3723096848,
                    0.942571878433,
                    59.5661354065,
                    -35.8322792053
                ],
                [
                    -577.126586914,
                    334.973052979,
                    185.448379517,
                    -47.4229164124,
                    73.9365234375,
                    20.8186988831,
                    246.78717041,
                    -16.2342815399,
                    8.76060295105,
                    -24.0020198822,
                    35.7281951904,
                    3.30230045319,
                    17.4811077118
                ],
                [
                    561.440429688,
                    -179.567184448,
                    -64.8457183838,
                    82.3553543091,
                    35.165813446,
                    -0.526798844337,
                    -16.2342815399,
                    178.269775391,
                    34.5459709167,
                    55.4738273621,
                    14.1186742783,
                    7.37896728516,
                    29.4525127411
                ],
                [
                    109.352401733,
                    55.5148582458,
                    -0.275538355112,
                    81.6993713379,
                    24.8532238007,
                    36.1689414978,
                    8.76060295105,
                    34.5459709167,
                    157.753173828,
                    14.2533664703,
                    22.8859500885,
                    0.881351530552,
                    11.4475078583
                ],
                [
                    521.46081543,
                    -207.695755005,
                    -50.2789077759,
                    73.9300842285,
                    8.45389842987,
                    15.3723096848,
                    -24.0020198822,
                    55.4738273621,
                    14.2533664703,
                    146.881896973,
                    13.3516607285,
                    19.34441185,
                    23.1245136261
                ],
                [
                    39.5143203735,
                    110.091285706,
                    -79.4092636108,
                    7.47835636139,
                    18.1854438782,
                    0.942571878433,
                    35.7281951904,
                    14.1186742783,
                    22.8859500885,
                    13.3516607285,
                    135.503662109,
                    20.9705753326,
                    -8.14356136322
                ],
                [
                    379.625793457,
                    -155.612243652,
                    -67.4265975952,
                    31.0942745209,
                    -19.7743816376,
                    59.5661354065,
                    3.30230045319,
                    7.37896728516,
                    0.881351530552,
                    19.34441185,
                    20.9705753326,
                    101.179992676,
                    3.70748448372
                ],
                [
                    -163.268768311,
                    75.1083145142,
                    106.212631226,
                    34.9008903503,
                    51.8324775696,
                    -35.8322792053,
                    17.4811077118,
                    29.4525127411,
                    11.4475078583,
                    23.1245136261,
                    -8.14356136322,
                    3.70748448372,
                    113.146682739
                ]
            ],
            "icov": [
                [
                    0.000261992303422,
                    -0.000194638269022,
                    0.000377517921152,
                    -0.000489412283059,
                    0.000242969515966,
                    -0.000646775879432,
                    0.000314134696964,
                    -0.000628034234978,
                    0.000355103780748,
                    -0.000535332656,
                    0.000351751747075,
                    -0.000398063013563,
                    0.000214491854422
                ],
                [
                    -0.000194638269022,
                    0.0033441032283,
                    -0.000844489317387,
                    0.00220228685066,
                    -0.00240032910369,
                    0.00244915043004,
                    -0.00235759792849,
                    0.0029271421954,
                    -0.00259951525368,
                    0.00281771575101,
                    -0.00301105924882,
                    0.00275041116402,
                    -0.00152949651238
                ],
                [
                    0.000377517921152,
                    -0.000844489317387,
                    0.0014285944635,
                    -0.000991892535239,
                    0.000678740441799,
                    -0.0011295536533,
                    0.000244110502535,
                    -0.001057622605,
                    0.000815766921733,
                    -0.00114046281669,
                    0.00150721031241,
                    -0.000690146931447,
                    -7.91699931142e-05
                ],
                [
                    -0.000489412283059,
                    0.00220228685066,
                    -0.000991892535239,
                    0.00468550343066,
                    -0.00187306280714,
                    0.00214620213956,
                    -0.00130920822266,
                    0.00197065202519,
                    -0.0031518235337,
                    0.00162637641188,
                    -0.00208640936762,
                    0.00160202640109,
                    -0.00167143112049
                ],
                [
                    0.000242969515966,
                    -0.00240032910369,
                    0.000678740441799,
                    -0.00187306280714,
                    0.00590075273067,
                    -0.00144083844498,
                    0.000604923232459,
                    -0.00287271733396,
                    0.00158763094805,
                    -0.00220971321687,
                    0.00188974814955,
                    -0.00136166368611,
                    -0.000148909632117
                ],
                [
                    -0.000646775879432,
                    0.00244915043004,
                    -0.0011295536533,
                    0.00214620213956,
                    -0.00144083844498,
                    0.00613153725863,
                    -0.00281716743484,
                    0.00314661255106,
                    -0.00317992595956,
                    0.00251636444591,
                    -0.00185164320283,
                    0.000693316513207,
                    -0.000291281467071
                ],
                [
                    0.000314134696964,
                    -0.00235759792849,
                    0.000244110502535,
                    -0.00130920822266,
                    0.000604923232459,
                    -0.00281716743484,
                    0.00715757487342,
                    -0.00210872408934,
                    0.00192480522674,
                    -0.00150968215894,
                    0.000548714771867,
                    -0.00241009960882,
                    0.000699035415892
                ],
                [
                    -0.000628034234978,
                    0.0029271421954,
                    -0.001057622605,
                    0.00197065202519,
                    -0.00287271733396,
                    0.00314661255106,
                    -0.00210872408934,
                    0.0105249555781,
                    -0.00352492625825,
                    0.00121207546908,
                    -0.00325844646432,
                    0.00301173469052,
                    -0.00279007083736
                ],
                [
                    0.000355103780748,
                    -0.00259951525368,
                    0.000815766921733,
                    -0.0031518235337,
                    0.00158763094805,
                    -0.00317992595956,
                    0.00192480522674,
                    -0.00352492625825,
                    0.00975552760065,
                    -0.00219960650429,
                    0.00116759829689,
                    -0.001381720067,
                    0.000922113656998
                ],
                [
                    -0.000535332656,
                    0.00281771575101,
                    -0.00114046281669,
                    0.00162637641188,
                    -0.00220971321687,
                    0.00251636444591,
                    -0.00150968215894,
                    0.00121207546908,
                    -0.00219960650429,
                    0.0113751320168,
                    -0.00353570259176,
                    0.00180833775084,
                    -0.00276309624314
                ],
                [
                    0.000351751747075,
                    -0.00301105924882,
                    0.00150721031241,
                    -0.00208640936762,
                    0.00188974814955,
                    -0.00185164320283,
                    0.000548714771867,
                    -0.00325844646432,
                    0.00116759829689,
                    -0.00353570259176,
                    0.0116788297892,
                    -0.00447736913338,
                    0.00263816071674
                ],
                [
                    -0.000398063013563,
                    0.00275041116402,
                    -0.000690146931447,
                    0.00160202640109,
                    -0.00136166368611,
                    0.000693316513207,
                    -0.00241009960882,
                    0.00301173469052,
                    -0.001381720067,
                    0.00180833775084,
                    -0.00447736913338,
                    0.0145379146561,
                    -0.00284313037992
                ],
                [
                    0.000214491854422,
                    -0.00152949651238,
                    -7.91699931142e-05,
                    -0.00167143112049,
                    -0.000148909632117,
                    -0.000291281467071,
                    0.000699035415892,
                    -0.00279007083736,
                    0.000922113656998,
                    -0.00276309624314,
                    0.00263816071674,
                    -0.00284313037992,
                    0.0121014686301
                ]
            ],
            "mean": [
                -46.4009742737,
                142.554733276,
                -103.990684509,
                13.1509914398,
                -58.5892105103,
                13.3533439636,
                -34.380897522,
                6.87254476547,
                -16.295917511,
                -4.55525398254,
                -5.07039690018,
                -2.68662023544,
                -9.0935459137
            ]
        },
        "hfc": {
            "dmean": 4.93349027634,
            "dmean2": 7.11934947968,
            "dvar": 64.060218811,
            "dvar2": 130.090011597,
            "max": 133.982696533,
            "mean": 16.1354980469,
            "median": 13.7212095261,
            "min": 1.14579364385e-16,
            "var": 190.07043457
        },
        "melbands": {
            "dmean": [
                0.00276906182989,
                0.00279078260064,
                0.000913439958822,
                0.000500950787682,
                0.000363994127838,
                0.000322075386066,
                0.000297753693303,
                0.000286993075861,
                0.000129180873046,
                0.000164570272318,
                0.000118279960589,
                9.31031827349e-05,
                7.33221895644e-05,
                4.13216839661e-05,
                4.01128345402e-05,
                4.77298890473e-05,
                3.03830802295e-05,
                1.84908240044e-05,
                1.64532357303e-05,
                1.01689420262e-05,
                6.82790096107e-06,
                6.62273168928e-06,
                6.17956902715e-06,
                4.26608721682e-06,
                2.14891952055e-06,
                2.42555324803e-06,
                1.37587892368e-06,
